9.955273800000000506e+01 -4.548728579301332786e+00
1.275536299999999983e+02 -4.548584149360012319e+00
1.506349800000000130e+02 -4.548403264871582863e+00
1.507670599999999865e+02 -4.548437461066569654e+00
1.756146999999999991e+02 -4.547656358709632585e+00
1.990102699999999913e+02 -4.547181884445929967e+00
1.991061699999999917e+02 -4.547206625619796938e+00
2.243902699999999868e+02 -4.546540799361833862e+00
2.471928000000000054e+02 -4.545997634881585370e+00
2.473310999999999922e+02 -4.546033489955812357e+00
2.753040399999999863e+02 -4.545270394826712135e+00
3.014726800000000253e+02 -4.544771363115279961e+00
3.016032400000000280e+02 -4.544805064589191979e+00
3.241931500000000028e+02 -4.542493316671229131e+00
3.451311900000000037e+02 -4.541061620896791773e+00
3.454667000000000030e+02 -4.541148611338490682e+00
3.740019199999999842e+02 -4.538281792721130969e+00
3.991502300000000218e+02 -4.537017662370391946e+00
3.998655899999999974e+02 -4.537202698943305634e+00
4.218469699999999989e+02 -4.532500222547495738e+00
4.497562199999999848e+02 -4.531293581072283416e+00
4.500480699999999956e+02 -4.531369131878537182e+00
4.721706199999999853e+02 -4.524818813266267448e+00
5.050062699999999722e+02 -4.523675740199919915e+00
5.053325600000000009e+02 -4.523760448858870298e+00
5.245692999999999984e+02 -4.516507038190729517e+00
5.503826400000000376e+02 -4.513939612527825496e+00
5.505302199999999857e+02 -4.513977764895996003e+00
5.712110099999999875e+02 -4.507522003303626512e+00
5.945372200000000475e+02 -4.505525018412489757e+00
5.948977899999999863e+02 -4.505617876738235772e+00
6.234564599999999928e+02 -4.497461221776472229e+00
6.443793500000000449e+02 -4.492925568717088147e+00
6.445388199999999870e+02 -4.492966489574540034e+00
6.664505799999999454e+02 -4.488164445716742890e+00
7.061538699999999835e+02 -4.488157266534806844e+00
7.073208899999999630e+02 -4.488459371522257157e+00
7.166506799999999657e+02 -4.481975572181075229e+00
7.524694399999999632e+02 -4.481469456739263890e+00
7.528803699999999708e+02 -4.481575842981686542e+00
7.686284799999999677e+02 -4.475946401789692608e+00
8.106386899999999969e+02 -4.474687652949551619e+00
8.114396699999999782e+02 -4.474894315143012946e+00
8.137766699999999673e+02 -4.469140548224082465e+00
8.562897199999999884e+02 -4.469067105971375575e+00
8.563666699999999992e+02 -4.469086642880531812e+00
8.729629300000000285e+02 -4.465607210311699937e+00
8.997468199999999570e+02 -4.463668566171917540e+00
9.010801999999999907e+02 -4.464013525875211386e+00
9.231136099999999942e+02 -4.462745780547082930e+00
9.322945399999999836e+02 -4.458083970148815744e+00
9.327899400000000014e+02 -4.458211175859831066e+00
9.640504100000000562e+02 -4.457222356973750799e+00
1.005683599999999956e+03 -4.457794239878748677e+00
1.005834399999999960e+03 -4.457833784420492940e+00
1.024784200000000055e+03 -4.456695131562384837e+00
1.047915999999999940e+03 -4.453278307111485645e+00
1.050177400000000034e+03 -4.453863331116947322e+00
1.067995300000000043e+03 -4.452840364072111257e+00
1.096376500000000078e+03 -4.450578904281874415e+00
1.097063200000000052e+03 -4.450756582559602492e+00
1.118471299999999928e+03 -4.450468032951166997e+00
1.144374700000000075e+03 -4.448332550287379838e+00
1.145563799999999901e+03 -4.448640108967389928e+00
1.156185400000000072e+03 -4.446310083006975056e+00
1.210020500000000084e+03 -4.446049531009563793e+00
1.211401200000000017e+03 -4.451055869000128062e+00
1.211861200000000053e+03 -4.451175805866389723e+00
1.254080300000000079e+03 -4.445820438448085277e+00
1.254484600000000000e+03 -4.445925161588918151e+00
1.267912800000000061e+03 -4.446500882827981727e+00
1.301380000000000109e+03 -4.445428059487874783e+00
1.302486699999999928e+03 -4.445714316127382659e+00
1.310583000000000084e+03 -4.444470305936841115e+00
1.346387899999999945e+03 -4.444369827844669274e+00
1.346852000000000089e+03 -4.444490061361467070e+00
1.356704500000000053e+03 -4.443038553556259096e+00
1.384963799999999992e+03 -4.442645590366194774e+00
1.385779999999999973e+03 -4.442855627493205617e+00
1.404634900000000016e+03 -4.442234472441144000e+00
1.449972400000000107e+03 -4.444255495367436026e+00
1.451025000000000091e+03 -4.444527766079867881e+00
1.460142700000000104e+03 -4.443523383129467597e+00
1.502395099999999957e+03 -4.442140343129609370e+00
1.514462099999999964e+03 -4.446060890048389780e+00
1.515066000000000031e+03 -4.446216399596561786e+00
1.556844100000000026e+03 -4.446079917224870393e+00
1.557788199999999961e+03 -4.446325054464484339e+00
1.565281999999999925e+03 -4.445104402658119902e+00
1.601798800000000028e+03 -4.446505337166797744e+00
1.602735200000000077e+03 -4.446747669636615719e+00
1.611293699999999944e+03 -4.445310202100710484e+00
1.664594900000000052e+03 -4.447707270533125090e+00
1.664710399999999936e+03 -4.447737434895050690e+00
1.667182999999999993e+03 -4.446581414096051788e+00
1.682126299999999901e+03 -4.442615529616592340e+00
1.682426400000000058e+03 -4.442692806128846428e+00
1.710824399999999969e+03 -4.446037460285210408e+00
1.764007599999999911e+03 -4.448802150785420295e+00
1.764020299999999907e+03 -4.448806502581790667e+00
1.764429599999999937e+03 -4.449134684005051632e+00
1.804242299999999886e+03 -4.446658384642069528e+00
1.807440200000000004e+03 -4.447485614313120728e+00
1.812000800000000027e+03 -4.448587630590729702e+00
1.847185099999999920e+03 -4.450095339101652669e+00
1.847437300000000050e+03 -4.450159876312423712e+00
1.849475400000000036e+03 -4.446420736836046217e+00
1.892666300000000092e+03 -4.449729635906342295e+00
1.892984899999999925e+03 -4.449812356547192316e+00
1.912939300000000003e+03 -4.450568055574114723e+00
1.962875399999999900e+03 -4.452144995473291900e+00
1.964596299999999928e+03 -4.453217706524727149e+00
1.964709499999999935e+03 -4.453246716551395146e+00
2.004660000000000082e+03 -4.452576395394300057e+00
2.007594100000000026e+03 -4.453335631054981647e+00
2.010329500000000053e+03 -4.454519786210518362e+00
2.042489100000000008e+03 -4.448188557897895912e+00
2.043844100000000026e+03 -4.448538903259997568e+00
2.044511400000000094e+03 -4.450857098512838839e+00
2.100478500000000167e+03 -4.453021362498153835e+00
2.101173400000000129e+03 -4.453201262409948846e+00
2.109367200000000139e+03 -4.455033546858224724e+00
2.148468499999999949e+03 -4.457852371644681178e+00
2.150545000000000073e+03 -4.458389391777344279e+00
2.152241300000000138e+03 -4.455735409430753080e+00
2.199363899999999830e+03 -4.457047399250876119e+00
2.200981699999999819e+03 -4.457465887186686793e+00
2.213385800000000017e+03 -4.460214014710451202e+00
2.236883600000000115e+03 -4.460002789616875241e+00
2.237203700000000026e+03 -4.460085440068933593e+00
2.244641000000000076e+03 -4.459154934584637964e+00
2.299229899999999816e+03 -4.459050531100615444e+00
2.300087300000000141e+03 -4.459273356434930946e+00
2.307487399999999980e+03 -4.462417907325714417e+00
2.342950299999999970e+03 -4.460802392180212017e+00
2.365345899999999801e+03 -4.467466769899072432e+00
2.367256800000000112e+03 -4.467960775593180500e+00
2.403613299999999981e+03 -4.464741346095636665e+00
2.405203399999999874e+03 -4.466233529940206282e+00
2.405671100000000024e+03 -4.465273023051940626e+00
2.433074900000000071e+03 -4.465235478615855236e+00
2.433520899999999983e+03 -4.465350320526615846e+00
