9.951987800000000561e+01 -3.318701409393097101e+00
1.000729800000000012e+02 -3.318734790107139343e+00
1.268210499999999996e+02 -3.318514343549331169e+00
1.499026800000000037e+02 -3.318521095053233783e+00
1.499067100000000039e+02 -3.318282212198868208e+00
1.761447499999999877e+02 -3.318206118715995689e+00
2.003642000000000110e+02 -3.317855482603493833e+00
2.016994500000000130e+02 -3.318310278476651387e+00
2.228718399999999917e+02 -3.317105969203970606e+00
2.501000400000000070e+02 -3.317499824926699148e+00
2.516918699999999944e+02 -3.317112545569026238e+00
2.749898099999999772e+02 -3.316780601190406408e+00
2.995656200000000240e+02 -3.315671796097320101e+00
3.004944699999999784e+02 -3.315981940633541569e+00
3.227659499999999753e+02 -3.314782915982404266e+00
3.489503399999999829e+02 -3.312999537477959500e+00
3.525397899999999822e+02 -3.315012765705885212e+00
3.739741999999999962e+02 -3.312015670717786353e+00
3.987535700000000247e+02 -3.309829019756224788e+00
4.044055299999999988e+02 -3.311661474749156397e+00
4.241756199999999808e+02 -3.307569556502894415e+00
4.458382899999999722e+02 -3.305921976052453193e+00
4.461142899999999827e+02 -3.305071131333210843e+00
4.728694499999999721e+02 -3.303198131359553980e+00
4.989538299999999822e+02 -3.302149940412125950e+00
4.999675700000000234e+02 -3.301536121890069619e+00
5.246995200000000068e+02 -3.298888809716173487e+00
5.505535099999999602e+02 -3.296690126146271549e+00
5.535917200000000093e+02 -3.296898676070429524e+00
5.696580599999999777e+02 -3.293491591191974432e+00
5.971956199999999626e+02 -3.293185502014985389e+00
5.985684199999999464e+02 -3.292550676998085457e+00
6.210884300000000167e+02 -3.289103669448314449e+00
6.480616899999999987e+02 -3.287617248066769804e+00
6.500355899999999565e+02 -3.288185651648871666e+00
6.696194799999999532e+02 -3.285872281302495423e+00
6.992651600000000371e+02 -3.283702318878330306e+00
7.021094299999999748e+02 -3.284916959825038951e+00
7.188233800000000429e+02 -3.281457978924708918e+00
7.501400300000000243e+02 -3.279688395675719459e+00
7.518598399999999629e+02 -3.280291101757061956e+00
7.658007599999999684e+02 -3.277183932691666524e+00
7.944256400000000440e+02 -3.274711094923347776e+00
8.009305000000000518e+02 -3.274402144538727466e+00
8.173302700000000414e+02 -3.274400258564155841e+00
8.436077000000000226e+02 -3.271715988725990787e+00
8.500873599999999897e+02 -3.272979497789877179e+00
8.755425000000000182e+02 -3.272901650226365255e+00
9.013300699999999779e+02 -3.270576544797284768e+00
9.047961000000000240e+02 -3.272691186261933893e+00
9.110691399999999476e+02 -3.265912729158587879e+00
9.453364100000000008e+02 -3.265639249510302378e+00
9.528866400000000567e+02 -3.267950079937217644e+00
9.661391899999999850e+02 -3.264977288144493617e+00
9.932020300000000361e+02 -3.265551476635261352e+00
1.000999199999999973e+03 -3.264271861417314735e+00
1.013114799999999946e+03 -3.261992932916597532e+00
1.042734500000000025e+03 -3.260844037576908772e+00
1.053397500000000036e+03 -3.262072546622427627e+00
1.063342599999999948e+03 -3.259066716006264297e+00
1.087875000000000000e+03 -3.258171194975489904e+00
1.089094200000000001e+03 -3.256230072658190533e+00
1.122231899999999996e+03 -3.259727725465222825e+00
1.146203500000000076e+03 -3.258584845032477251e+00
1.152322899999999890e+03 -3.258073202616451614e+00
1.163231199999999944e+03 -3.254566938116103536e+00
1.197973899999999958e+03 -3.254860443526887526e+00
1.204150699999999915e+03 -3.255409080821254797e+00
1.212204400000000078e+03 -3.252641234560261108e+00
1.248768800000000056e+03 -3.253371338040176308e+00
1.257631200000000035e+03 -3.250525410483163569e+00
1.262465799999999945e+03 -3.251213832150094074e+00
1.301468000000000075e+03 -3.248407047790649926e+00
1.304310999999999922e+03 -3.248229593675775462e+00
1.305760899999999992e+03 -3.251544326027270948e+00
1.340200199999999995e+03 -3.248316693464894378e+00
1.353855199999999968e+03 -3.249764144922839382e+00
1.372248499999999922e+03 -3.249630719975144189e+00
1.409087600000000066e+03 -3.249318618845565609e+00
1.416398300000000063e+03 -3.247223998622330132e+00
1.420255499999999984e+03 -3.250531053738264120e+00
1.439116099999999960e+03 -3.243014364311559650e+00
1.443613299999999981e+03 -3.245551700176581011e+00
1.471330200000000104e+03 -3.245966052934222468e+00
1.505154299999999921e+03 -3.242611182302619355e+00
1.506079899999999952e+03 -3.246051567455160658e+00
1.525696099999999888e+03 -3.247208589374119381e+00
1.548192099999999982e+03 -3.240396581763164363e+00
1.548562500000000000e+03 -3.238208040773770335e+00
1.554824399999999969e+03 -3.240183217090613965e+00
1.597404199999999946e+03 -3.243015388460926296e+00
1.610525499999999965e+03 -3.241056447326442047e+00
1.619052300000000059e+03 -3.240737438485119082e+00
1.649263899999999921e+03 -3.239378493707289142e+00
1.654490099999999984e+03 -3.242813276948683043e+00
1.659082400000000007e+03 -3.239551007135006433e+00
1.695677599999999984e+03 -3.239448242578292003e+00
1.718872900000000072e+03 -3.239435682706646169e+00
1.719815100000000029e+03 -3.241708621044205429e+00
1.741559700000000021e+03 -3.237951547407131425e+00
1.752816399999999931e+03 -3.236244388491196666e+00
1.758397899999999936e+03 -3.235639841279421169e+00
1.792192500000000109e+03 -3.237681781517911972e+00
1.797279800000000023e+03 -3.234257788442459702e+00
1.813130300000000034e+03 -3.236546329418215961e+00
1.838261199999999917e+03 -3.233562758280639216e+00
1.848806100000000015e+03 -3.233661204270640521e+00
1.862890699999999924e+03 -3.233950786510435549e+00
1.873786100000000033e+03 -3.233632465344661977e+00
1.883288299999999936e+03 -3.234346656920278118e+00
1.906835700000000088e+03 -3.232650544257461345e+00
1.945771700000000010e+03 -3.230281917608109676e+00
1.951116899999999987e+03 -3.233143658490301053e+00
1.969088600000000042e+03 -3.234127885147588088e+00
1.993279500000000098e+03 -3.230574926301046812e+00
1.997279199999999946e+03 -3.230491891947123051e+00
2.002842100000000073e+03 -3.229535039827018394e+00
2.028579099999999926e+03 -3.227456631044105073e+00
2.051950299999999970e+03 -3.231946648427138857e+00
2.073539200000000164e+03 -3.231377544286437420e+00
2.081461400000000140e+03 -3.226300870579250635e+00
2.114442500000000109e+03 -3.229911356897009256e+00
2.116376499999999851e+03 -3.230140522269933978e+00
2.141789099999999962e+03 -3.228604903404237891e+00
2.146022800000000188e+03 -3.226247231424672623e+00
2.159845800000000054e+03 -3.227275107917539021e+00
2.182233499999999822e+03 -3.224029444143285072e+00
2.216188799999999901e+03 -3.230840080983828688e+00
2.216978999999999814e+03 -3.226918574692126729e+00
2.249278899999999794e+03 -3.224225743732710647e+00
2.254903999999999996e+03 -3.222880737885160940e+00
2.261749299999999948e+03 -3.224034263721597071e+00
2.304611499999999978e+03 -3.227193664602914236e+00
2.306802900000000136e+03 -3.223513492682890558e+00
2.311622100000000046e+03 -3.224167656326613507e+00
2.344854699999999866e+03 -3.219710960116527687e+00
2.348678300000000036e+03 -3.224611455973492635e+00
2.348873099999999795e+03 -3.228404691694916728e+00
2.389321699999999964e+03 -3.220145553308157993e+00
2.415331799999999930e+03 -3.222188987916299929e+00
2.416026400000000194e+03 -3.214485694049854292e+00
2.416226299999999810e+03 -3.223897742625418950e+00
