1.027426099999999991e+02 -3.477664918186808229e+00
1.274637500000000045e+02 -3.477538524011922316e+00
1.499475099999999941e+02 -3.477100769174069850e+00
1.747755099999999970e+02 -3.476849802187117700e+00
1.992315999999999860e+02 -3.476697376624415803e+00
2.243974200000000110e+02 -3.476567836055186156e+00
2.488812399999999911e+02 -3.476340195777140263e+00
2.737508199999999761e+02 -3.476082524353723890e+00
2.994107300000000009e+02 -3.475934674770923660e+00
3.213903399999999806e+02 -3.474859615820317771e+00
3.492407799999999725e+02 -3.475044243412907630e+00
3.712731800000000248e+02 -3.474124038730129982e+00
3.972511400000000208e+02 -3.473650971958020417e+00
4.188066600000000221e+02 -3.472215971986770899e+00
4.493523599999999760e+02 -3.472917498038850415e+00
4.704202300000000037e+02 -3.471553560897074675e+00
4.971160199999999918e+02 -3.471105167817263304e+00
5.218123000000000502e+02 -3.470565568901351039e+00
5.452459000000000060e+02 -3.469076704696501423e+00
5.691332400000000007e+02 -3.467803401034273758e+00
5.990681399999999712e+02 -3.467380353066909393e+00
6.239836199999999735e+02 -3.466627423750466619e+00
6.504877099999999928e+02 -3.464984092798970572e+00
6.728962400000000343e+02 -3.463086018350212125e+00
6.904382100000000264e+02 -3.459846694499599806e+00
7.166368499999999813e+02 -3.458708156020283919e+00
7.523188300000000481e+02 -3.458942428240788125e+00
7.719965899999999692e+02 -3.457065191634963952e+00
7.971149100000000089e+02 -3.455150523822732911e+00
8.190791400000000522e+02 -3.452491191665155501e+00
8.495072300000000496e+02 -3.451421930532484250e+00
8.724672900000000482e+02 -3.449914961892360576e+00
8.982446499999999787e+02 -3.447427284143745663e+00
9.198295200000000023e+02 -3.444838157911348286e+00
9.428312600000000430e+02 -3.441147480359049382e+00
9.689410599999999931e+02 -3.439664786287932152e+00
1.005161600000000021e+03 -3.438667841234470224e+00
1.020608899999999949e+03 -3.437392397339115835e+00
1.049251099999999951e+03 -3.435102085171444664e+00
1.064272899999999936e+03 -3.430802535620248506e+00
1.089593000000000075e+03 -3.427361312232072521e+00
1.112014599999999973e+03 -3.426330447291893400e+00
1.156240199999999959e+03 -3.426949224455285048e+00
1.167969000000000051e+03 -3.423701686572227842e+00
1.183365700000000061e+03 -3.418669776672266902e+00
1.207203400000000101e+03 -3.415875803729222060e+00
1.252368899999999940e+03 -3.417401516533425276e+00
1.262708699999999908e+03 -3.412373156251296002e+00
1.298283100000000104e+03 -3.412900754697670180e+00
1.319902399999999943e+03 -3.410281805511723885e+00
1.339020099999999957e+03 -3.405992684749227006e+00
1.362978499999999940e+03 -3.405504798122764853e+00
1.401928000000000111e+03 -3.405624752068208139e+00
1.431912000000000035e+03 -3.403718112063017998e+00
1.436997900000000072e+03 -3.397955012911515027e+00
1.472437699999999950e+03 -3.399194863224585639e+00
1.489655500000000075e+03 -3.393482970472731619e+00
1.505386899999999969e+03 -3.389353127589325165e+00
1.556279299999999921e+03 -3.390604523946804338e+00
1.561018000000000029e+03 -3.387703936172006713e+00
1.585342399999999998e+03 -3.383067995330712119e+00
1.612746799999999894e+03 -3.384585765786747746e+00
1.648507599999999911e+03 -3.383857664699135626e+00
1.674195699999999988e+03 -3.380913113376734724e+00
1.690971700000000055e+03 -3.378777216176957587e+00
1.715192199999999957e+03 -3.374949495516059272e+00
1.734015599999999949e+03 -3.373782898084217940e+00
1.754873199999999997e+03 -3.371556134629606571e+00
1.809416199999999890e+03 -3.373741055800262512e+00
1.814550600000000031e+03 -3.370688388208534558e+00
1.842714799999999968e+03 -3.366717308327943581e+00
1.865369599999999991e+03 -3.365842598335570646e+00
1.897657099999999900e+03 -3.366319826536936510e+00
1.917426899999999932e+03 -3.363097414024155185e+00
1.935365099999999984e+03 -3.359933096283216347e+00
1.970900900000000092e+03 -3.363075843074617932e+00
1.990184899999999971e+03 -3.359605767500893236e+00
2.017665700000000015e+03 -3.358241701253307454e+00
2.047950700000000097e+03 -3.354513170876081585e+00
2.071987900000000081e+03 -3.355836313057895204e+00
2.096925000000000182e+03 -3.351873524132603421e+00
2.121416200000000117e+03 -3.351479819006064620e+00
2.165050600000000031e+03 -3.349731378983500818e+00
2.171749899999999798e+03 -3.350681681572697634e+00
2.218222200000000157e+03 -3.347611226565649467e+00
2.224582899999999881e+03 -3.350875276625892241e+00
2.249327999999999975e+03 -3.343787185279253116e+00
2.267642199999999775e+03 -3.343833952562872636e+00
2.299614799999999832e+03 -3.338595282716663171e+00
2.320307999999999993e+03 -3.341001624125345071e+00
2.362476500000000215e+03 -3.336916200228182916e+00
2.370258100000000013e+03 -3.339066205285743383e+00
2.400029500000000098e+03 -3.336040895419505770e+00
2.413566699999999855e+03 -3.334139045277763280e+00
2.457858099999999922e+03 -3.332120548499976742e+00
