9.989295199999999397e+01 -3.488376118204155940e+00
1.270898099999999999e+02 -3.488265840457570377e+00
1.503770000000000095e+02 -3.488367255805316702e+00
1.754013600000000110e+02 -3.487855276904732182e+00
1.983785300000000120e+02 -3.487352884196469383e+00
2.224593000000000131e+02 -3.487152738899999438e+00
2.489913099999999986e+02 -3.487268254157357195e+00
2.729334000000000060e+02 -3.487066299656564006e+00
2.980032699999999863e+02 -3.486407934154986954e+00
3.204506999999999834e+02 -3.486012792173839081e+00
3.532285699999999906e+02 -3.487202787119231484e+00
3.676756700000000251e+02 -3.484875569901145553e+00
3.980495199999999727e+02 -3.484925148443847487e+00
4.183325899999999820e+02 -3.483853897847160486e+00
4.510866300000000138e+02 -3.484494276126341550e+00
4.698983600000000251e+02 -3.483010291728489083e+00
5.010904300000000262e+02 -3.483077065065367961e+00
5.192400000000000091e+02 -3.481395642255042056e+00
5.468528800000000274e+02 -3.480317604077061588e+00
5.724368100000000368e+02 -3.480018013637429242e+00
6.019969700000000330e+02 -3.479340750243811620e+00
6.217416799999999739e+02 -3.476804452728471606e+00
6.593600800000000390e+02 -3.476947123715370846e+00
6.731930999999999585e+02 -3.474149328823196825e+00
6.975682199999999966e+02 -3.471201393252334011e+00
7.172213400000000547e+02 -3.468474310225009294e+00
7.500870099999999638e+02 -3.468884235052321685e+00
7.675091899999999896e+02 -3.464009526248563731e+00
8.115846400000000358e+02 -3.465135130856859647e+00
8.164598099999999476e+02 -3.460294655372202932e+00
8.476363000000000056e+02 -3.459270285153716262e+00
8.696045699999999670e+02 -3.455254985407615553e+00
8.926155400000000100e+02 -3.452746624789923668e+00
9.209234000000000151e+02 -3.449094131060408852e+00
9.561636799999999994e+02 -3.447963146443580484e+00
9.650381999999999607e+02 -3.444278961958571195e+00
9.998160699999999679e+02 -3.444249023385915986e+00
1.016994599999999991e+03 -3.438902309312375394e+00
1.043646500000000060e+03 -3.436873569183132915e+00
1.065230800000000045e+03 -3.433818541472669850e+00
1.087574100000000044e+03 -3.430755374582378447e+00
1.117523500000000013e+03 -3.427812566096092084e+00
1.152723099999999931e+03 -3.428653611195085382e+00
1.168462299999999914e+03 -3.425607710270734518e+00
1.199098600000000033e+03 -3.423004803555289577e+00
1.219932700000000068e+03 -3.420997387231687892e+00
1.241409499999999980e+03 -3.417832236043992999e+00
1.264369899999999916e+03 -3.413501978545091742e+00
1.316087500000000091e+03 -3.409917244916782497e+00
1.316155700000000024e+03 -3.414767310332402328e+00
1.343738299999999981e+03 -3.407452816042124244e+00
1.364076600000000099e+03 -3.405296260760341642e+00
1.391235300000000052e+03 -3.402396299563113402e+00
1.410961800000000039e+03 -3.399523572438089225e+00
1.454827800000000025e+03 -3.400259084600600890e+00
1.455328700000000026e+03 -3.394813419478260208e+00
1.498864299999999957e+03 -3.396236364210161174e+00
1.509451199999999972e+03 -3.391533740497159055e+00
1.550314499999999953e+03 -3.383586166107421800e+00
1.553409499999999980e+03 -3.393680809956084232e+00
1.591104299999999967e+03 -3.386429431741905915e+00
1.605956599999999980e+03 -3.381956457936885929e+00
1.642657400000000052e+03 -3.379929639530760532e+00
1.666698599999999942e+03 -3.380514807039920022e+00
1.716065200000000004e+03 -3.377066390398447915e+00
1.726814399999999978e+03 -3.383780393711536938e+00
1.753552200000000084e+03 -3.375726994983491824e+00
1.774841899999999896e+03 -3.376330796113047761e+00
1.802581100000000106e+03 -3.374216464444752983e+00
1.819521099999999933e+03 -3.371250890420900426e+00
1.861349300000000085e+03 -3.366004726068031694e+00
1.861877799999999979e+03 -3.371881838269003673e+00
1.893716400000000021e+03 -3.363095042122380640e+00
1.927280500000000075e+03 -3.364400414079550927e+00
1.969570799999999963e+03 -3.363297729688293991e+00
1.993743500000000040e+03 -3.371369670908657579e+00
1.997918899999999894e+03 -3.355323509754526423e+00
2.014317800000000034e+03 -3.353494103935819926e+00
2.045461399999999912e+03 -3.357154646425981159e+00
2.068022399999999834e+03 -3.355332473343897171e+00
2.105246299999999792e+03 -3.353962462114340681e+00
2.126819100000000162e+03 -3.347349657842591863e+00
2.126912499999999909e+03 -3.352410949948519736e+00
2.165989099999999780e+03 -3.348613476816122869e+00
2.201714800000000196e+03 -3.346299566487358046e+00
2.212432699999999841e+03 -3.343362642792469419e+00
2.241469599999999900e+03 -3.341243776126754383e+00
2.255476400000000012e+03 -3.342308584414432460e+00
2.283925900000000183e+03 -3.337518323158241706e+00
2.308186499999999796e+03 -3.339200918260288198e+00
2.352095200000000204e+03 -3.334679252247542358e+00
2.359573300000000017e+03 -3.338417649759210182e+00
2.412852699999999913e+03 -3.334495933668681023e+00
2.414151600000000144e+03 -3.334928254793787517e+00
2.454918700000000172e+03 -3.333197567353021640e+00
