9.990534900000000107e+01 -4.555165655255398960e+00
9.996602300000000696e+01 -4.555295731085193367e+00
1.271579100000000011e+02 -4.554945159483849260e+00
1.485245400000000018e+02 -4.554442143888901562e+00
1.499009700000000009e+02 -4.554763121944091608e+00
1.764994000000000085e+02 -4.554477021201885023e+00
1.990609200000000101e+02 -4.553642006771607242e+00
1.994446700000000021e+02 -4.553847971368611525e+00
2.238800799999999924e+02 -4.553082933178205671e+00
2.505594299999999919e+02 -4.552826656813096839e+00
2.518394299999999930e+02 -4.553082353666452420e+00
2.743974299999999857e+02 -4.551997548725027265e+00
3.003714899999999943e+02 -4.551192158846379954e+00
3.009709100000000035e+02 -4.551876481729532742e+00
3.240761400000000094e+02 -4.549714390277234344e+00
3.496885100000000079e+02 -4.548806998469888008e+00
3.548823499999999740e+02 -4.548614191500615078e+00
3.695313400000000001e+02 -4.545253119645299655e+00
3.977426399999999944e+02 -4.545421683994617545e+00
4.016050000000000182e+02 -4.544263199472630355e+00
4.200071800000000053e+02 -4.538032538327462895e+00
4.515827899999999886e+02 -4.537893864349531903e+00
4.518645500000000084e+02 -4.536172739928250763e+00
4.744434600000000160e+02 -4.528060875749053693e+00
4.971850600000000213e+02 -4.525190591851035116e+00
4.991891499999999837e+02 -4.526156887672088125e+00
5.226460299999999961e+02 -4.516767518301662676e+00
5.503198200000000497e+02 -4.516023769213308725e+00
5.543523599999999760e+02 -4.516774178856331368e+00
5.743515099999999620e+02 -4.506504707386002728e+00
5.988713199999999688e+02 -4.504367075493502348e+00
6.005455200000000104e+02 -4.504335814621833300e+00
6.219685799999999745e+02 -4.497428753069648621e+00
6.524163099999999531e+02 -4.497064498028422008e+00
6.543680699999999888e+02 -4.496191904216253477e+00
6.720596299999999701e+02 -4.490295750628724214e+00
6.943009899999999561e+02 -4.487020854684613091e+00
7.013284800000000132e+02 -4.488179906886514026e+00
7.151397600000000239e+02 -4.481063088555560014e+00
7.442219800000000305e+02 -4.479801093721463623e+00
7.473814499999999725e+02 -4.480135333312632362e+00
7.714231899999999769e+02 -4.477130675024618256e+00
7.976189399999999523e+02 -4.474557591336056461e+00
8.046577399999999898e+02 -4.473353904870141839e+00
8.185326700000000528e+02 -4.470136657553663184e+00
8.407094399999999723e+02 -4.467629869426378519e+00
8.496382899999999836e+02 -4.470591676185952323e+00
8.766285699999999679e+02 -4.467630975798400073e+00
9.049904800000000478e+02 -4.464980140801698916e+00
9.069689700000000130e+02 -4.464564640414160124e+00
9.231385500000000093e+02 -4.463110563063127145e+00
9.399831500000000233e+02 -4.459397753473825610e+00
9.551107500000000528e+02 -4.459922522558801283e+00
9.699269000000000460e+02 -4.458439948832040756e+00
9.996339299999999639e+02 -4.456396980331139623e+00
1.004246700000000033e+03 -4.456456102562480481e+00
1.021309099999999944e+03 -4.455831707300585975e+00
1.045783400000000029e+03 -4.453441265998494103e+00
1.061671000000000049e+03 -4.456067761588215603e+00
1.072497800000000097e+03 -4.454686214403662525e+00
1.100652100000000019e+03 -4.450491834284459713e+00
1.108060899999999947e+03 -4.453561135825014006e+00
1.117030799999999999e+03 -4.450556046176333602e+00
1.155052799999999934e+03 -4.448965024046012573e+00
1.159951600000000099e+03 -4.452107504527044846e+00
1.167448200000000043e+03 -4.448782905296151391e+00
1.188334499999999935e+03 -4.446778399547337557e+00
1.208570400000000063e+03 -4.450121730467214931e+00
1.217736400000000003e+03 -4.447680668549078398e+00
1.249368300000000090e+03 -4.446235205317520034e+00
1.252474799999999959e+03 -4.446583534540821780e+00
1.263650900000000092e+03 -4.445517761594758532e+00
1.276786399999999958e+03 -4.443260435672577557e+00
1.289618600000000015e+03 -4.442806595634517741e+00
1.303415400000000091e+03 -4.443183184352541559e+00
1.347891200000000026e+03 -4.445294029722709261e+00
1.355167400000000043e+03 -4.447848337092229265e+00
1.355937300000000050e+03 -4.442673312950179643e+00
1.391622800000000097e+03 -4.442620890845681458e+00
1.397488100000000031e+03 -4.443711734787825662e+00
1.404796700000000101e+03 -4.442876850524806187e+00
1.446015400000000000e+03 -4.443809369050682356e+00
1.454694500000000062e+03 -4.443954880359178183e+00
1.459801099999999906e+03 -4.443578315146627489e+00
1.493763300000000072e+03 -4.442587051671144316e+00
1.503747000000000071e+03 -4.444569370084265891e+00
1.520119500000000016e+03 -4.446595646972772542e+00
1.551930900000000065e+03 -4.444711395718045743e+00
1.560290999999999940e+03 -4.447137404777036451e+00
1.561823100000000068e+03 -4.445392784981843981e+00
1.588171499999999924e+03 -4.443084332279231496e+00
1.597290299999999888e+03 -4.444396588270239867e+00
1.602728499999999940e+03 -4.442619792631588460e+00
1.645789700000000039e+03 -4.447812014916177503e+00
1.653115199999999959e+03 -4.444928426161093071e+00
1.656209200000000010e+03 -4.447136693028620691e+00
1.695786000000000058e+03 -4.445515244357474138e+00
1.706986300000000028e+03 -4.446228320713501603e+00
1.716977699999999913e+03 -4.449281172371892801e+00
1.746164500000000089e+03 -4.448695155133433055e+00
1.749561300000000074e+03 -4.445148097107241014e+00
1.757068500000000085e+03 -4.446757441118380783e+00
1.798958599999999933e+03 -4.449017152952071896e+00
1.800655400000000100e+03 -4.445208710001808505e+00
1.803405999999999949e+03 -4.445250550002930012e+00
1.848359300000000076e+03 -4.446508296801841453e+00
1.852590999999999894e+03 -4.450219464590926322e+00
1.854069799999999987e+03 -4.447918881682955572e+00
1.881257000000000062e+03 -4.446881468437471341e+00
1.911247599999999920e+03 -4.450864027030870140e+00
1.913683500000000095e+03 -4.452445363656035049e+00
1.947046000000000049e+03 -4.452703197686097347e+00
1.952208100000000059e+03 -4.450369170843456956e+00
1.966297499999999900e+03 -4.453263444009345484e+00
2.005900900000000092e+03 -4.451710646850742137e+00
2.010643100000000004e+03 -4.454382508776554062e+00
2.019559700000000021e+03 -4.454583414085520943e+00
2.047098999999999933e+03 -4.456457196674959320e+00
2.053466499999999996e+03 -4.453104899643105519e+00
2.063304900000000089e+03 -4.455742561687844550e+00
2.089757700000000114e+03 -4.454066634795911028e+00
2.099603099999999813e+03 -4.457767728706758525e+00
2.110621200000000044e+03 -4.455723393352096551e+00
2.142839100000000144e+03 -4.455750865897330826e+00
2.152955899999999929e+03 -4.455208311812273614e+00
2.166534099999999853e+03 -4.460697683824170312e+00
2.195651100000000042e+03 -4.459709335309455902e+00
2.206983700000000226e+03 -4.456470963533955221e+00
2.222335000000000036e+03 -4.459162967145614331e+00
2.241846199999999953e+03 -4.457790351089229830e+00
2.251062100000000100e+03 -4.462403355608060451e+00
2.274224000000000160e+03 -4.458041534263250227e+00
2.274870300000000043e+03 -4.464859694451046579e+00
2.299331700000000183e+03 -4.459415490804717663e+00
2.305949799999999868e+03 -4.461193417494259350e+00
2.364149499999999989e+03 -4.465260875825070030e+00
2.365453100000000177e+03 -4.464838519463726563e+00
2.377672099999999773e+03 -4.466761622145495991e+00
2.387457199999999830e+03 -4.464437967932738616e+00
2.403391299999999774e+03 -4.466396910100223216e+00
2.404633200000000215e+03 -4.465152781770040491e+00
2.445915100000000166e+03 -4.467510808304339776e+00
