9.944517600000000357e+01 -4.297904975517421455e+00
1.272646199999999936e+02 -4.297679239121152683e+00
1.498429199999999923e+02 -4.297588894427795125e+00
1.755024799999999914e+02 -4.297228456907297378e+00
1.991117999999999881e+02 -4.297100204026026660e+00
2.249775699999999858e+02 -4.296782695273125618e+00
2.506953800000000001e+02 -4.296280233288801931e+00
2.732456999999999994e+02 -4.296029133938290556e+00
2.985757500000000277e+02 -4.295670932650199170e+00
3.215168800000000147e+02 -4.295182681056612495e+00
3.506838900000000194e+02 -4.295243389760853070e+00
3.693495800000000031e+02 -4.294072353334093428e+00
3.988444600000000264e+02 -4.293984920457337040e+00
4.216438800000000242e+02 -4.293806614508157260e+00
4.535716499999999769e+02 -4.293430464719820705e+00
4.698278999999999996e+02 -4.292464496525613349e+00
4.945931100000000242e+02 -4.291258054248417331e+00
5.211758700000000317e+02 -4.291613740073021432e+00
5.542278000000000020e+02 -4.291614153476429827e+00
5.713125099999999748e+02 -4.290022698600544970e+00
5.990108800000000429e+02 -4.287749378834871727e+00
6.166814100000000280e+02 -4.287004464738933152e+00
6.531637500000000500e+02 -4.287369826698767206e+00
6.703807500000000346e+02 -4.285918463951666091e+00
6.999540899999999510e+02 -4.285377469645686332e+00
7.205911099999999578e+02 -4.283980767153487967e+00
7.438721600000000080e+02 -4.281701448028399248e+00
7.682109500000000253e+02 -4.280779333130239728e+00
7.972013500000000477e+02 -4.278612876389916053e+00
8.138946399999999812e+02 -4.277382525565355031e+00
8.499332200000000057e+02 -4.278685578698618208e+00
8.785766599999999471e+02 -4.277411107144484248e+00
8.948758900000000267e+02 -4.272478283516791819e+00
9.122622699999999440e+02 -4.270568469914010734e+00
9.432950799999999845e+02 -4.270162003387279803e+00
9.671640800000000127e+02 -4.267179042939694966e+00
9.961418300000000272e+02 -4.266465503587900443e+00
1.015232300000000009e+03 -4.262609247663718293e+00
1.047122200000000021e+03 -4.258588614056571409e+00
1.070508800000000065e+03 -4.259680465282069228e+00
1.106376899999999978e+03 -4.259466924060521187e+00
1.114982999999999947e+03 -4.253611525964000606e+00
1.157738100000000031e+03 -4.247880986157283267e+00
1.161663600000000088e+03 -4.253937633863848156e+00
1.198165299999999888e+03 -4.247348149354507107e+00
1.211732299999999896e+03 -4.246617854113583945e+00
1.236940900000000056e+03 -4.243133710498073974e+00
1.260077700000000050e+03 -4.240636354913766226e+00
1.312886700000000019e+03 -4.243738156236142700e+00
1.318307999999999993e+03 -4.237930022345814507e+00
1.352203500000000076e+03 -4.236599665399035430e+00
1.365997200000000021e+03 -4.232991074525004116e+00
1.396702099999999973e+03 -4.230150610193086358e+00
1.418151800000000094e+03 -4.229563787941829744e+00
1.449647099999999909e+03 -4.228121429372282414e+00
1.462056199999999990e+03 -4.225405451571716320e+00
1.505678300000000036e+03 -4.226613174314825194e+00
1.524204400000000078e+03 -4.221952865667549126e+00
1.555848099999999931e+03 -4.215666874709163459e+00
1.563349699999999984e+03 -4.221640382651393963e+00
1.604475300000000061e+03 -4.212859183065337021e+00
1.620791300000000092e+03 -4.217942602001537367e+00
1.655464500000000044e+03 -4.215860670301035285e+00
1.662565100000000029e+03 -4.210182628592648690e+00
1.695681100000000015e+03 -4.201577785704506240e+00
1.705037900000000036e+03 -4.211289194103103206e+00
1.751255799999999908e+03 -4.203812802691657247e+00
1.756708900000000085e+03 -4.198893410800993209e+00
1.799922299999999950e+03 -4.203477157711110301e+00
1.812533699999999953e+03 -4.201191862367638308e+00
1.857522300000000087e+03 -4.199773308499634261e+00
1.858966699999999946e+03 -4.195614402423342604e+00
1.898976300000000037e+03 -4.194396974285033330e+00
1.907918200000000070e+03 -4.189671029144237835e+00
1.944101599999999962e+03 -4.187456361350547773e+00
1.966637199999999893e+03 -4.190004682721720997e+00
2.009409100000000080e+03 -4.184437757370459643e+00
2.012307199999999966e+03 -4.191562253788466030e+00
2.074583099999999831e+03 -4.185274016109733708e+00
2.086285600000000159e+03 -4.190426965943218285e+00
2.112206200000000081e+03 -4.181519062327462954e+00
2.127783399999999801e+03 -4.184803406152411753e+00
2.143891599999999926e+03 -4.173401494637274389e+00
2.145089899999999943e+03 -4.176791474444188523e+00
2.196904599999999846e+03 -4.176952533105149357e+00
2.203093800000000101e+03 -4.173935273664951318e+00
2.256671200000000226e+03 -4.181862375461100179e+00
2.270754300000000057e+03 -4.176098343786286193e+00
2.303470699999999852e+03 -4.170384090093779861e+00
2.318549500000000080e+03 -4.172778952546215336e+00
2.355636800000000221e+03 -4.166651054730959203e+00
2.366394600000000082e+03 -4.172993629778526170e+00
2.398784799999999905e+03 -4.164362561648472294e+00
2.413572999999999865e+03 -4.169066483031146575e+00
2.445409599999999955e+03 -4.164415440962148551e+00
