9.991203000000000145e+01 -4.552103979210953000e+00
1.009587099999999964e+02 -4.552256716228858302e+00
1.280734300000000019e+02 -4.552154615938692750e+00
1.500520699999999863e+02 -4.551632430587706502e+00
1.501928200000000118e+02 -4.551847883008843354e+00
1.760596199999999953e+02 -4.551331373281295889e+00
1.992476599999999962e+02 -4.551096755403065686e+00
2.014194999999999993e+02 -4.551196688649213229e+00
2.232902499999999861e+02 -4.550073082173481609e+00
2.497643099999999947e+02 -4.549945547812126456e+00
2.503583500000000015e+02 -4.549831461742964045e+00
2.737658200000000193e+02 -4.548943566817532869e+00
2.982310899999999947e+02 -4.548401645955484796e+00
3.018000099999999861e+02 -4.548739507742608268e+00
3.210550799999999754e+02 -4.546194580910285943e+00
3.502134399999999914e+02 -4.546068390278701798e+00
3.510713400000000206e+02 -4.546235116499269147e+00
3.736961400000000140e+02 -4.543084484819661206e+00
4.000059200000000033e+02 -4.542042610260129010e+00
4.033087499999999750e+02 -4.541950752299443117e+00
4.201320200000000114e+02 -4.534256039308896646e+00
4.509629600000000096e+02 -4.533799878753034029e+00
4.509654400000000010e+02 -4.534224802398183485e+00
4.718309300000000235e+02 -4.522836380314340765e+00
4.946304400000000214e+02 -4.521375174774230565e+00
5.014900099999999838e+02 -4.522108616028053696e+00
5.287213500000000295e+02 -4.512488679391756463e+00
5.453263399999999592e+02 -4.508730921572685624e+00
5.464388699999999517e+02 -4.509209607426821087e+00
5.689617299999999886e+02 -4.499905001629277201e+00
6.008773400000000038e+02 -4.499911775814666726e+00
6.052155999999999949e+02 -4.500184788248940748e+00
6.200454300000000103e+02 -4.491980888465132438e+00
6.503136600000000271e+02 -4.490061425924991134e+00
6.507739400000000387e+02 -4.490944309184560446e+00
6.674172099999999546e+02 -4.482331955343958896e+00
7.017192199999999502e+02 -4.482249626431026535e+00
7.032232199999999693e+02 -4.482721587127674212e+00
7.262986300000000028e+02 -4.478105572485899799e+00
7.491813100000000532e+02 -4.475045880259118647e+00
7.562394399999999450e+02 -4.475628434622367813e+00
7.721463400000000092e+02 -4.470721144966911531e+00
7.942495300000000498e+02 -4.468232735718180137e+00
8.032238200000000461e+02 -4.468527580076317562e+00
8.220901199999999562e+02 -4.465165478399946153e+00
8.507837600000000293e+02 -4.462846585807201727e+00
8.537133099999999786e+02 -4.462493257048419260e+00
8.643752100000000382e+02 -4.459630854813836365e+00
9.033802600000000211e+02 -4.459603303063529367e+00
9.038562500000000455e+02 -4.459425419663543444e+00
9.132185100000000375e+02 -4.455054482202458033e+00
9.421278099999999540e+02 -4.453972952027536181e+00
9.489009800000000041e+02 -4.454346585148195814e+00
9.696334100000000262e+02 -4.452611022699584531e+00
9.954902899999999590e+02 -4.449345154235122557e+00
1.006669999999999959e+03 -4.451243677053562386e+00
1.019683499999999981e+03 -4.449670158740953063e+00
1.040542999999999893e+03 -4.446199534754242677e+00
1.051765200000000050e+03 -4.448687965348424811e+00
1.064925500000000056e+03 -4.445908911090431737e+00
1.103882299999999987e+03 -4.445898959029500830e+00
1.104729700000000093e+03 -4.445233131588907760e+00
1.119744400000000041e+03 -4.445088219170009403e+00
1.152659300000000030e+03 -4.442804377954628237e+00
1.153855700000000070e+03 -4.446317161912611837e+00
1.164051799999999957e+03 -4.441344111102381476e+00
1.193634000000000015e+03 -4.442706994907464235e+00
1.203601000000000113e+03 -4.443455248429719617e+00
1.226415999999999940e+03 -4.443815063442787761e+00
1.256246799999999894e+03 -4.440246387900545599e+00
1.261435099999999920e+03 -4.442792836701666914e+00
1.270062100000000100e+03 -4.441327789768130252e+00
1.292991800000000012e+03 -4.438644745311115969e+00
1.304852300000000014e+03 -4.436601466183363485e+00
1.305645899999999983e+03 -4.439289428315896124e+00
1.337020400000000109e+03 -4.436580851736130704e+00
1.352267599999999902e+03 -4.438077360074968780e+00
1.369737800000000107e+03 -4.439250583410673912e+00
1.377845499999999902e+03 -4.436491964882002925e+00
1.390111599999999953e+03 -4.437735609412243321e+00
1.420651299999999992e+03 -4.438864446547189146e+00
1.451123900000000049e+03 -4.440363378478025425e+00
1.453178699999999935e+03 -4.438489944438005708e+00
1.463661499999999933e+03 -4.438241326775202111e+00
1.503596099999999979e+03 -4.438263058391935800e+00
1.504033100000000104e+03 -4.438346161858808259e+00
1.505108199999999897e+03 -4.437670097020057547e+00
1.542787800000000061e+03 -4.437928782789930082e+00
1.550154600000000073e+03 -4.439509819614599451e+00
1.562638899999999921e+03 -4.438505629346117587e+00
1.593794599999999946e+03 -4.439944895286429549e+00
1.596205300000000079e+03 -4.438207280816644840e+00
1.615502199999999903e+03 -4.440135868869469427e+00
1.634700000000000045e+03 -4.436660148407372439e+00
1.658439699999999903e+03 -4.438518023497166176e+00
1.671169100000000071e+03 -4.441622026501123699e+00
1.692096199999999953e+03 -4.439724954177745708e+00
1.709664700000000039e+03 -4.439997475630113932e+00
1.710243699999999990e+03 -4.442595408199456308e+00
1.726555900000000065e+03 -4.438114797741887330e+00
1.740140599999999949e+03 -4.441975278181228504e+00
1.743422900000000027e+03 -4.437697011646625000e+00
1.783072899999999890e+03 -4.439887790113377974e+00
1.803710499999999911e+03 -4.443882851647807719e+00
1.804464799999999968e+03 -4.441018419060881683e+00
1.841938400000000001e+03 -4.440028042686960497e+00
1.861046599999999899e+03 -4.444586303152028961e+00
1.870196899999999914e+03 -4.446044856397640466e+00
1.898230000000000018e+03 -4.443072400331455007e+00
1.902322300000000041e+03 -4.443221426231913185e+00
1.908997299999999996e+03 -4.443394634656240960e+00
1.924403700000000072e+03 -4.443683927697584579e+00
1.941182700000000068e+03 -4.444593890527308133e+00
1.965972199999999930e+03 -4.447813634069555100e+00
1.996358199999999897e+03 -4.445981710844701951e+00
2.007876899999999978e+03 -4.446134569917365553e+00
2.013694199999999910e+03 -4.448415274392987229e+00
2.034511400000000094e+03 -4.444397281063383609e+00
2.042429000000000087e+03 -4.449207622927489503e+00
2.052935899999999947e+03 -4.447664757271676095e+00
2.094487700000000132e+03 -4.447538161830330239e+00
2.104180100000000039e+03 -4.448496516768679854e+00
2.113936700000000201e+03 -4.452709103531514501e+00
2.137482599999999820e+03 -4.448022016888956820e+00
2.139705500000000029e+03 -4.451861234020807245e+00
2.150955800000000181e+03 -4.450778005759625344e+00
2.194135600000000068e+03 -4.450734147206825142e+00
2.201641900000000078e+03 -4.454982684562665440e+00
2.209018000000000029e+03 -4.453901816646302692e+00
2.228122600000000148e+03 -4.453692048943260318e+00
2.250381800000000112e+03 -4.454872151723411555e+00
2.261655799999999999e+03 -4.455012432838785230e+00
2.307847499999999854e+03 -4.457984794360822178e+00
2.314342000000000098e+03 -4.461429221073266227e+00
2.314978700000000117e+03 -4.459698797292039885e+00
2.334441899999999805e+03 -4.456072422799055133e+00
2.355178499999999985e+03 -4.459657600499367547e+00
2.373422199999999975e+03 -4.463502802011348969e+00
2.378561999999999898e+03 -4.455384005493280952e+00
2.398333700000000135e+03 -4.458226047123750924e+00
2.401031300000000101e+03 -4.459692003603483279e+00
2.454989199999999983e+03 -4.462899896405751576e+00
