9.892410399999999981e+01 -3.295823646822362285e+00
1.275079499999999939e+02 -3.295544556738856823e+00
1.490975400000000093e+02 -3.295099536940662599e+00
1.761017400000000066e+02 -3.294340379379838701e+00
2.004118400000000122e+02 -3.294073171990838933e+00
2.252988699999999938e+02 -3.292785460549116028e+00
2.482386099999999942e+02 -3.291880403449615855e+00
2.748697799999999916e+02 -3.290574474363457291e+00
2.971883300000000077e+02 -3.289157972406863362e+00
3.225998099999999909e+02 -3.287053012502838101e+00
3.462162099999999896e+02 -3.285629012087851741e+00
3.747050699999999779e+02 -3.284526872440290290e+00
3.996668999999999983e+02 -3.283538469791932979e+00
4.257699099999999817e+02 -3.280140271133914709e+00
4.518182199999999966e+02 -3.278667784886904357e+00
4.698479800000000068e+02 -3.273994926766794045e+00
4.951291800000000194e+02 -3.272852623139788086e+00
5.213732999999999720e+02 -3.269730065634635974e+00
5.471972299999999905e+02 -3.267772287935712505e+00
5.712549299999999448e+02 -3.264918458251133693e+00
6.003563400000000456e+02 -3.264287569335726502e+00
6.197196000000000140e+02 -3.259389276539303548e+00
6.445287700000000086e+02 -3.256031314612491290e+00
6.736154699999999593e+02 -3.254838409964684320e+00
7.021665299999999661e+02 -3.253264206555075422e+00
7.228711600000000317e+02 -3.250313234171373189e+00
7.581160499999999729e+02 -3.249108029159535782e+00
7.648493799999999965e+02 -3.244281204084553671e+00
8.031738000000000284e+02 -3.244285155729113690e+00
8.165365500000000338e+02 -3.240255416233577712e+00
8.533316099999999551e+02 -3.240395292394839810e+00
8.640307099999999991e+02 -3.235887611924807228e+00
8.960842300000000478e+02 -3.236535167839778016e+00
9.199354600000000346e+02 -3.233913784875458219e+00
9.591348000000000411e+02 -3.233744470321185727e+00
9.734864199999999528e+02 -3.231321330053696705e+00
1.001108500000000049e+03 -3.229502692444915279e+00
1.023150300000000016e+03 -3.228200733033486980e+00
1.053251800000000003e+03 -3.226319533233216852e+00
1.059392800000000079e+03 -3.223566477086182935e+00
1.094923999999999978e+03 -3.223330515858403356e+00
1.108294799999999896e+03 -3.219430121848704474e+00
1.139455899999999929e+03 -3.220498862363590842e+00
1.169537700000000086e+03 -3.220072675562757780e+00
1.214949599999999919e+03 -3.220667379754770021e+00
1.216774200000000064e+03 -3.215637345076924891e+00
1.256979700000000093e+03 -3.213934585006700040e+00
1.257109600000000000e+03 -3.215799685163395871e+00
1.288650000000000091e+03 -3.211197654679522007e+00
1.316314599999999928e+03 -3.213413925478122213e+00
1.354570999999999913e+03 -3.213910520565091300e+00
1.359074299999999994e+03 -3.209530544738826041e+00
1.401029600000000073e+03 -3.209518439161974435e+00
1.407518600000000106e+03 -3.208720603388011128e+00
1.455391300000000001e+03 -3.206068866003883411e+00
1.455519500000000107e+03 -3.210379537260899419e+00
1.495014799999999923e+03 -3.205953231307540729e+00
1.516290899999999965e+03 -3.206375824728353585e+00
1.557148899999999912e+03 -3.203420061538685637e+00
1.557930000000000064e+03 -3.206684071635005573e+00
1.605476799999999912e+03 -3.202758381818722633e+00
1.606280099999999948e+03 -3.203683382430928539e+00
1.657241299999999910e+03 -3.201101659197919336e+00
1.657718200000000024e+03 -3.204309315345777787e+00
1.709145500000000084e+03 -3.202011481281230143e+00
1.713082200000000057e+03 -3.204774616920444519e+00
1.746515900000000101e+03 -3.201710892170102962e+00
1.756044399999999996e+03 -3.199277343841104404e+00
1.803044100000000071e+03 -3.201118827593314009e+00
1.807736900000000105e+03 -3.198732681509629305e+00
1.840640599999999949e+03 -3.199654066182075152e+00
1.854600300000000061e+03 -3.197978528021241829e+00
1.896692800000000034e+03 -3.197872489788280870e+00
1.913474099999999908e+03 -3.198181429057882053e+00
1.946695999999999913e+03 -3.195326332652609569e+00
1.958586199999999963e+03 -3.202143978055061790e+00
2.003037199999999984e+03 -3.197469610991653166e+00
2.010373399999999947e+03 -3.199592248607208589e+00
2.025456899999999905e+03 -3.192343404466740697e+00
2.057676500000000033e+03 -3.195033997139010484e+00
2.098116700000000037e+03 -3.197330187693870229e+00
2.120947900000000118e+03 -3.198780797690587097e+00
2.160824599999999919e+03 -3.196873506455434999e+00
2.160846500000000106e+03 -3.195652626213638214e+00
2.200431500000000142e+03 -3.196574361928440133e+00
2.217450600000000122e+03 -3.198230346131241575e+00
2.257850500000000011e+03 -3.198005839481743440e+00
2.273821800000000167e+03 -3.197300014303255722e+00
2.302288100000000213e+03 -3.194888867197208882e+00
2.309038500000000113e+03 -3.200674993628211507e+00
2.350946100000000115e+03 -3.193746526527539320e+00
2.360389299999999821e+03 -3.199927197567746795e+00
2.403282999999999902e+03 -3.194521008872808210e+00
2.420943499999999858e+03 -3.194983709434637831e+00
2.457127599999999802e+03 -3.198874097426785745e+00
