9.897760100000000705e+01 -4.414579386082369439e+00
1.267514800000000008e+02 -4.413408937191641179e+00
1.504963999999999942e+02 -4.413664202870767106e+00
1.746627300000000105e+02 -4.411639341609968845e+00
1.985628299999999911e+02 -4.411534917773117570e+00
2.231998399999999947e+02 -4.409081461881894093e+00
2.489446599999999989e+02 -4.409390379019395567e+00
2.719450899999999933e+02 -4.406051388045178818e+00
2.989181199999999876e+02 -4.406326814389074364e+00
3.203557500000000005e+02 -4.402267861014809824e+00
3.534659599999999955e+02 -4.403298962778177561e+00
3.717696300000000065e+02 -4.399160278353975606e+00
3.988368899999999826e+02 -4.399669254933230356e+00
4.208696199999999976e+02 -4.395579483618200278e+00
4.503441700000000196e+02 -4.395432347647202143e+00
4.713851000000000226e+02 -4.392900291898068410e+00
5.038254900000000021e+02 -4.393272021801033489e+00
5.187730999999999995e+02 -4.390235604890642129e+00
5.576451200000000199e+02 -4.391669031664888756e+00
5.649030599999999822e+02 -4.387238769081671208e+00
5.996850500000000466e+02 -4.388436946292905816e+00
6.160578900000000431e+02 -4.385705780038083645e+00
6.510755699999999706e+02 -4.386743943373534904e+00
6.635718500000000404e+02 -4.383805133910586349e+00
6.989381700000000137e+02 -4.385149130863422506e+00
7.164307599999999638e+02 -4.383255121902187135e+00
7.499655599999999822e+02 -4.382988396531132480e+00
7.645253199999999651e+02 -4.381040395759724149e+00
8.024922000000000253e+02 -4.382578824398748907e+00
8.198590000000000373e+02 -4.381869068047998361e+00
8.506873600000000124e+02 -4.382118173749117496e+00
8.644571300000000065e+02 -4.380595804391079540e+00
9.010560199999999895e+02 -4.380897209730491682e+00
9.054754699999999730e+02 -4.377548884915413829e+00
9.450851000000000113e+02 -4.380305707698757267e+00
9.612385600000000068e+02 -4.377635779717558684e+00
1.002086199999999963e+03 -4.380857269057481851e+00
1.008245700000000056e+03 -4.378085842669004357e+00
1.056547199999999975e+03 -4.380095538715485404e+00
1.062491099999999960e+03 -4.376802926625346757e+00
1.097943500000000085e+03 -4.378474642064560385e+00
1.108201299999999947e+03 -4.377440806740366952e+00
1.144588700000000017e+03 -4.377420898176442421e+00
1.154138500000000022e+03 -4.375754051110840592e+00
1.207270800000000008e+03 -4.378831961942185380e+00
1.209638799999999947e+03 -4.376894930899032587e+00
1.247397999999999911e+03 -4.377511310668846356e+00
1.258105900000000020e+03 -4.375760281318934020e+00
1.294112699999999904e+03 -4.377837329151529566e+00
1.324033599999999979e+03 -4.380148754720419646e+00
1.358929799999999886e+03 -4.380257436525673675e+00
1.361261700000000019e+03 -4.377394626750565010e+00
1.397777399999999943e+03 -4.378726734245371510e+00
1.411182099999999991e+03 -4.376708552055703194e+00
1.450051300000000083e+03 -4.376303116280500838e+00
1.454670699999999897e+03 -4.378953205501077584e+00
1.493663900000000012e+03 -4.377475205799720825e+00
1.521771999999999935e+03 -4.378549515075174092e+00
1.552224099999999908e+03 -4.378751065117058694e+00
1.554225500000000011e+03 -4.377264497801258258e+00
1.578192999999999984e+03 -4.377569926457851146e+00
1.615179300000000012e+03 -4.378901975530523849e+00
1.665669000000000096e+03 -4.378639638401820910e+00
1.674570500000000038e+03 -4.382295117568813403e+00
1.705670000000000073e+03 -4.381036870770025793e+00
1.708201299999999947e+03 -4.378824174896321253e+00
1.752949399999999969e+03 -4.380822227775873934e+00
1.756475100000000111e+03 -4.377209673507372223e+00
1.807066600000000108e+03 -4.379938491889814323e+00
1.820230099999999993e+03 -4.382656346719263851e+00
1.830943299999999908e+03 -4.379161419867633853e+00
1.845635800000000017e+03 -4.378154512965035217e+00
1.903937100000000100e+03 -4.381451371459614386e+00
1.910075800000000072e+03 -4.380828903293626730e+00
1.949785300000000007e+03 -4.379751682868587181e+00
1.956164899999999989e+03 -4.382986881930888146e+00
2.012119500000000016e+03 -4.385670609308446544e+00
2.014685300000000097e+03 -4.385463423049396070e+00
2.043793100000000095e+03 -4.383716895215226117e+00
2.050229400000000169e+03 -4.381535854737804492e+00
2.113632399999999961e+03 -4.386026985892675256e+00
2.113769899999999780e+03 -4.385847032685474822e+00
2.163897100000000137e+03 -4.386209178710969603e+00
2.167455399999999827e+03 -4.387721732427609211e+00
2.218755599999999959e+03 -4.389892109076154014e+00
2.228454299999999876e+03 -4.391444602358158811e+00
2.246915500000000065e+03 -4.383911165270111709e+00
2.261023099999999886e+03 -4.387584364951631954e+00
2.290083200000000033e+03 -4.386610921960423681e+00
2.308826199999999972e+03 -4.388400183126514698e+00
2.344376000000000204e+03 -4.387674271565867201e+00
2.348206200000000081e+03 -4.390202058836401910e+00
2.384735499999999774e+03 -4.383230944974206622e+00
2.411554299999999785e+03 -4.391839896902246743e+00
2.440908500000000004e+03 -4.386416176861340332e+00
