9.950121900000000608e+01 -3.846300595440113490e+00
1.272373699999999985e+02 -3.846287704325400902e+00
1.509439099999999883e+02 -3.846300196392264059e+00
1.510458099999999888e+02 -3.846326437800179576e+00
1.754145599999999945e+02 -3.845674535082979517e+00
2.001347000000000094e+02 -3.845689750900295412e+00
2.001735299999999995e+02 -3.845699789228361976e+00
2.242794700000000034e+02 -3.845016633271650441e+00
2.511803700000000106e+02 -3.844931157333313365e+00
2.511979699999999980e+02 -3.844935656398305479e+00
2.729604899999999930e+02 -3.843816026347831816e+00
3.017723199999999792e+02 -3.844159735851872650e+00
3.018841400000000021e+02 -3.844188541777284307e+00
3.233146199999999908e+02 -3.843006785375453482e+00
3.489635900000000106e+02 -3.842005761564086797e+00
3.491282400000000052e+02 -3.842048275981698069e+00
3.706801899999999819e+02 -3.841149957409454974e+00
3.998532299999999964e+02 -3.841033922525892930e+00
3.999314600000000155e+02 -3.841054146538374070e+00
4.218248899999999821e+02 -3.839080968732811350e+00
4.476153600000000097e+02 -3.837983409266300772e+00
4.476329400000000192e+02 -3.837987852275488443e+00
4.701472200000000043e+02 -3.836310633506374135e+00
4.953030999999999722e+02 -3.834896058360178994e+00
4.953750999999999749e+02 -3.834914417366596329e+00
5.173710099999999557e+02 -3.832626495148232060e+00
5.468105299999999716e+02 -3.832405678759119194e+00
5.468466899999999669e+02 -3.832415179495246349e+00
5.690910400000000209e+02 -3.829687107818152469e+00
5.989481399999999667e+02 -3.828580859275427350e+00
5.989945400000000291e+02 -3.828592854599205175e+00
6.177765799999999672e+02 -3.825199658005991488e+00
6.515191800000000057e+02 -3.823825295449392758e+00
6.515664699999999812e+02 -3.823837469970483571e+00
6.757906299999999646e+02 -3.822514053929252142e+00
7.064945400000000291e+02 -3.821127842109600881e+00
7.067555200000000468e+02 -3.821194954437609592e+00
7.175501600000000053e+02 -3.814625213342341503e+00
7.509231800000000021e+02 -3.814929223138626035e+00
7.510170299999999770e+02 -3.814953587002897439e+00
7.693636500000000069e+02 -3.808946655306567397e+00
8.071425299999999652e+02 -3.809293138013812197e+00
8.076131800000000567e+02 -3.809414454211140999e+00
8.133117600000000493e+02 -3.800402203820305136e+00
8.381610799999999699e+02 -3.798480277889577206e+00
8.384210100000000239e+02 -3.798546864344650498e+00
8.701248600000000124e+02 -3.794216836548288452e+00
8.993769300000000158e+02 -3.791706923516949157e+00
8.994188400000000456e+02 -3.791717808971741377e+00
9.229339999999999691e+02 -3.787659606284091041e+00
9.538537999999999784e+02 -3.783657824279965443e+00
9.545364700000000084e+02 -3.783834155410024103e+00
9.652043099999999640e+02 -3.777447388112012749e+00
1.001967399999999998e+03 -3.778010100551971284e+00
1.002125999999999976e+03 -3.778051254465756514e+00
1.020395399999999995e+03 -3.772296189701255464e+00
1.056597500000000082e+03 -3.770621314503830757e+00
1.056725599999999986e+03 -3.770654023820924738e+00
1.061329400000000078e+03 -3.765509524462286262e+00
1.097842100000000073e+03 -3.764808187966671493e+00
1.098443800000000010e+03 -3.764963841166728553e+00
1.116444099999999935e+03 -3.760048632671919577e+00
1.157984099999999899e+03 -3.759581819995055696e+00
1.158233799999999974e+03 -3.759646830384987926e+00
1.169144800000000032e+03 -3.754400575917704597e+00
1.203263500000000022e+03 -3.752071386928476748e+00
1.203649599999999964e+03 -3.752171048809123555e+00
1.212093299999999999e+03 -3.748989014117850349e+00
1.253872200000000021e+03 -3.748781142795751808e+00
1.254015499999999975e+03 -3.748817934271680752e+00
1.262713400000000092e+03 -3.743882767386869759e+00
1.308821200000000090e+03 -3.746537540452270498e+00
1.309939699999999903e+03 -3.746827254709953703e+00
1.314931000000000040e+03 -3.739024586609457579e+00
1.348611400000000003e+03 -3.736570232044500894e+00
1.348613599999999906e+03 -3.736570851673707061e+00
1.362189200000000028e+03 -3.734211037387697552e+00
1.413717200000000048e+03 -3.734905041285109917e+00
1.414213999999999942e+03 -3.735034237256992462e+00
1.417830600000000004e+03 -3.729085931481395999e+00
1.449195500000000038e+03 -3.728062792915104673e+00
1.449611100000000079e+03 -3.728170233789284804e+00
1.460910000000000082e+03 -3.724200475355907702e+00
1.504448699999999917e+03 -3.723419356854706930e+00
1.505195600000000013e+03 -3.723612241833114567e+00
1.522840500000000020e+03 -3.721419881599161705e+00
1.538039700000000039e+03 -3.716413649209519665e+00
1.538397999999999911e+03 -3.716506887517787128e+00
1.568952700000000050e+03 -3.717644182137914477e+00
1.591572599999999966e+03 -3.714290166877859622e+00
1.592439200000000028e+03 -3.714514607314247208e+00
1.626292699999999968e+03 -3.711747430797116554e+00
1.632033500000000004e+03 -3.708818708591294033e+00
1.632553300000000036e+03 -3.708954003177301395e+00
1.658338299999999890e+03 -3.703489570620526639e+00
1.676961099999999988e+03 -3.703554189608881941e+00
1.677807600000000093e+03 -3.703774247961596267e+00
1.725193600000000060e+03 -3.702402856248973251e+00
1.765223600000000033e+03 -3.698645363020002907e+00
1.768297600000000102e+03 -3.702678654889310028e+00
1.768655500000000075e+03 -3.702770212342025857e+00
1.812172100000000000e+03 -3.699370516720183133e+00
1.813125900000000001e+03 -3.699616482384514349e+00
1.816240399999999909e+03 -3.692723393099063056e+00
1.842432600000000093e+03 -3.690315430744816272e+00
1.842832200000000057e+03 -3.690419091498295501e+00
1.866475100000000111e+03 -3.690135210739383442e+00
1.888456400000000031e+03 -3.685364781644883347e+00
1.888605499999999893e+03 -3.685403937588188406e+00
1.923625199999999950e+03 -3.684455904224837930e+00
1.929189599999999928e+03 -3.678966822339308607e+00
1.929319999999999936e+03 -3.678999464741914416e+00
1.978424400000000105e+03 -3.683668690600005569e+00
2.000530899999999974e+03 -3.675432154760295056e+00
2.001458000000000084e+03 -3.675671879453334512e+00
2.010102699999999913e+03 -3.675620730528578850e+00
2.046877199999999903e+03 -3.673433848410395441e+00
2.047354800000000068e+03 -3.673557215748121774e+00
2.069844799999999850e+03 -3.672424758177900372e+00
2.090904500000000098e+03 -3.670347839805732537e+00
2.091635400000000118e+03 -3.670536384923972051e+00
2.116762600000000020e+03 -3.669932887183350978e+00
2.151748199999999997e+03 -3.666457872201138279e+00
2.152327900000000227e+03 -3.666607888848604002e+00
2.164416799999999967e+03 -3.663013641420153288e+00
2.197562699999999950e+03 -3.663900397603567782e+00
2.197574200000000019e+03 -3.663903472353333690e+00
2.209342200000000048e+03 -3.657030153531108052e+00
2.254832100000000082e+03 -3.656246691317341035e+00
2.255450800000000072e+03 -3.656406993782881809e+00
2.266936099999999897e+03 -3.657412606444462533e+00
2.285534700000000157e+03 -3.650620063490792599e+00
2.286044100000000071e+03 -3.650752415042715526e+00
2.310286500000000160e+03 -3.651716484606130741e+00
2.339683899999999994e+03 -3.645522027475690319e+00
2.340102300000000014e+03 -3.645629734236961461e+00
2.363966899999999896e+03 -3.649497152686878465e+00
2.405271200000000135e+03 -3.644382545479309954e+00
2.438335199999999986e+03 -3.640022299450058618e+00
2.439004899999999907e+03 -3.649935202266496148e+00
2.439676699999999983e+03 -3.650110911357605126e+00
2.439739500000000135e+03 -3.640384779218800215e+00
