9.970817900000000122e+01 -3.467101045596115760e+00
1.265434000000000054e+02 -3.466722537000769488e+00
1.505294000000000096e+02 -3.466738223545371422e+00
1.505553600000000074e+02 -3.466744985607614904e+00
1.753156199999999956e+02 -3.466308533756604859e+00
1.997155300000000011e+02 -3.466125708298722241e+00
1.997162299999999959e+02 -3.466125889262658522e+00
2.227678799999999910e+02 -3.465131505442478499e+00
2.495903999999999883e+02 -3.465328585765170111e+00
2.496312000000000069e+02 -3.465339082492050693e+00
2.732829899999999839e+02 -3.464521625763853585e+00
3.014703400000000215e+02 -3.464656876639917282e+00
3.015390400000000000e+02 -3.464674535186853976e+00
3.224333399999999870e+02 -3.463104572663463276e+00
3.479388799999999833e+02 -3.462497519616329900e+00
3.480425399999999740e+02 -3.462524216019285284e+00
3.727070499999999811e+02 -3.461745282411514690e+00
3.989007500000000164e+02 -3.460923195319321355e+00
3.990712700000000268e+02 -3.460967329019610794e+00
4.220391599999999812e+02 -3.459803265925606830e+00
4.523325199999999882e+02 -3.459599031926459123e+00
4.525594500000000266e+02 -3.459657850505627241e+00
4.737378899999999931e+02 -3.457699965852383706e+00
4.994428199999999833e+02 -3.456692545798638161e+00
4.995901700000000005e+02 -3.456730689592635297e+00
5.224587500000000091e+02 -3.454156666299862177e+00
5.496875000000000000e+02 -3.452764281143204439e+00
5.500134900000000471e+02 -3.452848606933745845e+00
5.677206200000000536e+02 -3.449246220003336472e+00
6.038066000000000031e+02 -3.450444846744178395e+00
6.038508199999999988e+02 -3.450456074952930496e+00
6.209982800000000225e+02 -3.445805124717109535e+00
6.525850599999999986e+02 -3.445680889393738955e+00
6.526933599999999842e+02 -3.445708734443665655e+00
6.699485200000000304e+02 -3.440888598509758367e+00
7.013276499999999487e+02 -3.439404911122236008e+00
7.017915699999999788e+02 -3.439524945449231375e+00
7.233013499999999567e+02 -3.436643508524137580e+00
7.501988800000000310e+02 -3.435141783803994375e+00
7.506614200000000210e+02 -3.435261410488109401e+00
7.684168700000000172e+02 -3.430793029589387810e+00
8.008174199999999701e+02 -3.429828335491704294e+00
8.009220000000000255e+02 -3.429855473274599831e+00
8.115062500000000227e+02 -3.423268793834541412e+00
8.450956300000000283e+02 -3.423348918150382669e+00
8.456973000000000411e+02 -3.423504309167812121e+00
8.637295000000000300e+02 -3.419561269705198914e+00
8.973067399999999907e+02 -3.419315336802453142e+00
8.977196900000000142e+02 -3.419422194369686974e+00
9.163888799999999719e+02 -3.412908331844636489e+00
9.496985100000000557e+02 -3.412419086569487447e+00
9.502899599999999509e+02 -3.412571988169665449e+00
9.695419299999999794e+02 -3.410490640141378371e+00
9.945936400000000503e+02 -3.407798524351389524e+00
9.948063799999999901e+02 -3.407853267449800327e+00
1.011062099999999987e+03 -3.405259236329191808e+00
1.046964199999999892e+03 -3.403911598564318908e+00
1.047007800000000088e+03 -3.403923022688569056e+00
1.072487300000000005e+03 -3.402818600697722573e+00
1.097320999999999913e+03 -3.399628897626378432e+00
1.097567999999999984e+03 -3.399692904700119200e+00
1.119503799999999956e+03 -3.397167633364984951e+00
1.155886400000000094e+03 -3.396841171469103582e+00
1.156081799999999930e+03 -3.396891330061479586e+00
1.176474400000000060e+03 -3.395503086784864788e+00
1.201354700000000093e+03 -3.391469182013415296e+00
1.201985599999999977e+03 -3.391632180453191037e+00
1.206483699999999999e+03 -3.387376038422320601e+00
1.255814599999999928e+03 -3.387572677171287960e+00
1.256187200000000075e+03 -3.387668798147757343e+00
1.268860300000000052e+03 -3.386380371455395721e+00
1.298180399999999963e+03 -3.384428295889663207e+00
1.298819099999999935e+03 -3.384593514326353692e+00
1.320341599999999971e+03 -3.384635323030761977e+00
1.344073599999999942e+03 -3.380973702937569492e+00
1.344627300000000105e+03 -3.381116794525776736e+00
1.360674700000000030e+03 -3.379892326001597169e+00
1.392275000000000091e+03 -3.378150631257177849e+00
1.392388899999999921e+03 -3.378179771362376904e+00
1.423582300000000032e+03 -3.378848964655302822e+00
1.442510500000000093e+03 -3.374838505499706542e+00
1.443046199999999999e+03 -3.374977350812800481e+00
1.464542099999999891e+03 -3.374121788281481571e+00
1.495704899999999952e+03 -3.372441273592650557e+00
1.496475799999999936e+03 -3.372640312163468046e+00
1.504606899999999996e+03 -3.367597136446626838e+00
1.550516100000000051e+03 -3.369869863204080662e+00
1.551225200000000086e+03 -3.370053128786146157e+00
1.556108799999999974e+03 -3.367192901014308681e+00
1.592987399999999980e+03 -3.365350201325470803e+00
1.593593499999999949e+03 -3.365507195554752418e+00
1.610727699999999913e+03 -3.364752980178236985e+00
1.625427200000000084e+03 -3.359151404185101608e+00
1.626559299999999894e+03 -3.359445194053013672e+00
1.673575000000000045e+03 -3.363456395235104424e+00
1.706284699999999930e+03 -3.362407008278667231e+00
1.707096800000000030e+03 -3.362617308494608270e+00
1.718902499999999918e+03 -3.362984195877022575e+00
1.739550099999999929e+03 -3.352434977151556694e+00
1.741843900000000076e+03 -3.357719604558063953e+00
1.741964500000000044e+03 -3.357751240027743833e+00
1.792459800000000087e+03 -3.356539047944136822e+00
1.793697899999999890e+03 -3.356859477641311873e+00
1.818799600000000055e+03 -3.357017350191352723e+00
1.846315100000000029e+03 -3.355818116583387578e+00
1.848243099999999913e+03 -3.356316746509563576e+00
1.863887999999999920e+03 -3.352885638743383190e+00
1.897225500000000011e+03 -3.355898764304520832e+00
1.897814100000000053e+03 -3.356050623810522104e+00
1.912502099999999928e+03 -3.353479150352375537e+00
1.939113299999999981e+03 -3.351266674540589907e+00
1.939127099999999928e+03 -3.351271005396424751e+00
1.959442399999999907e+03 -3.349297289013238199e+00
1.996621000000000095e+03 -3.344788302431234595e+00
1.998174600000000055e+03 -3.345190142503480679e+00
2.017369300000000067e+03 -3.347182020792499380e+00
2.040088700000000017e+03 -3.341097265816820094e+00
2.062097699999999804e+03 -3.345485127379814294e+00
2.062398200000000088e+03 -3.345563423237341460e+00
2.081789099999999962e+03 -3.344012648412375555e+00
2.081890600000000177e+03 -3.344037972245829771e+00
2.103822599999999966e+03 -3.343077462479677742e+00
2.142326599999999871e+03 -3.342770725349727634e+00
2.142410199999999804e+03 -3.342792134072495980e+00
2.167399699999999939e+03 -3.343359073149564598e+00
2.201586600000000089e+03 -3.340624403066695614e+00
2.202820099999999911e+03 -3.340943592686883346e+00
2.218535199999999804e+03 -3.343401078774471458e+00
2.237280200000000150e+03 -3.336120889547040669e+00
2.237533199999999852e+03 -3.336186702167265761e+00
2.270666900000000169e+03 -3.341878211999893100e+00
2.308325400000000172e+03 -3.337372080084970882e+00
2.316129800000000159e+03 -3.342001417214490289e+00
2.317296200000000226e+03 -3.342302038899038319e+00
2.351342200000000048e+03 -3.337378541569824719e+00
2.356828199999999924e+03 -3.340247066748872395e+00
2.357777799999999843e+03 -3.340493167879331260e+00
2.391707499999999982e+03 -3.332282175415415715e+00
2.393269200000000183e+03 -3.332686618352985519e+00
2.411156800000000203e+03 -3.337180703323092246e+00
2.469841399999999794e+03 -3.336479308716987724e+00
2.470869000000000142e+03 -3.336746032369004133e+00
