1.007546999999999997e+02 -3.310143218407380239e+00
1.265606300000000033e+02 -3.309398627773461055e+00
1.503649800000000027e+02 -3.309435082652065763e+00
1.755208399999999926e+02 -3.308428501521305520e+00
2.007431599999999889e+02 -3.308220650575458333e+00
2.252851799999999969e+02 -3.306737854649909103e+00
2.534863400000000127e+02 -3.306440740412152746e+00
2.741022100000000137e+02 -3.303607876146941180e+00
3.026479199999999992e+02 -3.303894491976193670e+00
3.210721700000000283e+02 -3.297358321221921518e+00
3.471917300000000068e+02 -3.297047446051096564e+00
3.727954199999999787e+02 -3.290988563394948940e+00
3.959050300000000107e+02 -3.289455835483137580e+00
4.205452199999999721e+02 -3.283807343757278563e+00
4.553110300000000166e+02 -3.284128449860737486e+00
4.703760700000000270e+02 -3.278314788663592605e+00
5.054979299999999967e+02 -3.279042870558790401e+00
5.261865599999999858e+02 -3.276495913698596052e+00
5.497042900000000145e+02 -3.274431607648104592e+00
5.688572000000000344e+02 -3.269454764620942200e+00
5.964652999999999565e+02 -3.268880681029215030e+00
6.204948100000000295e+02 -3.266012032628303530e+00
6.513564199999999573e+02 -3.264475260271495038e+00
6.662112799999999879e+02 -3.261499131871987700e+00
6.990662300000000187e+02 -3.261454779157856532e+00
7.209521600000000490e+02 -3.259419312361381493e+00
7.546623499999999467e+02 -3.258121040948601443e+00
7.683080599999999549e+02 -3.255974089942424765e+00
8.008634499999999434e+02 -3.254012329606429166e+00
8.241702099999999973e+02 -3.254255075306238698e+00
8.456565200000000004e+02 -3.251651918567974864e+00
8.691133499999999685e+02 -3.249862475209066126e+00
9.023180399999999963e+02 -3.249984102075915704e+00
9.235386700000000246e+02 -3.248069487495890417e+00
9.455500399999999672e+02 -3.243639317338286698e+00
9.681678399999999556e+02 -3.244561881107856038e+00
9.954021199999999681e+02 -3.241894007186486348e+00
1.019442699999999945e+03 -3.242729981236017522e+00
1.051832699999999932e+03 -3.241493833923861700e+00
1.052484999999999900e+03 -3.235453581868603212e+00
1.101361599999999953e+03 -3.239772241743856807e+00
1.122527700000000095e+03 -3.238427643649420151e+00
1.152647400000000061e+03 -3.235339465622260491e+00
1.167430299999999988e+03 -3.235964111292730649e+00
1.193064100000000053e+03 -3.231939167769761756e+00
1.224789099999999962e+03 -3.234386641050301492e+00
1.259364900000000034e+03 -3.233131198551981722e+00
1.260779899999999998e+03 -3.228880985497387446e+00
1.300829300000000103e+03 -3.229040832000000361e+00
1.320280400000000100e+03 -3.230525567152734201e+00
1.348241899999999987e+03 -3.227150416245269771e+00
1.363914899999999989e+03 -3.227231356116702088e+00
1.392825700000000097e+03 -3.225553734991744470e+00
1.414427699999999959e+03 -3.224721225277848990e+00
1.439806000000000040e+03 -3.221227370158309622e+00
1.465777700000000095e+03 -3.224064561705345611e+00
1.486226200000000063e+03 -3.218191736514358858e+00
1.506713400000000092e+03 -3.219676412481871974e+00
1.540643299999999954e+03 -3.221762388066330196e+00
1.568088700000000017e+03 -3.219761244303116943e+00
1.603944999999999936e+03 -3.214460233657980393e+00
1.609794200000000046e+03 -3.221539180847867279e+00
1.645094700000000103e+03 -3.218827692653307260e+00
1.659082799999999907e+03 -3.215641177711706433e+00
1.712588600000000042e+03 -3.217409478417847968e+00
1.713287199999999984e+03 -3.213025099762729653e+00
1.755045599999999922e+03 -3.211745218015144232e+00
1.755394600000000082e+03 -3.217709194770936865e+00
1.818116199999999935e+03 -3.217486311717701497e+00
1.822368300000000090e+03 -3.213341008961209333e+00
1.842722400000000107e+03 -3.211964286309457961e+00
1.872459399999999960e+03 -3.214427793515078235e+00
1.892731299999999919e+03 -3.210490893191166428e+00
1.909049299999999903e+03 -3.209713186586276912e+00
1.954204199999999901e+03 -3.207793608702893540e+00
1.956343200000000024e+03 -3.207627775542163384e+00
1.995035000000000082e+03 -3.207595621424866650e+00
2.016682399999999916e+03 -3.208125092764788633e+00
2.045144999999999982e+03 -3.205329567600374130e+00
2.056856000000000222e+03 -3.203848189308612149e+00
2.109336899999999787e+03 -3.204084028380332683e+00
2.110128099999999904e+03 -3.205147362330501792e+00
2.166837899999999991e+03 -3.206627077047347285e+00
2.168096000000000004e+03 -3.208927387095887873e+00
2.205386500000000069e+03 -3.203556936056366933e+00
2.207409500000000207e+03 -3.205214666387534717e+00
2.248718699999999899e+03 -3.202055325520437812e+00
2.287935399999999845e+03 -3.205182784644225791e+00
2.305063999999999851e+03 -3.201922236557238399e+00
2.310314600000000155e+03 -3.206778094629251896e+00
2.356663700000000063e+03 -3.201134216592659953e+00
2.365943499999999858e+03 -3.202545747454089486e+00
2.394128999999999905e+03 -3.204519925726779128e+00
2.401134300000000167e+03 -3.198885586171411166e+00
2.452208999999999833e+03 -3.201886481968224007e+00
