1.216227099999999979e+02 -3.427074550175146506e+00
1.327541200000000003e+02 -3.427209823200891847e+00
1.691317999999999984e+02 -3.426315734817548364e+00
1.699872499999999889e+02 -3.426653006170343740e+00
1.812472999999999956e+02 -3.426627509143855388e+00
2.189664699999999868e+02 -3.425764529574005568e+00
2.200879300000000001e+02 -3.426168788818582112e+00
2.297627899999999954e+02 -3.425717917683290370e+00
2.677299399999999991e+02 -3.424721406963316284e+00
2.678280100000000061e+02 -3.424643208209448009e+00
2.764188500000000204e+02 -3.423994327138603300e+00
3.174064500000000066e+02 -3.423568149952874951e+00
3.177702699999999822e+02 -3.423560026770787523e+00
3.269695199999999886e+02 -3.422979636764193145e+00
3.680701000000000249e+02 -3.422188915885648886e+00
3.691476999999999862e+02 -3.422575170458821425e+00
3.741458600000000274e+02 -3.420703087121815589e+00
4.134036600000000021e+02 -3.419137120935540786e+00
4.163157299999999736e+02 -3.419802426108509597e+00
4.228112699999999791e+02 -3.418285438392426823e+00
4.652331899999999791e+02 -3.417052013446752134e+00
4.676211700000000064e+02 -3.417759777185624515e+00
4.732132399999999848e+02 -3.415983018503233382e+00
5.189854800000000523e+02 -3.415628541101408455e+00
5.195597500000000082e+02 -3.415663933957272302e+00
5.232610600000000431e+02 -3.413545180568239967e+00
5.657844700000000557e+02 -3.411709201845377404e+00
5.672249500000000353e+02 -3.411986845977799554e+00
5.725724599999999782e+02 -3.410175461264672414e+00
6.104579099999999698e+02 -3.407293897043952580e+00
6.136610600000000204e+02 -3.408184004400459433e+00
6.184588599999999587e+02 -3.406044929632234819e+00
6.614484999999999673e+02 -3.403862098191833940e+00
6.676509300000000167e+02 -3.405540656690365431e+00
6.749301000000000386e+02 -3.404110285090149013e+00
7.094552800000000161e+02 -3.399035731481957701e+00
7.141317500000000109e+02 -3.400307942640538261e+00
7.271628799999999728e+02 -3.400152782156048659e+00
7.613085999999999558e+02 -3.395515699482027916e+00
7.626848800000000210e+02 -3.395934593165907511e+00
7.770577700000000050e+02 -3.396017562241755883e+00
8.115445499999999583e+02 -3.391576578314163370e+00
8.125809400000000551e+02 -3.391908926686731274e+00
8.182943900000000212e+02 -3.390083809719590224e+00
8.586749899999999798e+02 -3.386327547912257874e+00
8.601654499999999643e+02 -3.386764561068388524e+00
8.681401499999999487e+02 -3.385987995377979232e+00
9.133945999999999685e+02 -3.381441700474964396e+00
9.139377200000000130e+02 -3.384576764840303120e+00
9.171025100000000521e+02 -3.385482398076133936e+00
9.624554100000000290e+02 -3.379691912691418665e+00
9.643734600000000228e+02 -3.380266028557404656e+00
9.705430400000000191e+02 -3.378414315723130112e+00
1.004534300000000030e+03 -3.373476514357879097e+00
1.014055299999999988e+03 -3.375981847402309111e+00
1.016631899999999973e+03 -3.373208096349807672e+00
1.052707499999999982e+03 -3.368839822271539663e+00
1.055234500000000025e+03 -3.369466896097458530e+00
1.066422000000000025e+03 -3.369440758656131241e+00
1.104382700000000114e+03 -3.365592895972261633e+00
1.107629200000000083e+03 -3.366398443832609111e+00
1.119651800000000094e+03 -3.366383942347340064e+00
1.155327099999999973e+03 -3.362895085253061467e+00
1.156643800000000056e+03 -3.363265348150602296e+00
1.160413199999999961e+03 -3.361106442446288867e+00
1.204675999999999931e+03 -3.357958884993201831e+00
1.209895400000000109e+03 -3.359351354630580211e+00
1.210803599999999960e+03 -3.356335938870309565e+00
1.253539800000000014e+03 -3.354385522196685177e+00
1.255569300000000112e+03 -3.354931916420390348e+00
1.269451800000000048e+03 -3.355030436398829252e+00
1.306663700000000063e+03 -3.351994133433113365e+00
1.308666899999999941e+03 -3.352555253109978040e+00
1.326689900000000080e+03 -3.353901255984739205e+00
1.354988399999999956e+03 -3.349011302818258873e+00
1.357079799999999977e+03 -3.349511161260276815e+00
1.369542599999999993e+03 -3.349469812976585192e+00
1.408674500000000080e+03 -3.342471390727498548e+00
1.411830699999999979e+03 -3.346575291777209138e+00
1.413324699999999893e+03 -3.347032353006498262e+00
1.445767100000000028e+03 -3.340254337930369299e+00
1.448932900000000018e+03 -3.341051083075297523e+00
1.459281799999999976e+03 -3.340081100156418348e+00
1.505117600000000039e+03 -3.336062512859288454e+00
1.508778199999999970e+03 -3.340544470622420103e+00
1.514684700000000021e+03 -3.342125967620230398e+00
1.539969700000000103e+03 -3.333180758723854886e+00
1.555679599999999937e+03 -3.337220505230082512e+00
1.558619400000000041e+03 -3.335142470306066809e+00
1.593966300000000047e+03 -3.333011978045909540e+00
1.597864000000000033e+03 -3.333994931673276874e+00
1.613201700000000073e+03 -3.334377343696689699e+00
1.641052899999999909e+03 -3.329840103852340860e+00
1.647163600000000088e+03 -3.331434547342620345e+00
1.658831200000000081e+03 -3.331108497220859554e+00
1.696593299999999999e+03 -3.328182221447035793e+00
1.708080500000000029e+03 -3.331147413429966786e+00
1.713970100000000002e+03 -3.328631472033621641e+00
1.736143700000000081e+03 -3.323325421491650555e+00
1.743535300000000007e+03 -3.325174267941021000e+00
1.757138400000000047e+03 -3.324790319313184916e+00
1.781503200000000106e+03 -3.320399862366830490e+00
1.787288199999999961e+03 -3.321981803459894245e+00
1.807104399999999941e+03 -3.323472892478910978e+00
1.841407699999999977e+03 -3.322571591133599345e+00
1.850394600000000082e+03 -3.324879312769535744e+00
1.862204899999999952e+03 -3.324439736178459892e+00
1.893711600000000089e+03 -3.319368582419571112e+00
1.898528299999999945e+03 -3.320596545112595166e+00
1.928072300000000041e+03 -3.314783259950132344e+00
1.933609200000000101e+03 -3.316116399115161872e+00
1.937543200000000070e+03 -3.327984983707674704e+00
1.960773200000000088e+03 -3.319312353157921613e+00
1.987970900000000029e+03 -3.314799331554465489e+00
1.997669799999999896e+03 -3.317249393332636132e+00
2.012978000000000065e+03 -3.317049275701004607e+00
2.037652000000000044e+03 -3.313120648083034858e+00
2.038313300000000027e+03 -3.313232376686196190e+00
2.051820600000000013e+03 -3.313269926862273174e+00
2.085271499999999833e+03 -3.310810129623224185e+00
2.090221300000000156e+03 -3.312031640335066029e+00
2.106583200000000033e+03 -3.312343849821147046e+00
2.129956000000000131e+03 -3.308643511448695840e+00
2.138782799999999952e+03 -3.311008052880907382e+00
2.158855799999999817e+03 -3.312185517600056972e+00
2.192635900000000220e+03 -3.309271388925351332e+00
2.192785199999999804e+03 -3.309344333596858867e+00
2.202495499999999993e+03 -3.308091460149050533e+00
2.229970899999999801e+03 -3.304604737971301720e+00
2.244315599999999904e+03 -3.308367626779830317e+00
2.260020300000000134e+03 -3.308079599102620172e+00
2.295297300000000178e+03 -3.305647859016068946e+00
2.301967700000000150e+03 -3.307369644175946810e+00
2.314315500000000156e+03 -3.307539966469095205e+00
2.347234399999999823e+03 -3.302360253166038540e+00
2.354958900000000085e+03 -3.306936520551165160e+00
2.355705399999999827e+03 -3.307165074562073759e+00
2.389804299999999785e+03 -3.300662437955382167e+00
2.392905499999999847e+03 -3.301497184525709283e+00
2.394746500000000196e+03 -3.299182971092792904e+00
2.434171899999999823e+03 -3.296894456596574319e+00
2.444464199999999892e+03 -3.299497160807654428e+00
