9.949608600000000536e+01 -6.229065399131142655e+00
1.261562399999999968e+02 -6.228716077579962374e+00
1.511479099999999960e+02 -6.229171426210264428e+00
1.511880800000000136e+02 -6.229182319809068780e+00
1.750878700000000094e+02 -6.228344302702611301e+00
2.004327900000000113e+02 -6.228492540761275897e+00
2.005592800000000011e+02 -6.228525240944565944e+00
2.240752300000000048e+02 -6.227794079450801767e+00
2.499773700000000076e+02 -6.227762738790581842e+00
2.502207999999999970e+02 -6.227825670292029159e+00
2.728787699999999745e+02 -6.227187175696227150e+00
3.011919399999999882e+02 -6.227005676120007216e+00
3.012501500000000192e+02 -6.227020724563909759e+00
3.243447199999999953e+02 -6.227157627747351043e+00
3.478175299999999766e+02 -6.226211263226391068e+00
3.478558400000000006e+02 -6.226221675978164782e+00
3.703222799999999779e+02 -6.225243620249618637e+00
3.998854600000000232e+02 -6.225210736202043904e+00
4.001786200000000235e+02 -6.225286523898565960e+00
4.185704999999999814e+02 -6.224086580824715220e+00
4.517855400000000259e+02 -6.224611555059983203e+00
4.518761499999999955e+02 -6.224634979548937963e+00
4.702082399999999893e+02 -6.223178891599038032e+00
5.035328299999999899e+02 -6.222613216610954900e+00
5.041654199999999832e+02 -6.222776753720189014e+00
5.211631499999999733e+02 -6.222083991288624105e+00
5.519522799999999734e+02 -6.220960040537653946e+00
5.521934899999999971e+02 -6.221022906978964429e+00
5.699030900000000202e+02 -6.219233900298409168e+00
6.033359600000000000e+02 -6.218782723036384574e+00
6.033551800000000185e+02 -6.218787691789035676e+00
6.204105100000000448e+02 -6.216658568323239820e+00
6.514177399999999807e+02 -6.216832604672421603e+00
6.515042899999999690e+02 -6.216854979570545225e+00
6.729262999999999693e+02 -6.213815751599934600e+00
7.018019799999999577e+02 -6.212874929537881563e+00
7.021355999999999540e+02 -6.212961176949922226e+00
7.240691000000000486e+02 -6.209359084680710517e+00
7.479624000000000024e+02 -6.207148028086576730e+00
7.480091700000000401e+02 -6.207160119062720582e+00
7.659986699999999473e+02 -6.201769545786763871e+00
8.014968000000000075e+02 -6.200565896286662770e+00
8.015822500000000446e+02 -6.200587986812887031e+00
8.152027000000000498e+02 -6.195420970075796063e+00
8.426548999999999978e+02 -6.195064724895225972e+00
8.432324499999999716e+02 -6.195213524214608469e+00
8.612391099999999824e+02 -6.185936180138456919e+00
9.081630400000000236e+02 -6.187243624381839169e+00
9.088787800000000061e+02 -6.187429166275567383e+00
9.219079500000000280e+02 -6.179659668438686637e+00
9.569416999999999689e+02 -6.179128253235686152e+00
9.571979800000000296e+02 -6.179195015572025440e+00
9.647631499999999960e+02 -6.167246325424586395e+00
1.002091000000000008e+03 -6.167636191613945051e+00
1.002379999999999995e+03 -6.167710395013585867e+00
1.017086099999999988e+03 -6.159581113487142545e+00
1.045556299999999965e+03 -6.158968501578005572e+00
1.045695600000000013e+03 -6.159005022255389150e+00
1.065378099999999904e+03 -6.150430608835684154e+00
1.091339500000000044e+03 -6.148530810332725416e+00
1.091649400000000014e+03 -6.148611434506586093e+00
1.105863499999999931e+03 -6.143317509526051268e+00
1.158779199999999946e+03 -6.147559555211746130e+00
1.159006499999999960e+03 -6.147618825641123053e+00
1.166398899999999912e+03 -6.141039678214379016e+00
1.199670599999999922e+03 -6.139015184576049222e+00
1.200573399999999992e+03 -6.139248576349894293e+00
1.212008299999999963e+03 -6.134624835569794321e+00
1.257665799999999990e+03 -6.133898185925383828e+00
1.257770500000000084e+03 -6.133925252959856245e+00
1.265152900000000045e+03 -6.129649646936912610e+00
1.292843299999999999e+03 -6.127436092535934797e+00
1.294410000000000082e+03 -6.127841115677364670e+00
1.327004100000000108e+03 -6.129607457497444400e+00
1.340794699999999921e+03 -6.123512516667017458e+00
1.341541300000000092e+03 -6.123706036485137894e+00
1.365742199999999912e+03 -6.120133425915236458e+00
1.377414500000000089e+03 -6.118574314427521976e+00
1.378651599999999917e+03 -6.118895655969127212e+00
1.406008700000000090e+03 -6.116051971891639738e+00
1.440477200000000039e+03 -6.114813162281173220e+00
1.440678400000000011e+03 -6.114865685340925339e+00
1.467289600000000064e+03 -6.113881888543996723e+00
1.489118999999999915e+03 -6.110514435339436723e+00
1.489535000000000082e+03 -6.110622488475640601e+00
1.505170000000000073e+03 -6.107642770069872107e+00
1.542741999999999962e+03 -6.106664347422389838e+00
1.542801600000000008e+03 -6.106679246354905111e+00
1.567439100000000053e+03 -6.105564813942833347e+00
1.601147899999999936e+03 -6.104717333197557494e+00
1.601183999999999969e+03 -6.104726665766272653e+00
1.616880100000000084e+03 -6.099829097496452412e+00
1.656778700000000072e+03 -6.094477081118220951e+00
1.665525100000000066e+03 -6.100506772823512947e+00
1.666135199999999941e+03 -6.100663986965932928e+00
1.704804000000000087e+03 -6.090935931669886116e+00
1.705874000000000024e+03 -6.092726897657027685e+00
1.706352200000000039e+03 -6.092850013023450195e+00
1.740226100000000088e+03 -6.089635789937946520e+00
1.740350500000000011e+03 -6.089667440960566225e+00
1.759042099999999891e+03 -6.087455016075915992e+00
1.799274200000000064e+03 -6.088664384009176977e+00
1.800716599999999971e+03 -6.089037273125918581e+00
1.821129799999999932e+03 -6.087868837345995487e+00
1.835934999999999945e+03 -6.081370100849841975e+00
1.836454199999999901e+03 -6.081503815532533608e+00
1.848961700000000064e+03 -6.077904869821932010e+00
1.889952500000000100e+03 -6.077567551652405697e+00
1.890914399999999887e+03 -6.077815713098811301e+00
1.914916699999999992e+03 -6.079533201549682353e+00
1.947800500000000056e+03 -6.078344719510257121e+00
1.948549500000000080e+03 -6.078538350922098488e+00
1.954272300000000087e+03 -6.072598207598906228e+00
2.011192099999999982e+03 -6.071823082654793424e+00
2.012281700000000001e+03 -6.072105274801700148e+00
2.016878999999999905e+03 -6.072377322216105711e+00
2.052469500000000153e+03 -6.064779884787013131e+00
2.059145100000000184e+03 -6.071428823328375302e+00
2.059151199999999790e+03 -6.071430909153881395e+00
2.110952999999999975e+03 -6.064983503659084008e+00
2.115827299999999923e+03 -6.070043729376497055e+00
2.116440599999999904e+03 -6.070201770782626127e+00
2.138075100000000020e+03 -6.064486964818002868e+00
2.139095600000000104e+03 -6.064751293239198482e+00
2.158669400000000223e+03 -6.059145929122644603e+00
2.194078199999999924e+03 -6.060131683494803134e+00
2.194558199999999943e+03 -6.060256281905184395e+00
2.208813799999999901e+03 -6.057941231236675605e+00
2.248197000000000116e+03 -6.054431345160810274e+00
2.250000500000000102e+03 -6.058569476718381530e+00
2.250579000000000178e+03 -6.058719030485738344e+00
2.307386500000000069e+03 -6.055768527327999529e+00
2.307550200000000132e+03 -6.055810847037102818e+00
2.313674399999999878e+03 -6.053037775050530200e+00
2.337988600000000133e+03 -6.046435733027717419e+00
2.338893599999999878e+03 -6.046670711253485209e+00
2.378597499999999854e+03 -6.052656006072378858e+00
2.404655900000000202e+03 -6.046940962404826259e+00
2.405088499999999840e+03 -6.047053306971520215e+00
2.407824599999999919e+03 -6.045867706188897017e+00
2.426946399999999812e+03 -6.043852492905350537e+00
2.427750799999999799e+03 -6.044058919757969051e+00
