9.953140299999999741e+01 -3.534397040982412808e+00
1.266157000000000039e+02 -3.534115184839365487e+00
1.522281999999999869e+02 -3.534645593787989704e+00
1.747545499999999947e+02 -3.533696765046829391e+00
1.986021599999999978e+02 -3.533414920492422340e+00
2.235999199999999973e+02 -3.533354796897939298e+00
2.494334499999999935e+02 -3.533322511370764474e+00
2.735677499999999895e+02 -3.532929253698554817e+00
3.009359200000000101e+02 -3.532807645765789761e+00
3.236137499999999818e+02 -3.532432477925756764e+00
3.499385199999999827e+02 -3.532182591748803446e+00
3.697338199999999802e+02 -3.530622582607074733e+00
3.959987399999999980e+02 -3.530726753832415632e+00
4.179681400000000053e+02 -3.528910708151527853e+00
4.439911299999999983e+02 -3.528052681676045577e+00
4.725250700000000279e+02 -3.528724663030467834e+00
4.996219800000000077e+02 -3.527563409345420897e+00
5.147950600000000350e+02 -3.524843371698474392e+00
5.456329100000000381e+02 -3.525175584122143491e+00
5.700484599999999773e+02 -3.523683398699681391e+00
5.981753400000000056e+02 -3.523336448588632930e+00
6.189745000000000346e+02 -3.519479474442019917e+00
6.487327299999999468e+02 -3.518450912524799801e+00
6.712674500000000535e+02 -3.515792615191450921e+00
7.090744999999999436e+02 -3.517282855063599722e+00
7.190128999999999451e+02 -3.509241046485763960e+00
7.454442299999999477e+02 -3.507472097158357727e+00
7.640834099999999580e+02 -3.502757824303474266e+00
7.957998400000000174e+02 -3.502387999634036131e+00
8.148557200000000194e+02 -3.498488301200889161e+00
8.659082799999999907e+02 -3.500461592642308606e+00
8.694378100000000131e+02 -3.493189281507297572e+00
9.065992700000000468e+02 -3.492536081683591309e+00
9.110320900000000393e+02 -3.485854097464512247e+00
9.487466899999999441e+02 -3.485940475843983144e+00
9.658274900000000116e+02 -3.483770613452628062e+00
1.002115900000000011e+03 -3.484136471625544740e+00
1.014991800000000012e+03 -3.477405663082147047e+00
1.041930599999999913e+03 -3.475463050385222630e+00
1.064695699999999988e+03 -3.473668249398938368e+00
1.102190399999999954e+03 -3.471915314361349925e+00
1.125213299999999890e+03 -3.470465859176627088e+00
1.139695500000000038e+03 -3.465300321340137657e+00
1.172495400000000018e+03 -3.466083127294309563e+00
1.208129699999999957e+03 -3.464281513342544638e+00
1.221051699999999983e+03 -3.460901672027566711e+00
1.249335900000000038e+03 -3.458646023247637480e+00
1.263671000000000049e+03 -3.454914266617573393e+00
1.306320500000000038e+03 -3.456014253283918425e+00
1.314017100000000028e+03 -3.451417930393871014e+00
1.341680599999999913e+03 -3.449090409798385437e+00
1.371312699999999950e+03 -3.449968788902637140e+00
1.400476499999999987e+03 -3.447797546243620115e+00
1.423203899999999976e+03 -3.447460076199042600e+00
1.455356899999999996e+03 -3.437801118858358596e+00
1.467768199999999979e+03 -3.444483023052152149e+00
1.499997100000000046e+03 -3.438792191341622839e+00
1.521732899999999972e+03 -3.438077672772093418e+00
1.547613900000000058e+03 -3.434879000524302839e+00
1.565849200000000110e+03 -3.432873618093717383e+00
1.603657999999999902e+03 -3.432225342331742812e+00
1.618159200000000055e+03 -3.431136617452294590e+00
1.651583499999999958e+03 -3.429368091354886072e+00
1.678227499999999964e+03 -3.430421829577837478e+00
1.720050199999999904e+03 -3.427560107399663991e+00
1.720630499999999984e+03 -3.428701475983825464e+00
1.747212299999999914e+03 -3.422794599361048462e+00
1.756308399999999892e+03 -3.419549032950530254e+00
1.786209399999999960e+03 -3.419770030032665886e+00
1.822480199999999968e+03 -3.420388357856022132e+00
1.827953299999999899e+03 -3.414461720324458049e+00
1.878349600000000009e+03 -3.420498257993959346e+00
1.910385899999999992e+03 -3.413904388860049988e+00
1.914074000000000069e+03 -3.413829136767411843e+00
1.956544000000000096e+03 -3.415740087316890161e+00
1.960649100000000089e+03 -3.409984779284191969e+00
1.980869599999999991e+03 -3.406537898588352320e+00
2.015335399999999936e+03 -3.408618460178283627e+00
2.048286900000000060e+03 -3.409561870329532507e+00
2.055702900000000227e+03 -3.406017981310316856e+00
2.107603200000000015e+03 -3.404132219550268790e+00
2.128561200000000099e+03 -3.406765423299936035e+00
2.157236399999999776e+03 -3.402077017009391913e+00
2.170018799999999828e+03 -3.405643581735430914e+00
2.205425600000000031e+03 -3.400262851227348282e+00
2.216130400000000009e+03 -3.401468327610029707e+00
2.255963200000000143e+03 -3.396540273550750388e+00
2.263560699999999997e+03 -3.400346328488138781e+00
2.288115099999999984e+03 -3.392248780667802777e+00
2.315065599999999904e+03 -3.396647478833336287e+00
2.355281300000000101e+03 -3.393831744023602326e+00
2.357213900000000194e+03 -3.396398579221148850e+00
2.409073499999999967e+03 -3.392583508808884929e+00
2.418797599999999875e+03 -3.389708108899590844e+00
2.428419300000000021e+03 -3.390051351552632486e+00
