1.236518300000000039e+02 1.702355688988398086e+01
1.338891999999999882e+02 1.703779360879299531e+01
1.721176100000000133e+02 1.710168379808670736e+01
1.721890799999999899e+02 1.710107877060859138e+01
1.830561700000000087e+02 1.712113525340932085e+01
2.195572500000000105e+02 1.718980714431101120e+01
2.198559500000000071e+02 1.718973743130469956e+01
2.295889699999999891e+02 1.720823376755546619e+01
2.684159999999999968e+02 1.728925656421738211e+01
2.700976800000000253e+02 1.728804142072053907e+01
2.795054499999999962e+02 1.731173010380622657e+01
3.197591699999999832e+02 1.737931152045593208e+01
3.208391500000000178e+02 1.737966873600651496e+01
3.297346299999999815e+02 1.739357164665173983e+01
3.679289099999999735e+02 1.749249134948096795e+01
3.681505700000000161e+02 1.749255851821697760e+01
3.778557599999999752e+02 1.752789334418888600e+01
4.180921999999999912e+02 1.761661510278851850e+01
4.204115699999999833e+02 1.761698096885812959e+01
4.330281699999999887e+02 1.763949267250152531e+01
4.693772900000000163e+02 1.774507378383879441e+01
4.716931599999999776e+02 1.774473386932627861e+01
4.743543099999999981e+02 1.777459953185426400e+01
5.200129500000000462e+02 1.788292794626500992e+01
5.201860000000000355e+02 1.788255292082230952e+01
5.251698400000000220e+02 1.791158355383675982e+01
5.674429800000000341e+02 1.799326073682068028e+01
5.702764100000000553e+02 1.799525697130063051e+01
5.767365300000000161e+02 1.807144921636474777e+01
6.180032800000000179e+02 1.813207866883777797e+01
6.195141899999999850e+02 1.813007581925503686e+01
6.203343899999999849e+02 1.820977305108894839e+01
6.634855999999999767e+02 1.826220537349887962e+01
6.698673400000000129e+02 1.826403724811724061e+01
6.745846599999999853e+02 1.834048697333604849e+01
7.137406799999999976e+02 1.841419957256258755e+01
7.185756099999999833e+02 1.847078668837777471e+01
7.206003699999999981e+02 1.841352534093222104e+01
7.614511700000000474e+02 1.854889069814776903e+01
7.643752899999999499e+02 1.855002035416242734e+01
7.695672399999999698e+02 1.861758752289843244e+01
8.123137100000000146e+02 1.866548697333604778e+01
8.154497400000000198e+02 1.866698300427437474e+01
8.204223799999999756e+02 1.874179829025035815e+01
8.581382800000000088e+02 1.882124618359454615e+01
8.619940400000000409e+02 1.882072257276613314e+01
8.692783200000000079e+02 1.887503816405454771e+01
9.039257900000000063e+02 1.896528546712802665e+01
9.121772300000000087e+02 1.896529360879299730e+01
9.250091599999999517e+02 1.898130673722776507e+01
9.562646999999999480e+02 1.909247455729696696e+01
9.581335400000000391e+02 1.909252340728679087e+01
9.677258299999999736e+02 1.913041471605943400e+01
1.007554300000000012e+03 1.921093832688784886e+01
1.012440600000000018e+03 1.921111337268471431e+01
1.014348100000000045e+03 1.924001221249745441e+01
1.055877700000000004e+03 1.934714532871972281e+01
1.060229199999999992e+03 1.934720028495827293e+01
1.077196099999999888e+03 1.937895481375941387e+01
1.105945400000000063e+03 1.948596122532057606e+01
1.108708499999999958e+03 1.948599175656421778e+01
1.115966400000000021e+03 1.952287197231833815e+01
1.157829500000000053e+03 1.962074954203134425e+01
1.160002400000000080e+03 1.962160797883167263e+01
1.163073100000000068e+03 1.963392275595359138e+01
1.196889799999999923e+03 1.974272491349481129e+01
1.209994500000000016e+03 1.974266486871565007e+01
1.217730700000000070e+03 1.976146753511093124e+01
1.254004899999999907e+03 1.987360930185222685e+01
1.259023100000000113e+03 1.987294728271931632e+01
1.264123299999999972e+03 1.987957510685935247e+01
1.306772200000000112e+03 1.998938326887848405e+01
1.312043799999999919e+03 1.998919601058416262e+01
1.313625099999999975e+03 2.001739059637695917e+01
1.356897099999999909e+03 2.011078109098310662e+01
1.357343800000000101e+03 2.011104111540809924e+01
1.364019099999999980e+03 2.014703287197231774e+01
1.398202800000000025e+03 2.025199776104213356e+01
1.418354499999999916e+03 2.025314726236515384e+01
1.421601100000000088e+03 2.025902656218196540e+01
1.440812100000000100e+03 2.038036535721554898e+01
1.445246000000000095e+03 2.038008192550376663e+01
1.458697300000000041e+03 2.038645684917565859e+01
1.504709700000000112e+03 2.050765469163443910e+01
1.507246799999999894e+03 2.050694026053328045e+01
1.510259499999999889e+03 2.053079075921025876e+01
1.546539299999999912e+03 2.062709291675147583e+01
1.548276499999999942e+03 2.062793099938937402e+01
1.554652499999999918e+03 2.062486260940362115e+01
1.595511899999999969e+03 2.074264553226134566e+01
1.601984600000000000e+03 2.074190107877060996e+01
1.610122499999999945e+03 2.073356401384083014e+01
1.648544100000000071e+03 2.087965550580093677e+01
1.651145500000000084e+03 2.087892021168328682e+01
1.675338500000000067e+03 2.085336098107062952e+01
1.687038099999999986e+03 2.098765316507225620e+01
1.695988299999999981e+03 2.098773610828414249e+01
1.707260600000000068e+03 2.099730867087319197e+01
1.744518199999999979e+03 2.112371870547526953e+01
1.752000199999999950e+03 2.112469468756360769e+01
1.764832900000000109e+03 2.111800122124974521e+01
1.787055200000000013e+03 2.124723692245064299e+01
1.795843900000000076e+03 2.124702422145328740e+01
1.803008900000000040e+03 2.126359149196010634e+01
1.836456500000000005e+03 2.136996743334011839e+01
1.836723899999999958e+03 2.136993181355587268e+01
1.859208699999999908e+03 2.135565031548951609e+01
1.893907200000000103e+03 2.151162884184816093e+01
1.902829199999999901e+03 2.151104671280277003e+01
1.911909599999999955e+03 2.151485141461428796e+01
1.930085399999999936e+03 2.161262008955831604e+01
1.937887199999999893e+03 2.161254121717891152e+01
1.964334900000000061e+03 2.159847038469366964e+01
1.983887300000000096e+03 2.174381284347649057e+01
2.001843299999999999e+03 2.174429879910441699e+01
2.014057399999999916e+03 2.175816456340321636e+01
2.042135800000000017e+03 2.187855892530022572e+01
2.053626800000000003e+03 2.187816252798697292e+01
2.059715499999999793e+03 2.189374007734581795e+01
2.092557400000000143e+03 2.203296407490331887e+01
2.094163199999999961e+03 2.203258192550376648e+01
2.109510000000000218e+03 2.204220028495827322e+01
2.129983700000000226e+03 2.209957154488093067e+01
2.133826900000000023e+03 2.209955322613474493e+01
2.167400700000000143e+03 2.209491247710156614e+01
2.191641000000000076e+03 2.226749134948097009e+01
2.194889200000000073e+03 2.226786942804803360e+01
2.207007000000000062e+03 2.225830449826989721e+01
2.229791499999999814e+03 2.239263281090983071e+01
2.243089100000000144e+03 2.239248473437817921e+01
2.265443900000000212e+03 2.242263535518013384e+01
2.293945099999999911e+03 2.250604925707307302e+01
2.301020399999999881e+03 2.250396804396498851e+01
2.302545999999999822e+03 2.250672196214125620e+01
2.349123999999999796e+03 2.265404081009566539e+01
2.356643000000000029e+03 2.265462446570323607e+01
2.370343199999999797e+03 2.268387085283940507e+01
2.373218499999999949e+03 2.276373855078363562e+01
2.398831499999999778e+03 2.276384235701200964e+01
2.419172599999999875e+03 2.274383625076328030e+01
2.458449599999999919e+03 2.293418430694077159e+01
2.461057099999999991e+03 2.293396448198656756e+01
