9.985456499999999380e+01 -4.415492848176105767e+00
1.265935699999999997e+02 -4.414167371385881999e+00
1.499951299999999890e+02 -4.414279526055376657e+00
1.746090299999999900e+02 -4.412396423878155005e+00
2.000674300000000017e+02 -4.412844149396893734e+00
2.230418300000000045e+02 -4.409946220722821053e+00
2.478016000000000076e+02 -4.409704889500129177e+00
2.717102199999999925e+02 -4.406771200717790826e+00
3.018569699999999898e+02 -4.407297180319344143e+00
3.217783600000000206e+02 -4.403134158345776150e+00
3.503803599999999960e+02 -4.403272289419672525e+00
3.712880599999999731e+02 -4.399054966719484483e+00
3.999192300000000273e+02 -4.399415019034879748e+00
4.209796799999999735e+02 -4.395862566891336698e+00
4.537623199999999883e+02 -4.396099744498372708e+00
4.689768799999999942e+02 -4.392274360646015730e+00
4.993666699999999992e+02 -4.392780940110051269e+00
5.149833499999999731e+02 -4.389564906136545375e+00
5.463047500000000127e+02 -4.389850743814582401e+00
5.711217799999999443e+02 -4.388596584666385247e+00
6.043845199999999522e+02 -4.388719581325127628e+00
6.202115700000000516e+02 -4.386872454879768846e+00
6.524685500000000502e+02 -4.386496790000387058e+00
6.656753300000000309e+02 -4.383606609065085813e+00
7.021975499999999784e+02 -4.385721951061460011e+00
7.157399400000000469e+02 -4.382659525275944823e+00
7.464022999999999683e+02 -4.383645739061748259e+00
7.668711299999999937e+02 -4.382850477742531226e+00
7.958745800000000372e+02 -4.381861829859012403e+00
8.163307700000000295e+02 -4.380325513345600719e+00
8.471976100000000542e+02 -4.382126547352822143e+00
8.669158700000000408e+02 -4.380080053549088248e+00
9.020509799999999814e+02 -4.382167249821478983e+00
9.151832100000000310e+02 -4.379472074671903137e+00
9.491882299999999759e+02 -4.379165705566043343e+00
9.630661999999999807e+02 -4.378444460921918413e+00
9.942792399999999589e+02 -4.378735106469529015e+00
1.015462599999999952e+03 -4.377950079323491117e+00
1.051781500000000051e+03 -4.378127147673989583e+00
1.077144800000000032e+03 -4.380701315834585330e+00
1.108804499999999962e+03 -4.379405162395639373e+00
1.118667300000000068e+03 -4.378204587241688373e+00
1.149603000000000065e+03 -4.378143970456813250e+00
1.160813300000000027e+03 -4.377545465514882217e+00
1.198583100000000059e+03 -4.377129881748794915e+00
1.206535399999999981e+03 -4.374495092890014369e+00
1.251743999999999915e+03 -4.378339346640337304e+00
1.252658799999999928e+03 -4.374802891334955923e+00
1.307155099999999948e+03 -4.376531153833066234e+00
1.310793100000000095e+03 -4.378123694855332815e+00
1.352226300000000037e+03 -4.378190538281090838e+00
1.367596500000000106e+03 -4.378961160872418823e+00
1.400777100000000019e+03 -4.377875053786641324e+00
1.415200499999999920e+03 -4.378405234987644334e+00
1.451459700000000112e+03 -4.376919149365767758e+00
1.461056700000000092e+03 -4.378633372748439001e+00
1.493034699999999930e+03 -4.375928970882055680e+00
1.504073499999999967e+03 -4.377236109421569488e+00
1.563105499999999893e+03 -4.379095011096333145e+00
1.567428799999999910e+03 -4.380581843839918221e+00
1.606986799999999903e+03 -4.381347505277404686e+00
1.616287299999999959e+03 -4.378906917523341491e+00
1.636672299999999950e+03 -4.376978392784650396e+00
1.649895899999999983e+03 -4.376750254027616194e+00
1.693576700000000073e+03 -4.378280448856613383e+00
1.709466100000000097e+03 -4.380177102434317682e+00
1.750511999999999944e+03 -4.380784977215747666e+00
1.754362300000000005e+03 -4.378318978444573517e+00
1.796325499999999920e+03 -4.380266324090125174e+00
1.808867099999999937e+03 -4.379868947826595971e+00
1.855858999999999924e+03 -4.380716302361455483e+00
1.861989800000000059e+03 -4.382506609718433310e+00
1.902026399999999967e+03 -4.381959300229512522e+00
1.910031199999999899e+03 -4.382111541838150437e+00
1.939298299999999927e+03 -4.380528066773011986e+00
1.964692299999999932e+03 -4.384234433656425622e+00
2.003669599999999946e+03 -4.384629587889086189e+00
2.030183099999999968e+03 -4.386266422156239742e+00
2.052072999999999865e+03 -4.383758594751175686e+00
2.056751400000000103e+03 -4.383196020912615509e+00
2.115012999999999920e+03 -4.384521339960822495e+00
2.118530099999999948e+03 -4.386396894193951290e+00
2.132275900000000092e+03 -4.376892091598326040e+00
2.159362299999999777e+03 -4.384816915902620238e+00
2.193261100000000170e+03 -4.385729931916850788e+00
2.208811900000000151e+03 -4.386487707278647896e+00
2.254934299999999894e+03 -4.384953755243573781e+00
2.265625500000000102e+03 -4.385527433646801754e+00
2.291444399999999860e+03 -4.390282023412804158e+00
2.320807299999999941e+03 -4.392454181642267308e+00
2.347130799999999908e+03 -4.385982564743239109e+00
2.347616100000000188e+03 -4.385014904161976368e+00
2.401768500000000131e+03 -4.388871491461875607e+00
2.412449700000000121e+03 -4.391296340008980614e+00
2.466159999999999854e+03 -4.390621426212780953e+00
