9.927039200000000108e+01 -3.891367372299151306e+00
9.992363799999999685e+01 -3.891223202377510404e+00
1.270385200000000054e+02 -3.891437803849516097e+00
1.494148999999999887e+02 -3.891213129770743961e+00
1.500798399999999901e+02 -3.891327733031804126e+00
1.754737399999999923e+02 -3.891429402782951019e+00
1.988301899999999875e+02 -3.891252112187638446e+00
2.003593099999999936e+02 -3.891127218644680585e+00
2.228773999999999944e+02 -3.890835220537620209e+00
2.498372300000000052e+02 -3.891154914044200996e+00
2.505149600000000021e+02 -3.890918406921650696e+00
2.740094900000000280e+02 -3.890607822321829889e+00
2.972708200000000147e+02 -3.885603834656961908e+00
3.003096699999999828e+02 -3.889827561228650588e+00
3.231032400000000280e+02 -3.871010148800003492e+00
3.474223999999999819e+02 -3.870076394938647635e+00
3.477398299999999836e+02 -3.842912629516658907e+00
3.729007700000000227e+02 -3.836404257657266559e+00
3.999659700000000271e+02 -3.829033859837351894e+00
4.003870000000000005e+02 -3.836208957273336217e+00
4.223595399999999813e+02 -3.825240252960268705e+00
4.502275799999999890e+02 -3.822907295351618551e+00
4.542350599999999758e+02 -3.825954656162090739e+00
4.682411200000000235e+02 -3.817587663130789011e+00
4.989474099999999908e+02 -3.817660951180421147e+00
5.041146499999999833e+02 -3.818437046128281054e+00
5.217538399999999683e+02 -3.813790024319227534e+00
5.503298600000000533e+02 -3.812552926935161679e+00
5.558123699999999872e+02 -3.812945941697353902e+00
5.709382500000000391e+02 -3.808049443819923496e+00
5.952004200000000083e+02 -3.806394972785200892e+00
6.047064100000000053e+02 -3.808003590110970116e+00
6.228673099999999749e+02 -3.803799246544932178e+00
6.479992200000000366e+02 -3.802216862626853544e+00
6.504479199999999537e+02 -3.802048709609520127e+00
6.670173899999999776e+02 -3.797828583736861496e+00
6.942153100000000450e+02 -3.795564753955883219e+00
6.955565299999999525e+02 -3.796998042103949089e+00
7.233393099999999549e+02 -3.795062389719244145e+00
7.453572699999999713e+02 -3.791432671426851808e+00
7.518745599999999740e+02 -3.792369657831632601e+00
7.619987499999999727e+02 -3.787654731692929211e+00
7.980320100000000139e+02 -3.788167940133292166e+00
8.062972600000000511e+02 -3.788658020070873711e+00
8.185856499999999869e+02 -3.785147402584890131e+00
8.407465200000000323e+02 -3.782913015287612257e+00
8.454142900000000509e+02 -3.783744548664324192e+00
8.678490100000000211e+02 -3.780535465491102975e+00
8.997748199999999770e+02 -3.778588994226623310e+00
9.014126400000000103e+02 -3.780314611730604568e+00
9.218300799999999526e+02 -3.778250365907784403e+00
9.446147600000000466e+02 -3.774722126843089054e+00
9.474869200000000546e+02 -3.774612001520888604e+00
9.689601699999999482e+02 -3.774571873967529356e+00
1.001402299999999968e+03 -3.772431281458213714e+00
1.002055899999999951e+03 -3.773057964298295541e+00
1.016427400000000034e+03 -3.770397697988320029e+00
1.043630200000000059e+03 -3.767517788038109217e+00
1.057926099999999906e+03 -3.770762209253381236e+00
1.063786200000000008e+03 -3.766609341702907621e+00
1.099321699999999964e+03 -3.766444459544076473e+00
1.100116400000000112e+03 -3.765968651499354003e+00
1.112494099999999889e+03 -3.765166905043987988e+00
1.151366400000000112e+03 -3.764534609373767715e+00
1.158015900000000101e+03 -3.761370470400989152e+00
1.160433399999999892e+03 -3.766402525529521483e+00
1.206027700000000095e+03 -3.762155670136000829e+00
1.206434600000000046e+03 -3.758756791054487234e+00
1.210836499999999887e+03 -3.762424588689868621e+00
1.242586700000000064e+03 -3.759742916179544814e+00
1.249808399999999892e+03 -3.760449885689700178e+00
1.262437799999999925e+03 -3.757738040773590082e+00
1.300286800000000085e+03 -3.756397582710410354e+00
1.300821200000000090e+03 -3.758067030274510056e+00
1.315505499999999984e+03 -3.756891659116229132e+00
1.346354100000000017e+03 -3.755380935180111290e+00
1.356715999999999894e+03 -3.755689501296051169e+00
1.372319099999999935e+03 -3.755751098490693440e+00
1.399303300000000036e+03 -3.753133829355219220e+00
1.401790700000000015e+03 -3.751523106256817286e+00
1.404393199999999979e+03 -3.750850341527398157e+00
1.450026800000000094e+03 -3.753303092333083235e+00
1.460236200000000053e+03 -3.750177974036705386e+00
1.462387099999999919e+03 -3.754368514637203891e+00
1.492938000000000102e+03 -3.750652445444673688e+00
1.504999800000000050e+03 -3.751717536519117324e+00
1.520929399999999987e+03 -3.752885522959467757e+00
1.547680399999999963e+03 -3.748971858697070392e+00
1.550012099999999919e+03 -3.748639782888649741e+00
1.561748100000000022e+03 -3.748874617238414864e+00
1.594941299999999956e+03 -3.747801486616048727e+00
1.603538700000000063e+03 -3.749234191523330040e+00
1.611587199999999939e+03 -3.747288072401919745e+00
1.635270400000000109e+03 -3.744255145309812516e+00
1.656189300000000003e+03 -3.747737593668672318e+00
1.664577700000000050e+03 -3.746347592970946661e+00
1.681352100000000064e+03 -3.746575621646744736e+00
1.711730499999999893e+03 -3.746836838494519206e+00
1.713434099999999944e+03 -3.745786666811613763e+00
1.737805399999999963e+03 -3.738968875386128765e+00
1.738563400000000001e+03 -3.740883742494045539e+00
1.744766399999999976e+03 -3.742661216922098077e+00
1.788996599999999944e+03 -3.741856290136423624e+00
1.816773400000000038e+03 -3.745914563001523145e+00
1.817713799999999992e+03 -3.744633148358222918e+00
1.852034300000000030e+03 -3.742322951401876097e+00
1.853559099999999944e+03 -3.746430454181346459e+00
1.875140000000000100e+03 -3.744184337855319455e+00
1.889655799999999999e+03 -3.741745377596545019e+00
1.914407500000000027e+03 -3.741259287616660156e+00
1.928257399999999961e+03 -3.742818645060802307e+00
1.933199200000000019e+03 -3.740184484926622144e+00
1.934765499999999975e+03 -3.739055718521273608e+00
1.943987499999999955e+03 -3.736423912875379116e+00
1.991847199999999930e+03 -3.735641499446458624e+00
1.997683700000000044e+03 -3.737945638906735368e+00
2.000278800000000047e+03 -3.736834618772978178e+00
2.034667400000000043e+03 -3.738113928101205019e+00
2.037076099999999997e+03 -3.737611243365468017e+00
2.057451599999999871e+03 -3.736784679540888110e+00
2.104466399999999794e+03 -3.737466165050786326e+00
2.111947099999999864e+03 -3.740900990871351972e+00
2.121532000000000153e+03 -3.740627758868192654e+00
2.144248999999999796e+03 -3.733945497631582455e+00
2.151021999999999935e+03 -3.738750493276481013e+00
2.154136300000000119e+03 -3.736721590023665662e+00
2.200764799999999923e+03 -3.735531633880545321e+00
2.215877800000000207e+03 -3.740927501361334340e+00
2.217465799999999945e+03 -3.737908100180978188e+00
2.257735999999999876e+03 -3.736439703230607812e+00
2.261043900000000122e+03 -3.739509343224154847e+00
2.267973599999999806e+03 -3.736219239331629360e+00
2.293678100000000086e+03 -3.731134107870073713e+00
2.303803800000000138e+03 -3.734246307288779931e+00
2.311862999999999829e+03 -3.737674875763328686e+00
2.343704299999999876e+03 -3.734523980144376143e+00
2.364657799999999952e+03 -3.734201868305317529e+00
2.368779799999999796e+03 -3.736163019631563387e+00
2.414137400000000071e+03 -3.737698652608148375e+00
2.415376099999999951e+03 -3.737831877352135734e+00
2.420356900000000223e+03 -3.737534890884596450e+00
2.454869799999999941e+03 -3.734009676390981802e+00
