1.217095000000000056e+02 1.117440107877060740e+01
1.319053099999999858e+02 1.117823783838795038e+01
1.680095399999999870e+02 1.119491603907999178e+01
1.690789499999999919e+02 1.119575106859352687e+01
1.794476899999999944e+02 1.119649857520862923e+01
2.176752099999999928e+02 1.121231579483004204e+01
2.179716699999999889e+02 1.121306228373702396e+01
2.272408800000000042e+02 1.121999694687563576e+01
2.665056599999999776e+02 1.123473285161815660e+01
2.667804800000000114e+02 1.123447384490128265e+01
2.773901299999999992e+02 1.124088845918990387e+01
3.136134999999999877e+02 1.125420516995725784e+01
3.150772299999999859e+02 1.125551699572562647e+01
3.278347600000000170e+02 1.125726287400773451e+01
3.618127499999999941e+02 1.127636220232037445e+01
3.651874099999999999e+02 1.127775493588438849e+01
3.727423499999999876e+02 1.128067626704661208e+01
4.106632900000000177e+02 1.130707459800529158e+01
4.145216899999999782e+02 1.130805973946672083e+01
4.222727600000000052e+02 1.131045186240586276e+01
4.618097799999999893e+02 1.131919601058416447e+01
4.630210400000000277e+02 1.132089710970893570e+01
4.720756200000000149e+02 1.132715347038469389e+01
5.103311400000000049e+02 1.135515112965601503e+01
5.108138099999999895e+02 1.135613372684714051e+01
5.258481500000000324e+02 1.136184459596987573e+01
5.623765300000000025e+02 1.137592458782821225e+01
5.627342800000000125e+02 1.137585131284347639e+01
5.706684500000000071e+02 1.138101719926724975e+01
6.088402099999999564e+02 1.140019641766741287e+01
6.152346700000000510e+02 1.140499999999999936e+01
6.157261399999999867e+02 1.140048392021168233e+01
6.628261999999999716e+02 1.142523051088947739e+01
6.644015799999999672e+02 1.142462802768166164e+01
6.720738599999999678e+02 1.142941837980866993e+01
7.071258199999999761e+02 1.145289130877264405e+01
7.080348699999999553e+02 1.145351516385100865e+01
7.205962299999999914e+02 1.146242825157744782e+01
7.586722300000000132e+02 1.148279767962548270e+01
7.602693100000000186e+02 1.148316608996539756e+01
7.717232500000000073e+02 1.149488601669041365e+01
8.131628600000000233e+02 1.151528852025239225e+01
8.163378500000000031e+02 1.151510685935273770e+01
8.267775199999999813e+02 1.152313504986769743e+01
8.630712300000000141e+02 1.154495267657235935e+01
8.648206300000000510e+02 1.154500407083248525e+01
8.788920500000000402e+02 1.155379350702218488e+01
9.090809000000000424e+02 1.158369733360472331e+01
9.133486199999999826e+02 1.158313810299206104e+01
9.234643600000000561e+02 1.158056024832078279e+01
9.649025699999999688e+02 1.161290097699979640e+01
9.712551499999999578e+02 1.162205424384286445e+01
9.719163099999999531e+02 1.161288723794015887e+01
1.005251499999999965e+03 1.164628638306533759e+01
1.010693599999999947e+03 1.164609963362507550e+01
1.017529899999999998e+03 1.165349277427233865e+01
1.060058899999999994e+03 1.168014909423977166e+01
1.061000399999999900e+03 1.168052768166089983e+01
1.067049299999999903e+03 1.169216313861184631e+01
1.109911399999999958e+03 1.171435833502951418e+01
1.115262300000000096e+03 1.171404284551190678e+01
1.117776699999999892e+03 1.172997404844290692e+01
1.152452199999999948e+03 1.174136576429880030e+01
1.155746100000000069e+03 1.173991960105841592e+01
1.170238399999999956e+03 1.177577396702625734e+01
1.206653199999999970e+03 1.178538672908609897e+01
1.214569700000000012e+03 1.178594188886627236e+01
1.217602399999999989e+03 1.180625839609199978e+01
1.269268399999999929e+03 1.184916853246488877e+01
1.270088899999999967e+03 1.182017402808874351e+01
1.270190700000000106e+03 1.182070069204152318e+01
1.307877899999999954e+03 1.185978984327294938e+01
1.312196200000000090e+03 1.186023814370038565e+01
1.314178200000000061e+03 1.188146092000814136e+01
1.361275200000000041e+03 1.189707714227559521e+01
1.365472299999999905e+03 1.189636678200692010e+01
1.373985200000000077e+03 1.192340983106045194e+01
1.399750500000000102e+03 1.194338896804396555e+01
1.404739800000000059e+03 1.194319153266843081e+01
1.418235200000000077e+03 1.195588133523305530e+01
1.454072300000000041e+03 1.198106503154895286e+01
1.457329199999999901e+03 1.198045186240586268e+01
1.470378799999999956e+03 1.200476338286179434e+01
1.501806700000000092e+03 1.202450132302055685e+01
1.505806599999999889e+03 1.202438784856503062e+01
1.511661900000000060e+03 1.203455119071850277e+01
1.541383599999999888e+03 1.207667463871361768e+01
1.548631399999999985e+03 1.207628078567067043e+01
1.554498299999999972e+03 1.206987278648483652e+01
1.604199800000000096e+03 1.210573224099328371e+01
1.609328099999999949e+03 1.210572409932831306e+01
1.619337999999999965e+03 1.212180134337472026e+01
1.661088199999999915e+03 1.215530429472827301e+01
1.662556100000000015e+03 1.214291624262161662e+01
1.664000500000000102e+03 1.214284652961530675e+01
1.700913000000000011e+03 1.218078109098310513e+01
1.706010800000000017e+03 1.218047883167107592e+01
1.707696200000000090e+03 1.219518725829432171e+01
1.746395800000000008e+03 1.222281294524730377e+01
1.760738200000000006e+03 1.222289436189700851e+01
1.778069400000000087e+03 1.223372684714024139e+01
1.791362499999999955e+03 1.225767250152656196e+01
1.795973500000000058e+03 1.225740687970690068e+01
1.800093100000000049e+03 1.227167718298391996e+01
1.859344599999999900e+03 1.230873804192957444e+01
1.865343800000000101e+03 1.228803022593120353e+01
1.867166199999999890e+03 1.228786128638306430e+01
1.904823300000000017e+03 1.234531243639324138e+01
1.906549099999999953e+03 1.234527325463057146e+01
1.919336000000000013e+03 1.236481070628943613e+01
1.947089899999999943e+03 1.237725167921839997e+01
1.957827600000000075e+03 1.237687868919194045e+01
1.958443199999999933e+03 1.237366680236108252e+01
1.990369500000000016e+03 1.241613423570120034e+01
1.993712399999999889e+03 1.241583604722165646e+01
2.022930200000000013e+03 1.242853297374313115e+01
2.042270899999999983e+03 1.246079381233462158e+01
2.053719900000000052e+03 1.246052055770405076e+01
2.078429299999999785e+03 1.247447537146346441e+01
2.089306000000000040e+03 1.249546865458986389e+01
2.093449799999999868e+03 1.250821188683085694e+01
2.100007300000000214e+03 1.249526104213311584e+01
2.142686799999999948e+03 1.254925452880114101e+01
2.147325400000000172e+03 1.254105180134337516e+01
2.152458700000000135e+03 1.254876195807042549e+01
2.209927499999999782e+03 1.260746183594545045e+01
2.210728399999999965e+03 1.256642937105638147e+01
2.213655499999999847e+03 1.256599175656421785e+01
2.232066100000000006e+03 1.264320985141461406e+01
2.242639700000000175e+03 1.264250712395684850e+01
2.264996999999999844e+03 1.260734581721962044e+01
2.290028699999999844e+03 1.264964024017911726e+01
2.294524800000000141e+03 1.265018573173214023e+01
2.295157900000000154e+03 1.267894260126195682e+01
2.333373500000000149e+03 1.270505648280073174e+01
2.343378799999999956e+03 1.270453897822104672e+01
2.365097499999999854e+03 1.268209088133523288e+01
2.400545000000000073e+03 1.274917463871361711e+01
2.403666200000000117e+03 1.273287248117240011e+01
2.412913599999999860e+03 1.273307856706696484e+01
2.422406500000000051e+03 1.278126450234072919e+01
2.439012499999999818e+03 1.278189293710563845e+01
