1.033341099999999955e+02 2.347761296560146604e+01
1.277295100000000048e+02 2.348241960105841741e+01
1.506985200000000020e+02 2.349660746997761152e+01
1.756294399999999882e+02 2.350271320985141443e+01
2.005160700000000134e+02 2.351485294117647129e+01
2.252707000000000050e+02 2.352531599837166709e+01
2.486077999999999975e+02 2.352959495216771657e+01
2.704988700000000108e+02 2.354116782006920516e+01
2.984225400000000263e+02 2.355127722369224585e+01
3.215347600000000057e+02 2.356298900875228952e+01
3.476073600000000283e+02 2.357291064522695123e+01
3.724950900000000047e+02 2.358876602890290997e+01
3.959279000000000224e+02 2.359445196417667390e+01
4.210204600000000141e+02 2.361371005495623976e+01
4.488134999999999764e+02 2.360983055159780264e+01
4.722475499999999897e+02 2.363195450844697731e+01
4.985208099999999831e+02 2.363872430286993875e+01
5.171239399999999478e+02 2.364511703643395180e+01
5.418321300000000065e+02 2.366918328923264525e+01
5.666432600000000548e+02 2.367744962344799475e+01
5.950390700000000379e+02 2.369132607368206678e+01
6.174290099999999484e+02 2.372043354365968071e+01
6.450075399999999490e+02 2.372876246692448632e+01
6.739873099999999795e+02 2.373254376144921807e+01
6.957958300000000236e+02 2.372715550580093691e+01
7.162424800000000005e+02 2.375130317524933687e+01
7.510898700000000190e+02 2.377151231426826783e+01
7.637495400000000245e+02 2.377756767759006706e+01
7.996800500000000511e+02 2.377898788927335616e+01
8.243189700000000357e+02 2.380449623447995222e+01
8.534871299999999792e+02 2.383069611235497831e+01
8.659716799999999921e+02 2.383893802157541231e+01
8.951886600000000271e+02 2.386202320374516361e+01
9.237838699999999790e+02 2.385160034602076351e+01
9.442339699999999993e+02 2.389675656421738381e+01
9.671001999999999725e+02 2.390046458375737970e+01
1.006451800000000048e+03 2.391437818033787721e+01
1.010683400000000006e+03 2.396124923671890627e+01
1.057972800000000007e+03 2.392232800732750064e+01
1.071192500000000109e+03 2.399367545288011527e+01
1.086943800000000010e+03 2.395475625890494698e+01
1.114105700000000070e+03 2.402726134744555253e+01
1.154588199999999915e+03 2.400220130266639629e+01
1.163627999999999929e+03 2.404216822715245172e+01
1.197342599999999948e+03 2.404064319153266638e+01
1.213131100000000060e+03 2.407893242418074564e+01
1.240298299999999927e+03 2.409172297984937927e+01
1.257478100000000040e+03 2.410088031752493265e+01
1.296535300000000007e+03 2.411819051496030752e+01
1.312012400000000071e+03 2.414570374516588558e+01
1.352941800000000057e+03 2.415836810502747767e+01
1.367352699999999913e+03 2.416957917769183695e+01
1.393137999999999920e+03 2.420247964583757394e+01
1.419140499999999975e+03 2.420424740484429194e+01
1.436535499999999956e+03 2.424029106452269389e+01
1.462923099999999977e+03 2.423841135762263477e+01
1.491066299999999956e+03 2.427860014247913512e+01
1.501657300000000077e+03 2.429510533279055551e+01
1.546609600000000000e+03 2.430189802564624557e+01
1.549728800000000092e+03 2.432480205577040522e+01
1.599976000000000113e+03 2.435382047628740310e+01
1.612725799999999936e+03 2.438844087115815285e+01
1.647897400000000061e+03 2.441241553022593180e+01
1.676387099999999919e+03 2.443240230002035318e+01
1.698675099999999929e+03 2.446018064319153140e+01
1.725024799999999914e+03 2.445885456950946235e+01
1.742604100000000017e+03 2.449230663545695208e+01
1.772186799999999948e+03 2.451245471198860315e+01
1.812137099999999919e+03 2.453359352737634680e+01
1.817449499999999944e+03 2.453292794626500850e+01
1.851940200000000004e+03 2.455680795847750986e+01
1.872981500000000096e+03 2.457039537960512732e+01
1.905306499999999915e+03 2.461584266232444307e+01
1.912561599999999999e+03 2.464470740891512079e+01
1.960704700000000003e+03 2.466802208426623011e+01
1.965579199999999901e+03 2.465478933441888643e+01
1.988094499999999925e+03 2.468732444534907344e+01
2.007098600000000033e+03 2.469917514756767929e+01
2.040693400000000111e+03 2.474360828414410918e+01
2.053627700000000004e+03 2.475502442499491096e+01
2.093011300000000119e+03 2.477898839812741727e+01
2.103816100000000006e+03 2.479605078363525195e+01
2.134593600000000151e+03 2.482054243842865660e+01
2.156933399999999892e+03 2.482021728068389876e+01
2.218264900000000125e+03 2.484933391003460201e+01
2.224838000000000193e+03 2.486231375941380151e+01
2.255374099999999999e+03 2.491552920822308081e+01
2.264512499999999818e+03 2.493082078159983794e+01
2.306910699999999906e+03 2.497846784042336665e+01
2.318041600000000017e+03 2.492941736210054771e+01
2.335375599999999849e+03 2.500719061673112265e+01
2.353674300000000130e+03 2.501621616120496583e+01
2.375190500000000156e+03 2.505482800732749737e+01
2.402419199999999819e+03 2.506442143293303459e+01
2.451826000000000022e+03 2.509202676572359181e+01
