9.955420399999999859e+01 -4.538390570341183761e+00
1.269675100000000043e+02 -4.537840166888128302e+00
1.492515500000000088e+02 -4.537580578947841836e+00
1.775082800000000134e+02 -4.537278341550905481e+00
2.007227699999999970e+02 -4.536694109254779228e+00
2.269390099999999961e+02 -4.535906243257918469e+00
2.517847899999999868e+02 -4.535294515539397331e+00
2.753328799999999887e+02 -4.533863541564701727e+00
3.013212700000000268e+02 -4.533245552592246597e+00
3.230918199999999842e+02 -4.530925983394562095e+00
3.535153900000000249e+02 -4.531124381352147346e+00
3.722087399999999775e+02 -4.526655844659955186e+00
4.008768299999999840e+02 -4.525961580345780000e+00
4.222523800000000165e+02 -4.521344902907997287e+00
4.461126899999999864e+02 -4.519592038686498725e+00
4.726680999999999813e+02 -4.515021103818580350e+00
5.023270299999999793e+02 -4.514031393569287509e+00
5.263651800000000094e+02 -4.509058628281712444e+00
5.477781800000000203e+02 -4.505800044789852521e+00
5.783899400000000242e+02 -4.500653698534819114e+00
6.021240299999999479e+02 -4.496599732528004267e+00
6.278730000000000473e+02 -4.492533933799336410e+00
6.521790499999999611e+02 -4.488769597580971826e+00
6.711502799999999525e+02 -4.483314023986275210e+00
7.006240699999999606e+02 -4.480838989525085303e+00
7.241611599999999953e+02 -4.477408123184941857e+00
7.524719599999999673e+02 -4.475276998093414171e+00
7.739149700000000394e+02 -4.471217959879485448e+00
8.025562300000000278e+02 -4.468958750113235290e+00
8.200551000000000386e+02 -4.464431925414204194e+00
8.479421200000000454e+02 -4.462372498572046098e+00
8.672399400000000469e+02 -4.459875464499824638e+00
8.961274200000000292e+02 -4.456865690123114732e+00
9.137929100000000062e+02 -4.454534240031674308e+00
9.455203999999999951e+02 -4.454046370867618343e+00
9.646890499999999520e+02 -4.451085249701812074e+00
1.005850400000000036e+03 -4.452198545611824265e+00
1.016614299999999957e+03 -4.449082082935131410e+00
1.052170399999999972e+03 -4.447303047352983540e+00
1.063060999999999922e+03 -4.446040426061033557e+00
1.110897200000000112e+03 -4.447184107167966971e+00
1.113571300000000065e+03 -4.444441973367756482e+00
1.159266000000000076e+03 -4.445142760733165055e+00
1.170614800000000059e+03 -4.443369395217519724e+00
1.200581799999999930e+03 -4.440153760333168442e+00
1.207454899999999952e+03 -4.438939803778214177e+00
1.254090999999999894e+03 -4.440667597039364090e+00
1.255658500000000004e+03 -4.437289751482778044e+00
1.310715099999999893e+03 -4.437743465169110557e+00
1.314725899999999911e+03 -4.441836310766799301e+00
1.349401299999999992e+03 -4.437295656134949695e+00
1.352077199999999948e+03 -4.436007376638619881e+00
1.401406999999999925e+03 -4.438633356499099847e+00
1.418156899999999951e+03 -4.439733689743659895e+00
1.446970000000000027e+03 -4.438438505096989672e+00
1.448660100000000057e+03 -4.435078513250799048e+00
1.513631300000000010e+03 -4.439022480525415482e+00
1.524000800000000027e+03 -4.439431678195024489e+00
1.546188900000000103e+03 -4.439554167561569287e+00
1.551132000000000062e+03 -4.435675482929283930e+00
1.608683800000000019e+03 -4.438631420157726382e+00
1.615546100000000024e+03 -4.441809593224228969e+00
1.657855399999999918e+03 -4.439818985376417615e+00
1.662571400000000040e+03 -4.439240180329341534e+00
1.694131200000000035e+03 -4.442431990696530164e+00
1.703127099999999928e+03 -4.438635332315127968e+00
1.752524899999999889e+03 -4.440143383693065715e+00
1.755983300000000099e+03 -4.441650211006193061e+00
1.806339099999999917e+03 -4.440343488063711597e+00
1.810750000000000000e+03 -4.443276537271414028e+00
1.849575199999999995e+03 -4.442056805797908403e+00
1.850030600000000049e+03 -4.441848462082399251e+00
1.915209399999999960e+03 -4.446183722759369239e+00
1.919606899999999996e+03 -4.446761638758972346e+00
1.946155199999999923e+03 -4.444068674485374792e+00
1.974223300000000108e+03 -4.448892107649996319e+00
2.015052699999999959e+03 -4.448075195447963814e+00
2.017909400000000005e+03 -4.450129605872858995e+00
2.054217000000000098e+03 -4.447046323679100688e+00
2.063911200000000008e+03 -4.448860680285467772e+00
2.106123799999999846e+03 -4.449408425893006225e+00
2.110111399999999776e+03 -4.451038322882338250e+00
2.142926599999999780e+03 -4.452356989340721327e+00
2.154941800000000057e+03 -4.450089404443787089e+00
2.195633899999999812e+03 -4.452523838492239427e+00
2.222660199999999804e+03 -4.455602370610576735e+00
2.237166700000000219e+03 -4.456147623254853585e+00
2.259668900000000122e+03 -4.456493741976392364e+00
2.296147199999999884e+03 -4.455729522980071522e+00
2.308380599999999959e+03 -4.455440899539249600e+00
2.335388100000000122e+03 -4.453902165621298259e+00
2.341763699999999972e+03 -4.454211183036285604e+00
2.385131199999999808e+03 -4.459117639836698288e+00
2.431785300000000007e+03 -4.460965291015542178e+00
2.443916799999999967e+03 -4.462929125535826103e+00
