1.222460399999999936e+02 -3.825397305439687479e+00
1.334999400000000094e+02 -3.825532848273544229e+00
1.697560400000000129e+02 -3.824467648600014424e+00
1.708807500000000061e+02 -3.824880024647362653e+00
1.808930599999999913e+02 -3.824521377825156776e+00
2.191974800000000130e+02 -3.823588192859445734e+00
2.213332800000000020e+02 -3.824258750021003017e+00
2.301648700000000076e+02 -3.823550644153971056e+00
2.694554099999999721e+02 -3.822588602931296542e+00
2.703898899999999799e+02 -3.822713657035968104e+00
2.779356700000000160e+02 -3.821669174623072429e+00
3.174730299999999943e+02 -3.820471989523702039e+00
3.175671600000000012e+02 -3.820397911627405385e+00
3.261949399999999741e+02 -3.819656605928243742e+00
3.671723000000000070e+02 -3.818392497558081633e+00
3.676322599999999738e+02 -3.818607681563701561e+00
3.741003799999999728e+02 -3.817042031854958051e+00
4.165014199999999960e+02 -3.815702710336604131e+00
4.192720499999999788e+02 -3.816312368426369339e+00
4.249586400000000026e+02 -3.814665886690393304e+00
4.646052799999999934e+02 -3.812046515032185834e+00
4.691508299999999849e+02 -3.813122149235682823e+00
4.769286700000000110e+02 -3.811839317817107720e+00
5.151984200000000556e+02 -3.808643455331509386e+00
5.180134600000000091e+02 -3.809459688937288480e+00
5.270588599999999815e+02 -3.808360693971617916e+00
5.652100000000000364e+02 -3.804577380326443770e+00
5.671223599999999578e+02 -3.805158217764524231e+00
5.777666199999999890e+02 -3.804441621613669167e+00
6.151438699999999926e+02 -3.800779990418671872e+00
6.185698300000000245e+02 -3.801765201140373751e+00
6.201913100000000441e+02 -3.798549692332563232e+00
6.627888199999999870e+02 -3.796653081618247327e+00
6.643500599999999849e+02 -3.797135514734970130e+00
6.756045000000000300e+02 -3.796514327639758601e+00
7.118474599999999555e+02 -3.792056813856065745e+00
7.162188099999999622e+02 -3.793257574689297584e+00
7.191299000000000206e+02 -3.790451173225559245e+00
7.640349599999999555e+02 -3.788576817434399668e+00
7.652863300000000208e+02 -3.788985351006460611e+00
7.704934200000000146e+02 -3.786780449377132651e+00
8.085517999999999574e+02 -3.783832101079585453e+00
8.128733499999999594e+02 -3.781855882186788254e+00
8.144927999999999884e+02 -3.785429335658669903e+00
8.603171399999999949e+02 -3.780620842918579250e+00
8.635544099999999617e+02 -3.781382685690440670e+00
8.670566700000000537e+02 -3.779230538232674963e+00
9.075353000000000065e+02 -3.775968121065667926e+00
9.125764100000000099e+02 -3.777328085591889373e+00
9.151560399999999618e+02 -3.774854934667250639e+00
9.621979999999999791e+02 -3.775088220735215216e+00
9.660130599999999959e+02 -3.772803066943291483e+00
9.676797800000000507e+02 -3.776413623614836901e+00
1.012367600000000039e+03 -3.771731478625653278e+00
1.015458999999999946e+03 -3.772606944296028164e+00
1.018611099999999965e+03 -3.770080180284862692e+00
1.054047100000000000e+03 -3.766642781175667754e+00
1.057855099999999993e+03 -3.767582344060990351e+00
1.064936099999999897e+03 -3.766067869598088702e+00
1.106991800000000012e+03 -3.765104974050672570e+00
1.113071500000000015e+03 -3.766729516592915772e+00
1.118388300000000072e+03 -3.764782470364158140e+00
1.154601000000000113e+03 -3.762935340566309961e+00
1.161719499999999925e+03 -3.764708751114956176e+00
1.171242400000000089e+03 -3.764339956987758473e+00
1.201673199999999952e+03 -3.760249719261057333e+00
1.208007800000000088e+03 -3.761895074058330124e+00
1.217851300000000037e+03 -3.761152617550738153e+00
1.257303200000000061e+03 -3.759355789981100315e+00
1.261078299999999899e+03 -3.760376558532310121e+00
1.263699699999999893e+03 -3.758088437614638622e+00
1.298343299999999999e+03 -3.755784880592324626e+00
1.305914999999999964e+03 -3.757714379699369722e+00
1.318761400000000094e+03 -3.758079089536751738e+00
1.356948200000000043e+03 -3.755629032977358062e+00
1.357397999999999911e+03 -3.752754779917954586e+00
1.358383000000000038e+03 -3.755959554330375205e+00
1.404550199999999904e+03 -3.753970157730354806e+00
1.405327700000000050e+03 -3.754142712017612293e+00
1.414292300000000068e+03 -3.753324070247202382e+00
1.455877899999999954e+03 -3.751675935962171415e+00
1.457781899999999951e+03 -3.752138288135546063e+00
1.464716200000000072e+03 -3.750167814305759961e+00
1.489533400000000029e+03 -3.746907796398844415e+00
1.506593599999999924e+03 -3.751291075828933508e+00
1.511404500000000098e+03 -3.749055957588064647e+00
1.552792200000000093e+03 -3.748986776196352011e+00
1.558008199999999988e+03 -3.750293082925473698e+00
1.569378200000000106e+03 -3.749992173403362550e+00
1.605607400000000098e+03 -3.746258254838398472e+00
1.605861400000000003e+03 -3.748967313969576942e+00
1.610690100000000029e+03 -3.750268397220255068e+00
1.653321899999999914e+03 -3.747833734809226769e+00
1.655144199999999955e+03 -3.748322238448271282e+00
1.661551400000000058e+03 -3.746463921326863566e+00
1.699567000000000007e+03 -3.745800819267129267e+00
1.702112100000000055e+03 -3.746443767092736188e+00
1.712323599999999942e+03 -3.745545580859752643e+00
1.748546299999999974e+03 -3.744855727895433084e+00
1.754142499999999927e+03 -3.742794468001426900e+00
1.756344599999999900e+03 -3.746851796622610031e+00
1.795145099999999957e+03 -3.742456485732184035e+00
1.802812100000000100e+03 -3.744423801106727900e+00
1.816648500000000013e+03 -3.744660769692285562e+00
1.836761600000000044e+03 -3.739192789946413686e+00
1.848511500000000069e+03 -3.742257647602823756e+00
1.856915899999999965e+03 -3.740503067571291140e+00
1.887376400000000103e+03 -3.738270955677460261e+00
1.898132100000000037e+03 -3.741082609245797386e+00
1.923225799999999936e+03 -3.743675315733044684e+00
1.940236599999999953e+03 -3.738107497391780498e+00
1.944397899999999936e+03 -3.739235586486537422e+00
1.958026200000000017e+03 -3.738530806743188162e+00
1.994606199999999944e+03 -3.737767080320738788e+00
2.012771199999999908e+03 -3.742468183008329952e+00
2.015810899999999947e+03 -3.740163328182108948e+00
2.029720900000000029e+03 -3.735023333602967011e+00
2.038561200000000099e+03 -3.737236469877886158e+00
2.057345699999999852e+03 -3.738109429292498120e+00
2.086707300000000032e+03 -3.735715812813879211e+00
2.092362900000000081e+03 -3.737220590866908498e+00
2.097314100000000053e+03 -3.734921091636074664e+00
2.141487000000000080e+03 -3.735365039833846712e+00
2.144936599999999999e+03 -3.736222686004462723e+00
2.171665100000000166e+03 -3.739431181840368268e+00
2.201340700000000197e+03 -3.736653800657953717e+00
2.215298899999999776e+03 -3.740298859858719016e+00
2.220136599999999817e+03 -3.736897456029164566e+00
2.224798999999999978e+03 -3.732172441373789340e+00
2.233776800000000094e+03 -3.734593371235729098e+00
2.261023900000000140e+03 -3.737882862017914753e+00
2.292139000000000124e+03 -3.730037614138257851e+00
2.307844999999999800e+03 -3.734299484922437351e+00
2.309588000000000193e+03 -3.734685613314339570e+00
2.326262400000000071e+03 -3.731302964027325864e+00
2.345975300000000061e+03 -3.736472416126186413e+00
2.356251200000000154e+03 -3.734323526651873948e+00
2.379658899999999903e+03 -3.728133635415616709e+00
2.390652000000000044e+03 -3.731025082127346515e+00
2.396695999999999913e+03 -3.730228936115392635e+00
2.427456299999999828e+03 -3.730936276383624239e+00
2.428407999999999902e+03 -3.731288202311041413e+00
