1.036937599999999975e+02 1.851877009973539501e+01
1.272576300000000060e+02 1.853371209037248235e+01
1.520120499999999879e+02 1.854936240586199858e+01
1.766008600000000115e+02 1.856698503969061775e+01
2.001455400000000111e+02 1.855921941787095619e+01
2.265004099999999880e+02 1.856864135965804863e+01
2.525484500000000025e+02 1.857618206798290217e+01
2.753185399999999845e+02 1.858557042540199333e+01
3.012505699999999820e+02 1.861372735599429973e+01
3.236459699999999771e+02 1.861310350091593691e+01
3.490660100000000057e+02 1.862014146142886162e+01
3.767565999999999917e+02 1.865835996336251057e+01
3.999269400000000019e+02 1.866569611235497561e+01
4.278338600000000156e+02 1.868366731121514235e+01
4.521242300000000114e+02 1.868002849582739699e+01
4.722794299999999907e+02 1.870294626501119595e+01
4.965037100000000123e+02 1.869610065133320020e+01
5.280625400000000127e+02 1.870918532464888884e+01
5.492455200000000559e+02 1.868779717077142521e+01
5.728502700000000232e+02 1.873770303277020233e+01
6.054137600000000248e+02 1.872627264400570013e+01
6.237061999999999671e+02 1.872977966619173529e+01
6.504401400000000422e+02 1.876135049867697902e+01
6.724811999999999443e+02 1.872070730714431264e+01
7.046560899999999492e+02 1.876417107673519169e+01
7.280540300000000116e+02 1.874919143089761775e+01
7.518586400000000367e+02 1.877460411154081044e+01
7.693402700000000323e+02 1.876757938123346037e+01
7.950157699999999750e+02 1.880820374516588700e+01
8.231882600000000139e+02 1.882564115611642563e+01
8.492680299999999534e+02 1.879324903317728612e+01
8.697362500000000409e+02 1.882726185629961080e+01
8.978658699999999726e+02 1.884428963973132554e+01
9.244203700000000481e+02 1.881484632607368113e+01
9.511025399999999763e+02 1.884111540810095420e+01
9.701340199999999641e+02 1.882323020557704041e+01
9.987226000000000568e+02 1.885381793201709755e+01
1.015082099999999969e+03 1.888184968451048107e+01
1.051348600000000033e+03 1.890730256462446590e+01
1.067169499999999971e+03 1.888337624669244619e+01
1.091189000000000078e+03 1.894883116222267461e+01
1.112241500000000087e+03 1.897692804803582334e+01
1.144221600000000080e+03 1.899093985345002977e+01
1.166987399999999980e+03 1.897480765316507245e+01
1.199760299999999916e+03 1.901440413189497391e+01
1.214921000000000049e+03 1.902748066354569545e+01
1.248676500000000033e+03 1.904911713820476393e+01
1.261616800000000012e+03 1.903411612049664114e+01
1.294021400000000085e+03 1.904232953388968141e+01
1.316100500000000011e+03 1.905711123549765773e+01
1.357614700000000084e+03 1.907557398738041954e+01
1.370714099999999917e+03 1.906792998168125663e+01
1.393588700000000017e+03 1.910513331976389395e+01
1.404583200000000033e+03 1.911165835538367475e+01
1.440105700000000070e+03 1.917366018725829591e+01
1.463286000000000058e+03 1.917044830042743797e+01
1.499178300000000036e+03 1.916974557296967419e+01
1.517369099999999889e+03 1.917073580297170565e+01
1.557433800000000019e+03 1.922184714024017893e+01
1.558775100000000066e+03 1.918881742316303729e+01
1.608217399999999998e+03 1.922234021982495378e+01
1.610153299999999945e+03 1.925267453694280562e+01
1.647859699999999975e+03 1.928585538367596186e+01
1.658803799999999910e+03 1.934904691634439189e+01
1.703850599999999986e+03 1.935223030734785254e+01
1.713084900000000061e+03 1.931737634846326301e+01
1.757727499999999964e+03 1.936646804396499277e+01
1.769349300000000085e+03 1.936247201302666454e+01
1.799769800000000032e+03 1.938284754732342563e+01
1.814704600000000028e+03 1.938401536739263165e+01
1.850305100000000039e+03 1.941144158355383809e+01
1.855486200000000053e+03 1.945686444127824188e+01
1.892738200000000006e+03 1.946039079991858145e+01
1.898823900000000094e+03 1.947638357419092259e+01
1.960458100000000059e+03 1.948848412375330597e+01
1.962823900000000094e+03 1.949218501933645342e+01
1.996886099999999942e+03 1.952949572562589253e+01
2.001778399999999920e+03 1.955869020964787452e+01
2.050319100000000162e+03 1.960624109505393875e+01
2.056350600000000213e+03 1.956637848565031490e+01
2.106633899999999812e+03 1.961846224302869857e+01
2.113488499999999931e+03 1.963575768369631547e+01
2.158819800000000214e+03 1.970166751475676747e+01
2.180481099999999969e+03 1.964631233462243287e+01
2.208909099999999853e+03 1.967809535925096753e+01
2.210503000000000156e+03 1.972230154691634496e+01
2.250256100000000060e+03 1.972844850396905869e+01
2.251064100000000053e+03 1.976197842458783072e+01
2.297384700000000066e+03 1.981306584571544960e+01
2.301446100000000115e+03 1.981039843272949241e+01
2.330380799999999908e+03 1.981349124771015724e+01
2.341606499999999869e+03 1.986352584978628144e+01
2.396053100000000086e+03 1.984113474455526216e+01
2.414421499999999924e+03 1.987120394870751028e+01
2.461700600000000122e+03 1.991332841441074564e+01
