9.863243799999999339e+01 -1.511723464161830233e+00
9.933916600000000585e+01 -1.511758548857081719e+00
1.265692999999999984e+02 -1.511438829653996674e+00
1.492176100000000076e+02 -1.511520715834440587e+00
1.506999199999999917e+02 -1.511523197872568058e+00
1.759699599999999862e+02 -1.511230085287944558e+00
1.987263599999999997e+02 -1.510746591050628140e+00
2.007724100000000078e+02 -1.510963964369098411e+00
2.254487399999999866e+02 -1.510602293672025809e+00
2.504470000000000027e+02 -1.509861198177310015e+00
2.506852299999999900e+02 -1.510361977314982784e+00
2.742519599999999969e+02 -1.509485282766086067e+00
3.017876099999999724e+02 -1.509028740524395173e+00
3.021085499999999797e+02 -1.509309043508711756e+00
3.207948999999999842e+02 -1.506980107720614193e+00
3.474872599999999920e+02 -1.506468289753460477e+00
3.510311399999999935e+02 -1.507449535722925393e+00
3.744307400000000143e+02 -1.505238824645972695e+00
3.960544399999999996e+02 -1.502965761573719972e+00
4.009094499999999925e+02 -1.504255836591081197e+00
4.219538900000000012e+02 -1.500473670538706505e+00
4.508856799999999794e+02 -1.500068420586858187e+00
4.514852000000000203e+02 -1.500494169688376900e+00
4.704185600000000136e+02 -1.495702935804283484e+00
4.964368200000000115e+02 -1.495320431899059832e+00
5.024847300000000132e+02 -1.495405207141635495e+00
5.224707300000000032e+02 -1.491866866971059080e+00
5.496293500000000449e+02 -1.490380634328957399e+00
5.528134499999999889e+02 -1.491658448674400006e+00
5.669927699999999504e+02 -1.486457455839779396e+00
6.008502600000000484e+02 -1.486862794635526397e+00
6.013733200000000352e+02 -1.487105129838895978e+00
6.239077999999999520e+02 -1.483376650371210470e+00
6.480675199999999450e+02 -1.481099724095970904e+00
6.562767000000000053e+02 -1.482679216821440216e+00
6.715184299999999666e+02 -1.479333531491954457e+00
6.973799900000000207e+02 -1.476775467649292350e+00
6.977963300000000118e+02 -1.477971080695292816e+00
7.151778900000000476e+02 -1.474288649156002551e+00
7.504184299999999439e+02 -1.474759451681075584e+00
7.504257999999999811e+02 -1.473059748993973184e+00
7.651309400000000096e+02 -1.469178590955424024e+00
8.012781999999999698e+02 -1.468604590429304135e+00
8.013138800000000401e+02 -1.469593154944794478e+00
8.195049500000000080e+02 -1.466788377665709353e+00
8.481822600000000421e+02 -1.464633134397461456e+00
8.484342599999999948e+02 -1.465109333724726959e+00
8.703865799999999808e+02 -1.464337824284428491e+00
8.984475300000000288e+02 -1.462527615829990912e+00
9.010102200000000039e+02 -1.464480474342596317e+00
9.226499400000000151e+02 -1.460840801690692414e+00
9.422619700000000194e+02 -1.456311777130582019e+00
9.546962700000000268e+02 -1.459223268641940408e+00
9.697580699999999752e+02 -1.456616687609474159e+00
9.972392300000000205e+02 -1.455638629348656288e+00
9.996291899999999941e+02 -1.456638580104516301e+00
1.022780499999999961e+03 -1.454095057060738050e+00
1.046452600000000075e+03 -1.449322897686466272e+00
1.048747900000000072e+03 -1.452316950120954075e+00
1.066063000000000102e+03 -1.449540958354007092e+00
1.094219100000000026e+03 -1.449648590486985356e+00
1.099399599999999964e+03 -1.447550034841772026e+00
1.109646899999999960e+03 -1.445542337083773665e+00
1.141066800000000057e+03 -1.446579773717402873e+00
1.147140200000000050e+03 -1.444842927763336116e+00
1.171022300000000087e+03 -1.444928589017135501e+00
1.197323200000000043e+03 -1.444271453199345467e+00
1.202317299999999932e+03 -1.443471951454085467e+00
1.214603499999999940e+03 -1.440482852075734455e+00
1.245526599999999917e+03 -1.441361935399806171e+00
1.251407300000000077e+03 -1.442327715158766344e+00
1.265759600000000091e+03 -1.438094553249439800e+00
1.305972800000000007e+03 -1.438287280627618792e+00
1.307707599999999957e+03 -1.440970953312587177e+00
1.309159799999999905e+03 -1.433805769370396499e+00
1.335314200000000028e+03 -1.432047357169980328e+00
1.354865900000000011e+03 -1.436249326781553703e+00
1.371687599999999975e+03 -1.434217244755784604e+00
1.392513899999999921e+03 -1.430392271573879936e+00
1.411545000000000073e+03 -1.428869181468843452e+00
1.419183800000000019e+03 -1.433788752684131307e+00
1.457827800000000025e+03 -1.432219002153776177e+00
1.460259600000000091e+03 -1.432075433946031762e+00
1.463912100000000009e+03 -1.427981412088292990e+00
1.489537800000000061e+03 -1.427244065170791831e+00
1.503995200000000068e+03 -1.428177245289490305e+00
1.522644999999999982e+03 -1.427027289257379650e+00
1.543530400000000100e+03 -1.424547332033401892e+00
1.557642200000000003e+03 -1.425117098874480792e+00
1.571731099999999969e+03 -1.422848053283163328e+00
1.605477000000000089e+03 -1.423108474231029374e+00
1.606829199999999901e+03 -1.418796992541781821e+00
1.610586000000000013e+03 -1.421957544731882850e+00
1.650941600000000108e+03 -1.417976165336961802e+00
1.655157500000000027e+03 -1.420795857915106764e+00
1.665310600000000022e+03 -1.417289453826337864e+00
1.705612200000000030e+03 -1.416060397686271788e+00
1.713152900000000045e+03 -1.418037551310373789e+00
1.713287800000000061e+03 -1.414172008385768287e+00
1.746808999999999969e+03 -1.411870828817063384e+00
1.750208699999999908e+03 -1.411586427683626299e+00
1.773325199999999995e+03 -1.414757496036068041e+00
1.802178599999999960e+03 -1.408094702060069370e+00
1.802602200000000039e+03 -1.413646557928449621e+00
1.804578400000000101e+03 -1.407042393069501296e+00
1.855277599999999893e+03 -1.402786994204905602e+00
1.860820500000000038e+03 -1.410371531833171099e+00
1.866732600000000048e+03 -1.411962363780412399e+00
1.895643700000000081e+03 -1.407352497801494184e+00
1.903459900000000061e+03 -1.405598105494435757e+00
1.921661000000000058e+03 -1.403866957196905130e+00
1.944811500000000024e+03 -1.398448504621734312e+00
1.947864000000000033e+03 -1.405659731087270492e+00
1.972714500000000044e+03 -1.402058993580684643e+00
2.001329400000000078e+03 -1.396676746962180360e+00
2.003469800000000077e+03 -1.399500691564860677e+00
2.005803499999999985e+03 -1.392139110406679148e+00
2.056141299999999774e+03 -1.391568523847337202e+00
2.061279399999999896e+03 -1.397825941621120949e+00
2.069105700000000070e+03 -1.399437431279045185e+00
2.088733400000000074e+03 -1.383064452433826697e+00
2.102975100000000111e+03 -1.390254357086802450e+00
2.116173299999999927e+03 -1.396410960696723214e+00
2.148196199999999862e+03 -1.386912192427582013e+00
2.159874800000000050e+03 -1.383526193433735729e+00
2.163756300000000010e+03 -1.392560983870655633e+00
2.196554900000000089e+03 -1.377677821752202547e+00
2.208539200000000164e+03 -1.382851464954826248e+00
2.232539099999999962e+03 -1.386649088097341442e+00
2.239480599999999868e+03 -1.380699252325738202e+00
2.248324000000000069e+03 -1.382626196322166212e+00
2.264582600000000184e+03 -1.378191926632850617e+00
2.281652000000000044e+03 -1.370931797757724446e+00
2.310259900000000016e+03 -1.370034562179686111e+00
2.324192900000000009e+03 -1.377494600674266323e+00
2.365052900000000136e+03 -1.370734500056677962e+00
2.374459800000000087e+03 -1.373493665920463513e+00
2.376288300000000163e+03 -1.366866888605211994e+00
2.397604200000000219e+03 -1.366590835641098067e+00
2.398150299999999788e+03 -1.362298571474536590e+00
2.417329499999999825e+03 -1.360789037860674844e+00
2.462850100000000111e+03 -1.359420697227450958e+00
