1.009822300000000013e+02 -1.461696442047607736e+00
1.277469700000000046e+02 -1.461402959199462392e+00
1.488628699999999867e+02 -1.460743683833031215e+00
1.742720300000000009e+02 -1.460267831062878274e+00
2.005471400000000131e+02 -1.460541540737986921e+00
2.249183400000000006e+02 -1.459796845789027575e+00
2.490563300000000027e+02 -1.459591342380948342e+00
2.744111599999999953e+02 -1.458832972821737739e+00
2.988423700000000167e+02 -1.458231106938493449e+00
3.225902100000000132e+02 -1.456481784528117496e+00
3.500567100000000096e+02 -1.456307691301318208e+00
3.720323799999999892e+02 -1.453636254531304184e+00
4.044305499999999824e+02 -1.453824364655524892e+00
4.243270999999999731e+02 -1.451859938348455836e+00
4.475276400000000194e+02 -1.450307923025468515e+00
4.678412400000000275e+02 -1.446022246702503011e+00
5.045474600000000009e+02 -1.446596463099360408e+00
5.171298600000000079e+02 -1.441074330153389926e+00
5.515837500000000091e+02 -1.441910310634018533e+00
5.702236599999999953e+02 -1.438443631342958939e+00
6.014721299999999928e+02 -1.438814370507000673e+00
6.193284599999999500e+02 -1.434028745261975324e+00
6.505395899999999756e+02 -1.433362404058745598e+00
6.672492999999999483e+02 -1.430465323166710601e+00
6.924346299999999701e+02 -1.429510834462570212e+00
7.178702600000000302e+02 -1.426414967397086953e+00
7.465254899999999907e+02 -1.425301542978513414e+00
7.617584799999999632e+02 -1.420594499874418659e+00
7.925085800000000518e+02 -1.420745519136179080e+00
8.149570800000000190e+02 -1.417557655603209010e+00
8.563831099999999878e+02 -1.418383585803523861e+00
8.734938399999999774e+02 -1.416405462541378446e+00
8.953869200000000319e+02 -1.412619147235731454e+00
9.199437599999999975e+02 -1.411870947891740835e+00
9.555426400000000058e+02 -1.410977742806972746e+00
9.649139000000000124e+02 -1.408292065059874476e+00
9.992329099999999471e+02 -1.408347654290910800e+00
1.021986700000000042e+03 -1.406958793682192788e+00
1.046560600000000022e+03 -1.404130076945125927e+00
1.057299099999999953e+03 -1.399701328343102569e+00
1.086069799999999987e+03 -1.399231585871790084e+00
1.125577999999999975e+03 -1.401383976111640894e+00
1.151910900000000083e+03 -1.396859222436332759e+00
1.162408699999999953e+03 -1.395335325234488888e+00
1.204837399999999889e+03 -1.395441633920884605e+00
1.206135899999999992e+03 -1.391061313473972660e+00
1.248104000000000042e+03 -1.391969675510881466e+00
1.272199599999999919e+03 -1.392701717412921258e+00
1.300178900000000112e+03 -1.391580150451716236e+00
1.314473899999999958e+03 -1.387773606249222524e+00
1.340928400000000011e+03 -1.386965765899957903e+00
1.368444500000000062e+03 -1.386117135195511718e+00
1.392634099999999989e+03 -1.385979217842801869e+00
1.419579400000000078e+03 -1.383353367959643254e+00
1.439077600000000075e+03 -1.380195893078087988e+00
1.472141499999999951e+03 -1.382302901880745338e+00
1.507043799999999919e+03 -1.379831184268273114e+00
1.527633100000000013e+03 -1.380467585873634828e+00
1.543376600000000053e+03 -1.378104355713734241e+00
1.568043100000000095e+03 -1.376753017773690857e+00
1.594649599999999964e+03 -1.372778997180901683e+00
1.607398200000000088e+03 -1.371638828819015554e+00
1.648225200000000086e+03 -1.372463113795905798e+00
1.663308500000000095e+03 -1.370376542396805952e+00
1.697337199999999939e+03 -1.368689515070886431e+00
1.717855299999999943e+03 -1.369792956832592612e+00
1.743613599999999906e+03 -1.362832816583581907e+00
1.772449800000000096e+03 -1.364547063954421935e+00
1.785609999999999900e+03 -1.363706310732286653e+00
1.800436300000000074e+03 -1.358361614391924821e+00
1.846689399999999978e+03 -1.363225179791513808e+00
1.877181399999999940e+03 -1.361797771421366265e+00
1.898173999999999978e+03 -1.352864863985938193e+00
1.925456599999999980e+03 -1.358258840590454541e+00
1.947433299999999917e+03 -1.348566298225399418e+00
1.947434600000000046e+03 -1.357003485512353613e+00
1.971634800000000041e+03 -1.346945043663026143e+00
2.016248299999999972e+03 -1.347600443056130803e+00
2.052255299999999806e+03 -1.342306537097083918e+00
2.054929099999999835e+03 -1.350064427511713738e+00
2.098670399999999972e+03 -1.345826881968826827e+00
2.121437100000000100e+03 -1.341269722377474771e+00
2.145027900000000045e+03 -1.334413956285140701e+00
2.168691899999999805e+03 -1.337375709412937930e+00
2.201891799999999876e+03 -1.335540622699730617e+00
2.205266299999999774e+03 -1.329806698519380159e+00
2.243005900000000111e+03 -1.331239352638281748e+00
2.254129600000000210e+03 -1.326389729971966691e+00
2.298748799999999846e+03 -1.327412011029509120e+00
2.304045500000000175e+03 -1.321025105411969491e+00
2.354856800000000021e+03 -1.311528179810528494e+00
2.373435599999999795e+03 -1.327328370798523949e+00
2.396500500000000102e+03 -1.314728619368969564e+00
2.415336800000000039e+03 -1.312022969300701503e+00
2.428878499999999804e+03 -1.310484281277299878e+00
