1.031179699999999997e+02 -4.293262668615535738e+00
1.265301599999999951e+02 -4.292828416049403017e+00
1.497938399999999888e+02 -4.292635843966569276e+00
1.757186199999999872e+02 -4.292659155301507212e+00
2.006773100000000056e+02 -4.292700930112928859e+00
2.238563699999999983e+02 -4.291914580996626150e+00
2.486783000000000072e+02 -4.291756284565859225e+00
2.714887200000000007e+02 -4.290867663369671625e+00
2.988899999999999864e+02 -4.291069086840578528e+00
3.226057500000000005e+02 -4.290632097469941009e+00
3.507001700000000142e+02 -4.290718695554326167e+00
3.728818899999999985e+02 -4.289904668883615102e+00
3.986933300000000031e+02 -4.289351966769298308e+00
4.181746499999999855e+02 -4.287879523553054462e+00
4.479932299999999827e+02 -4.288297969784966135e+00
4.707269699999999943e+02 -4.287625073826832889e+00
4.943140200000000277e+02 -4.286411529817509170e+00
5.202218199999999797e+02 -4.286354174260698535e+00
5.498575499999999465e+02 -4.286223569138036815e+00
5.710669299999999566e+02 -4.285294342565640235e+00
6.013870200000000068e+02 -4.285266518091264132e+00
6.211771700000000465e+02 -4.283380121598058032e+00
6.459096899999999550e+02 -4.282167925231557426e+00
6.708718000000000075e+02 -4.281206208036148375e+00
6.859694600000000264e+02 -4.277612561276854741e+00
7.178976199999999608e+02 -4.278743788924350255e+00
7.565954900000000407e+02 -4.280510527450541503e+00
7.678491000000000213e+02 -4.276547277625857291e+00
8.020758200000000215e+02 -4.276806465819604774e+00
8.173907900000000382e+02 -4.273529938384040605e+00
8.500238799999999628e+02 -4.272837654420102105e+00
8.656660399999999527e+02 -4.270244277145113010e+00
8.984667200000000093e+02 -4.269095165876504616e+00
9.220241499999999633e+02 -4.268070636601919432e+00
9.510906300000000329e+02 -4.266501092102680026e+00
9.729325199999999541e+02 -4.265171622544124297e+00
1.012035600000000045e+03 -4.265618986063087092e+00
1.013168199999999956e+03 -4.259860544108112101e+00
1.042752999999999929e+03 -4.258887951072488853e+00
1.065656400000000076e+03 -4.256381651201547989e+00
1.096946899999999914e+03 -4.254435401286084328e+00
1.122257499999999936e+03 -4.254094052510370538e+00
1.144238900000000058e+03 -4.251189973306127357e+00
1.172907999999999902e+03 -4.251043955034979227e+00
1.202067299999999932e+03 -4.248784789419030261e+00
1.213067600000000084e+03 -4.244727100120145202e+00
1.248065800000000081e+03 -4.244506054884471524e+00
1.270354700000000093e+03 -4.242497926892567328e+00
1.290696999999999889e+03 -4.238466362539595522e+00
1.323751400000000103e+03 -4.238589183263895777e+00
1.353288900000000012e+03 -4.235842709478587764e+00
1.368180499999999938e+03 -4.233222914028279327e+00
1.402683299999999917e+03 -4.231426311768746729e+00
1.419717300000000023e+03 -4.229699113519657772e+00
1.451542300000000068e+03 -4.227595296515501921e+00
1.468826499999999896e+03 -4.224434713593076651e+00
1.502839600000000019e+03 -4.223979456328284421e+00
1.526843900000000076e+03 -4.221275927115126336e+00
1.558721900000000005e+03 -4.215279084615465521e+00
1.562781400000000076e+03 -4.220204691107687367e+00
1.604405600000000049e+03 -4.210201127590186942e+00
1.611832000000000107e+03 -4.217844183233387945e+00
1.641091699999999946e+03 -4.209044007821919564e+00
1.662035399999999981e+03 -4.206476995298663368e+00
1.702719200000000001e+03 -4.209139845406754787e+00
1.704711299999999937e+03 -4.202854669907092777e+00
1.753157099999999900e+03 -4.200080430807950904e+00
1.775395099999999957e+03 -4.205842270552026640e+00
1.799405400000000100e+03 -4.195301395653927123e+00
1.801182900000000018e+03 -4.201647185909616944e+00
1.853648300000000063e+03 -4.199096553033679236e+00
1.858522099999999909e+03 -4.194563732739662321e+00
1.900266100000000051e+03 -4.193681817700868564e+00
1.920391499999999951e+03 -4.193664758437848583e+00
1.970633399999999938e+03 -4.193977582546691174e+00
1.976640599999999949e+03 -4.193509852983766883e+00
2.002861100000000079e+03 -4.184899100901300351e+00
2.011212700000000041e+03 -4.183724907248981495e+00
2.044207300000000032e+03 -4.178477495431633493e+00
2.046597899999999981e+03 -4.183699014042026043e+00
2.103339500000000044e+03 -4.179620086268407420e+00
2.114346199999999953e+03 -4.180074737432215137e+00
2.155676500000000033e+03 -4.177122917282683368e+00
2.175240400000000136e+03 -4.180327481097680042e+00
2.204821100000000115e+03 -4.178873520782577344e+00
2.225156300000000101e+03 -4.178553686987509508e+00
2.252398799999999937e+03 -4.173362088313510299e+00
2.279154300000000148e+03 -4.175534209820990661e+00
2.311545999999999822e+03 -4.176088854119690552e+00
2.326046699999999873e+03 -4.174683543639966743e+00
2.342095899999999801e+03 -4.170189338945414548e+00
2.355450100000000020e+03 -4.166703694824176907e+00
2.409094700000000103e+03 -4.167511745384548050e+00
2.414724000000000160e+03 -4.166521835090614800e+00
2.464410300000000007e+03 -4.166967943917826211e+00
