1.005057000000000045e+02 -1.458106630381750923e+00
1.278824699999999979e+02 -1.457793524979311695e+00
1.505434400000000039e+02 -1.457641150946289654e+00
1.505883599999999944e+02 -1.457652712775196147e+00
1.763833799999999883e+02 -1.456758904375818897e+00
2.014043700000000001e+02 -1.456640110847712277e+00
2.014250299999999925e+02 -1.456645350098220382e+00
2.249806900000000098e+02 -1.455511773786851704e+00
2.513073500000000138e+02 -1.455613790826815190e+00
2.513186800000000005e+02 -1.455616668971978056e+00
2.736926700000000210e+02 -1.453365985212995870e+00
2.997277799999999957e+02 -1.452525848766569760e+00
2.998268899999999917e+02 -1.452551470674750878e+00
3.234876399999999990e+02 -1.451585811253796487e+00
3.490615399999999795e+02 -1.451331918109833197e+00
3.490616999999999734e+02 -1.451332010358424407e+00
3.744400600000000168e+02 -1.448280873782849643e+00
4.042210000000000036e+02 -1.447403460687079813e+00
4.042955299999999852e+02 -1.447422524634273344e+00
4.217676599999999780e+02 -1.444607645244362137e+00
4.462746599999999830e+02 -1.443511073785916476e+00
4.464201899999999910e+02 -1.443548492646649084e+00
4.687667599999999766e+02 -1.440061074434188626e+00
4.991552399999999921e+02 -1.440042126961139868e+00
4.991556199999999990e+02 -1.440042276084111394e+00
5.215786799999999630e+02 -1.437198232710823476e+00
5.490770400000000109e+02 -1.436747519425169983e+00
5.496032800000000407e+02 -1.436883512056676082e+00
5.725594300000000203e+02 -1.433855534639124629e+00
5.981938400000000229e+02 -1.431890081196772080e+00
5.982958399999999983e+02 -1.431916399342084256e+00
6.180363700000000335e+02 -1.429080425650732122e+00
6.521109300000000530e+02 -1.428561777556897283e+00
6.521640599999999495e+02 -1.428575563605068544e+00
6.663272500000000491e+02 -1.425787355861616978e+00
6.976060899999999947e+02 -1.425958537360171974e+00
6.980777600000000120e+02 -1.426080575216462254e+00
7.195143100000000231e+02 -1.423069073151585595e+00
7.460793899999999894e+02 -1.421277200353153747e+00
7.463318000000000438e+02 -1.421342656905008717e+00
7.647634500000000344e+02 -1.420117986008566202e+00
7.987675699999999779e+02 -1.420239584926829224e+00
7.993003400000000056e+02 -1.420377367464153107e+00
8.148727400000000216e+02 -1.416416016902799502e+00
8.547492799999999988e+02 -1.417910679012379660e+00
8.550378100000000359e+02 -1.417985575074159676e+00
8.699825799999999845e+02 -1.414894536322202079e+00
9.106837600000000066e+02 -1.415384391209955295e+00
9.108731299999999464e+02 -1.415432787385656033e+00
9.233819700000000239e+02 -1.412833017727391782e+00
9.579260399999999436e+02 -1.411897125292827848e+00
9.583833399999999756e+02 -1.412015855301274048e+00
9.626453699999999571e+02 -1.408433622395290463e+00
9.956597299999999677e+02 -1.408947018096823767e+00
9.960802499999999782e+02 -1.409055578232738526e+00
1.014553899999999999e+03 -1.407188498329404069e+00
1.054346399999999903e+03 -1.405885482868738379e+00
1.054940499999999929e+03 -1.406038866005051124e+00
1.064121499999999969e+03 -1.404378803806983100e+00
1.098922299999999950e+03 -1.405344717785440567e+00
1.099491299999999910e+03 -1.405491713842849322e+00
1.119358899999999949e+03 -1.403818653374237613e+00
1.147132599999999911e+03 -1.400479015118683668e+00
1.147296399999999949e+03 -1.400521309794371616e+00
1.167350699999999961e+03 -1.401151552647970533e+00
1.208580400000000054e+03 -1.398105131868217832e+00
1.210731299999999919e+03 -1.401986034772808143e+00
1.211250199999999950e+03 -1.402119621014121575e+00
1.244369699999999966e+03 -1.397126307818447710e+00
1.245391000000000076e+03 -1.397390690399352042e+00
1.271171100000000024e+03 -1.399119882200253739e+00
1.300216699999999946e+03 -1.398693881388868299e+00
1.300351300000000037e+03 -1.398728729054025788e+00
1.316817399999999907e+03 -1.396495619038011560e+00
1.343404299999999921e+03 -1.395620642995815786e+00
1.344387400000000071e+03 -1.395875099230790228e+00
1.358458800000000110e+03 -1.392017568621056967e+00
1.399729399999999941e+03 -1.395246121875498790e+00
1.400355099999999993e+03 -1.395407979553372257e+00
1.411367600000000039e+03 -1.392048589729638852e+00
1.437615000000000009e+03 -1.390275292545119834e+00
1.438881000000000085e+03 -1.390603291145598774e+00
1.459063699999999926e+03 -1.390546241491031232e+00
1.491908500000000004e+03 -1.387358006912585484e+00
1.492971099999999979e+03 -1.387632506626264695e+00
1.513417999999999893e+03 -1.389618925853495002e+00
1.561000600000000077e+03 -1.387854333101653737e+00
1.563495699999999943e+03 -1.392837703191529553e+00
1.564005000000000109e+03 -1.392968756756310267e+00
1.584145600000000059e+03 -1.384808008432910409e+00
1.584276900000000069e+03 -1.384841137930465038e+00
1.619366299999999910e+03 -1.388084337327019080e+00
1.646086000000000013e+03 -1.386456495496904751e+00
1.646403199999999970e+03 -1.386538294470415433e+00
1.651978800000000092e+03 -1.382166752827732825e+00
1.691750800000000027e+03 -1.383160595250149782e+00
1.693253400000000056e+03 -1.383548843723788835e+00
1.710220600000000104e+03 -1.379795980252778387e+00
1.746560099999999920e+03 -1.378537299413626460e+00
1.751002600000000029e+03 -1.385087819702683021e+00
1.751253799999999956e+03 -1.385152861674635805e+00
1.795043100000000095e+03 -1.380858724476756061e+00
1.796404899999999998e+03 -1.381210675118019982e+00
1.812689699999999903e+03 -1.378634389722984466e+00
1.856300500000000056e+03 -1.380066648956235209e+00
1.856838600000000042e+03 -1.380206267373328854e+00
1.857711700000000064e+03 -1.376799882591730695e+00
1.902058899999999994e+03 -1.382689206299158480e+00
1.902742099999999937e+03 -1.382865827100987266e+00
1.910298700000000053e+03 -1.374691127422051462e+00
1.955188300000000027e+03 -1.374977847170376188e+00
1.955625600000000077e+03 -1.375090847041175790e+00
1.957931599999999889e+03 -1.372277671744938532e+00
2.007533200000000079e+03 -1.370185091751855655e+00
2.018285000000000082e+03 -1.375984644074025542e+00
2.019452999999999975e+03 -1.376287562150452892e+00
2.033248700000000099e+03 -1.366557363341682318e+00
2.033889599999999973e+03 -1.366723964688669302e+00
2.051455199999999877e+03 -1.366820690636435298e+00
2.091103799999999865e+03 -1.364682183910508551e+00
2.091824399999999969e+03 -1.364869134867212619e+00
2.111674300000000130e+03 -1.363917684226172877e+00
2.161130799999999908e+03 -1.357085730588432071e+00
2.161980599999999868e+03 -1.371259216858392804e+00
2.162563299999999799e+03 -1.357454381139674426e+00
2.163205699999999979e+03 -1.371575268088629951e+00
2.174259799999999814e+03 -1.366135242503817349e+00
2.198395199999999932e+03 -1.357114495948876787e+00
2.254922099999999773e+03 -1.360989121553075387e+00
2.255125500000000102e+03 -1.361041500960941786e+00
2.279622499999999945e+03 -1.360288110637621450e+00
2.287849499999999807e+03 -1.360550309109098688e+00
2.290586800000000039e+03 -1.361258769822501602e+00
2.307716800000000148e+03 -1.355376509574235389e+00
2.341853500000000167e+03 -1.355791440664313452e+00
2.343976799999999912e+03 -1.356340050674656794e+00
2.350732899999999972e+03 -1.345936219771522113e+00
2.394395199999999932e+03 -1.350595765912591784e+00
2.395135099999999966e+03 -1.350787299220291171e+00
2.413050699999999779e+03 -1.345875433250597553e+00
2.443819700000000012e+03 -1.353398476743401080e+00
2.444014099999999871e+03 -1.353448885669928714e+00
