1.037634199999999964e+02 -3.337492424652696243e+00
1.273217800000000040e+02 -3.336757775532951165e+00
1.515944100000000105e+02 -3.336474317185579075e+00
1.770793299999999988e+02 -3.336005633844651541e+00
2.008045299999999997e+02 -3.335331518995397815e+00
2.255013099999999895e+02 -3.334336472298935927e+00
2.501409199999999942e+02 -3.333641423141198157e+00
2.725467600000000061e+02 -3.331854346740198647e+00
3.001888999999999896e+02 -3.331597581383149098e+00
3.222065799999999740e+02 -3.329298647615419604e+00
3.513395300000000248e+02 -3.328886985082302630e+00
3.731974200000000224e+02 -3.326540941482022617e+00
4.011470899999999915e+02 -3.325424639469054533e+00
4.271432399999999916e+02 -3.323784994897272860e+00
4.507387899999999945e+02 -3.321328075337502295e+00
4.732286199999999781e+02 -3.318244474694125756e+00
4.986784000000000106e+02 -3.316266198109535601e+00
5.198913300000000390e+02 -3.313430297180230966e+00
5.476600899999999683e+02 -3.311759797061240018e+00
5.729615599999999631e+02 -3.309724148247077835e+00
6.033949099999999817e+02 -3.308565365593894914e+00
6.219699399999999514e+02 -3.304979939177384196e+00
6.484690100000000257e+02 -3.303116299668238831e+00
6.704476700000000164e+02 -3.301082059646414102e+00
7.045096999999999525e+02 -3.300682602585113479e+00
7.193966900000000351e+02 -3.296342604570318358e+00
7.500093399999999519e+02 -3.294661682780255063e+00
7.679842899999999872e+02 -3.291509206374651164e+00
7.973021400000000085e+02 -3.289811128825669506e+00
8.198998599999999897e+02 -3.287585717066046520e+00
8.474767200000000003e+02 -3.286452010396017531e+00
8.764409500000000435e+02 -3.285602215830627504e+00
8.857823300000000017e+02 -3.279138764658658722e+00
9.176720599999999877e+02 -3.279374702205916314e+00
9.464074500000000398e+02 -3.278409163373006141e+00
9.741563800000000128e+02 -3.278114770266463029e+00
9.942038800000000265e+02 -3.273836629904811169e+00
1.013203499999999963e+03 -3.272253905562100496e+00
1.041195999999999913e+03 -3.271613565026649795e+00
1.062603200000000015e+03 -3.269045065673154227e+00
1.087458800000000110e+03 -3.267314667582891463e+00
1.120181100000000015e+03 -3.268493807669959228e+00
1.146611100000000079e+03 -3.265609666149584367e+00
1.164321599999999989e+03 -3.263871472230576387e+00
1.204623599999999897e+03 -3.264784591552208681e+00
1.212108400000000074e+03 -3.262172441481075769e+00
1.236017599999999902e+03 -3.258146545628275881e+00
1.264665999999999940e+03 -3.259196173348970493e+00
1.303177300000000059e+03 -3.259803647859705222e+00
1.320715799999999945e+03 -3.258147591406640675e+00
1.346393499999999904e+03 -3.256550951924977788e+00
1.376942000000000007e+03 -3.255924940078273710e+00
1.391012199999999893e+03 -3.252869714754521802e+00
1.421749499999999898e+03 -3.253269358606877493e+00
1.447145800000000008e+03 -3.252663883692839875e+00
1.468694999999999936e+03 -3.251544622153395458e+00
1.502257700000000114e+03 -3.250589709528510785e+00
1.513871399999999994e+03 -3.247005577005352528e+00
1.538530199999999923e+03 -3.245193312984704814e+00
1.558495699999999943e+03 -3.244219945901770430e+00
1.596203199999999924e+03 -3.245066955714373869e+00
1.622197599999999966e+03 -3.245577784847141434e+00
1.655860699999999952e+03 -3.246814256076239413e+00
1.668989399999999932e+03 -3.245356973562051106e+00
1.696102900000000091e+03 -3.240397189670798372e+00
1.716892800000000079e+03 -3.241644935409596417e+00
1.743292999999999893e+03 -3.239476375157748222e+00
1.766198699999999917e+03 -3.239926348693913827e+00
1.797597400000000107e+03 -3.239780460211273194e+00
1.818866600000000062e+03 -3.239057467687172842e+00
1.841460199999999986e+03 -3.237250184800692487e+00
1.853245100000000093e+03 -3.234704815262100297e+00
1.894749700000000075e+03 -3.238834285541826397e+00
1.913759800000000041e+03 -3.233627871139095333e+00
1.951117799999999988e+03 -3.235873282568761944e+00
1.954545200000000023e+03 -3.231119805921437216e+00
2.001441199999999981e+03 -3.232073601859266176e+00
2.004448699999999917e+03 -3.232896642924012909e+00
2.029488499999999931e+03 -3.226254267213403804e+00
2.040245499999999993e+03 -3.229337883155200650e+00
2.102722499999999854e+03 -3.233220502138737906e+00
2.111056300000000192e+03 -3.229992602415185488e+00
2.148077000000000226e+03 -3.231035305207777597e+00
2.162103999999999814e+03 -3.231067883938754104e+00
2.195162299999999959e+03 -3.230242700067576411e+00
2.211597400000000107e+03 -3.225821339826099088e+00
2.252224400000000060e+03 -3.224768966618054566e+00
2.262243699999999990e+03 -3.227372232691657405e+00
2.302907299999999850e+03 -3.229993528517656198e+00
2.312743399999999838e+03 -3.224091973943400191e+00
2.347623799999999846e+03 -3.227157185829797825e+00
2.354943999999999960e+03 -3.221104661277022885e+00
2.417524699999999939e+03 -3.222297774913938095e+00
2.428181900000000041e+03 -3.229453697631710973e+00
2.455177000000000135e+03 -3.221846624747124466e+00
