1.212773799999999937e+02 -6.224747182679990942e+00
1.318367900000000077e+02 -6.224772949913961462e+00
1.687081200000000081e+02 -6.224296781125300271e+00
1.699378000000000100e+02 -6.224728661196585300e+00
1.800916499999999871e+02 -6.224534073224494257e+00
2.174541099999999858e+02 -6.223935532829018236e+00
2.184944800000000100e+02 -6.224309313123240095e+00
2.253194399999999860e+02 -6.223280601222430874e+00
2.654321600000000103e+02 -6.223430204138309385e+00
2.654387800000000084e+02 -6.223521982708843936e+00
2.758768600000000220e+02 -6.223353041568784327e+00
3.145221199999999726e+02 -6.222771658703089237e+00
3.146700500000000034e+02 -6.222724922925098490e+00
3.237379000000000246e+02 -6.222335069814023178e+00
3.636867100000000050e+02 -6.222072870683581058e+00
3.664759900000000243e+02 -6.222704396780681435e+00
3.708205600000000004e+02 -6.221114853624371221e+00
4.134451900000000251e+02 -6.221221284908314608e+00
4.168600799999999822e+02 -6.222188062880366743e+00
4.226887100000000146e+02 -6.220676357489754338e+00
4.623521499999999946e+02 -6.220204520498686662e+00
4.626358399999999733e+02 -6.220205093880997183e+00
4.734671599999999785e+02 -6.220111861552861221e+00
5.082164500000000089e+02 -6.217984925281125008e+00
5.109059100000000058e+02 -6.218623721434852314e+00
5.223062800000000152e+02 -6.218711693082995318e+00
5.611737399999999525e+02 -6.217471795677737667e+00
5.619430200000000468e+02 -6.217604518845447181e+00
5.701373399999999947e+02 -6.216853994512189452e+00
6.091627399999999852e+02 -6.215754663137247782e+00
6.093696599999999535e+02 -6.215861076899126481e+00
6.198116499999999860e+02 -6.215378165908365560e+00
6.580022400000000289e+02 -6.213340955616121875e+00
6.626116600000000290e+02 -6.214587538693615798e+00
6.710153900000000249e+02 -6.213754269272184771e+00
7.048200000000000500e+02 -6.210468703665816825e+00
7.081267100000000028e+02 -6.211357647256170900e+00
7.198838600000000270e+02 -6.211668629131035679e+00
7.578456800000000158e+02 -6.209104131503406343e+00
7.626786700000000110e+02 -6.210407494168833864e+00
7.695755699999999706e+02 -6.209060009948063730e+00
8.064366700000000492e+02 -6.206221131367414046e+00
8.115834099999999580e+02 -6.207599498405562244e+00
8.229190999999999576e+02 -6.207125766287028945e+00
8.589663500000000340e+02 -6.204095318878684928e+00
8.590732500000000300e+02 -6.204070033834647724e+00
8.714032200000000330e+02 -6.204279762594064884e+00
9.087002199999999448e+02 -6.201063546381337055e+00
9.096152100000000473e+02 -6.201351992627059495e+00
9.199120000000000346e+02 -6.200699242489742247e+00
9.667698199999999815e+02 -6.199752164677238220e+00
9.699514799999999468e+02 -6.200675440234916458e+00
9.712541899999999941e+02 -6.197377981004369651e+00
1.012388000000000034e+03 -6.194729272277104570e+00
1.012893199999999979e+03 -6.194787619258518951e+00
1.019580199999999991e+03 -6.193053081153180983e+00
1.057528800000000047e+03 -6.190216490948328598e+00
1.059691499999999905e+03 -6.190821897675042429e+00
1.062919699999999921e+03 -6.188579919994554146e+00
1.110997200000000021e+03 -6.187224054416346597e+00
1.114828600000000051e+03 -6.185069829500839056e+00
1.118057900000000018e+03 -6.189125714046920912e+00
1.156698799999999892e+03 -6.182710718791191162e+00
1.156774599999999964e+03 -6.182689606275440397e+00
1.165885899999999992e+03 -6.181977686444681375e+00
1.213272600000000011e+03 -6.179431633440753302e+00
1.215651699999999892e+03 -6.180125550535656487e+00
1.225725100000000111e+03 -6.179184538746391731e+00
1.257439300000000003e+03 -6.173644740060764136e+00
1.261158699999999953e+03 -6.174548778501444346e+00
1.266163600000000088e+03 -6.172729475650910125e+00
1.307007599999999911e+03 -6.168714373662873562e+00
1.313611799999999903e+03 -6.170474611668199216e+00
1.319452500000000100e+03 -6.167793118003077169e+00
1.354715799999999945e+03 -6.163118929212294539e+00
1.358581200000000081e+03 -6.164155358414971531e+00
1.372372800000000097e+03 -6.163812762406102763e+00
1.408173600000000079e+03 -6.160105433623093596e+00
1.412415799999999990e+03 -6.161140046585653174e+00
1.418509299999999939e+03 -6.158759506183610455e+00
1.447823300000000017e+03 -6.153079566245659215e+00
1.459548399999999901e+03 -6.156079189078915270e+00
1.469855900000000020e+03 -6.154839445833522937e+00
1.506672700000000077e+03 -6.150310914128862549e+00
1.509389100000000099e+03 -6.150965834182028580e+00
1.517151000000000067e+03 -6.149277141675216107e+00
1.548393399999999929e+03 -6.143553293101123636e+00
1.557820999999999913e+03 -6.146002219038606995e+00
1.571161000000000058e+03 -6.145804426426010103e+00
1.605197899999999890e+03 -6.139818379130248971e+00
1.605311200000000099e+03 -6.135954427017864532e+00
1.612340099999999893e+03 -6.141710068035706627e+00
1.650876099999999951e+03 -6.134553522940361603e+00
1.655853399999999965e+03 -6.135856028559307340e+00
1.675867600000000039e+03 -6.136870724630217211e+00
1.707510800000000017e+03 -6.130741636774996728e+00
1.710551400000000058e+03 -6.127088449585143870e+00
1.714759199999999964e+03 -6.132671975284125665e+00
1.755921800000000076e+03 -6.126628511095498553e+00
1.759060600000000022e+03 -6.127389576833862428e+00
1.769998700000000099e+03 -6.125986171936146363e+00
1.806603100000000040e+03 -6.122501855373829294e+00
1.815931000000000040e+03 -6.124837483977952246e+00
1.818374800000000050e+03 -6.121219814671033710e+00
1.852353299999999990e+03 -6.116537619537806059e+00
1.859391800000000103e+03 -6.118319556716813601e+00
1.867468399999999974e+03 -6.116595692845472776e+00
1.894943299999999908e+03 -6.107501167888535143e+00
1.912219900000000052e+03 -6.115363096095118856e+00
1.914064699999999903e+03 -6.115766229784445507e+00
1.941278999999999996e+03 -6.106997678728109058e+00
1.947269099999999980e+03 -6.108510619050764312e+00
1.954719299999999976e+03 -6.105756204426888267e+00
2.000058899999999994e+03 -6.105200271771551002e+00
2.003060999999999922e+03 -6.105962126476661922e+00
2.017275200000000041e+03 -6.104950234268533116e+00
2.033529500000000098e+03 -6.098473483108477922e+00
2.044464099999999917e+03 -6.101235670439725922e+00
2.053921200000000226e+03 -6.099848339140334197e+00
2.091848199999999906e+03 -6.093806999426107041e+00
2.100726700000000164e+03 -6.096079370005434761e+00
2.132112900000000081e+03 -6.100067029995435597e+00
2.143461099999999988e+03 -6.090652404136823961e+00
2.150761800000000221e+03 -6.092521970544337861e+00
2.170891599999999926e+03 -6.092373288744491688e+00
2.193103300000000218e+03 -6.083671632895523373e+00
2.195228900000000067e+03 -6.087558207743871463e+00
2.198787600000000111e+03 -6.088459883797846750e+00
2.249571300000000065e+03 -6.084720986897924178e+00
2.249972400000000107e+03 -6.084820099546878858e+00
2.269409400000000005e+03 -6.084928911938119356e+00
2.289968800000000101e+03 -6.077081398168241222e+00
2.301130400000000009e+03 -6.074609169579894719e+00
2.302069599999999809e+03 -6.080217328693978018e+00
2.352007300000000214e+03 -6.077960314221752647e+00
2.355234300000000076e+03 -6.078815929838643051e+00
2.355404799999999796e+03 -6.073743479903236597e+00
2.388091199999999844e+03 -6.070161710792577381e+00
2.391216100000000097e+03 -6.070922236228571300e+00
2.408591199999999844e+03 -6.071045533388710780e+00
2.430258899999999812e+03 -6.060375947777433048e+00
2.439174500000000080e+03 -6.062757135987211221e+00
