9.973635699999999815e+01 -3.462208727076278691e+00
1.276274700000000024e+02 -3.461804642907300167e+00
1.499882900000000063e+02 -3.461548875222716593e+00
1.762179299999999955e+02 -3.461153695863632418e+00
1.998547900000000084e+02 -3.460700688002296577e+00
2.238632399999999905e+02 -3.459919206611139941e+00
2.534012700000000109e+02 -3.460421852133264142e+00
2.731954400000000192e+02 -3.458737492244049694e+00
2.998689800000000218e+02 -3.458163715506603619e+00
3.222741100000000074e+02 -3.457419301068374917e+00
3.534635599999999727e+02 -3.458001985725470906e+00
3.744785800000000222e+02 -3.456529382753379842e+00
4.024367399999999861e+02 -3.455549969244294140e+00
4.237250000000000227e+02 -3.454544910419449444e+00
4.511163999999999987e+02 -3.453350842608017945e+00
4.693591499999999996e+02 -3.451018259344322825e+00
5.088685199999999895e+02 -3.451832869414567462e+00
5.233255299999999579e+02 -3.449049431307693148e+00
5.513569999999999709e+02 -3.448347722182979691e+00
5.744836299999999483e+02 -3.446188618786430791e+00
6.008917300000000523e+02 -3.443996200170176714e+00
6.186486300000000256e+02 -3.440833811874152826e+00
6.512869299999999839e+02 -3.439236809258536809e+00
6.725947099999999637e+02 -3.437367674006716722e+00
7.062767400000000180e+02 -3.435877001566032707e+00
7.213526799999999639e+02 -3.433493035907379642e+00
7.546046999999999798e+02 -3.431822145824595882e+00
7.685892700000000559e+02 -3.428238575421495682e+00
8.091360899999999674e+02 -3.427700686788145212e+00
8.170059599999999591e+02 -3.423377938428400658e+00
8.476354599999999664e+02 -3.422572225538209612e+00
8.669357899999999972e+02 -3.418920181893805310e+00
8.979038000000000466e+02 -3.417667378501885622e+00
9.209134699999999611e+02 -3.414965877004730199e+00
9.502582400000000007e+02 -3.412477689811088233e+00
9.718619800000000168e+02 -3.411044418849170423e+00
1.003355999999999995e+03 -3.408152970978047591e+00
1.021635700000000043e+03 -3.406347699031707421e+00
1.043667300000000068e+03 -3.404816611774809765e+00
1.068638799999999947e+03 -3.401105795519162811e+00
1.099696799999999939e+03 -3.400849999464324203e+00
1.120049700000000030e+03 -3.398209227529043641e+00
1.157879799999999932e+03 -3.397071750323361172e+00
1.172904399999999896e+03 -3.394465475004463162e+00
1.213024699999999939e+03 -3.395437971757307327e+00
1.219781300000000101e+03 -3.390323909845451844e+00
1.245580099999999902e+03 -3.385818265706083796e+00
1.261006399999999985e+03 -3.384339041579796259e+00
1.306680100000000039e+03 -3.385981784517243298e+00
1.309655299999999897e+03 -3.381130385423531060e+00
1.364828899999999976e+03 -3.378178665092482102e+00
1.367141900000000078e+03 -3.384336055796283826e+00
1.392552500000000009e+03 -3.375091696809149333e+00
1.427261600000000044e+03 -3.380144376728519973e+00
1.453914600000000064e+03 -3.375301754474128835e+00
1.473993899999999940e+03 -3.375275118171982669e+00
1.502253600000000006e+03 -3.374715557799611521e+00
1.517163199999999961e+03 -3.372511671559486501e+00
1.541970399999999927e+03 -3.369672435031946467e+00
1.574969499999999925e+03 -3.370056554964529383e+00
1.576807900000000018e+03 -3.360224419227192616e+00
1.611493799999999965e+03 -3.365152029634481234e+00
1.651790600000000040e+03 -3.362142982344424880e+00
1.660815399999999954e+03 -3.362394350857027092e+00
1.691969299999999976e+03 -3.361369025672777955e+00
1.709337299999999914e+03 -3.361072209303704650e+00
1.743070600000000013e+03 -3.356859344404889978e+00
1.748956400000000031e+03 -3.355272758511986808e+00
1.780840300000000070e+03 -3.350621172197762121e+00
1.810261099999999942e+03 -3.356710649635715971e+00
1.837690000000000055e+03 -3.351477273674830393e+00
1.865681199999999990e+03 -3.354397659550776734e+00
1.877857799999999997e+03 -3.351710523561170163e+00
1.902769500000000107e+03 -3.351408937413988376e+00
1.951789600000000064e+03 -3.350452614700783371e+00
1.956949100000000044e+03 -3.349485715421421261e+00
1.996668899999999894e+03 -3.350648741712364043e+00
2.009750299999999925e+03 -3.348552017691315719e+00
2.050228500000000167e+03 -3.347935428705343774e+00
2.067973500000000058e+03 -3.348598429318555780e+00
2.104438500000000204e+03 -3.345386389756276113e+00
2.109788599999999860e+03 -3.344325267526464529e+00
2.150504300000000057e+03 -3.343952450314218616e+00
2.160520199999999932e+03 -3.340693958120313223e+00
2.201594900000000052e+03 -3.344345763111270742e+00
2.226737299999999777e+03 -3.343655618850469580e+00
2.243021900000000187e+03 -3.341018728118234637e+00
2.260107599999999820e+03 -3.340670252563991305e+00
2.309653400000000147e+03 -3.341380466781398884e+00
2.325609199999999873e+03 -3.340455440162070744e+00
2.364644699999999830e+03 -3.341138793113195060e+00
2.368704499999999825e+03 -3.338353200955405331e+00
2.394768099999999777e+03 -3.331790071507928275e+00
2.401259000000000015e+03 -3.336891006995066800e+00
2.434765600000000177e+03 -3.334944947804670878e+00
