1.033198699999999945e+02 1.701915072257276407e+01
1.280946900000000142e+02 1.704767046611031844e+01
1.518129600000000039e+02 1.710490789741502127e+01
1.777524899999999946e+02 1.713035416242621523e+01
2.005889599999999859e+02 1.719144667209444322e+01
2.243035199999999918e+02 1.723982190107876988e+01
2.527679300000000069e+02 1.727617341746386970e+01
2.744680799999999863e+02 1.732648330958680916e+01
3.007882700000000114e+02 1.738375636067575769e+01
3.265505899999999997e+02 1.743178709546102212e+01
3.521645199999999818e+02 1.748122379401587523e+01
3.753921700000000214e+02 1.754670160797883227e+01
3.992986999999999966e+02 1.762291369835131150e+01
4.239256100000000060e+02 1.769387288825564752e+01
4.475414599999999723e+02 1.776407083248524543e+01
4.700612899999999854e+02 1.784536281294524684e+01
5.014649200000000064e+02 1.789450641156116717e+01
5.245058400000000347e+02 1.799609963362507514e+01
5.505200099999999566e+02 1.805634744555261761e+01
5.708989000000000260e+02 1.812610116018725748e+01
6.006508400000000165e+02 1.821736515367392428e+01
6.200541699999999992e+02 1.829407185019336168e+01
6.507424499999999625e+02 1.835664207205373444e+01
6.739887499999999818e+02 1.842535060044779271e+01
6.917564999999999600e+02 1.852432067982902453e+01
7.191509399999999914e+02 1.859745929167514689e+01
7.459927000000000135e+02 1.865786128638306351e+01
7.687563300000000481e+02 1.874572969672298228e+01
7.968122200000000248e+02 1.881009464685527988e+01
8.172140200000000050e+02 1.888823580297170679e+01
8.510358300000000327e+02 1.894253663749236694e+01
8.676836499999999432e+02 1.904267759006716787e+01
9.017843000000000302e+02 1.910094138001221253e+01
9.204350699999999961e+02 1.916378129452473189e+01
9.467605099999999538e+02 1.923745267657235658e+01
9.705922699999999850e+02 1.930232037451659011e+01
1.000026200000000017e+03 1.937067016079788218e+01
1.023916000000000054e+03 1.944458528394056529e+01
1.044392700000000104e+03 1.949811978424587622e+01
1.052549500000000080e+03 1.957667107673519169e+01
1.096666999999999916e+03 1.966785416242621665e+01
1.114988800000000083e+03 1.971913393038876450e+01
1.147157999999999902e+03 1.977697231833910152e+01
1.173041999999999916e+03 1.984097496438021579e+01
1.194523200000000088e+03 1.990435731732139146e+01
1.213277499999999918e+03 1.995344545084469701e+01
1.241260899999999992e+03 2.003925300223895789e+01
1.264223999999999933e+03 2.010854162426216263e+01
1.302018800000000056e+03 2.018597140240179399e+01
1.306644500000000107e+03 2.022602534093222104e+01
1.340507599999999911e+03 2.029165224913494825e+01
1.369753400000000056e+03 2.034208070425401971e+01
1.393811599999999999e+03 2.039826124567473897e+01
1.412403900000000021e+03 2.046328414410747243e+01
1.451625399999999900e+03 2.050760991247710052e+01
1.459043400000000020e+03 2.053755851821697576e+01
1.489228399999999965e+03 2.062353551801343343e+01
1.520297100000000000e+03 2.068870038672908862e+01
1.542981099999999969e+03 2.074819763891715851e+01
1.565893299999999954e+03 2.080943873397109911e+01
1.586094599999999900e+03 2.086701811520455863e+01
1.617694700000000012e+03 2.094891308772643868e+01
1.639604700000000093e+03 2.098299969468756387e+01
1.669110599999999977e+03 2.105432373295338877e+01
1.703217599999999948e+03 2.108702065947486304e+01
1.712174400000000105e+03 2.112601669041318786e+01
1.752447799999999916e+03 2.125548493791980320e+01
1.753803499999999985e+03 2.118942753918176436e+01
1.793805499999999938e+03 2.131763535518013342e+01
1.804035200000000032e+03 2.141979136983513143e+01
1.833515100000000075e+03 2.140598005292082107e+01
1.869327500000000100e+03 2.147103602686749468e+01
1.901692099999999982e+03 2.157373142682678591e+01
1.905192199999999957e+03 2.155597140240179144e+01
1.959928599999999960e+03 2.165951760635050150e+01
1.963127799999999979e+03 2.169619987787502424e+01
2.007185999999999922e+03 2.175403419499287594e+01
2.022245100000000093e+03 2.179968349277427109e+01
2.060244999999999891e+03 2.188947944229595066e+01
2.073833099999999831e+03 2.194171840016283426e+01
2.116405200000000150e+03 2.199898330958681214e+01
2.116424700000000030e+03 2.203289995929167588e+01
2.154507399999999961e+03 2.217985141461428711e+01
2.164762999999999920e+03 2.203194738449012746e+01
2.207458299999999781e+03 2.226069611235497803e+01
2.220838099999999940e+03 2.221453948707510762e+01
2.259271400000000085e+03 2.234704661103195633e+01
2.277735000000000127e+03 2.238781803378791224e+01
2.308287499999999909e+03 2.236763281090982858e+01
2.309565500000000156e+03 2.256212344799511271e+01
2.356060100000000148e+03 2.248459953185426130e+01
2.365956000000000131e+03 2.263929371056381257e+01
2.412869900000000143e+03 2.267949165479340579e+01
2.416264000000000124e+03 2.261316659881945768e+01
2.474758699999999862e+03 2.294192194178709698e+01
