9.990778099999999995e+01 -6.216608223727496885e+00
1.273892699999999962e+02 -6.216621854427727634e+00
1.491116399999999942e+02 -6.216370432224035625e+00
1.758634600000000034e+02 -6.216183216463330830e+00
1.995527099999999905e+02 -6.215695309553453285e+00
2.259758999999999958e+02 -6.215922831082616895e+00
2.509374599999999873e+02 -6.215280939134597560e+00
2.723849000000000160e+02 -6.214126974517212076e+00
3.011470899999999915e+02 -6.214482886712755061e+00
3.192772400000000061e+02 -6.212273392356848944e+00
3.488676699999999755e+02 -6.212550829996943413e+00
3.702106099999999742e+02 -6.211684321858553126e+00
3.958487700000000018e+02 -6.211064688262765365e+00
4.193922699999999963e+02 -6.210083677691864423e+00
4.490316599999999880e+02 -6.210361559969248546e+00
4.724882299999999873e+02 -6.208718955562474662e+00
4.984650300000000129e+02 -6.206715770059316739e+00
5.208866299999999683e+02 -6.205669130643256537e+00
5.520169799999999896e+02 -6.204946337302938097e+00
5.687650099999999611e+02 -6.202960648747673389e+00
6.040376599999999598e+02 -6.202356147624858984e+00
6.160287899999999581e+02 -6.198970748458212832e+00
6.587664899999999761e+02 -6.199965865096713991e+00
6.718926099999999906e+02 -6.197131872450335699e+00
6.999038399999999456e+02 -6.194144348753618523e+00
7.207088599999999587e+02 -6.192147021021561670e+00
7.531541499999999587e+02 -6.191500070592903526e+00
7.639522899999999481e+02 -6.185922990881534744e+00
8.013052999999999884e+02 -6.186332591637381029e+00
8.205653200000000425e+02 -6.183063674785954866e+00
8.492403100000000222e+02 -6.181071072134176170e+00
8.670142600000000357e+02 -6.175541831679947080e+00
8.911761000000000195e+02 -6.173746218783422002e+00
9.142016300000000228e+02 -6.166526580489573028e+00
9.555450200000000223e+02 -6.167376994355473485e+00
9.676981500000000551e+02 -6.162913996480643419e+00
9.973999999999999773e+02 -6.160327403074174590e+00
1.017434899999999971e+03 -6.157350401860752775e+00
1.042386999999999944e+03 -6.155928026455650404e+00
1.071001099999999951e+03 -6.151606431966873956e+00
1.095069300000000112e+03 -6.149495037889313842e+00
1.116759000000000015e+03 -6.146353020440641579e+00
1.153660399999999981e+03 -6.146952710018960708e+00
1.159855900000000020e+03 -6.139547144387508482e+00
1.189411599999999908e+03 -6.138183199804582379e+00
1.212870799999999917e+03 -6.133039341659737964e+00
1.242074000000000069e+03 -6.135990944974164307e+00
1.268125700000000052e+03 -6.131627212170504215e+00
1.297699900000000071e+03 -6.129315475404347957e+00
1.315751400000000103e+03 -6.126095418455562935e+00
1.338665799999999990e+03 -6.121106362873536710e+00
1.368508900000000040e+03 -6.119716981516567955e+00
1.392664899999999989e+03 -6.116360221167864708e+00
1.416202099999999973e+03 -6.117717292892431047e+00
1.445922900000000027e+03 -6.116417910671088087e+00
1.468392399999999952e+03 -6.113538549534733413e+00
1.513351799999999912e+03 -6.111998921544454788e+00
1.519457499999999982e+03 -6.108053755724421663e+00
1.555746200000000044e+03 -6.106227087606154846e+00
1.564668100000000095e+03 -6.104460199626714711e+00
1.608960299999999961e+03 -6.104017678034487027e+00
1.614008100000000013e+03 -6.099796988586479785e+00
1.643228499999999940e+03 -6.096461566837397150e+00
1.664865399999999909e+03 -6.096568671774453385e+00
1.685916999999999916e+03 -6.093115651656439979e+00
1.709996200000000044e+03 -6.091040685665882748e+00
1.738544799999999896e+03 -6.091580542002568599e+00
1.751920800000000099e+03 -6.087404675687401401e+00
1.798796100000000024e+03 -6.088900545461567226e+00
1.823934199999999919e+03 -6.087506918305234827e+00
1.849587600000000066e+03 -6.084690430740526068e+00
1.853860300000000052e+03 -6.081721123146103025e+00
1.896552400000000034e+03 -6.082005794651473174e+00
1.919044300000000021e+03 -6.078902731179725016e+00
1.943582000000000107e+03 -6.074971433958040734e+00
1.951746900000000096e+03 -6.072137688255645038e+00
1.996886799999999994e+03 -6.073281604851257676e+00
2.017216400000000021e+03 -6.070180300955120956e+00
2.053991100000000188e+03 -6.071730850960214809e+00
2.076609399999999823e+03 -6.070251651052632091e+00
2.080990699999999833e+03 -6.067515486906771116e+00
2.106310500000000047e+03 -6.063027676701478796e+00
2.135747400000000198e+03 -6.061322110122302043e+00
2.167553399999999783e+03 -6.062567187468249408e+00
2.188795099999999820e+03 -6.057720710722978907e+00
2.234950499999999920e+03 -6.064616671892530952e+00
2.251865800000000036e+03 -6.052628429096986729e+00
2.270852699999999913e+03 -6.060693851349483907e+00
2.294098399999999856e+03 -6.055808762159493597e+00
2.312303199999999833e+03 -6.051320072522813120e+00
2.352663100000000213e+03 -6.044633006473250525e+00
2.360158399999999801e+03 -6.052903888386095055e+00
2.388846199999999953e+03 -6.050553310991286793e+00
2.407824599999999919e+03 -6.045867706188897017e+00
2.426946399999999812e+03 -6.043852492905350537e+00
