9.874326600000000553e+01 -3.532620271319188987e+00
1.263229000000000042e+02 -3.532613935559084428e+00
1.484793699999999887e+02 -3.532365485881066025e+00
1.750194099999999935e+02 -3.532260504287162206e+00
1.996043500000000108e+02 -3.532254049303764187e+00
2.239740500000000054e+02 -3.531874527332116820e+00
2.477864700000000084e+02 -3.531377245140517207e+00
2.729874100000000112e+02 -3.531281361441620081e+00
3.016091900000000123e+02 -3.531087490224132708e+00
3.204438700000000040e+02 -3.530145109527843772e+00
3.512555800000000090e+02 -3.530827932447889506e+00
3.725980700000000070e+02 -3.529877754138780688e+00
3.988213200000000143e+02 -3.529466166069719968e+00
4.206829799999999864e+02 -3.528124150213860499e+00
4.514951599999999985e+02 -3.527798495004639268e+00
4.698132299999999759e+02 -3.526244542833581797e+00
5.024078900000000090e+02 -3.526942944751493503e+00
5.179699600000000146e+02 -3.523517240390247718e+00
5.520176999999999907e+02 -3.523672301983985733e+00
5.689938899999999649e+02 -3.521595434497859056e+00
5.996170200000000250e+02 -3.520482406201612235e+00
6.163891200000000481e+02 -3.516906410605250333e+00
6.417123400000000402e+02 -3.515276394776190028e+00
6.700005899999999883e+02 -3.514545251174087781e+00
6.953461800000000039e+02 -3.512549504085707763e+00
7.180974200000000565e+02 -3.509126603424842727e+00
7.473471500000000560e+02 -3.507777443079549862e+00
7.634302900000000136e+02 -3.503380502271857821e+00
7.990057699999999841e+02 -3.503266104324373575e+00
8.155418399999999792e+02 -3.497697429374237110e+00
8.553540500000000293e+02 -3.498360276692901394e+00
8.607370499999999538e+02 -3.492358188976319333e+00
8.952024300000000494e+02 -3.492707673129757939e+00
9.210777100000000246e+02 -3.488840160047538053e+00
9.409989100000000235e+02 -3.485955635667990382e+00
9.735426999999999680e+02 -3.484478765774407183e+00
1.007196000000000026e+03 -3.484321496506564753e+00
1.020920600000000036e+03 -3.479631078951396450e+00
1.039701000000000022e+03 -3.476125001638127099e+00
1.060987100000000055e+03 -3.471201411684856630e+00
1.096744300000000067e+03 -3.470784002152317527e+00
1.118831300000000056e+03 -3.468959838160337039e+00
1.151325800000000072e+03 -3.466720174935032706e+00
1.172914899999999989e+03 -3.465067670432365521e+00
1.197514599999999973e+03 -3.462011397984831262e+00
1.209735599999999977e+03 -3.457419039688914175e+00
1.259085299999999961e+03 -3.457400764543374194e+00
1.269935199999999895e+03 -3.458588592384676197e+00
1.297395400000000109e+03 -3.453826110865108490e+00
1.308948799999999892e+03 -3.450410849188425111e+00
1.348579700000000003e+03 -3.452124778669064753e+00
1.366395099999999957e+03 -3.446357882198057609e+00
1.387623700000000099e+03 -3.443849612572897456e+00
1.411184299999999894e+03 -3.442169989922238660e+00
1.442749199999999973e+03 -3.440567474531722070e+00
1.476756399999999985e+03 -3.443255460979723903e+00
1.508095299999999952e+03 -3.441976923916356235e+00
1.527494200000000092e+03 -3.439853161276715365e+00
1.541031400000000076e+03 -3.435670372808085293e+00
1.579139100000000099e+03 -3.437046549595414113e+00
1.604720900000000029e+03 -3.428138785874547345e+00
1.611953899999999976e+03 -3.433991919077748811e+00
1.641014699999999948e+03 -3.426969756175248794e+00
1.668764200000000073e+03 -3.428418284697392071e+00
1.704683999999999969e+03 -3.423964801403745817e+00
1.714688100000000077e+03 -3.429335051876624796e+00
1.742429900000000089e+03 -3.422400712531068034e+00
1.754515100000000075e+03 -3.419806984255730153e+00
1.803776699999999892e+03 -3.420463368881741406e+00
1.824458800000000110e+03 -3.421632666080719254e+00
1.845211800000000039e+03 -3.414513402457264757e+00
1.866465500000000020e+03 -3.416476408980823720e+00
1.905986699999999928e+03 -3.412826389574443287e+00
1.908904700000000048e+03 -3.414557190725897140e+00
1.951417200000000093e+03 -3.412238033317569030e+00
1.987667799999999943e+03 -3.415885537573263964e+00
1.993049199999999928e+03 -3.407059201500626244e+00
2.002098500000000058e+03 -3.408005332409659527e+00
2.035461600000000089e+03 -3.405908497615171449e+00
2.064040500000000065e+03 -3.405540300681327182e+00
2.102186700000000201e+03 -3.404689304492887203e+00
2.122845400000000154e+03 -3.405391886744883578e+00
2.160232700000000023e+03 -3.402392786506236000e+00
2.164721799999999803e+03 -3.404128618630704928e+00
2.200014000000000124e+03 -3.401138727851370280e+00
2.210930600000000140e+03 -3.400161680102294248e+00
2.251128400000000056e+03 -3.399510664417575434e+00
2.255279399999999896e+03 -3.393756231200990126e+00
2.281618699999999990e+03 -3.396634007282083978e+00
2.324385900000000220e+03 -3.398296683089164105e+00
2.352038900000000012e+03 -3.393596205820101019e+00
2.360474200000000110e+03 -3.395219805382883038e+00
2.400130799999999908e+03 -3.390586776138435177e+00
2.409965000000000146e+03 -3.393779377231634253e+00
2.439172300000000178e+03 -3.390419095230384539e+00
