1.031698499999999967e+02 1.742781447180948362e+01
1.283896799999999985e+02 1.746218145735802807e+01
1.514230399999999861e+02 1.749322002849582702e+01
1.761361799999999960e+02 1.752450692041522373e+01
2.004033200000000079e+02 1.756203439853450021e+01
2.262861499999999921e+02 1.759367239975575004e+01
2.484480200000000139e+02 1.763266283329940975e+01
2.714895399999999768e+02 1.767783737024221224e+01
2.976267000000000280e+02 1.770889222470995605e+01
3.230111299999999801e+02 1.774945603500916036e+01
3.501701899999999910e+02 1.778202065947486332e+01
3.700387400000000184e+02 1.782948605739873926e+01
3.977219000000000051e+02 1.787634337472013257e+01
4.234945599999999786e+02 1.791803531447180831e+01
4.484894100000000208e+02 1.795198453083655821e+01
4.697092499999999973e+02 1.799613881538774507e+01
4.990739199999999869e+02 1.805469417870954629e+01
5.231458999999999833e+02 1.809939141054345413e+01
5.480536700000000110e+02 1.814289639731325110e+01
5.705883000000000038e+02 1.818669143089761775e+01
5.958480399999999690e+02 1.824910441685324614e+01
6.199795400000000427e+02 1.829998524323223918e+01
6.481608099999999695e+02 1.833875127213515199e+01
6.701450300000000198e+02 1.841181457358029760e+01
6.929008199999999533e+02 1.844955984123753367e+01
7.189717100000000300e+02 1.852067270506818630e+01
7.502833000000000538e+02 1.857292947282719453e+01
7.675871200000000272e+02 1.863560146549969687e+01
8.006997499999999945e+02 1.868979391410543656e+01
8.225427200000000312e+02 1.875516741298595491e+01
8.432833200000000033e+02 1.880122888255648306e+01
8.647052899999999909e+02 1.886969926725015512e+01
8.949441399999999476e+02 1.891288214939955381e+01
9.165186300000000301e+02 1.897641257887238098e+01
9.485148400000000493e+02 1.905368003256666043e+01
9.683880199999999832e+02 1.913470740891512278e+01
1.004893800000000056e+03 1.915249389375127365e+01
1.021672599999999989e+03 1.923738805210665603e+01
1.046170100000000048e+03 1.927688428658660769e+01
1.075102000000000089e+03 1.933987533075513809e+01
1.098349200000000110e+03 1.941141766741298724e+01
1.117174299999999903e+03 1.946601719926724883e+01
1.149277800000000070e+03 1.955624567474048447e+01
1.169481800000000021e+03 1.962054803582332596e+01
1.199526699999999892e+03 1.966972725422348844e+01
1.220163399999999911e+03 1.975299613270913923e+01
1.250231099999999969e+03 1.979201964176674267e+01
1.270192299999999932e+03 1.984285263586403403e+01
1.290589699999999993e+03 1.991281040097699773e+01
1.314984600000000000e+03 1.999262619580704481e+01
1.354052899999999909e+03 2.001996794219417808e+01
1.366991099999999960e+03 2.009095613677996894e+01
1.390916199999999890e+03 2.018281956035009372e+01
1.410427500000000009e+03 2.024655861998778761e+01
1.443586199999999963e+03 2.029711632403826371e+01
1.463434500000000071e+03 2.033341644616324118e+01
1.494494899999999916e+03 2.039647109708935702e+01
1.516973400000000083e+03 2.046047170771422685e+01
1.541723099999999931e+03 2.055741756564217226e+01
1.562300199999999904e+03 2.060935629961327109e+01
1.603068600000000060e+03 2.067051852228781073e+01
1.609832400000000007e+03 2.077080144514552984e+01
1.632750700000000052e+03 2.084460462039486828e+01
1.664570300000000088e+03 2.088165784652961676e+01
1.694144500000000107e+03 2.095271168328923395e+01
1.715267299999999977e+03 2.104209953185426585e+01
1.742680200000000013e+03 2.109095206594748717e+01
1.769558299999999917e+03 2.115654742519845044e+01
1.788237300000000005e+03 2.124352686749440267e+01
1.806950499999999920e+03 2.134896346427844449e+01
1.862167799999999943e+03 2.137807500508854019e+01
1.866776499999999942e+03 2.152694026053328002e+01
1.896306000000000040e+03 2.147331569305923082e+01
1.912819500000000062e+03 2.157589405658456982e+01
1.940974300000000085e+03 2.164235039690616702e+01
1.966897899999999936e+03 2.175848870343985553e+01
2.004427300000000059e+03 2.186594036230409088e+01
2.008514300000000048e+03 2.184271677182983851e+01
2.060876499999999851e+03 2.194048646448198525e+01
2.064317300000000159e+03 2.204768420516995775e+01
2.104924500000000080e+03 2.218481426826786063e+01
2.109777300000000196e+03 2.220805108894769120e+01
2.155471399999999903e+03 2.233746743334011597e+01
2.171050600000000031e+03 2.233605638102991975e+01
2.203043999999999869e+03 2.238322206391207203e+01
2.220605500000000120e+03 2.251974811723997760e+01
2.256580399999999827e+03 2.251667260329737630e+01
2.270551500000000033e+03 2.274300376552005076e+01
2.303114599999999882e+03 2.285600091593730809e+01
2.313259199999999964e+03 2.273305007123957111e+01
2.361738499999999931e+03 2.294598107062894243e+01
2.366807999999999993e+03 2.300605841644616234e+01
2.399079000000000178e+03 2.305966771829839246e+01
2.422290500000000065e+03 2.333164716059434340e+01
2.462793799999999919e+03 2.326191939751679172e+01
