1.221077099999999973e+02 -4.450594955738297998e+00
1.307460199999999872e+02 -4.450147742088908842e+00
1.691783499999999947e+02 -4.450043879238872790e+00
1.695336700000000008e+02 -4.450250941092271262e+00
1.798949200000000133e+02 -4.450087377029012359e+00
2.175322600000000079e+02 -4.449712147721070821e+00
2.175504999999999995e+02 -4.449612904239620192e+00
2.259386599999999987e+02 -4.449095729752763795e+00
2.650656000000000176e+02 -4.448679426425470318e+00
2.668687600000000089e+02 -4.449238597706870024e+00
2.754203099999999722e+02 -4.448628205837000138e+00
3.144796900000000051e+02 -4.448146350195920640e+00
3.157918999999999983e+02 -4.448396838457531643e+00
3.238114800000000173e+02 -4.447661032478314347e+00
3.619737000000000080e+02 -4.446776777005357673e+00
3.634727800000000002e+02 -4.447235405942816300e+00
3.701909200000000055e+02 -4.446063111104903598e+00
4.117242299999999773e+02 -4.445971324476358788e+00
4.124968299999999886e+02 -4.446101191295524835e+00
4.205057199999999966e+02 -4.445323032892560811e+00
4.602809599999999932e+02 -4.444586947602975791e+00
4.621109099999999899e+02 -4.444994943676092269e+00
4.693381899999999973e+02 -4.444081841377654385e+00
5.123040499999999611e+02 -4.443748754863840134e+00
5.136476199999999608e+02 -4.444020224317531742e+00
5.212649599999999737e+02 -4.443099625265285013e+00
5.618534499999999525e+02 -4.442031190206818358e+00
5.620171199999999772e+02 -4.442006944049190054e+00
5.652400800000000345e+02 -4.439904920497022012e+00
6.137179200000000492e+02 -4.440385402397340364e+00
6.155593300000000454e+02 -4.440947745191659024e+00
6.187242800000000216e+02 -4.438689263470707580e+00
6.611793199999999615e+02 -4.437755821424956615e+00
6.615703099999999495e+02 -4.437789578731950790e+00
6.697076399999999694e+02 -4.436741958230821403e+00
7.140836500000000342e+02 -4.435525815180768383e+00
7.158278500000000122e+02 -4.435892510259007437e+00
7.212427599999999757e+02 -4.434117173846367166e+00
7.564214699999999993e+02 -4.431344178122510691e+00
7.594274500000000216e+02 -4.432074418339579935e+00
7.652412299999999732e+02 -4.430345867618528111e+00
8.096216500000000451e+02 -4.428260927739176900e+00
8.106580699999999524e+02 -4.428590688711632417e+00
8.212446200000000545e+02 -4.427643113942674624e+00
8.618809400000000096e+02 -4.425094524046147448e+00
8.638008899999999812e+02 -4.425519120922879246e+00
8.706654999999999518e+02 -4.424020148446984990e+00
9.079942800000000034e+02 -4.420482868534314491e+00
9.142271100000000388e+02 -4.422024822370259400e+00
9.222307399999999689e+02 -4.420776547791898103e+00
9.634683499999999867e+02 -4.417703523421010914e+00
9.680405600000000277e+02 -4.418971883268232759e+00
9.717588500000000522e+02 -4.416535567583078858e+00
1.006803099999999972e+03 -4.412158047380542847e+00
1.013066199999999981e+03 -4.413714848800170287e+00
1.026784200000000055e+03 -4.413729675960071930e+00
1.060288500000000113e+03 -4.408975165467189150e+00
1.061513699999999972e+03 -4.409229213239422407e+00
1.073419100000000071e+03 -4.409057301476467572e+00
1.113158400000000029e+03 -4.405710764794094736e+00
1.113893800000000056e+03 -4.405824552226075497e+00
1.126921700000000101e+03 -4.405354084912794121e+00
1.160542999999999893e+03 -4.399828376103731564e+00
1.163926899999999932e+03 -4.400768264058154244e+00
1.167250299999999925e+03 -4.398227317175832596e+00
1.212258900000000040e+03 -4.394996001688910248e+00
1.213377400000000080e+03 -4.395361128118382865e+00
1.216653800000000047e+03 -4.392662752966019823e+00
1.262726300000000037e+03 -4.390927777441263835e+00
1.262840699999999970e+03 -4.391030474447369158e+00
1.269436300000000074e+03 -4.389064186311540716e+00
1.311547800000000052e+03 -4.386837169462243224e+00
1.321616099999999960e+03 -4.385597871991643970e+00
1.321807600000000093e+03 -4.389570796018088750e+00
1.357520899999999983e+03 -4.380389696732865268e+00
1.360243199999999888e+03 -4.381032860962512210e+00
1.370370100000000093e+03 -4.379997192302646170e+00
1.406311400000000049e+03 -4.375425564764897857e+00
1.407929599999999937e+03 -4.375803702210850687e+00
1.426169799999999896e+03 -4.376816480482633054e+00
1.450063799999999901e+03 -4.366127332920825665e+00
1.456966599999999971e+03 -4.371202043619462074e+00
1.458713600000000042e+03 -4.371692045496658352e+00
1.499356700000000046e+03 -4.365752729228129958e+00
1.518436899999999923e+03 -4.370721571204950529e+00
1.525009099999999989e+03 -4.368638201747216065e+00
1.554701199999999972e+03 -4.363625873849386494e+00
1.556798700000000053e+03 -4.364130820355867968e+00
1.561409100000000080e+03 -4.361996219779005202e+00
1.601524799999999914e+03 -4.358767293267399978e+00
1.601784499999999980e+03 -4.358840588021901219e+00
1.613305900000000065e+03 -4.358199671253418117e+00
1.654035300000000007e+03 -4.355845457844120361e+00
1.654653099999999995e+03 -4.355966040566635833e+00
1.656874800000000050e+03 -4.353133260114531389e+00
1.703647200000000112e+03 -4.350342707306690926e+00
1.710110799999999927e+03 -4.351966862016922732e+00
1.713609799999999950e+03 -4.349263597003060866e+00
1.758403900000000021e+03 -4.349689733534638059e+00
1.762802899999999909e+03 -4.350874438698187241e+00
1.770140400000000000e+03 -4.348302470398986763e+00
1.799772200000000112e+03 -4.338484201623635350e+00
1.806626299999999901e+03 -4.344499456943717419e+00
1.808783300000000054e+03 -4.345109343699459892e+00
1.846824699999999893e+03 -4.339030867895470323e+00
1.851238800000000083e+03 -4.336301809296660537e+00
1.853328500000000076e+03 -4.340723475354365313e+00
1.902863800000000083e+03 -4.338335056122294198e+00
1.903694799999999987e+03 -4.338527496588004517e+00
1.930111000000000104e+03 -4.341005907989527124e+00
1.950900200000000041e+03 -4.333945463401473575e+00
1.951627300000000105e+03 -4.330334023498017437e+00
1.952476400000000012e+03 -4.334372584248781024e+00
1.985483400000000074e+03 -4.326181553327643314e+00
1.993763799999999947e+03 -4.328263734250556993e+00
1.994704700000000003e+03 -4.325032825419216742e+00
2.038291199999999890e+03 -4.324557520306445468e+00
2.047267299999999977e+03 -4.326829119986391525e+00
2.059836899999999787e+03 -4.325652955412819800e+00
2.100331000000000131e+03 -4.324195168527840138e+00
2.100859399999999823e+03 -4.324320117689766541e+00
2.108552700000000186e+03 -4.324324559839931581e+00
2.128855199999999968e+03 -4.316064458887967525e+00
2.149363299999999981e+03 -4.321295175006862443e+00
2.150720899999999801e+03 -4.319190615480222206e+00
2.202483299999999872e+03 -4.319870567553605767e+00
2.206153999999999996e+03 -4.315967491344411044e+00
2.214325699999999870e+03 -4.322863266654947800e+00
2.240110299999999825e+03 -4.311833648255850804e+00
2.256050299999999879e+03 -4.315037602358822610e+00
2.259742000000000189e+03 -4.316885884235230897e+00
2.280971000000000004e+03 -4.308747604034724787e+00
2.284994900000000143e+03 -4.309878947173407582e+00
2.320021900000000187e+03 -4.314643466586503884e+00
2.343177900000000136e+03 -4.309115963654265080e+00
2.353673499999999876e+03 -4.311824501982994384e+00
2.359940300000000207e+03 -4.311630580707885407e+00
2.386210500000000138e+03 -4.306117859234649181e+00
2.391876400000000103e+03 -4.307645094465700986e+00
2.429795500000000175e+03 -4.311824336095729571e+00
2.456870899999999892e+03 -4.307738938297145381e+00
2.465367600000000039e+03 -4.309858972757222517e+00
