9.997851900000000569e+01 -1.512492682290867085e+00
1.013973000000000013e+02 -1.512502097219079689e+00
1.260113900000000058e+02 -1.511828997346066794e+00
1.498956699999999955e+02 -1.511675093942044246e+00
1.510422800000000052e+02 -1.512344403710550900e+00
1.759575900000000104e+02 -1.511825655969843529e+00
1.998408599999999922e+02 -1.511671237033682447e+00
2.020654399999999953e+02 -1.511679064746027201e+00
2.239044399999999939e+02 -1.510928992579488206e+00
2.468480999999999881e+02 -1.510192819832641309e+00
2.493799899999999923e+02 -1.510444605816030572e+00
2.716249399999999810e+02 -1.509629726091915591e+00
2.990804800000000228e+02 -1.510116396067414213e+00
2.990838800000000219e+02 -1.509459021422241198e+00
3.227272500000000264e+02 -1.508251641162190682e+00
3.510687199999999848e+02 -1.508045908747635000e+00
3.527709800000000087e+02 -1.508402423011169668e+00
3.722752100000000155e+02 -1.505070545270491111e+00
3.984525800000000118e+02 -1.504013064148427725e+00
4.020489999999999782e+02 -1.504876710177074584e+00
4.250418000000000234e+02 -1.501780047530471229e+00
4.500451499999999783e+02 -1.500749814004269878e+00
4.509242800000000102e+02 -1.500664548447814717e+00
4.735322800000000143e+02 -1.496548755396405639e+00
4.981613800000000083e+02 -1.494925485428903800e+00
5.056331099999999878e+02 -1.496149667473453349e+00
5.181540899999999965e+02 -1.491020622243220739e+00
5.510632799999999634e+02 -1.490653735573236105e+00
5.548124500000000126e+02 -1.492047609374078432e+00
5.711239799999999605e+02 -1.487347662264246306e+00
5.939960700000000315e+02 -1.485490096956447958e+00
5.955896599999999808e+02 -1.486286816253492793e+00
6.213683200000000397e+02 -1.482851174153321905e+00
6.554921399999999494e+02 -1.482816205183341118e+00
6.565719599999999900e+02 -1.482046459276248340e+00
6.696135299999999688e+02 -1.478454042518765998e+00
6.953555000000000064e+02 -1.477022654382771583e+00
7.044607499999999618e+02 -1.477752077080957571e+00
7.228773599999999533e+02 -1.475850965633115353e+00
7.525605299999999716e+02 -1.475193290276048064e+00
7.562153200000000197e+02 -1.474713691082269573e+00
7.717003200000000334e+02 -1.472058058520803847e+00
7.972341800000000376e+02 -1.469737077011921134e+00
7.997680000000000291e+02 -1.470278747243029427e+00
8.181580699999999524e+02 -1.466757758189930705e+00
8.511256700000000137e+02 -1.465031556850000305e+00
8.519839699999999993e+02 -1.466020541984333070e+00
8.668481600000000071e+02 -1.463141625087076347e+00
8.937740700000000516e+02 -1.462298163276340546e+00
9.077482199999999466e+02 -1.463868371719440287e+00
9.219333800000000565e+02 -1.460554498248253230e+00
9.525902999999999565e+02 -1.459690384456360457e+00
9.543920299999999770e+02 -1.459990789962290147e+00
9.629411499999999933e+02 -1.455497467833270164e+00
9.957514599999999518e+02 -1.456188165468194518e+00
1.005799200000000042e+03 -1.455878215966877498e+00
1.019034099999999967e+03 -1.454280924395663366e+00
1.048372599999999920e+03 -1.451282262221536667e+00
1.055550799999999981e+03 -1.454097923017746874e+00
1.065221000000000004e+03 -1.449389639160138410e+00
1.098438699999999926e+03 -1.449369249765874779e+00
1.102419599999999946e+03 -1.449242071704179846e+00
1.114967599999999948e+03 -1.447082712679242267e+00
1.131971199999999953e+03 -1.442359359068315028e+00
1.151274200000000064e+03 -1.445839086478092783e+00
1.163423700000000053e+03 -1.444244425567810852e+00
1.188314399999999978e+03 -1.441713921799099740e+00
1.193741600000000062e+03 -1.440818111059401607e+00
1.227390499999999975e+03 -1.444227534550244885e+00
1.247582000000000107e+03 -1.438725629807778850e+00
1.247874499999999898e+03 -1.439793664955657304e+00
1.261572799999999916e+03 -1.437787879224501353e+00
1.284807900000000018e+03 -1.436055962607660330e+00
1.299853699999999890e+03 -1.437670820261738536e+00
1.301573699999999917e+03 -1.434051308008169823e+00
1.340903000000000020e+03 -1.433195307778413197e+00
1.355691199999999981e+03 -1.434013823095547258e+00
1.370829199999999901e+03 -1.433827663852912826e+00
1.395740500000000111e+03 -1.432762540550565955e+00
1.396590200000000095e+03 -1.431796116987261724e+00
1.420137199999999893e+03 -1.430350307999729731e+00
1.447662800000000061e+03 -1.430050947807999462e+00
1.456295900000000074e+03 -1.431653883300823216e+00
1.465658799999999928e+03 -1.427054534048433965e+00
1.493142100000000028e+03 -1.430451189411021229e+00
1.495942600000000084e+03 -1.426719597375670778e+00
1.515426699999999983e+03 -1.425812090227229101e+00
1.546459800000000087e+03 -1.424999633130869636e+00
1.553965999999999894e+03 -1.425215018235371556e+00
1.560933999999999969e+03 -1.421898076392180688e+00
1.598565200000000004e+03 -1.423666588491721230e+00
1.602346800000000030e+03 -1.423872682852830307e+00
1.618537000000000035e+03 -1.420819315787450243e+00
1.637183399999999892e+03 -1.415786229617284508e+00
1.653473099999999931e+03 -1.419328552716190295e+00
1.665888899999999921e+03 -1.417557162688002803e+00
1.701166500000000042e+03 -1.417249381906354078e+00
1.704955799999999954e+03 -1.418222986919612350e+00
1.713097500000000082e+03 -1.415277758108554940e+00
1.731149400000000014e+03 -1.412685068968304147e+00
1.741997499999999945e+03 -1.411638104178838171e+00
1.759340200000000095e+03 -1.407913263437626350e+00
1.801557399999999916e+03 -1.413233112138639891e+00
1.803211000000000013e+03 -1.412311882972395072e+00
1.818961700000000064e+03 -1.409880088753844518e+00
1.846958499999999958e+03 -1.406777141148527033e+00
1.861134900000000016e+03 -1.407271251363718889e+00
1.880747399999999971e+03 -1.409328497300434524e+00
1.888067700000000059e+03 -1.401645426647686099e+00
1.905427899999999909e+03 -1.403356211165068590e+00
1.928145099999999957e+03 -1.404810069208259904e+00
1.938825199999999995e+03 -1.399199675109498386e+00
1.958460199999999986e+03 -1.398536653885017467e+00
1.962316800000000057e+03 -1.400852407949661593e+00
1.993570200000000114e+03 -1.397927403501650012e+00
2.000019099999999980e+03 -1.399750790739421547e+00
2.026271199999999908e+03 -1.400888336117302124e+00
2.040103699999999890e+03 -1.392714872498011403e+00
2.071128400000000056e+03 -1.395835110514652477e+00
2.072844799999999850e+03 -1.389358927715607095e+00
2.073452000000000226e+03 -1.396429802897289019e+00
2.100121700000000146e+03 -1.393941996602357625e+00
2.117974900000000162e+03 -1.390145792192052365e+00
2.155365099999999984e+03 -1.388637620777769532e+00
2.160266000000000076e+03 -1.383189559273754643e+00
2.166915599999999813e+03 -1.388833048432633666e+00
2.199791700000000219e+03 -1.384671733127583959e+00
2.205101099999999860e+03 -1.387315283519727771e+00
2.215655499999999847e+03 -1.382299403441944463e+00
2.229912800000000061e+03 -1.379596740150625722e+00
2.252746799999999894e+03 -1.381085373005733974e+00
2.258039999999999964e+03 -1.374400086484653727e+00
2.301448499999999967e+03 -1.376299943334085452e+00
2.303298299999999927e+03 -1.375266297162140106e+00
2.307260200000000168e+03 -1.370296480782116966e+00
2.337322799999999916e+03 -1.367960944077028174e+00
2.343139900000000125e+03 -1.360543652619073729e+00
2.360022300000000087e+03 -1.372366821066456133e+00
2.386602300000000014e+03 -1.362831400540776006e+00
2.405773900000000140e+03 -1.358193706368563625e+00
2.413340900000000147e+03 -1.368279938732464007e+00
2.438288100000000213e+03 -1.363491651759942691e+00
