9.951522400000000346e+01 -3.298982976442947024e+00
1.272167299999999983e+02 -3.298593787159600055e+00
1.495579999999999927e+02 -3.298346297387185100e+00
1.496992199999999968e+02 -3.298382805568734089e+00
1.767818300000000136e+02 -3.297729202494541045e+00
2.010286199999999894e+02 -3.297529029390644073e+00
2.010980399999999975e+02 -3.297547026728132380e+00
2.253027299999999968e+02 -3.296316480825543405e+00
2.502631900000000087e+02 -3.295784064326506613e+00
2.503850600000000099e+02 -3.295815621033222342e+00
2.711311699999999973e+02 -3.293564971078345671e+00
2.976489199999999755e+02 -3.293537780912429547e+00
2.977652499999999804e+02 -3.293567752762631251e+00
3.251846300000000269e+02 -3.291783472785637876e+00
3.474041100000000029e+02 -3.289673132109206311e+00
3.477246200000000158e+02 -3.289755939439834354e+00
3.723562800000000266e+02 -3.287048607082200036e+00
4.025909399999999891e+02 -3.286831538693073096e+00
4.027343999999999937e+02 -3.286868473303000471e+00
4.220048300000000268e+02 -3.282407967163469387e+00
4.470236899999999878e+02 -3.280639325206560653e+00
4.475248700000000213e+02 -3.280769093756177313e+00
4.696661899999999719e+02 -3.276121347896408409e+00
4.998738000000000170e+02 -3.275799026824630644e+00
5.000007499999999823e+02 -3.275831845927078323e+00
5.244402800000000298e+02 -3.271181703492065829e+00
5.458437400000000252e+02 -3.268866969616874840e+00
5.463456499999999778e+02 -3.268996621573588612e+00
5.753458399999999529e+02 -3.266477515608836146e+00
5.953631599999999935e+02 -3.262877864587936827e+00
5.956104400000000396e+02 -3.262942045818064685e+00
6.174813699999999699e+02 -3.258612501752163215e+00
6.527074800000000323e+02 -3.259330642428476477e+00
6.534991400000000112e+02 -3.259535200528823395e+00
6.713266399999999976e+02 -3.254547587247433427e+00
6.961648300000000518e+02 -3.252102836910940376e+00
6.965786600000000135e+02 -3.252209667548663585e+00
7.175056799999999839e+02 -3.249149893900501240e+00
7.499038299999999708e+02 -3.248431831543109549e+00
7.504074600000000146e+02 -3.248562131695690969e+00
7.695310699999999997e+02 -3.245411776726015329e+00
7.991854399999999714e+02 -3.243407301222518413e+00
7.993282199999999875e+02 -3.243444263580530951e+00
8.215367700000000468e+02 -3.242210804181555606e+00
8.506724600000000009e+02 -3.239879892736730049e+00
8.512113900000000513e+02 -3.240019216871287355e+00
8.661169899999999870e+02 -3.236065416030460273e+00
8.873234499999999798e+02 -3.233455045815427198e+00
8.875453099999999722e+02 -3.233513011667310533e+00
9.133954999999999700e+02 -3.232864180242414065e+00
9.590136800000000221e+02 -3.234546763111973533e+00
9.596537299999999959e+02 -3.234712839404601858e+00
9.598546099999999797e+02 -3.227977471881275484e+00
1.000416799999999967e+03 -3.228806776727421557e+00
1.000995599999999968e+03 -3.228956408050751126e+00
1.018894900000000007e+03 -3.226933265312179167e+00
1.058260399999999890e+03 -3.227506173676138790e+00
1.058288399999999911e+03 -3.227513819316839339e+00
1.074416600000000017e+03 -3.225383514186040745e+00
1.082615700000000061e+03 -3.221601964230502269e+00
1.082871200000000044e+03 -3.221668932004561281e+00
1.109387400000000071e+03 -3.220521302459877777e+00
1.153203299999999899e+03 -3.219066934218057341e+00
1.153879300000000057e+03 -3.219241998988978448e+00
1.169488299999999981e+03 -3.221100511233293329e+00
1.200014899999999898e+03 -3.219843659701661309e+00
1.201175400000000081e+03 -3.220143824712274228e+00
1.213369500000000016e+03 -3.216885190024413976e+00
1.255821799999999939e+03 -3.219192796198329098e+00
1.255894299999999930e+03 -3.219211895089573616e+00
1.274096600000000080e+03 -3.216906815208485426e+00
1.302317000000000007e+03 -3.216326103755980270e+00
1.303166600000000017e+03 -3.216545691385260142e+00
1.319147400000000061e+03 -3.214436511032535471e+00
1.354341899999999896e+03 -3.211233239511867676e+00
1.355385500000000093e+03 -3.211502827347275435e+00
1.362189699999999903e+03 -3.210310087877043195e+00
1.403427300000000059e+03 -3.209707038531378398e+00
1.403777900000000045e+03 -3.209798082694721888e+00
1.417431100000000015e+03 -3.211386632016504983e+00
1.442938499999999976e+03 -3.207876385890084947e+00
1.443928100000000086e+03 -3.208131962765000900e+00
1.466195500000000038e+03 -3.209040625465397589e+00
1.495540400000000091e+03 -3.205451311692085525e+00
1.495762799999999970e+03 -3.205508501207410710e+00
1.515376700000000028e+03 -3.206623406039228907e+00
1.553909200000000055e+03 -3.205190716962793562e+00
1.554910800000000108e+03 -3.205449548732836274e+00
1.565167500000000018e+03 -3.205405862580402943e+00
1.579685799999999972e+03 -3.202257188352725770e+00
1.580571400000000040e+03 -3.202485217646827032e+00
1.616261899999999969e+03 -3.203993267869128303e+00
1.650584299999999985e+03 -3.203884101485912517e+00
1.650689200000000028e+03 -3.203911220224366474e+00
1.664753500000000031e+03 -3.201915990089084119e+00
1.698039600000000064e+03 -3.204786324368463113e+00
1.698512199999999893e+03 -3.204908551762862157e+00
1.710873100000000022e+03 -3.202174465022609162e+00
1.756353499999999940e+03 -3.204305247459977579e+00
1.757613900000000058e+03 -3.204630780640844723e+00
1.762114100000000008e+03 -3.201339714373755196e+00
1.794016200000000026e+03 -3.199407976618719118e+00
1.794682600000000093e+03 -3.199580101629858842e+00
1.820236699999999928e+03 -3.202221099968778351e+00
1.858513799999999947e+03 -3.198909236118657073e+00
1.858517399999999952e+03 -3.202638744034376206e+00
1.858753699999999981e+03 -3.202700392028339671e+00
1.904759800000000041e+03 -3.200225881557118512e+00
1.905179499999999962e+03 -3.195508868420324333e+00
1.905584399999999960e+03 -3.200439311501110051e+00
1.927755799999999908e+03 -3.196875008519023176e+00
1.929130300000000034e+03 -3.197231718039907467e+00
1.964049700000000030e+03 -3.199339375321013534e+00
2.003820600000000013e+03 -3.198168980593187882e+00
2.004374499999999898e+03 -3.198312327427000668e+00
2.012622900000000072e+03 -3.199155266854695867e+00
2.043953099999999949e+03 -3.194547745475772693e+00
2.044506399999999985e+03 -3.194690428343580191e+00
2.067219799999999850e+03 -3.197787207939470466e+00
2.093557699999999841e+03 -3.197479246558394994e+00
2.094288300000000163e+03 -3.197668426516347306e+00
2.109876400000000103e+03 -3.195875901662404761e+00
2.134652300000000196e+03 -3.197074319441766121e+00
2.135070099999999911e+03 -3.197183244997054974e+00
2.151670399999999972e+03 -3.194028640687451404e+00
2.190485099999999875e+03 -3.193592323393207089e+00
2.192205399999999827e+03 -3.194037309619690124e+00
2.205467099999999846e+03 -3.195035690530215522e+00
2.236553499999999985e+03 -3.195463554372809156e+00
2.237204400000000078e+03 -3.195632588262668605e+00
2.251393399999999929e+03 -3.195350442293195314e+00
2.291576199999999972e+03 -3.194633773926877751e+00
2.292457899999999881e+03 -3.194861202076582529e+00
2.314638300000000072e+03 -3.198183614131095975e+00
2.348490200000000186e+03 -3.193132337843295421e+00
2.349504100000000108e+03 -3.195154780916461768e+00
2.350351200000000063e+03 -3.195373722245969272e+00
2.379016900000000078e+03 -3.191148512367195877e+00
2.379233600000000024e+03 -3.191205653110409379e+00
2.437548699999999826e+03 -3.201425782008961551e+00
2.456706999999999880e+03 -3.197372477732828067e+00
2.458241100000000188e+03 -3.197769836406315846e+00
