1.228269800000000060e+02 -3.311646258568794909e+00
1.328844499999999869e+02 -3.311463900794301640e+00
1.716141700000000014e+02 -3.310967857506890599e+00
1.718206299999999942e+02 -3.311151396396017965e+00
1.821131000000000029e+02 -3.310837901933866068e+00
2.195569099999999878e+02 -3.309814025350981126e+00
2.204676100000000076e+02 -3.309928911905137827e+00
2.308410499999999956e+02 -3.309681383384386333e+00
2.693684099999999830e+02 -3.308528609154943290e+00
2.702361599999999839e+02 -3.308634885663905401e+00
2.798027900000000159e+02 -3.308147333514424915e+00
3.172208200000000033e+02 -3.306347710261011485e+00
3.175009400000000142e+02 -3.306321052972310603e+00
3.280788699999999949e+02 -3.306016324054430466e+00
3.665144999999999982e+02 -3.303985724252924250e+00
3.674507800000000088e+02 -3.304325980107029714e+00
3.727649400000000242e+02 -3.302539761664564644e+00
4.169423499999999763e+02 -3.301741745316944865e+00
4.178519000000000005e+02 -3.302076515725251848e+00
4.271450100000000134e+02 -3.301196555673115540e+00
4.669455199999999877e+02 -3.298821979774343660e+00
4.701960599999999886e+02 -3.299548376655164095e+00
4.793007000000000062e+02 -3.298681010270087199e+00
5.192008499999999458e+02 -3.295932641086621651e+00
5.193054499999999507e+02 -3.296075599224120189e+00
5.247251899999999978e+02 -3.294244519807846938e+00
5.679369699999999739e+02 -3.292389673684081419e+00
5.707293300000000045e+02 -3.293000369724923715e+00
5.728460300000000416e+02 -3.290183035767250352e+00
6.136254000000000133e+02 -3.288154024334829728e+00
6.150334800000000541e+02 -3.288431434087171645e+00
6.198958699999999453e+02 -3.286464359379181133e+00
6.604196100000000342e+02 -3.284148979579564642e+00
6.612777700000000323e+02 -3.284316027442339969e+00
6.749455699999999752e+02 -3.284304443155608322e+00
7.088515700000000379e+02 -3.280209499629812342e+00
7.187286199999999781e+02 -3.282670658455804080e+00
7.218480299999999943e+02 -3.280438058938685231e+00
7.592349500000000262e+02 -3.276875304590296079e+00
7.621028300000000399e+02 -3.277672835269809237e+00
7.687474600000000464e+02 -3.275957009867662695e+00
8.057994999999999663e+02 -3.273053357112631900e+00
8.112085799999999836e+02 -3.274492471192264720e+00
8.209149099999999635e+02 -3.273838917441178609e+00
8.589604799999999614e+02 -3.270838254857556748e+00
8.634624800000000278e+02 -3.271934383012401693e+00
8.681045400000000427e+02 -3.270310511446160806e+00
9.103341299999999592e+02 -3.267051230621833113e+00
9.163417200000000093e+02 -3.265833601881673598e+00
9.164563100000000304e+02 -3.268701562742975408e+00
9.544521099999999478e+02 -3.265023571991079177e+00
9.573645599999999831e+02 -3.265745610858564074e+00
9.650263400000000047e+02 -3.264796758928937059e+00
1.000007700000000000e+03 -3.261563676521679334e+00
1.003529300000000035e+03 -3.262465073516340297e+00
1.022351900000000001e+03 -3.264141542217889214e+00
1.047485599999999977e+03 -3.258018505642346963e+00
1.054420399999999972e+03 -3.259809203205631611e+00
1.069753300000000081e+03 -3.260840384510562462e+00
1.108365500000000111e+03 -3.258595152717363774e+00
1.111782799999999952e+03 -3.259537060133958608e+00
1.121007000000000062e+03 -3.258825373404874437e+00
1.152357999999999947e+03 -3.255192189142358750e+00
1.152910399999999981e+03 -3.255347869547824846e+00
1.162798199999999952e+03 -3.254743010393837732e+00
1.204066100000000006e+03 -3.254001803971412699e+00
1.204696899999999914e+03 -3.254141165730783491e+00
1.205393600000000106e+03 -3.251421775228363398e+00
1.253651399999999967e+03 -3.252374733287204389e+00
1.262938200000000052e+03 -3.254821098416534220e+00
1.263884600000000091e+03 -3.252021644011353185e+00
1.297576000000000022e+03 -3.249382111589983246e+00
1.300849200000000110e+03 -3.250224482550667204e+00
1.318824100000000044e+03 -3.251712844023058047e+00
1.349250099999999975e+03 -3.247707819705697663e+00
1.360478699999999890e+03 -3.250572065218097606e+00
1.360609699999999975e+03 -3.247683633341238885e+00
1.399522200000000112e+03 -3.246369230680213214e+00
1.402221399999999903e+03 -3.247055883714657920e+00
1.409146300000000110e+03 -3.245823616883011020e+00
1.447361499999999978e+03 -3.244356121096279022e+00
1.450022099999999909e+03 -3.245048620623522506e+00
1.452691100000000006e+03 -3.242440320010287369e+00
1.499221299999999928e+03 -3.242435413399599398e+00
1.507789899999999989e+03 -3.244598053352797162e+00
1.529277700000000095e+03 -3.246974266136493092e+00
1.543580999999999904e+03 -3.240710067120036175e+00
1.546687100000000100e+03 -3.241484203784141371e+00
1.567950299999999970e+03 -3.243412316358783798e+00
1.601287499999999909e+03 -3.241812704074919615e+00
1.603915700000000015e+03 -3.242457645794440957e+00
1.614863000000000056e+03 -3.241727797785891596e+00
1.646968800000000101e+03 -3.239588645225918384e+00
1.647859300000000076e+03 -3.239823894860083264e+00
1.667990500000000111e+03 -3.241465520031871161e+00
1.687355199999999968e+03 -3.235514831338027086e+00
1.688058299999999917e+03 -3.235766971202633346e+00
1.707925999999999931e+03 -3.237859405749456521e+00
1.740678499999999985e+03 -3.234723994090350718e+00
1.748470199999999977e+03 -3.236719781377498606e+00
1.760549800000000005e+03 -3.236676966473511552e+00
1.795643000000000029e+03 -3.235641380283171387e+00
1.796615900000000011e+03 -3.232374321129423578e+00
1.799653499999999894e+03 -3.236656242768201963e+00
1.838077900000000000e+03 -3.231498070543257217e+00
1.850767900000000054e+03 -3.234792376362698896e+00
1.868238599999999906e+03 -3.235692169015350839e+00
1.887664399999999887e+03 -3.230321544155807523e+00
1.896689499999999953e+03 -3.232606320165355207e+00
1.911601799999999912e+03 -3.232788181796682370e+00
1.931226100000000088e+03 -3.226286041875082056e+00
1.940414099999999962e+03 -3.228731239346908310e+00
1.957633499999999913e+03 -3.230498235700142828e+00
1.993336099999999988e+03 -3.229596275401497074e+00
1.997093900000000076e+03 -3.230536548761619109e+00
2.005669000000000096e+03 -3.228812511675132502e+00
2.028648100000000113e+03 -3.226375700344652486e+00
2.036562699999999950e+03 -3.228300878291611831e+00
2.069771699999999782e+03 -3.232900313863291686e+00
2.098028400000000147e+03 -3.227475383996734060e+00
2.104107700000000023e+03 -3.226419078168669241e+00
2.107560699999999997e+03 -3.229967863840254694e+00
2.134408800000000156e+03 -3.225850266648320641e+00
2.139424300000000130e+03 -3.227074259777454657e+00
2.165484100000000126e+03 -3.229465114369955536e+00
2.186112099999999828e+03 -3.224149582979531914e+00
2.199003799999999956e+03 -3.227432578163254906e+00
2.210281899999999951e+03 -3.225719858554850994e+00
2.248986399999999776e+03 -3.225344915993746842e+00
2.257220200000000204e+03 -3.226187693894600805e+00
2.261212500000000091e+03 -3.228547179629927655e+00
2.282886300000000119e+03 -3.221466032378248023e+00
2.303887600000000020e+03 -3.226848522854955270e+00
2.312947200000000066e+03 -3.225281236730734857e+00
2.342072299999999814e+03 -3.222857265964306883e+00
2.357945900000000165e+03 -3.222459584571251590e+00
2.362327299999999923e+03 -3.228090991565392365e+00
2.388782099999999900e+03 -3.221807195798357171e+00
2.393266799999999876e+03 -3.223003980807707780e+00
2.417098300000000108e+03 -3.224819945851322700e+00
2.451116500000000087e+03 -3.219261488414008276e+00
2.456110299999999825e+03 -3.220533759306140276e+00
