1.230936599999999999e+02 1.203437258294321133e+01
1.323508500000000083e+02 1.204355231019743577e+01
1.716260299999999859e+02 1.207119478933441847e+01
1.718883999999999901e+02 1.207239161408508110e+01
1.804713099999999883e+02 1.207762365153673834e+01
2.172113799999999912e+02 1.209922959495216688e+01
2.192987799999999936e+02 1.210075564828007266e+01
2.288608999999999867e+02 1.210844087115815171e+01
2.659770800000000008e+02 1.214196977406879618e+01
2.661129799999999932e+02 1.214219417870954665e+01
2.762161699999999769e+02 1.215105587217585992e+01
3.148324299999999880e+02 1.218525239161408358e+01
3.164427699999999959e+02 1.218460054956238459e+01
3.263687300000000278e+02 1.219289945043761314e+01
3.665247600000000148e+02 1.222360370445756139e+01
3.670894400000000246e+02 1.222354925707307238e+01
3.752307700000000068e+02 1.223241196824750610e+01
4.144524599999999737e+02 1.226833197638917206e+01
4.166047199999999862e+02 1.226826175452880108e+01
4.264371600000000058e+02 1.228612711174435113e+01
4.657636699999999905e+02 1.231182576836963172e+01
4.692875099999999975e+02 1.231198300427437431e+01
4.753658699999999726e+02 1.231831671076735191e+01
5.160936699999999746e+02 1.235784500305312328e+01
5.170793099999999640e+02 1.235837370242214561e+01
5.239202299999999468e+02 1.238326226338286240e+01
5.635525400000000218e+02 1.241602228780785744e+01
5.655636500000000524e+02 1.241594392428251581e+01
5.758592499999999745e+02 1.242837319356808479e+01
6.089532699999999750e+02 1.246132963566049234e+01
6.142335600000000113e+02 1.246215550580093634e+01
6.211848599999999578e+02 1.248087624669244811e+01
6.665526899999999841e+02 1.252363423570120027e+01
6.693528400000000147e+02 1.252359912477101567e+01
6.733473800000000438e+02 1.254229747608385992e+01
7.118089999999999691e+02 1.257941329126806451e+01
7.122448399999999538e+02 1.257972216568288282e+01
7.279143299999999499e+02 1.259291573376755657e+01
7.604258700000000317e+02 1.263759006716873579e+01
7.627683500000000549e+02 1.263819662120903686e+01
7.736874099999999999e+02 1.266260991247710166e+01
8.112741499999999633e+02 1.269702625686952935e+01
8.123722000000000207e+02 1.269746590677793563e+01
8.223862000000000307e+02 1.271922196214125833e+01
8.542717300000000478e+02 1.277430439649908500e+01
8.574869599999999537e+02 1.277458986362711180e+01
8.735444899999999961e+02 1.277327142275595229e+01
9.194296600000000126e+02 1.283147771219214306e+01
9.203721699999999828e+02 1.283109301852228867e+01
9.211306299999999965e+02 1.284827345817219602e+01
9.587265499999999747e+02 1.289237024221453254e+01
9.592531800000000430e+02 1.289265011194789246e+01
9.658579600000000482e+02 1.291677182983920247e+01
1.012680200000000013e+03 1.295153317728475528e+01
1.013476199999999949e+03 1.298335894565438586e+01
1.015662900000000036e+03 1.295199725218807174e+01
1.056943199999999933e+03 1.305952523916140962e+01
1.065383399999999938e+03 1.302060706289436176e+01
1.068312599999999975e+03 1.302049206187665398e+01
1.105996100000000069e+03 1.309925503765520105e+01
1.108378999999999905e+03 1.309942041522491252e+01
1.122732500000000073e+03 1.311887695908813356e+01
1.154144999999999982e+03 1.317912629757785403e+01
1.155390100000000075e+03 1.317984479951149979e+01
1.173165199999999913e+03 1.316688733971097136e+01
1.204938699999999926e+03 1.321590168939548171e+01
1.206888099999999895e+03 1.324269285568898802e+01
1.208866400000000112e+03 1.321635253409322175e+01
1.250124299999999948e+03 1.330486820679828952e+01
1.254961600000000089e+03 1.330438581314878910e+01
1.265853200000000015e+03 1.329335080398941571e+01
1.307327600000000075e+03 1.339283482597191011e+01
1.315436500000000024e+03 1.335433747201302701e+01
1.315813499999999976e+03 1.335427742723386935e+01
1.353002099999999928e+03 1.345563250559739643e+01
1.355864600000000110e+03 1.343226948911052432e+01
1.360005699999999933e+03 1.343228271931609896e+01
1.402269199999999955e+03 1.348900773458172075e+01
1.406806499999999915e+03 1.348920516995725549e+01
1.409679599999999937e+03 1.352120496641563108e+01
1.451538099999999986e+03 1.356627213515163888e+01
1.452519600000000082e+03 1.356654182780378548e+01
1.468034300000000030e+03 1.357371463464278527e+01
1.502911000000000058e+03 1.362468145735802949e+01
1.505800600000000031e+03 1.362460869122735652e+01
1.512616199999999935e+03 1.363076328109098334e+01
1.546710299999999961e+03 1.369664258090779541e+01
1.550991999999999962e+03 1.369688072460818162e+01
1.565811500000000024e+03 1.371565438632200262e+01
1.603643399999999929e+03 1.376283889680439643e+01
1.605142000000000053e+03 1.376325819255037608e+01
1.612719200000000001e+03 1.377107317321392266e+01
1.642903499999999894e+03 1.383305923061266185e+01
1.652893499999999904e+03 1.383308976185630002e+01
1.654957300000000032e+03 1.384905811113372742e+01
1.704548000000000002e+03 1.390637797679625542e+01
1.705740800000000036e+03 1.390702778343170998e+01
1.718581699999999955e+03 1.389253409322206423e+01
1.745568400000000111e+03 1.398519387339711173e+01
1.756740900000000011e+03 1.396648076531650950e+01
1.765339500000000044e+03 1.396610675758192599e+01
1.796754899999999907e+03 1.404505292082230916e+01
1.800375199999999950e+03 1.404470588235294137e+01
1.815929000000000087e+03 1.403195705271728144e+01
1.845769500000000107e+03 1.411907083248524231e+01
1.851127400000000080e+03 1.411855332790555728e+01
1.851710499999999911e+03 1.410427539181762491e+01
1.879373700000000099e+03 1.418977966619173614e+01
1.887510199999999941e+03 1.419007022186037048e+01
1.887615500000000111e+03 1.416488092814980604e+01
1.952878400000000056e+03 1.423540250356197845e+01
1.955137999999999920e+03 1.423592916751475634e+01
1.964994899999999916e+03 1.424883625076328109e+01
1.976414999999999964e+03 1.429941685324648937e+01
1.989560500000000047e+03 1.429951200895583163e+01
1.989572799999999916e+03 1.430285467128027754e+01
2.039084900000000061e+03 1.438015265621819694e+01
2.052571199999999862e+03 1.438062334622430249e+01
2.066424500000000080e+03 1.439519031141868588e+01
2.094786300000000210e+03 1.442743588438835545e+01
2.097662699999999859e+03 1.442731630368410300e+01
2.105964800000000196e+03 1.445132658253612767e+01
2.123435599999999795e+03 1.450586098107062938e+01
2.127281100000000151e+03 1.450568797069000837e+01
2.160070299999999861e+03 1.448385558721758493e+01
2.191623900000000049e+03 1.456863270913902042e+01
2.197075600000000122e+03 1.456884846326073735e+01
2.215180899999999838e+03 1.457576429879910407e+01
2.239803600000000188e+03 1.466216619173621005e+01
2.243504100000000108e+03 1.466176623244453658e+01
2.265433399999999892e+03 1.467175452880113973e+01
2.287753400000000056e+03 1.470528088744148221e+01
2.299699999999999818e+03 1.470489568491756494e+01
2.309234699999999975e+03 1.470827345817219545e+01
2.335809400000000096e+03 1.479879706900061187e+01
2.336621299999999792e+03 1.479855587217585899e+01
2.362903499999999894e+03 1.480850396906167177e+01
2.392025500000000193e+03 1.485651485853857068e+01
2.397771799999999985e+03 1.485619886016690572e+01
2.409117600000000039e+03 1.485560299206187729e+01
2.439872600000000148e+03 1.491798035823325996e+01
2.447824099999999817e+03 1.491819865662528066e+01
