1.227677999999999940e+02 -2.805940698827301460e+00
1.328074599999999919e+02 -2.805737148170851292e+00
1.718441899999999976e+02 -2.805342150263685497e+00
1.720760999999999967e+02 -2.805533489734242991e+00
1.820979000000000099e+02 -2.805132720650260314e+00
2.195181599999999946e+02 -2.804221471575869096e+00
2.196637399999999900e+02 -2.804143800574076639e+00
2.309230599999999924e+02 -2.804045145155756646e+00
2.666901599999999917e+02 -2.802347270341779772e+00
2.673516399999999749e+02 -2.802418591580702945e+00
2.772837799999999788e+02 -2.802055807859769487e+00
3.185754299999999830e+02 -2.801510900047650576e+00
3.187501100000000065e+02 -2.801447570619623129e+00
3.257505600000000072e+02 -2.800249897047296432e+00
3.666715699999999742e+02 -2.799114412612930369e+00
3.670543099999999868e+02 -2.799310193450644135e+00
3.769142299999999750e+02 -2.798542926273094089e+00
4.175899999999999750e+02 -2.796740846812743708e+00
4.189600899999999797e+02 -2.797198187072960529e+00
4.266152900000000159e+02 -2.795764324495521258e+00
4.651784700000000043e+02 -2.793695866423165253e+00
4.671539999999999964e+02 -2.794111577205867558e+00
4.726336800000000267e+02 -2.792383414600560609e+00
5.143901200000000244e+02 -2.790730239669117374e+00
5.167608900000000176e+02 -2.791429127250028230e+00
5.235639400000000023e+02 -2.789916784558839513e+00
5.636372999999999820e+02 -2.787529700834539881e+00
5.661603699999999435e+02 -2.788264704331602672e+00
5.775730800000000045e+02 -2.787641536785075314e+00
6.131974900000000162e+02 -2.784016991554821630e+00
6.133747399999999743e+02 -2.783988674172054534e+00
6.207661299999999756e+02 -2.782645373924347076e+00
6.625667899999999690e+02 -2.780112474626853736e+00
6.647787499999999454e+02 -2.780759315413306343e+00
6.708448899999999639e+02 -2.779050716765091078e+00
7.131531800000000203e+02 -2.776633682536371772e+00
7.151547199999999975e+02 -2.777228059209003064e+00
7.226884599999999637e+02 -2.775722088478564054e+00
7.666786799999999857e+02 -2.773074539956082329e+00
7.668178299999999581e+02 -2.773017290937507706e+00
7.712322299999999586e+02 -2.770561971608490826e+00
8.165776799999999866e+02 -2.767911225220939908e+00
8.196632700000000114e+02 -2.768808392635809579e+00
8.202952299999999468e+02 -2.765924799647702770e+00
8.556950699999999870e+02 -2.762183578613696788e+00
8.571800700000000006e+02 -2.762531504696474016e+00
8.708887700000000223e+02 -2.762475028781409048e+00
9.079334499999999935e+02 -2.758953251052393973e+00
9.080012000000000398e+02 -2.759014476340039046e+00
9.143010000000000446e+02 -2.757103562102244165e+00
9.633196799999999484e+02 -2.755522966326998890e+00
9.656578700000000026e+02 -2.756206663570267779e+00
9.701678500000000440e+02 -2.754053124610180259e+00
1.009343600000000038e+03 -2.750857764492076196e+00
1.010509999999999991e+03 -2.751100478584522335e+00
1.015065600000000018e+03 -2.749365562124177487e+00
1.064484799999999950e+03 -2.748583501618927283e+00
1.065870400000000018e+03 -2.749026838089185354e+00
1.071312100000000100e+03 -2.747190444522403574e+00
1.105595800000000054e+03 -2.743189429331593931e+00
1.108667099999999891e+03 -2.744021280270218632e+00
1.119552799999999934e+03 -2.743867050280786479e+00
1.161604900000000043e+03 -2.741232656180565996e+00
1.167195200000000114e+03 -2.739156131959458840e+00
1.169534100000000080e+03 -2.743184608721739082e+00
1.207723999999999933e+03 -2.736589261573248777e+00
1.212267700000000104e+03 -2.737821297221814110e+00
1.222224999999999909e+03 -2.736902988551797478e+00
1.254246799999999894e+03 -2.733573842281609156e+00
1.259838799999999992e+03 -2.735057853208910927e+00
1.264518199999999979e+03 -2.732903944159340792e+00
1.294763400000000047e+03 -2.726989773580435372e+00
1.301801200000000108e+03 -2.728793308749303037e+00
1.308429100000000062e+03 -2.727339950493081755e+00
1.355865999999999985e+03 -2.725667245634341818e+00
1.369436799999999948e+03 -2.729239021716762803e+00
1.372413199999999961e+03 -2.726384370868516260e+00
1.407236200000000053e+03 -2.722847831438577337e+00
1.410843100000000049e+03 -2.723830714335760739e+00
1.412048700000000053e+03 -2.720576998191256646e+00
1.454645199999999932e+03 -2.715524264373053498e+00
1.461419399999999996e+03 -2.720672792305755205e+00
1.462691800000000057e+03 -2.720932274458687239e+00
1.506498199999999997e+03 -2.716384518057092912e+00
1.509164700000000039e+03 -2.713707740897799869e+00
1.516898300000000063e+03 -2.719131160325598540e+00
1.548355099999999993e+03 -2.711213756128115548e+00
1.551752400000000080e+03 -2.712095994876634997e+00
1.565472600000000057e+03 -2.712250358824300989e+00
1.601484300000000076e+03 -2.709755093107279134e+00
1.602178599999999960e+03 -2.709946185352681169e+00
1.612018299999999954e+03 -2.709142141950810156e+00
1.656063900000000103e+03 -2.708015525363677511e+00
1.657433199999999943e+03 -2.708321277310121289e+00
1.670974400000000060e+03 -2.707882398964277737e+00
1.693500999999999976e+03 -2.703250192964228305e+00
1.694300099999999929e+03 -2.703425583469591942e+00
1.719313300000000027e+03 -2.706015492537912071e+00
1.745888300000000072e+03 -2.699840167566564197e+00
1.747354399999999941e+03 -2.700236739070241754e+00
1.762757299999999987e+03 -2.700939334497277855e+00
1.807445400000000063e+03 -2.697556620737552091e+00
1.815335600000000113e+03 -2.702110540666429639e+00
1.821131000000000085e+03 -2.703717865257653230e+00
1.847878099999999904e+03 -2.697084334636122627e+00
1.848316399999999931e+03 -2.697191130580260943e+00
1.865004899999999907e+03 -2.697292688198847710e+00
1.902112699999999904e+03 -2.695855923544677513e+00
1.907462600000000066e+03 -2.697267220606203164e+00
1.912010199999999941e+03 -2.694951923346650791e+00
1.928785399999999981e+03 -2.687611921508842094e+00
1.939087500000000091e+03 -2.690183269534590860e+00
1.969635399999999890e+03 -2.694534458570242208e+00
2.001643499999999904e+03 -2.688904040066411483e+00
2.006659100000000080e+03 -2.690227692672612747e+00
2.031483199999999897e+03 -2.692307592076374601e+00
2.037717000000000098e+03 -2.682590688188946082e+00
2.042243400000000065e+03 -2.683807311080781410e+00
2.060019499999999880e+03 -2.683855565178327574e+00
2.096316100000000006e+03 -2.679820222900823445e+00
2.101370600000000195e+03 -2.681120194907263166e+00
2.106931099999999788e+03 -2.678065480328385650e+00
2.145449999999999818e+03 -2.678402326470135542e+00
2.148396900000000187e+03 -2.679171435403035595e+00
2.157673400000000129e+03 -2.677751968634213497e+00
2.189729100000000017e+03 -2.676512341328365796e+00
2.193119700000000194e+03 -2.677342318785271402e+00
2.220108700000000226e+03 -2.679988197730379440e+00
2.242065500000000156e+03 -2.672209603023491198e+00
2.246347400000000107e+03 -2.673283433022489497e+00
2.264347099999999955e+03 -2.673294743545593821e+00
2.295132999999999811e+03 -2.668241299114621157e+00
2.295421499999999924e+03 -2.664134577406556126e+00
2.304078399999999874e+03 -2.670550352015570894e+00
2.334616399999999885e+03 -2.665542071465980101e+00
2.336355100000000220e+03 -2.666063410225123054e+00
2.360946899999999914e+03 -2.668529062496564741e+00
2.392211699999999837e+03 -2.664339755022859801e+00
2.398022500000000036e+03 -2.665820234441686587e+00
2.408689699999999903e+03 -2.664506118707012927e+00
2.463730799999999817e+03 -2.663145882326409808e+00
2.468969599999999900e+03 -2.664409131548822085e+00
