1.214427900000000022e+02 1.198680999389375224e+01
1.312470700000000079e+02 1.199255800936291472e+01
1.694526400000000024e+02 1.201562283737024117e+01
1.706792299999999898e+02 1.201531752493384886e+01
1.787207999999999970e+02 1.202396244657032298e+01
2.166005199999999888e+02 1.204513840830449745e+01
2.181820299999999975e+02 1.204510482393649440e+01
2.275770200000000045e+02 1.205040606554040217e+01
2.655062699999999722e+02 1.207416853246488841e+01
2.666152700000000095e+02 1.207298442906574465e+01
2.753856099999999856e+02 1.207864390392835396e+01
3.141312100000000100e+02 1.210502137187054750e+01
3.143983099999999808e+02 1.210604264197028357e+01
3.247697200000000066e+02 1.211476440056991599e+01
3.632784399999999891e+02 1.214366324038265788e+01
3.636396399999999858e+02 1.214393293303480625e+01
3.740243899999999826e+02 1.215139476898025528e+01
4.130930399999999736e+02 1.217607469977610357e+01
4.152621399999999880e+02 1.217638611846122565e+01
4.229302900000000136e+02 1.218350295135355310e+01
4.627620200000000068e+02 1.221282922857724351e+01
4.633112399999999980e+02 1.221300122124974585e+01
4.716208799999999997e+02 1.221968603704457479e+01
5.143803299999999581e+02 1.224895939344595952e+01
5.156365799999999808e+02 1.224869122735599447e+01
5.253607299999999896e+02 1.225252544270303368e+01
5.599164299999999912e+02 1.228117748829635758e+01
5.605032599999999547e+02 1.228191685324648930e+01
5.682165599999999586e+02 1.228939344595969807e+01
6.111539400000000342e+02 1.232495369428047916e+01
6.113038599999999860e+02 1.232467280683899880e+01
6.187990499999999656e+02 1.233495165886423806e+01
6.590274200000000064e+02 1.236928658660696101e+01
6.627969500000000380e+02 1.236914766944840238e+01
6.719147900000000391e+02 1.236906269082027343e+01
7.096591600000000426e+02 1.241033533482597129e+01
7.120261500000000296e+02 1.241033126399348596e+01
7.215045499999999947e+02 1.241469672297984950e+01
7.620217800000000352e+02 1.246774272338693201e+01
7.629407499999999800e+02 1.245072206391206926e+01
7.631498900000000276e+02 1.245126297577854757e+01
8.122693900000000440e+02 1.249758243435782568e+01
8.129016800000000558e+02 1.249711734174638700e+01
8.270151700000000119e+02 1.251568949725218793e+01
8.574978700000000345e+02 1.254389018929371069e+01
8.622921300000000429e+02 1.254446926521473671e+01
8.693694400000000542e+02 1.255997557500508854e+01
9.183272299999999859e+02 1.258949165479340593e+01
9.201081299999999601e+02 1.261922603297374224e+01
9.218822900000000118e+02 1.258985955627925968e+01
9.642774600000000191e+02 1.264265672705068155e+01
9.677660300000000007e+02 1.264317117850600525e+01
9.694439700000000357e+02 1.266451862405861917e+01
1.009268000000000029e+03 1.270167870954610301e+01
1.015009099999999989e+03 1.270185782617545378e+01
1.019038499999999999e+03 1.270359301852228739e+01
1.061596800000000030e+03 1.276333146753511016e+01
1.064808700000000044e+03 1.276238601669041373e+01
1.081582300000000032e+03 1.275056279259108472e+01
1.110498499999999922e+03 1.281258650519031228e+01
1.113440700000000106e+03 1.281049358843883645e+01
1.114268299999999954e+03 1.281214074903317801e+01
1.151550400000000081e+03 1.287721046203948738e+01
1.156953099999999949e+03 1.287642682678607819e+01
1.165209700000000112e+03 1.285385558721758592e+01
1.207037000000000035e+03 1.293109149196010499e+01
1.212936799999999948e+03 1.293007327498473380e+01
1.222316000000000031e+03 1.291238143700386765e+01
1.249467399999999998e+03 1.297808925300223848e+01
1.264246000000000095e+03 1.297769641766741344e+01
1.264388400000000047e+03 1.297913851007531072e+01
1.315385500000000093e+03 1.304544270303277109e+01
1.316877199999999903e+03 1.303044880928149851e+01
1.318695300000000088e+03 1.302999898229187892e+01
1.362422499999999900e+03 1.307614186851211002e+01
1.362882499999999936e+03 1.307610930185222919e+01
1.374335100000000011e+03 1.310042692855688884e+01
1.404496100000000069e+03 1.313679727254223550e+01
1.405072300000000041e+03 1.313697893344188827e+01
1.412748700000000099e+03 1.314882658253612746e+01
1.446571799999999939e+03 1.319188479544066794e+01
1.456606500000000096e+03 1.319196061469570580e+01
1.459590400000000045e+03 1.320377925910848838e+01
1.502761400000000094e+03 1.324453541624262165e+01
1.512204700000000003e+03 1.324452574801546945e+01
1.514454400000000078e+03 1.325620089558314518e+01
1.556318299999999908e+03 1.329940056991654806e+01
1.556588999999999942e+03 1.329943262772236956e+01
1.564245300000000043e+03 1.332110624872786531e+01
1.595933299999999917e+03 1.335373498880520948e+01
1.599724300000000085e+03 1.337438733971097271e+01
1.606519199999999955e+03 1.335387441481783100e+01
1.655118099999999913e+03 1.341592458782821140e+01
1.656630300000000034e+03 1.341520303277020254e+01
1.657003200000000106e+03 1.340593934459597136e+01
1.703296299999999974e+03 1.346056279259108379e+01
1.703611300000000028e+03 1.346043354365967915e+01
1.721170299999999997e+03 1.348605790759210343e+01
1.753890300000000025e+03 1.354324954203134546e+01
1.754968000000000075e+03 1.353044372074089274e+01
1.757199200000000019e+03 1.354410594341542939e+01
1.794143100000000004e+03 1.356907337675554537e+01
1.799297600000000102e+03 1.356889883981274103e+01
1.812856700000000046e+03 1.360208426623244371e+01
1.840976100000000088e+03 1.363869224506411726e+01
1.842714899999999943e+03 1.363831314878892798e+01
1.863255200000000059e+03 1.362970639120700156e+01
1.884019900000000007e+03 1.369305007123956841e+01
1.900682999999999993e+03 1.369268878485650198e+01
1.908047700000000077e+03 1.368907439446366858e+01
1.934923700000000053e+03 1.373541675147567531e+01
1.941376500000000078e+03 1.373568644412782547e+01
1.959946300000000065e+03 1.375842204355790876e+01
2.001222600000000057e+03 1.379561978424587920e+01
2.014690000000000055e+03 1.379539283533482497e+01
2.017476300000000037e+03 1.379899043354365951e+01
2.047718499999999949e+03 1.384308569102381448e+01
2.049561900000000151e+03 1.384333299409729179e+01
2.060345200000000204e+03 1.386325055973946618e+01
2.095925200000000132e+03 1.391454152249134957e+01
2.096254899999999907e+03 1.391467229798493932e+01
2.113744900000000143e+03 1.392583808263790068e+01
2.142353200000000015e+03 1.396920974964380058e+01
2.148921800000000076e+03 1.399170618766537721e+01
2.154024800000000141e+03 1.396933085691023635e+01
2.201866899999999987e+03 1.403803327905556664e+01
2.213432200000000194e+03 1.401597292896397384e+01
2.218183899999999994e+03 1.401628027681660882e+01
2.248525200000000041e+03 1.405285314471809421e+01
2.263041999999999916e+03 1.409397822104620346e+01
2.271259900000000016e+03 1.409327905556686389e+01
2.285092999999999847e+03 1.413718298392021033e+01
2.290235799999999927e+03 1.413753053124363923e+01
2.308132300000000214e+03 1.410451404437207223e+01
2.339352199999999812e+03 1.418094036230409216e+01
2.345945200000000114e+03 1.418108691227355855e+01
2.353788000000000011e+03 1.418200284958273905e+01
2.378704200000000128e+03 1.423386627315285935e+01
2.392172099999999773e+03 1.423415835538367524e+01
2.413929099999999835e+03 1.421274221453287190e+01
2.443916700000000219e+03 1.429547679625483525e+01
2.454653400000000147e+03 1.429532057805821310e+01
