9.981950700000000154e+01 -3.532308433875834819e+00
1.268520199999999960e+02 -3.532196072687220578e+00
1.498887100000000032e+02 -3.532097933357094988e+00
1.500218500000000006e+02 -3.532132352697779254e+00
1.761108000000000118e+02 -3.531984437426107348e+00
1.997900799999999890e+02 -3.531430193658935845e+00
1.998324900000000071e+02 -3.531441157488276694e+00
2.234837699999999927e+02 -3.531160206407293334e+00
2.486427700000000129e+02 -3.530824597826930145e+00
2.487373800000000017e+02 -3.530849107280927157e+00
2.717901299999999765e+02 -3.530324018620352167e+00
2.993006899999999746e+02 -3.530721360559900823e+00
2.996155899999999974e+02 -3.530802768479245124e+00
3.225923199999999724e+02 -3.529861884248968629e+00
3.504412399999999934e+02 -3.529660661940350774e+00
3.506059300000000007e+02 -3.529703288469569156e+00
3.694174499999999739e+02 -3.528145873026989676e+00
4.024855499999999893e+02 -3.528767604902090405e+00
4.025799999999999841e+02 -3.528791869451277208e+00
4.213244599999999878e+02 -3.527407632623909439e+00
4.561643900000000258e+02 -3.526766015427582612e+00
4.565606099999999969e+02 -3.526868140873489654e+00
4.754535799999999881e+02 -3.527196375811957108e+00
4.997600899999999911e+02 -3.525538203698991957e+00
5.000253599999999778e+02 -3.525606832160658843e+00
5.217677999999999656e+02 -3.523719289678895361e+00
5.521565399999999499e+02 -3.522629933133622604e+00
5.522231699999999819e+02 -3.522647005658941399e+00
5.668346699999999601e+02 -3.519795985429791330e+00
6.035444899999999961e+02 -3.520020939133777560e+00
6.039484899999999925e+02 -3.520125177635389679e+00
6.206025100000000521e+02 -3.517714921019368113e+00
6.435789099999999507e+02 -3.515557739387149105e+00
6.443604299999999512e+02 -3.515759472553993792e+00
6.705703700000000254e+02 -3.513250712666971420e+00
6.962227100000000064e+02 -3.510826481093547891e+00
6.966007399999999734e+02 -3.510924056718529140e+00
7.177492200000000366e+02 -3.507557042725767182e+00
7.501221600000000080e+02 -3.505993311850041927e+00
7.503560700000000452e+02 -3.506053782241956185e+00
7.681503000000000156e+02 -3.502777698269832651e+00
8.055154800000000250e+02 -3.501215735259785689e+00
8.060497299999999541e+02 -3.501354205719011681e+00
8.232660100000000511e+02 -3.499571698156525912e+00
8.504394099999999526e+02 -3.497762653017143730e+00
8.506090500000000247e+02 -3.497806559219913236e+00
8.694293099999999868e+02 -3.494026795058963852e+00
9.017070400000000063e+02 -3.492622401245630837e+00
9.017147700000000441e+02 -3.492624297833715197e+00
9.196109199999999646e+02 -3.488814364775341570e+00
9.491864699999999857e+02 -3.485510508051159029e+00
9.497691399999999931e+02 -3.485661088961129472e+00
9.633048199999999497e+02 -3.482370793762469496e+00
9.979170100000000048e+02 -3.482059727254687154e+00
9.984093000000000302e+02 -3.482186943135282764e+00
1.014615699999999947e+03 -3.477315455930409360e+00
1.051198699999999917e+03 -3.477181245145032129e+00
1.051678900000000112e+03 -3.477305335519927709e+00
1.070661499999999933e+03 -3.474260802253243519e+00
1.104031400000000076e+03 -3.472957909395764986e+00
1.104159100000000080e+03 -3.472991176815174885e+00
1.118444300000000112e+03 -3.468683880106785189e+00
1.143310799999999972e+03 -3.466066008819007838e+00
1.144018499999999904e+03 -3.466248658046170661e+00
1.160518399999999929e+03 -3.464323085107497757e+00
1.209127300000000105e+03 -3.465798114208200609e+00
1.209498000000000047e+03 -3.465893489569811692e+00
1.212722299999999905e+03 -3.459708818337029257e+00
1.244647500000000036e+03 -3.457811141136039268e+00
1.244854399999999941e+03 -3.457864883332241845e+00
1.259591100000000097e+03 -3.453909093626352345e+00
1.296971399999999903e+03 -3.453891340678933553e+00
1.297129699999999957e+03 -3.453932213495122028e+00
1.317378999999999905e+03 -3.451824805447238909e+00
1.345444199999999910e+03 -3.449014016484014178e+00
1.346376500000000078e+03 -3.449255289022205684e+00
1.362641699999999901e+03 -3.448398341277702617e+00
1.400531600000000026e+03 -3.447610589795022662e+00
1.401776399999999967e+03 -3.447932446263152428e+00
1.417702900000000000e+03 -3.444452267155818870e+00
1.454925700000000006e+03 -3.442341995979358416e+00
1.455121699999999919e+03 -3.442392309683679930e+00
1.468616299999999910e+03 -3.439672912907675073e+00
1.499473199999999906e+03 -3.438341365014503825e+00
1.500991600000000062e+03 -3.438733901644329460e+00
1.514592499999999973e+03 -3.437340428441225892e+00
1.542319799999999987e+03 -3.432471900907080098e+00
1.544378200000000106e+03 -3.433003885631547458e+00
1.561413199999999961e+03 -3.432292771263655062e+00
1.612903499999999894e+03 -3.434564602744336614e+00
1.613569500000000062e+03 -3.434737540284821922e+00
1.614780999999999949e+03 -3.430707922173911406e+00
1.658603000000000065e+03 -3.426112549995741219e+00
1.660941700000000083e+03 -3.432038084762974783e+00
1.661048099999999977e+03 -3.432065031541825295e+00
1.693960399999999936e+03 -3.424333133684552610e+00
1.694622800000000097e+03 -3.424504071959838303e+00
1.700552200000000084e+03 -3.422202928102847874e+00
1.739875299999999925e+03 -3.420297289226330140e+00
1.739986100000000079e+03 -3.420325322607374208e+00
1.767649499999999989e+03 -3.423344611087640654e+00
1.801140699999999924e+03 -3.415094295909453237e+00
1.811381399999999985e+03 -3.424058177081871435e+00
1.811761600000000044e+03 -3.424157026090739908e+00
1.857997499999999945e+03 -3.416450044805414699e+00
1.867603200000000015e+03 -3.420497984846405437e+00
1.867672900000000027e+03 -3.420514935090535946e+00
1.897035300000000007e+03 -3.410620609490534250e+00
1.909536000000000058e+03 -3.419333258175101697e+00
1.909908100000000104e+03 -3.419429962287301894e+00
1.939056199999999990e+03 -3.409598035585843512e+00
1.939941900000000032e+03 -3.409826446929778321e+00
1.963038700000000063e+03 -3.411816053622589440e+00
1.996133499999999913e+03 -3.409450488915552135e+00
1.997018499999999904e+03 -3.409679482576641441e+00
2.016961099999999988e+03 -3.412090282910689609e+00
2.046768199999999979e+03 -3.407884857609233986e+00
2.047568099999999959e+03 -3.408091596799037060e+00
2.064320799999999963e+03 -3.407966620925599877e+00
2.080920999999999822e+03 -3.401064942117557166e+00
2.081424500000000080e+03 -3.401194241839835541e+00
2.110567300000000159e+03 -3.405031818176427194e+00
2.139149300000000039e+03 -3.398110942092526621e+00
2.139378700000000208e+03 -3.398170755413711497e+00
2.158627300000000105e+03 -3.400380771060366403e+00
2.200254800000000159e+03 -3.395859996339412490e+00
2.216453899999999976e+03 -3.402957668143152148e+00
2.217975600000000213e+03 -3.403350345492992091e+00
2.242806900000000041e+03 -3.395754363516712449e+00
2.243485299999999825e+03 -3.395929997850008153e+00
2.262220600000000104e+03 -3.397912973684527493e+00
2.295101400000000012e+03 -3.396854593349774909e+00
2.295459499999999935e+03 -3.396946711360533389e+00
2.295470600000000104e+03 -3.393736014882266172e+00
2.340949999999999818e+03 -3.391493599658670810e+00
2.343532700000000204e+03 -3.392161279027645193e+00
2.372067199999999957e+03 -3.395885460923621757e+00
2.399566100000000006e+03 -3.392594667413764586e+00
2.400217099999999846e+03 -3.392762709447493474e+00
2.406275900000000092e+03 -3.391523870091967652e+00
2.442435399999999845e+03 -3.390525952636425089e+00
2.443872299999999996e+03 -3.390898183174758884e+00
