1.002629600000000067e+02 -6.229672261138543554e+00
1.273525900000000064e+02 -6.229711802000917231e+00
1.499658300000000111e+02 -6.229428627587318523e+00
1.750346700000000055e+02 -6.229329938818580104e+00
1.989019299999999930e+02 -6.228925197384131529e+00
2.247594499999999869e+02 -6.229334183971433347e+00
2.501942300000000046e+02 -6.229052772515137448e+00
2.732931100000000129e+02 -6.228770985319345144e+00
2.991908000000000243e+02 -6.228324795894217836e+00
3.235659299999999803e+02 -6.228607017600187312e+00
3.523672399999999811e+02 -6.228071353699087709e+00
3.701401299999999992e+02 -6.227356107481615943e+00
3.982622900000000072e+02 -6.226984784296837105e+00
4.196161900000000173e+02 -6.226790252626411615e+00
4.540564299999999776e+02 -6.227217758248812629e+00
4.744231700000000274e+02 -6.227458032171266922e+00
4.983418399999999906e+02 -6.225463690954274654e+00
5.209935600000000022e+02 -6.226043303792432759e+00
5.513150100000000293e+02 -6.225617703488075527e+00
5.693686199999999644e+02 -6.224678367062096207e+00
6.024214299999999866e+02 -6.223954908634714123e+00
6.206999799999999823e+02 -6.223392775173095082e+00
6.510064899999999852e+02 -6.222923621964567609e+00
6.696006200000000490e+02 -6.221878753062563661e+00
6.952900799999999890e+02 -6.220390028596932019e+00
7.064556700000000546e+02 -6.216018770440535413e+00
7.534910700000000361e+02 -6.219156375272893555e+00
7.692876199999999471e+02 -6.216837187296180289e+00
8.034140999999999622e+02 -6.214672384922599768e+00
8.132710200000000214e+02 -6.212688231865761246e+00
8.489349300000000085e+02 -6.213484492513456026e+00
8.673650099999999838e+02 -6.209928253518082641e+00
8.958001299999999674e+02 -6.207996782378409684e+00
9.145474600000000009e+02 -6.205665445044398432e+00
9.447738900000000513e+02 -6.202583995830639907e+00
9.649491600000000062e+02 -6.200567870885055122e+00
1.006670700000000011e+03 -6.202324613156925182e+00
1.016624400000000037e+03 -6.195655017617393234e+00
1.055029099999999971e+03 -6.195095914976459284e+00
1.064577600000000075e+03 -6.189086883677026307e+00
1.079052799999999934e+03 -6.186546698830931668e+00
1.110428900000000112e+03 -6.183410335190979268e+00
1.150031500000000051e+03 -6.184182183648769815e+00
1.165294000000000096e+03 -6.178598533765988776e+00
1.204686099999999897e+03 -6.177625550593437431e+00
1.211899699999999939e+03 -6.173638588111463044e+00
1.256329099999999926e+03 -6.173702734310916540e+00
1.261577500000000100e+03 -6.168046523537359604e+00
1.297963799999999992e+03 -6.167892756410612520e+00
1.315288199999999961e+03 -6.163826272481506052e+00
1.337506100000000060e+03 -6.161018749478362366e+00
1.363340200000000095e+03 -6.156961575687752486e+00
1.395342100000000073e+03 -6.157716894071455727e+00
1.414907200000000103e+03 -6.152244127157768361e+00
1.446596999999999980e+03 -6.148506996771991417e+00
1.463144399999999905e+03 -6.145002415110513816e+00
1.510828700000000026e+03 -6.146288131745081706e+00
1.517699800000000096e+03 -6.141754657539683748e+00
1.558129699999999957e+03 -6.140409319066328919e+00
1.571006900000000087e+03 -6.139101144583750447e+00
1.595058999999999969e+03 -6.135937348970706751e+00
1.605925600000000031e+03 -6.130987574696971976e+00
1.646030600000000049e+03 -6.131108212573939120e+00
1.652436699999999973e+03 -6.125480071084700384e+00
1.702962299999999914e+03 -6.127081024590729008e+00
1.721974899999999934e+03 -6.124348592534992974e+00
1.761468399999999974e+03 -6.116093661262081760e+00
1.762143499999999904e+03 -6.125181275779087997e+00
1.789832799999999907e+03 -6.113135358846227163e+00
1.808553499999999985e+03 -6.110654149135992697e+00
1.862610400000000027e+03 -6.111314767507766810e+00
1.866724099999999908e+03 -6.108797943686648857e+00
1.908172399999999925e+03 -6.107658381379764023e+00
1.923564599999999928e+03 -6.106828900649881042e+00
1.943972899999999981e+03 -6.103124087192218106e+00
1.955672100000000000e+03 -6.097590146865427663e+00
1.989646400000000085e+03 -6.091512096968326517e+00
2.016864000000000033e+03 -6.100294775579692796e+00
2.036092000000000098e+03 -6.091516868525096662e+00
2.068678499999999985e+03 -6.092752037370785523e+00
2.120868800000000192e+03 -6.092460939036495660e+00
2.127211899999999787e+03 -6.091173319260323460e+00
2.142829600000000028e+03 -6.082158698987301548e+00
2.157865299999999934e+03 -6.081811552144339217e+00
2.174176699999999983e+03 -6.082610909916640551e+00
2.211383400000000165e+03 -6.083411650597732923e+00
2.245893000000000029e+03 -6.076615076169773921e+00
2.253695299999999861e+03 -6.074868641423158522e+00
2.290286999999999807e+03 -6.074452993622173835e+00
2.297234300000000076e+03 -6.069849151465106729e+00
2.350324500000000171e+03 -6.068862036536229354e+00
2.350608700000000226e+03 -6.066177518885615072e+00
2.413851599999999962e+03 -6.068846017363729750e+00
2.413950299999999970e+03 -6.067159239364642076e+00
2.440583599999999933e+03 -6.059607779102156755e+00
