9.962992199999999343e+01 -4.557735658894254804e+00
9.982787299999999675e+01 -4.557710606830474909e+00
1.267275700000000001e+02 -4.557391561191282747e+00
1.505031199999999956e+02 -4.557426676945236288e+00
1.512676700000000096e+02 -4.557758156959614837e+00
1.759618499999999983e+02 -4.556969338172452311e+00
2.001913000000000125e+02 -4.556578441747132224e+00
2.015170400000000086e+02 -4.557175649847023280e+00
2.259948699999999917e+02 -4.556273450654100721e+00
2.499392899999999997e+02 -4.555686997751592138e+00
2.517106499999999869e+02 -4.555770209447332242e+00
2.735162700000000200e+02 -4.554477109351729780e+00
2.997927500000000123e+02 -4.554209650707765178e+00
3.000214599999999905e+02 -4.553425300305209866e+00
3.241503599999999778e+02 -4.552619594315293838e+00
3.501499800000000278e+02 -4.551697058897968162e+00
3.541239600000000110e+02 -4.552738303561792321e+00
3.749635900000000106e+02 -4.549143318278078496e+00
4.005873399999999833e+02 -4.547462408016142987e+00
4.048942099999999868e+02 -4.548783177686335222e+00
4.203764800000000150e+02 -4.539628264156887916e+00
4.499080400000000282e+02 -4.539247647395113994e+00
4.499550600000000031e+02 -4.537910932657249319e+00
4.691108100000000150e+02 -4.527287612346881041e+00
4.976987599999999929e+02 -4.526592933524217877e+00
4.985006900000000201e+02 -4.526373625150388769e+00
5.218143000000000029e+02 -4.516931697583749461e+00
5.467508800000000520e+02 -4.514132167266982520e+00
5.501418099999999640e+02 -4.515868142919643446e+00
5.751724000000000387e+02 -4.508083400488585468e+00
6.005072699999999486e+02 -4.504088851128454252e+00
6.024485700000000179e+02 -4.506132798058611222e+00
6.182875500000000102e+02 -4.496490312849192428e+00
6.507528899999999794e+02 -4.496641136829587104e+00
6.517868300000000090e+02 -4.496668760641730600e+00
6.680473700000000008e+02 -4.488584676991520084e+00
6.953667900000000373e+02 -4.486146425911949898e+00
6.981007600000000366e+02 -4.487269047125926669e+00
7.143518699999999626e+02 -4.481356146638470150e+00
7.476184299999999894e+02 -4.479739137560137863e+00
7.555104099999999789e+02 -4.482157857161883641e+00
7.681038399999999911e+02 -4.475345984605631600e+00
8.007848599999999806e+02 -4.474845309901094303e+00
8.035456699999999728e+02 -4.475081067631887066e+00
8.169342100000000073e+02 -4.469991081055827209e+00
8.480509299999999939e+02 -4.468482553627111109e+00
8.539282699999999977e+02 -4.470358822381809816e+00
8.583373599999999897e+02 -4.463235938575866868e+00
8.997526599999999917e+02 -4.465144887652185091e+00
9.066222900000000209e+02 -4.466602382903490209e+00
9.230799399999999650e+02 -4.463167108748407053e+00
9.490599200000000337e+02 -4.461797708904608584e+00
9.510451900000000478e+02 -4.461159454870491814e+00
9.687138999999999669e+02 -4.458444805053582094e+00
9.980753099999999449e+02 -4.457229289262815364e+00
1.009908099999999990e+03 -4.458772577466357134e+00
1.014207899999999995e+03 -4.454646679180966906e+00
1.040871100000000069e+03 -4.451844908769603926e+00
1.053311200000000099e+03 -4.456172463099649761e+00
1.072559299999999894e+03 -4.453462697542527771e+00
1.107693800000000010e+03 -4.452679900986489692e+00
1.109513799999999947e+03 -4.453281335370675720e+00
1.113524699999999939e+03 -4.449958218625770456e+00
1.146781899999999951e+03 -4.449944224362457845e+00
1.156566600000000108e+03 -4.445738673540026831e+00
1.159377600000000029e+03 -4.450167133639275185e+00
1.189025599999999940e+03 -4.446041990399169919e+00
1.193795499999999947e+03 -4.445614153973723504e+00
1.207054499999999962e+03 -4.446253298309358115e+00
1.245010099999999966e+03 -4.445933478053251342e+00
1.247336999999999989e+03 -4.446069172136974501e+00
1.260546399999999949e+03 -4.445436334512028687e+00
1.288206500000000005e+03 -4.444628339996685717e+00
1.310039099999999962e+03 -4.443754946296825992e+00
1.313171100000000024e+03 -4.447292699041799580e+00
1.345946300000000065e+03 -4.443094460486439523e+00
1.357090699999999970e+03 -4.447154524618838423e+00
1.359972199999999930e+03 -4.444017452993286987e+00
1.397565000000000055e+03 -4.445480597260705657e+00
1.400250500000000102e+03 -4.445763240426661156e+00
1.407666799999999967e+03 -4.442640353042391688e+00
1.439466400000000021e+03 -4.442835536495971738e+00
1.450855900000000020e+03 -4.444018296241537769e+00
1.464647600000000011e+03 -4.444601942245864912e+00
1.499378300000000081e+03 -4.445038895387209976e+00
1.504423900000000003e+03 -4.446228333307757907e+00
1.506289700000000039e+03 -4.442771844012061599e+00
1.531231500000000096e+03 -4.441571719346707248e+00
1.548658599999999979e+03 -4.444855976334297409e+00
1.560029099999999971e+03 -4.443519118319239958e+00
1.598894900000000007e+03 -4.444945339704985621e+00
1.604128500000000031e+03 -4.446165060622242926e+00
1.617066399999999931e+03 -4.446113469810454966e+00
1.636727499999999964e+03 -4.443412671225291710e+00
1.660570899999999938e+03 -4.446845695965410350e+00
1.667171599999999899e+03 -4.447204459234508356e+00
1.691860400000000027e+03 -4.446186079449436335e+00
1.708005799999999908e+03 -4.449665502766221969e+00
1.712505300000000034e+03 -4.446995464572444767e+00
1.761262500000000045e+03 -4.449301575916747353e+00
1.764184400000000096e+03 -4.448352029708628308e+00
1.766559999999999945e+03 -4.450101168586741096e+00
1.788983300000000099e+03 -4.446344455729633438e+00
1.794048999999999978e+03 -4.450319519373179489e+00
1.796887500000000045e+03 -4.444605383905281037e+00
1.858320999999999913e+03 -4.450248666836603029e+00
1.858891599999999926e+03 -4.452482530830772056e+00
1.882011099999999942e+03 -4.455701647285176037e+00
1.896583200000000033e+03 -4.449629674019687897e+00
1.896699000000000069e+03 -4.450040640545767978e+00
1.904197300000000041e+03 -4.448650787739488521e+00
1.949866700000000037e+03 -4.450564961276214149e+00
1.954307600000000093e+03 -4.449426639274755679e+00
1.967500399999999900e+03 -4.454666062224204914e+00
1.997893000000000029e+03 -4.451611949444063576e+00
2.000121399999999994e+03 -4.452230829835780668e+00
2.004859699999999975e+03 -4.452202518054606983e+00
2.011092000000000098e+03 -4.448177878534679053e+00
2.043989100000000008e+03 -4.455148951235851307e+00
2.067093499999999949e+03 -4.455142354554589623e+00
2.093918500000000222e+03 -4.455355799597128907e+00
2.099380400000000009e+03 -4.454165275394874612e+00
2.106964899999999943e+03 -4.454385891413462417e+00
2.138863899999999830e+03 -4.458416714754340759e+00
2.147724900000000162e+03 -4.455293710431270426e+00
2.148789000000000215e+03 -4.456861189009689639e+00
2.188037400000000162e+03 -4.453741093163708697e+00
2.190627399999999852e+03 -4.455522200538114319e+00
2.196445200000000114e+03 -4.457908265293434980e+00
2.237222800000000007e+03 -4.459300330984621752e+00
2.249481200000000172e+03 -4.459171844467842760e+00
2.251171800000000076e+03 -4.459492167104483151e+00
2.299153400000000147e+03 -4.458041440262850763e+00
2.299185300000000097e+03 -4.459710739358145659e+00
2.322166000000000167e+03 -4.465643260853494390e+00
2.329095400000000154e+03 -4.462940856730458705e+00
2.349527799999999843e+03 -4.462391978467248776e+00
2.363517899999999827e+03 -4.465061669553863410e+00
2.387957600000000184e+03 -4.464875238887305642e+00
2.392943999999999960e+03 -4.464536396650693462e+00
2.414722000000000207e+03 -4.467355787824866198e+00
2.443716100000000097e+03 -4.466787071650541563e+00
