1.037290399999999977e+02 2.369285212700997434e+01
1.276235199999999992e+02 2.375245674740484603e+01
1.515890699999999924e+02 2.381521626297577754e+01
1.768863399999999899e+02 2.388033431711784971e+01
2.007009600000000091e+02 2.394999287604315086e+01
2.259217199999999934e+02 2.401241960105841855e+01
2.520270399999999995e+02 2.408473997557500468e+01
2.750236400000000003e+02 2.415812385507836524e+01
2.966036799999999971e+02 2.420787146346427932e+01
3.245423299999999927e+02 2.429080755139425918e+01
3.502341599999999744e+02 2.438195349073885865e+01
3.728867799999999875e+02 2.446239415835538367e+01
3.987292699999999854e+02 2.452817474048442747e+01
4.213136299999999892e+02 2.462377569713006409e+01
4.490579099999999926e+02 2.469239059637695988e+01
4.758883999999999901e+02 2.480300173010380860e+01
4.973463499999999726e+02 2.486400773458172253e+01
5.191185199999999895e+02 2.496713006309790117e+01
5.496024999999999636e+02 2.505336148992468992e+01
5.708257499999999709e+02 2.510729747608385765e+01
6.014179799999999432e+02 2.521708477508650503e+01
6.185438500000000204e+02 2.529048290250356246e+01
6.453267499999999472e+02 2.539793710563810336e+01
6.706974099999999908e+02 2.548393700386729321e+01
7.025244999999999891e+02 2.556060909831060712e+01
7.177720600000000104e+02 2.561184968451048150e+01
7.472473700000000463e+02 2.572401231426826840e+01
7.716419799999999896e+02 2.576891308772643896e+01
8.015123099999999567e+02 2.586754783228170140e+01
8.206997800000000325e+02 2.593760075310400737e+01
8.445140300000000479e+02 2.604847242010991337e+01
8.695547500000000127e+02 2.614353755342967744e+01
8.964544399999999769e+02 2.621858742112761931e+01
9.161618300000000090e+02 2.630989263179320048e+01
9.487646799999999985e+02 2.637554956238550830e+01
9.660817600000000311e+02 2.648233055159780136e+01
1.002170799999999986e+03 2.655551953999593096e+01
1.017786500000000046e+03 2.664424994911459166e+01
1.051575000000000045e+03 2.672441227355994542e+01
1.075365399999999909e+03 2.682440107877060953e+01
1.092295800000000099e+03 2.694094392428251794e+01
1.115519999999999982e+03 2.704145888459190061e+01
1.153061400000000049e+03 2.707841186647669218e+01
1.168731399999999894e+03 2.712810248320781525e+01
1.200650900000000092e+03 2.722933848972114745e+01
1.215948699999999917e+03 2.734324445349073684e+01
1.255583100000000059e+03 2.744977152452676705e+01
1.263173500000000104e+03 2.753193211886830838e+01
1.295328899999999976e+03 2.761661510278851850e+01
1.311734300000000076e+03 2.770545745980053098e+01
1.357998100000000022e+03 2.781736057398738282e+01
1.360745100000000093e+03 2.789023967026256656e+01
1.387314399999999978e+03 2.798983920211682985e+01
1.405500999999999976e+03 2.809184561367799304e+01
1.441543200000000070e+03 2.810874465703236424e+01
1.465249199999999973e+03 2.826649348666802553e+01
1.490475200000000086e+03 2.828848972114797533e+01
1.510434799999999996e+03 2.844642784449419537e+01
1.554443700000000035e+03 2.859938326887848348e+01
1.556570400000000063e+03 2.865175503765520304e+01
1.604664700000000039e+03 2.866235650315489636e+01
1.609004100000000108e+03 2.889205729696722713e+01
1.651286399999999958e+03 2.909011398330958897e+01
1.656407899999999927e+03 2.890825208630164767e+01
1.706405799999999999e+03 2.908286942804803843e+01
1.708038999999999987e+03 2.927812589049460357e+01
1.752557600000000093e+03 2.930445959698758429e+01
1.762849600000000009e+03 2.955267657235904366e+01
1.780619200000000092e+03 2.955007887237940167e+01
1.820023799999999937e+03 2.974884184815794796e+01
1.853448699999999917e+03 2.972895176063504863e+01
1.859760600000000068e+03 3.002265011194789324e+01
1.905051899999999932e+03 3.027816252798697150e+01
1.915825800000000072e+03 3.000640596376959124e+01
1.954891800000000103e+03 3.020251424791370098e+01
1.960151399999999967e+03 3.053522135151638750e+01
1.989181800000000067e+03 3.039471605943415256e+01
2.004136600000000044e+03 3.071258294321188842e+01
2.042640000000000100e+03 3.070017657235904807e+01
2.055385400000000118e+03 3.098186240586200313e+01
2.104659200000000055e+03 3.102074190922043684e+01
2.135421499999999924e+03 3.132959240789741528e+01
2.157867000000000189e+03 3.125633167107673671e+01
2.158828799999999774e+03 3.167234683492774039e+01
2.200082800000000134e+03 3.187434663138612123e+01
2.210279700000000048e+03 3.158361184612253325e+01
2.221359399999999823e+03 3.185674994911459379e+01
2.250966100000000097e+03 3.229907541217178846e+01
2.293363199999999779e+03 3.236023305515978166e+01
2.312851700000000164e+03 3.263406472623651666e+01
2.337630200000000059e+03 3.272306330144514419e+01
2.368888899999999921e+03 3.297042336657846562e+01
2.407274899999999889e+03 3.319831111337268226e+01
2.411068299999999908e+03 3.340650315489517652e+01
2.446411500000000160e+03 3.355890799918583411e+01
