1.253301299999999969e+02 -4.406025613672291286e+00
1.337085399999999993e+02 -4.405214701437410341e+00
1.725171899999999994e+02 -4.404216571776935929e+00
1.737021400000000142e+02 -4.404660041112451019e+00
1.809339899999999943e+02 -4.403426575369070228e+00
2.215456499999999949e+02 -4.402521722319479025e+00
2.220024099999999976e+02 -4.402767729783962913e+00
2.305686300000000131e+02 -4.401761578192730617e+00
2.698153899999999794e+02 -4.400426881699967652e+00
2.706494400000000269e+02 -4.400759231351583978e+00
2.784689399999999750e+02 -4.399583953914753209e+00
3.176987199999999802e+02 -4.398021328165090615e+00
3.203820799999999736e+02 -4.398822551011121185e+00
3.288682600000000207e+02 -4.397792450820384502e+00
3.689755499999999984e+02 -4.396329363590091965e+00
3.698232100000000173e+02 -4.396659227219753774e+00
3.741152200000000221e+02 -4.394792560739013254e+00
4.172716699999999719e+02 -4.393950685286334590e+00
4.185857399999999870e+02 -4.394391151647162985e+00
4.222150199999999813e+02 -4.392217495774561442e+00
4.670231200000000058e+02 -4.392150915334099182e+00
4.678245800000000258e+02 -4.392456317534073840e+00
4.722953999999999724e+02 -4.390513701138297975e+00
5.160367599999999584e+02 -4.390014925431865223e+00
5.165901999999999816e+02 -4.390064269772329553e+00
5.171262900000000400e+02 -4.387265855843055284e+00
5.575098900000000413e+02 -4.386311458543139530e+00
5.605318999999999505e+02 -4.387142525105874213e+00
5.687079700000000457e+02 -4.386773503016314635e+00
6.098047100000000000e+02 -4.385641366054739976e+00
6.107963799999999992e+02 -4.385955690970408050e+00
6.219779999999999518e+02 -4.385998560604821961e+00
6.628384999999999536e+02 -4.385209024826263402e+00
6.644492299999999432e+02 -4.385701911364603411e+00
6.663792099999999436e+02 -4.383350961566469195e+00
7.058322500000000446e+02 -4.382345035263568001e+00
7.075451399999999467e+02 -4.382825201318548025e+00
7.159428400000000465e+02 -4.382218034328802858e+00
7.573502600000000484e+02 -4.381388481786251177e+00
7.573598899999999503e+02 -4.381433613303257424e+00
7.606625400000000354e+02 -4.379583465373205087e+00
8.105549700000000257e+02 -4.381158224195642603e+00
8.106121399999999539e+02 -4.381233455641245556e+00
8.146278200000000425e+02 -4.379655010404122528e+00
8.499833200000000488e+02 -4.378981707830814862e+00
8.509077099999999518e+02 -4.379214371259142702e+00
8.643561399999999821e+02 -4.379881674890056864e+00
9.090593000000000075e+02 -4.379799363701303960e+00
9.099793499999999540e+02 -4.380091560557258568e+00
9.166713899999999740e+02 -4.379407022725866128e+00
9.535694099999999480e+02 -4.379195132217455821e+00
9.549830899999999474e+02 -4.379585479605976772e+00
9.636301399999999830e+02 -4.379249521960385749e+00
1.003817499999999995e+03 -4.378362803053441610e+00
1.007087800000000016e+03 -4.379237448934925503e+00
1.012969000000000051e+03 -4.377785283457606091e+00
1.049301799999999957e+03 -4.377619110307097827e+00
1.051207900000000109e+03 -4.378104598492575938e+00
1.058370400000000018e+03 -4.377190981718968033e+00
1.099168799999999919e+03 -4.376651980496438554e+00
1.103108500000000049e+03 -4.377677086484714764e+00
1.113856999999999971e+03 -4.377704770018479685e+00
1.150246799999999894e+03 -4.377170114509705279e+00
1.150913399999999911e+03 -4.377336184976098110e+00
1.161427599999999984e+03 -4.377245898557142745e+00
1.196533599999999979e+03 -4.376234535323529684e+00
1.198912399999999934e+03 -4.376839223631034059e+00
1.206983699999999999e+03 -4.376136684495281592e+00
1.251764400000000023e+03 -4.376593246540517512e+00
1.252124800000000050e+03 -4.376699749092109570e+00
1.259720499999999902e+03 -4.375775438429057473e+00
1.300266200000000026e+03 -4.377439275315488487e+00
1.302609699999999975e+03 -4.378053563699637607e+00
1.308715899999999920e+03 -4.376679359624803034e+00
1.357815700000000106e+03 -4.378785824949973815e+00
1.358440499999999929e+03 -4.378995027814599261e+00
1.365352799999999888e+03 -4.377464826245573093e+00
1.401249900000000025e+03 -4.376680571232264505e+00
1.408891800000000103e+03 -4.379659818274087790e+00
1.411027900000000045e+03 -4.380269085191902612e+00
1.447643299999999954e+03 -4.375859564312761130e+00
1.452753500000000031e+03 -4.377179685929018405e+00
1.455315399999999954e+03 -4.375572448087956090e+00
1.503875900000000001e+03 -4.379675052347961284e+00
1.505195600000000013e+03 -4.379985079203356335e+00
1.516146999999999935e+03 -4.379609334073717442e+00
1.535874600000000100e+03 -4.375197913099546199e+00
1.537441399999999931e+03 -4.375534368565591414e+00
1.564943299999999908e+03 -4.379526866389937823e+00
1.597106399999999894e+03 -4.377423084724800795e+00
1.598597899999999981e+03 -4.377799762223012259e+00
1.617860400000000027e+03 -4.379138651166135432e+00
1.647882700000000114e+03 -4.378461635656852202e+00
1.650737300000000005e+03 -4.379196604350124922e+00
1.654921900000000051e+03 -4.377187474540686907e+00
1.699096999999999980e+03 -4.378703943446435431e+00
1.709014300000000048e+03 -4.378789796320787353e+00
1.709443500000000085e+03 -4.381396122493777412e+00
1.747679100000000062e+03 -4.380966212746041144e+00
1.750585399999999936e+03 -4.381713987179143288e+00
1.750996499999999969e+03 -4.378358326997470407e+00
1.780601400000000012e+03 -4.376887571775219143e+00
1.785672499999999900e+03 -4.378108841114855210e+00
1.817769500000000107e+03 -4.383129585368813252e+00
1.843770800000000008e+03 -4.379905886463184572e+00
1.847462299999999914e+03 -4.380840011201050821e+00
1.854539099999999962e+03 -4.380029875338817824e+00
1.892353699999999890e+03 -4.380398415499540121e+00
1.895047900000000027e+03 -4.381062607605517023e+00
1.904118500000000040e+03 -4.380637642098320406e+00
1.955434799999999996e+03 -4.384904079960755929e+00
1.955782200000000103e+03 -4.384956234576653955e+00
1.963477300000000014e+03 -4.383818713811078460e+00
1.985259900000000016e+03 -4.380867769650065746e+00
1.989443500000000085e+03 -4.381884689075654649e+00
2.005309199999999919e+03 -4.382506388131272246e+00
2.039193400000000111e+03 -4.380797880925194399e+00
2.040761400000000094e+03 -4.381151744111567936e+00
2.057251699999999801e+03 -4.381294674523230626e+00
2.104503799999999956e+03 -4.385084372266520703e+00
2.104693800000000010e+03 -4.385101331472597508e+00
2.105724600000000009e+03 -4.384567131930353412e+00
2.142725699999999961e+03 -4.384466003230388154e+00
2.145478599999999915e+03 -4.385151476703750717e+00
2.153167100000000119e+03 -4.383458667374188877e+00
2.203988100000000031e+03 -4.384995951023843652e+00
2.220292100000000119e+03 -4.389300519705667369e+00
2.221543500000000222e+03 -4.389737709516940534e+00
2.225753400000000056e+03 -4.379274403794682691e+00
2.234693800000000010e+03 -4.381473167556295678e+00
2.252054900000000089e+03 -4.386276185555763263e+00
2.289736600000000180e+03 -4.385934406686405218e+00
2.298443600000000060e+03 -4.388150584801725707e+00
2.313293900000000122e+03 -4.389889438756398476e+00
2.329228000000000065e+03 -4.386224780272550028e+00
2.334298200000000179e+03 -4.387440321320413616e+00
2.359971100000000206e+03 -4.390360505262339785e+00
2.376105300000000170e+03 -4.383569732118083095e+00
2.387694800000000214e+03 -4.386465299041053534e+00
2.422001200000000154e+03 -4.390878711177477633e+00
2.448713600000000042e+03 -4.391900518891291405e+00
2.451396200000000135e+03 -4.392586188046640139e+00
