1.001277500000000060e+02 -3.388470249873534179e+00
1.267127200000000045e+02 -3.387951888667682265e+00
1.501212099999999907e+02 -3.387829268627347901e+00
1.745187400000000082e+02 -3.386993731413352915e+00
1.993235899999999958e+02 -3.386946885532151619e+00
2.243783899999999960e+02 -3.386360697817613286e+00
2.486602000000000032e+02 -3.385981454734704688e+00
2.733035699999999792e+02 -3.384816127866251634e+00
2.996231000000000222e+02 -3.384399763902292246e+00
3.240858799999999746e+02 -3.382775833561372014e+00
3.509796400000000176e+02 -3.381822391294242891e+00
3.703182699999999841e+02 -3.379085398565447207e+00
3.977949800000000096e+02 -3.378960199661032338e+00
4.232619199999999751e+02 -3.375943055797518522e+00
4.501336699999999951e+02 -3.374490080641326717e+00
4.670561400000000276e+02 -3.368844013029295148e+00
5.043855100000000107e+02 -3.370164152079357045e+00
5.180867600000000266e+02 -3.363127580030171870e+00
5.526245699999999488e+02 -3.363685184261995698e+00
5.739352900000000091e+02 -3.359526762244133824e+00
6.049660499999999956e+02 -3.357082873832192504e+00
6.162706200000000081e+02 -3.352428645932935769e+00
6.499051200000000108e+02 -3.352145561880586211e+00
6.692170599999999467e+02 -3.348273590688352286e+00
7.033829500000000507e+02 -3.347765780980883843e+00
7.152819700000000012e+02 -3.342267774511835210e+00
7.531372900000000072e+02 -3.342105675309746005e+00
7.747885599999999613e+02 -3.339382585143291671e+00
8.027266499999999496e+02 -3.337009625720540384e+00
8.191374499999999443e+02 -3.334661262907924861e+00
8.425125600000000077e+02 -3.330772736859959782e+00
8.644053199999999606e+02 -3.329377393173555522e+00
9.047244299999999839e+02 -3.330118566953408354e+00
9.147658999999999878e+02 -3.325241608785467484e+00
9.573805200000000468e+02 -3.325758234699125016e+00
9.720535700000000361e+02 -3.322993450001556770e+00
1.004950699999999983e+03 -3.321953132127367869e+00
1.017463700000000017e+03 -3.318806249432381339e+00
1.055948799999999892e+03 -3.317847821879651882e+00
1.070852300000000014e+03 -3.313977795264866355e+00
1.079734899999999925e+03 -3.310047887693182922e+00
1.113019999999999982e+03 -3.310841024718680803e+00
1.141499399999999923e+03 -3.308412401206954456e+00
1.171999700000000075e+03 -3.310281052657486178e+00
1.202621100000000069e+03 -3.307087381721837360e+00
1.211005799999999908e+03 -3.306418844610360619e+00
1.250246900000000096e+03 -3.305264956419440292e+00
1.272333000000000084e+03 -3.304463967046331163e+00
1.306703999999999951e+03 -3.303353829212679837e+00
1.326947100000000091e+03 -3.303192101060677288e+00
1.345125199999999950e+03 -3.298429513216800668e+00
1.359688300000000027e+03 -3.297367069571745191e+00
1.403875600000000077e+03 -3.298898141636747994e+00
1.419116199999999935e+03 -3.295847452191162930e+00
1.457874600000000100e+03 -3.295021656554151690e+00
1.465365000000000009e+03 -3.293873451650238593e+00
1.514047800000000052e+03 -3.293819142465641114e+00
1.518978499999999940e+03 -3.292334005697576949e+00
1.555640000000000100e+03 -3.290786952148626821e+00
1.562046599999999899e+03 -3.288632123310347044e+00
1.597817500000000109e+03 -3.285656735044628629e+00
1.607077399999999898e+03 -3.286592176926733000e+00
1.650778999999999996e+03 -3.285480333948465947e+00
1.670278900000000021e+03 -3.287187892485215368e+00
1.709889799999999923e+03 -3.285510227794013360e+00
1.712670000000000073e+03 -3.283070762117557440e+00
1.731884800000000041e+03 -3.280328166394177902e+00
1.768718699999999899e+03 -3.283316929387696259e+00
1.786448599999999942e+03 -3.277885246785861462e+00
1.820468299999999999e+03 -3.282467875276181779e+00
1.856523599999999988e+03 -3.277489936390514558e+00
1.873545499999999947e+03 -3.281121201746028948e+00
1.897190100000000029e+03 -3.278701998207579127e+00
1.908587800000000016e+03 -3.276603547875426514e+00
1.942828199999999924e+03 -3.276700538853973388e+00
1.952797000000000025e+03 -3.275126491581392241e+00
1.995381000000000085e+03 -3.277037247208760107e+00
2.009603200000000015e+03 -3.272730455930105364e+00
2.058351099999999860e+03 -3.272381557706462551e+00
2.062547399999999925e+03 -3.272258619687633985e+00
2.117715099999999893e+03 -3.271004844880899043e+00
2.132209499999999935e+03 -3.274165735972033531e+00
2.150580100000000130e+03 -3.266088115734556041e+00
2.155287899999999809e+03 -3.275743146452152033e+00
2.189927299999999832e+03 -3.271878153554626856e+00
2.224254300000000057e+03 -3.269211556375205330e+00
2.249585700000000088e+03 -3.271920109543906108e+00
2.254060899999999947e+03 -3.266150974335675805e+00
2.284139599999999973e+03 -3.268310593084248428e+00
2.312490099999999984e+03 -3.265918054050125363e+00
2.352116700000000037e+03 -3.261203638025829576e+00
2.364668500000000222e+03 -3.268575181995313272e+00
2.386926199999999881e+03 -3.267902769985627121e+00
2.406340000000000146e+03 -3.264591021311764152e+00
2.472004899999999907e+03 -3.268532306749757144e+00
