1.005752700000000033e+02 -4.548504984022160080e+00
1.274681900000000070e+02 -4.548183830195701383e+00
1.495055499999999995e+02 -4.547796354952621023e+00
1.497420199999999966e+02 -4.547857538040908310e+00
1.741610900000000015e+02 -4.546881884428188414e+00
1.990839900000000000e+02 -4.546780120225459854e+00
1.993327400000000011e+02 -4.546844427052823434e+00
2.257523300000000006e+02 -4.546526645836227232e+00
2.495219400000000007e+02 -4.545923446010417202e+00
2.497244100000000060e+02 -4.545975788536392059e+00
2.750589299999999753e+02 -4.544794653681061725e+00
2.988700000000000045e+02 -4.543839359145431800e+00
2.991102999999999952e+02 -4.543901481479564630e+00
3.258689800000000218e+02 -4.542420547612413095e+00
3.515625800000000254e+02 -4.540944851489629563e+00
3.515759100000000217e+02 -4.540948195789203723e+00
3.717974899999999820e+02 -4.537575429019066853e+00
3.989121299999999906e+02 -4.536985876742606116e+00
3.994829899999999725e+02 -4.537133557188671062e+00
4.228762399999999957e+02 -4.532392708682899674e+00
4.458627399999999739e+02 -4.530614283023398414e+00
4.459814200000000142e+02 -4.530644862395384997e+00
4.727470999999999890e+02 -4.524435074621901975e+00
5.032633999999999901e+02 -4.523037864426394883e+00
5.033112899999999854e+02 -4.523050346715647763e+00
5.199950800000000299e+02 -4.515745587987774812e+00
5.475167599999999766e+02 -4.514630437276080599e+00
5.479687000000000126e+02 -4.514747120107535316e+00
5.734116099999999960e+02 -4.506722848073299481e+00
5.976145199999999704e+02 -4.503693551754916591e+00
5.978411700000000337e+02 -4.503752043521478399e+00
6.259961700000000064e+02 -4.498780111819907113e+00
6.440685799999999972e+02 -4.494742490850121897e+00
6.444706899999999905e+02 -4.494846698717759992e+00
6.766150699999999460e+02 -4.491092290871549153e+00
7.014761799999999994e+02 -4.488961017205630455e+00
7.023250799999999572e+02 -4.489180576527193267e+00
7.234861899999999650e+02 -4.483355805861927834e+00
7.517258399999999483e+02 -4.481251117121618499e+00
7.528849900000000162e+02 -4.481551289328197463e+00
7.725284400000000460e+02 -4.477154853166863013e+00
8.013480399999999690e+02 -4.475411827222418815e+00
8.016081299999999601e+02 -4.475479116550957315e+00
8.250682500000000346e+02 -4.471167727060630703e+00
8.518470999999999549e+02 -4.468072986575257310e+00
8.523247199999999566e+02 -4.468196409968787641e+00
8.643252199999999448e+02 -4.465341521877837394e+00
8.980289900000000216e+02 -4.464899009859445655e+00
8.982375399999999672e+02 -4.464952924186468053e+00
9.163153999999999542e+02 -4.461908875797652385e+00
9.450173200000000406e+02 -4.459953868101473873e+00
9.453866400000000567e+02 -4.460048988476423837e+00
9.645554700000000139e+02 -4.458072902649412583e+00
9.912671299999999519e+02 -4.456755367827065939e+00
9.925750399999999445e+02 -4.457093437715840878e+00
1.018302500000000009e+03 -4.454647714291505523e+00
1.053920599999999922e+03 -4.455071456383976169e+00
1.054660000000000082e+03 -4.455262555119284151e+00
1.065259600000000091e+03 -4.451879925376478475e+00
1.098878300000000081e+03 -4.451094944782027163e+00
1.099273300000000063e+03 -4.451197111031488518e+00
1.120023100000000113e+03 -4.451470313447805971e+00
1.144227499999999964e+03 -4.448281571263634326e+00
1.144834399999999960e+03 -4.448438263454781882e+00
1.162909799999999905e+03 -4.447924313892253956e+00
1.194516599999999926e+03 -4.446585632724882942e+00
1.195403000000000020e+03 -4.446814886543033474e+00
1.215960499999999911e+03 -4.446566616981215248e+00
1.248090899999999920e+03 -4.446760966286598560e+00
1.248710800000000063e+03 -4.446921375434405910e+00
1.270812300000000050e+03 -4.447615513207241023e+00
1.292978200000000015e+03 -4.445390313503045476e+00
1.294150799999999890e+03 -4.445694166344023479e+00
1.312762099999999919e+03 -4.444959964602559488e+00
1.352490700000000061e+03 -4.443751766988181195e+00
1.354101799999999912e+03 -4.444168726382225820e+00
1.360107999999999947e+03 -4.443285971354551833e+00
1.398358300000000099e+03 -4.443329585032868678e+00
1.399071099999999888e+03 -4.443514061565628559e+00
1.410871699999999919e+03 -4.444728449955086980e+00
1.442721600000000080e+03 -4.443354253487667549e+00
1.443327800000000025e+03 -4.443511070027317267e+00
1.456865199999999959e+03 -4.442529686814469692e+00
1.487293300000000045e+03 -4.443122905368564801e+00
1.488102799999999888e+03 -4.443331922807869816e+00
1.509012199999999893e+03 -4.443488996440701833e+00
1.544865000000000009e+03 -4.442635737601164259e+00
1.546712600000000066e+03 -4.443113226328814669e+00
1.560577099999999973e+03 -4.443691979983290352e+00
1.581993199999999888e+03 -4.442365299063335549e+00
1.583806900000000041e+03 -4.442833973080664300e+00
1.604406700000000001e+03 -4.443096791567215931e+00
1.643661900000000060e+03 -4.443846406027875062e+00
1.643765200000000050e+03 -4.443873212905287140e+00
1.655750600000000077e+03 -4.444730531483271463e+00
1.691668599999999969e+03 -4.446375809395616052e+00
1.692391100000000051e+03 -4.446563149769335865e+00
1.718412900000000036e+03 -4.448279362775047652e+00
1.763209499999999935e+03 -4.448856817293757260e+00
1.763827299999999923e+03 -4.449017446830846545e+00
1.764249900000000025e+03 -4.447106495838181850e+00
1.801495599999999968e+03 -4.446251381486545640e+00
1.824716100000000097e+03 -4.452300445211375468e+00
1.825167400000000043e+03 -4.452418794464708007e+00
1.840375600000000077e+03 -4.447385019020885899e+00
1.841211999999999989e+03 -4.447601804812239656e+00
1.863048700000000053e+03 -4.450506847392471599e+00
1.912300600000000031e+03 -4.450790024192177619e+00
1.915662600000000111e+03 -4.450352939752533210e+00
1.915977799999999888e+03 -4.450435290279752820e+00
1.951625399999999900e+03 -4.453826968092807981e+00
1.951851599999999962e+03 -4.449868754883034683e+00
1.952314599999999928e+03 -4.454005547097339424e+00
2.002743600000000015e+03 -4.451941083859417780e+00
2.007870899999999892e+03 -4.454230057267278831e+00
2.008499399999999923e+03 -4.454392994998739752e+00
2.062434699999999793e+03 -4.455547772708829513e+00
2.063786099999999806e+03 -4.454595945795350787e+00
2.063789699999999812e+03 -4.454597283550270959e+00
2.113599900000000162e+03 -4.456654295373609465e+00
2.114164699999999812e+03 -4.457760107947420281e+00
2.114277000000000044e+03 -4.456828321495871492e+00
2.152705399999999827e+03 -4.456484739222738689e+00
2.153878600000000006e+03 -4.456788798061068313e+00
2.155559600000000046e+03 -4.457661951342976714e+00
2.201480599999999868e+03 -4.457464189046510761e+00
2.201945000000000164e+03 -4.457704691448407530e+00
2.203233499999999822e+03 -4.458037845236559882e+00
2.238789400000000114e+03 -4.457021224874916143e+00
2.267514500000000226e+03 -4.461932223918142704e+00
2.267669699999999921e+03 -4.461973262145328967e+00
2.310047700000000077e+03 -4.461474564828983524e+00
2.311027799999999843e+03 -4.461728754358291305e+00
2.314287499999999909e+03 -4.464130478776695554e+00
2.327122899999999845e+03 -4.459545774571446408e+00
2.328243300000000090e+03 -4.459834351683962694e+00
2.363519099999999980e+03 -4.464682221992287481e+00
2.386942599999999857e+03 -4.464812668169289012e+00
2.388105300000000170e+03 -4.465114470517229428e+00
2.412989900000000034e+03 -4.466819261342308778e+00
2.459215099999999893e+03 -4.470359412123145582e+00
2.459469399999999951e+03 -4.470425459048439798e+00
