1.007059200000000061e+02 -4.549018252829625908e+00
1.265215800000000002e+02 -4.548434227665660856e+00
1.489573599999999942e+02 -4.548122222920042645e+00
1.490370699999999999e+02 -4.548142778656583118e+00
1.752259500000000116e+02 -4.547721745518782832e+00
1.998480299999999943e+02 -4.547513463102601960e+00
2.000299599999999884e+02 -4.547560495629646482e+00
2.279068000000000040e+02 -4.547527492621679102e+00
2.513317299999999932e+02 -4.546532774185388703e+00
2.514821100000000058e+02 -4.546571599523897333e+00
2.747072699999999941e+02 -4.545085179573729484e+00
2.987446899999999914e+02 -4.544103676818402882e+00
2.992167900000000031e+02 -4.544225825838253741e+00
3.262926100000000247e+02 -4.542764086383956901e+00
3.535252600000000029e+02 -4.542186621524963996e+00
3.538504399999999919e+02 -4.542270992341408409e+00
3.734971400000000017e+02 -4.537877838869269986e+00
3.979998800000000188e+02 -4.536681295772027056e+00
3.981583200000000033e+02 -4.536722408322626521e+00
4.237105500000000120e+02 -4.532639281869657921e+00
4.447885800000000245e+02 -4.529873330541125398e+00
4.452747699999999895e+02 -4.529999274762712247e+00
4.743381299999999783e+02 -4.525536342773561316e+00
4.975167000000000144e+02 -4.523663260021378640e+00
4.976636199999999803e+02 -4.523701139995596421e+00
5.237156499999999824e+02 -4.515268237465852152e+00
5.490875499999999647e+02 -4.513630503108941205e+00
5.495018800000000283e+02 -4.513737564777431821e+00
5.765161900000000514e+02 -4.506699878984376184e+00
6.029182799999999816e+02 -4.504505550465625063e+00
6.030648099999999658e+02 -4.504543787585734371e+00
6.191830899999999929e+02 -4.496234803547045189e+00
6.527450700000000552e+02 -4.496113869249458439e+00
6.528070999999999913e+02 -4.496129650812383360e+00
6.699624599999999646e+02 -4.489032696883436202e+00
7.043365900000000011e+02 -4.488681611652882708e+00
7.047255599999999731e+02 -4.488782473454323352e+00
7.186881200000000263e+02 -4.481773611969608773e+00
7.476684699999999566e+02 -4.480638548555451628e+00
7.487218000000000302e+02 -4.480910855331199372e+00
7.739898100000000341e+02 -4.476530000365164241e+00
8.015746199999999817e+02 -4.473062505248379672e+00
8.019146500000000515e+02 -4.473150308002223241e+00
8.289153700000000526e+02 -4.472771331598142552e+00
8.507284899999999652e+02 -4.467497318783701488e+00
8.507984000000000151e+02 -4.467515595452164590e+00
8.761090000000000373e+02 -4.467934576413881587e+00
9.006457100000000082e+02 -4.464968573837581722e+00
9.008805300000000216e+02 -4.465029483024236079e+00
9.144840500000000247e+02 -4.460974159156321228e+00
9.472715399999999590e+02 -4.461174375644959333e+00
9.481091400000000249e+02 -4.461391115462362222e+00
9.755070399999999609e+02 -4.459294748791585050e+00
1.011510899999999992e+03 -4.457538500447008722e+00
1.012114299999999957e+03 -4.457693982506039099e+00
1.012721900000000005e+03 -4.453577193947303670e+00
1.050373900000000049e+03 -4.454234453910248526e+00
1.051804900000000089e+03 -4.454604497670839436e+00
1.072017000000000053e+03 -4.453990169608863070e+00
1.095860100000000102e+03 -4.450691791737035885e+00
1.096205300000000079e+03 -4.450780880153404340e+00
1.116366999999999962e+03 -4.449837117233098382e+00
1.138018900000000031e+03 -4.448950593353686145e+00
1.138564499999999953e+03 -4.449091285618195002e+00
1.157163199999999961e+03 -4.446749613214255881e+00
1.189349600000000009e+03 -4.447488665565745514e+00
1.190146899999999960e+03 -4.447695801197312448e+00
1.216532500000000027e+03 -4.446981536980195493e+00
1.244727699999999913e+03 -4.443949979460219524e+00
1.245170900000000074e+03 -4.444064759025512679e+00
1.264399799999999914e+03 -4.445583543014572037e+00
1.307478000000000065e+03 -4.445418314015080696e+00
1.308414999999999964e+03 -4.445660190971971737e+00
1.313540299999999888e+03 -4.445014035086808590e+00
1.358307499999999891e+03 -4.442682199724711012e+00
1.364870100000000093e+03 -4.446565562805180782e+00
1.365433700000000044e+03 -4.446710704886426946e+00
1.399727699999999913e+03 -4.444785627435415165e+00
1.401564399999999978e+03 -4.445260603608493177e+00
1.406434400000000096e+03 -4.442684616937194519e+00
1.453328700000000026e+03 -4.441983179985927066e+00
1.458541999999999916e+03 -4.445720856694196144e+00
1.459267599999999902e+03 -4.445908133427730391e+00
1.496368400000000065e+03 -4.443521971102444290e+00
1.496388999999999896e+03 -4.443527245727163510e+00
1.506694300000000112e+03 -4.443153105120020818e+00
1.552284200000000055e+03 -4.446694802855630790e+00
1.552873399999999947e+03 -4.446847377213043906e+00
1.570125600000000077e+03 -4.446470247686503896e+00
1.602900000000000091e+03 -4.441929496188613768e+00
1.604061599999999999e+03 -4.445454553753499738e+00
1.604758199999999988e+03 -4.445634282524266290e+00
1.636063699999999926e+03 -4.441429850566200876e+00
1.636813400000000001e+03 -4.441624171796039633e+00
1.658813300000000027e+03 -4.445021180929631832e+00
1.692907799999999952e+03 -4.442620195355593715e+00
1.694390599999999949e+03 -4.443003223364221377e+00
1.709910800000000108e+03 -4.445178490011512551e+00
1.733710800000000063e+03 -4.444701862258087388e+00
1.734227000000000089e+03 -4.444834343412397359e+00
1.771002199999999903e+03 -4.449303300715305554e+00
1.817378500000000031e+03 -4.449053132620929496e+00
1.817970499999999902e+03 -4.451547261283915979e+00
1.819958200000000033e+03 -4.449722020961013769e+00
1.849432800000000043e+03 -4.449280525841921907e+00
1.851244500000000016e+03 -4.449749395215118142e+00
1.870030299999999897e+03 -4.452610732635187141e+00
1.896054900000000089e+03 -4.447463329989214564e+00
1.906889599999999973e+03 -4.448878553383873502e+00
1.906977699999999913e+03 -4.448901176331638396e+00
1.943813900000000103e+03 -4.451774362538899688e+00
1.945977399999999989e+03 -4.452334484528519098e+00
1.968711800000000039e+03 -4.453710456527129935e+00
2.006123900000000049e+03 -4.452265040124459894e+00
2.017649499999999989e+03 -4.453609383778307951e+00
2.018363599999999906e+03 -4.453795264980477064e+00
2.039802400000000034e+03 -4.451468091786698444e+00
2.055848800000000210e+03 -4.454403653771715987e+00
2.057844300000000203e+03 -4.454920853270682990e+00
2.090329200000000128e+03 -4.452769589589485655e+00
2.092386599999999817e+03 -4.453301112252420424e+00
2.107369400000000041e+03 -4.456102054412153457e+00
2.140323800000000119e+03 -4.455339517751700562e+00
2.140594500000000153e+03 -4.455408939351599429e+00
2.169479400000000169e+03 -4.459615117167145648e+00
2.206995199999999841e+03 -4.458961469588421878e+00
2.216431000000000040e+03 -4.460910378202104454e+00
2.219939699999999903e+03 -4.461819736850086038e+00
2.247746399999999994e+03 -4.461433419085947705e+00
2.249914699999999812e+03 -4.461994934627347753e+00
2.251091499999999996e+03 -4.459712045041074546e+00
2.293817300000000159e+03 -4.460996778148347275e+00
2.294639299999999821e+03 -4.461209383284357344e+00
2.305964599999999791e+03 -4.461896052870410578e+00
2.336897399999999834e+03 -4.465311584403444556e+00
2.337217200000000048e+03 -4.465395632976306928e+00
2.357380799999999908e+03 -4.465584256216350134e+00
2.389685800000000199e+03 -4.464786647636823425e+00
2.391430100000000039e+03 -4.465238754278431088e+00
2.403278499999999894e+03 -4.466472115022328992e+00
2.423862599999999929e+03 -4.463298348794751291e+00
2.423902399999999943e+03 -4.463309604709845502e+00
