1.006068300000000022e+02 -4.413226963386775559e+00
1.272918099999999981e+02 -4.411691713015928329e+00
1.499851800000000139e+02 -4.411596005278313193e+00
1.754222599999999943e+02 -4.409641312985281836e+00
1.997329100000000039e+02 -4.409475662396519446e+00
2.243952899999999886e+02 -4.407439461267743219e+00
2.506427999999999940e+02 -4.407362253989983714e+00
2.738179600000000278e+02 -4.404993581767143951e+00
2.982566600000000108e+02 -4.404688634896979593e+00
3.244662500000000023e+02 -4.402557303355587592e+00
3.532655100000000061e+02 -4.402390893734554389e+00
3.711303800000000024e+02 -4.399265628091603375e+00
4.000650899999999979e+02 -4.399919396807833394e+00
4.236203300000000240e+02 -4.396666996265753191e+00
4.529871299999999792e+02 -4.396797469867171237e+00
4.706900200000000041e+02 -4.393819979077767002e+00
5.018226999999999975e+02 -4.393869617928038984e+00
5.193420499999999720e+02 -4.391633300417740138e+00
5.487916900000000169e+02 -4.392323710060812125e+00
5.624396100000000160e+02 -4.387958370481334747e+00
6.079740399999999454e+02 -4.391574472265770801e+00
6.189867000000000417e+02 -4.387125921688389774e+00
6.584108800000000201e+02 -4.388405685325259320e+00
6.660459100000000490e+02 -4.386236860792869230e+00
7.023354799999999614e+02 -4.386932349196936975e+00
7.164998699999999872e+02 -4.384541561386311237e+00
7.505436799999999948e+02 -4.384987943654654607e+00
7.709991199999999480e+02 -4.383866861706430917e+00
8.043340899999999465e+02 -4.384831195618060562e+00
8.134600299999999606e+02 -4.381346396565991341e+00
8.472093700000000354e+02 -4.382205966541455666e+00
8.661715599999999995e+02 -4.381399948863888838e+00
9.023589100000000371e+02 -4.381929636235645020e+00
9.083479599999999436e+02 -4.379280540406512934e+00
9.485612200000000485e+02 -4.380630010346568959e+00
9.645661499999999933e+02 -4.379669445445419917e+00
9.873137600000000020e+02 -4.377390680649977384e+00
1.012849399999999946e+03 -4.378635445282514915e+00
1.055484099999999899e+03 -4.380844469684860520e+00
1.061844200000000001e+03 -4.378115285048381544e+00
1.102840899999999920e+03 -4.380940849768952816e+00
1.120291300000000092e+03 -4.380765121721675648e+00
1.148100400000000036e+03 -4.379732925321256687e+00
1.161578299999999899e+03 -4.378909017898227951e+00
1.204420900000000074e+03 -4.380948299886214592e+00
1.209115999999999985e+03 -4.377411415200681333e+00
1.258718800000000101e+03 -4.379780065439631720e+00
1.266811400000000049e+03 -4.377948440878896896e+00
1.297591400000000021e+03 -4.381223412153389951e+00
1.305749900000000025e+03 -4.376378801665080864e+00
1.355762699999999995e+03 -4.378741548058782129e+00
1.363449399999999969e+03 -4.377354552652492181e+00
1.393971099999999979e+03 -4.377104677809089850e+00
1.409243199999999888e+03 -4.377722369884338605e+00
1.462981700000000046e+03 -4.378007270265712236e+00
1.463585199999999986e+03 -4.381610162666861541e+00
1.505749900000000025e+03 -4.379634330381425578e+00
1.511008499999999913e+03 -4.378305608943262150e+00
1.548125800000000027e+03 -4.377648269493442434e+00
1.557274899999999889e+03 -4.376384194176061726e+00
1.595506100000000060e+03 -4.376320488687112764e+00
1.604305000000000064e+03 -4.380788645828274319e+00
1.653093499999999949e+03 -4.377529421204775062e+00
1.655807800000000043e+03 -4.380270608868880977e+00
1.699809400000000096e+03 -4.379435741769684753e+00
1.717002600000000029e+03 -4.380816308886648081e+00
1.755973600000000033e+03 -4.380710190641724289e+00
1.771215300000000070e+03 -4.382909683797227451e+00
1.805400100000000066e+03 -4.379587863861425845e+00
1.810538800000000037e+03 -4.382045670820022387e+00
1.845138899999999921e+03 -4.379686343451359321e+00
1.862045800000000099e+03 -4.382145654307385563e+00
1.908940200000000004e+03 -4.381610384058913787e+00
1.911231099999999969e+03 -4.383987585592408642e+00
1.945644700000000057e+03 -4.381516233961511020e+00
1.957476899999999887e+03 -4.378786827403420290e+00
2.016622599999999920e+03 -4.383717561220495718e+00
2.023259700000000066e+03 -4.385028539417862525e+00
2.059514000000000124e+03 -4.382491879089953635e+00
2.068204299999999876e+03 -4.385985390645366522e+00
2.096121999999999844e+03 -4.379814568916794215e+00
2.112342099999999846e+03 -4.385582283927245584e+00
2.147683899999999994e+03 -4.383173503950335892e+00
2.170094099999999798e+03 -4.385349797724839682e+00
2.210923899999999776e+03 -4.387796117365534876e+00
2.214651600000000144e+03 -4.387654011271104437e+00
2.248424700000000030e+03 -4.383973316189275771e+00
2.251120100000000093e+03 -4.385893975653276655e+00
2.288250199999999950e+03 -4.382517321606755445e+00
2.291596700000000055e+03 -4.386324856202556965e+00
2.333237500000000182e+03 -4.385556298546648080e+00
2.359954200000000128e+03 -4.390298584881618282e+00
2.404220200000000204e+03 -4.388367456157739710e+00
2.415448899999999867e+03 -4.389357567131329851e+00
2.464636899999999969e+03 -4.389014108490125743e+00
