1.000810500000000047e+02 -6.184108238056271745e+00
1.261475499999999954e+02 -6.183785579464504245e+00
1.495362499999999955e+02 -6.183922701853742154e+00
1.758195499999999925e+02 -6.183751246087589415e+00
1.995148599999999988e+02 -6.183509155757474396e+00
2.240893800000000056e+02 -6.183057253078448667e+00
2.512118499999999983e+02 -6.183121058210513610e+00
2.713232100000000173e+02 -6.181842532975438509e+00
3.010099799999999846e+02 -6.182443064903110574e+00
3.199952900000000113e+02 -6.181073412970341074e+00
3.510975599999999872e+02 -6.181105114919779098e+00
3.741420400000000086e+02 -6.181418362551541534e+00
4.011486600000000067e+02 -6.180897567226036671e+00
4.212941000000000145e+02 -6.179506236228960780e+00
4.490566099999999778e+02 -6.179294327972995937e+00
4.698817799999999920e+02 -6.177315439622682369e+00
5.051918000000000006e+02 -6.178409486016181340e+00
5.196265600000000404e+02 -6.175577959183485177e+00
5.497918399999999792e+02 -6.175818784115191029e+00
5.673344299999999976e+02 -6.173091527731941142e+00
5.981824100000000044e+02 -6.172471290775844999e+00
6.182024099999999862e+02 -6.171038371668292832e+00
6.450843899999999849e+02 -6.170594758044370742e+00
6.698822900000000118e+02 -6.168268993528368327e+00
7.013664099999999735e+02 -6.166429637236261030e+00
7.169811499999999569e+02 -6.163519991618112925e+00
7.551825900000000047e+02 -6.163758637355829073e+00
7.689891699999999446e+02 -6.158975582609432564e+00
7.927912000000000035e+02 -6.156219355491033163e+00
8.208805200000000468e+02 -6.154301785541142600e+00
8.490928999999999860e+02 -6.151597791721719055e+00
8.644554699999999912e+02 -6.147565047546015293e+00
8.954896099999999706e+02 -6.146357377934419830e+00
9.170016699999999901e+02 -6.142060135156884648e+00
9.463622100000000046e+02 -6.141899554233972047e+00
9.616253900000000385e+02 -6.134906554396713396e+00
9.981950299999999743e+02 -6.133995686040186968e+00
1.021366599999999949e+03 -6.131490170811270346e+00
1.064268900000000031e+03 -6.129847705489320120e+00
1.073947400000000016e+03 -6.128396503231345882e+00
1.096847099999999955e+03 -6.124720052861571951e+00
1.125656899999999951e+03 -6.121803620228451592e+00
1.154258000000000038e+03 -6.118867836566446172e+00
1.167438699999999926e+03 -6.115352859289846954e+00
1.190961900000000014e+03 -6.111605049777615761e+00
1.215296700000000101e+03 -6.109965080669773840e+00
1.250539199999999937e+03 -6.107625734489838365e+00
1.261988100000000031e+03 -6.103916461757038725e+00
1.294620599999999968e+03 -6.104004352968368963e+00
1.311421000000000049e+03 -6.099967273322597805e+00
1.354050300000000107e+03 -6.098989526183138388e+00
1.366114600000000110e+03 -6.095387443488150758e+00
1.387488800000000083e+03 -6.092016295330599185e+00
1.408317500000000109e+03 -6.090246949720432568e+00
1.453374700000000075e+03 -6.092233520914564160e+00
1.457129599999999982e+03 -6.086003443508532840e+00
1.502850799999999936e+03 -6.080324301680025023e+00
1.507858400000000074e+03 -6.087323628850341173e+00
1.559593699999999899e+03 -6.084094325899243039e+00
1.560228100000000040e+03 -6.076828043935821988e+00
1.604317000000000007e+03 -6.078429443975994495e+00
1.607585600000000113e+03 -6.073016046058550721e+00
1.655053699999999935e+03 -6.074811207550181003e+00
1.668740399999999909e+03 -6.073994210083541567e+00
1.691171100000000024e+03 -6.070092198794013960e+00
1.709265300000000025e+03 -6.065842574091302453e+00
1.751707000000000107e+03 -6.067172322917748772e+00
1.756931199999999990e+03 -6.064296340798543739e+00
1.800012999999999920e+03 -6.064084871699302326e+00
1.810296900000000051e+03 -6.060554781505775424e+00
1.841840799999999945e+03 -6.059567435609546138e+00
1.851843000000000075e+03 -6.053832421843508449e+00
1.895495799999999917e+03 -6.048805205104673455e+00
1.901337600000000066e+03 -6.055118500187596453e+00
1.950355499999999893e+03 -6.045657487012698894e+00
1.957564399999999978e+03 -6.050420072768243784e+00
1.997069700000000012e+03 -6.042193634733291852e+00
2.003336000000000013e+03 -6.050104051936879834e+00
2.054090599999999995e+03 -6.047830764613203236e+00
2.069602499999999964e+03 -6.035965161751231989e+00
2.071448400000000220e+03 -6.044523474988523937e+00
2.097926399999999830e+03 -6.037051956142486908e+00
2.146639599999999973e+03 -6.038865723752660841e+00
2.171051100000000133e+03 -6.036766242596701915e+00
2.173502800000000207e+03 -6.034018720624542809e+00
2.193168799999999919e+03 -6.031541710667657874e+00
2.254844399999999951e+03 -6.028086020104691301e+00
2.263146000000000186e+03 -6.035187878677968243e+00
2.299435699999999997e+03 -6.027402788029335490e+00
2.301174700000000030e+03 -6.024669472001686010e+00
2.353507500000000164e+03 -6.025438518270406441e+00
2.377629300000000057e+03 -6.026744196817632293e+00
2.404555299999999988e+03 -6.022652284835870340e+00
2.405608600000000024e+03 -6.024312737733487744e+00
2.443233999999999924e+03 -6.020543825320873843e+00
