1.006454399999999936e+02 -3.467700765316749756e+00
1.270314999999999941e+02 -3.467397316131144880e+00
1.483147800000000132e+02 -3.467069832079474168e+00
1.483230800000000045e+02 -3.467072079565530984e+00
1.759763399999999933e+02 -3.466996287871098925e+00
2.014049599999999884e+02 -3.467305335631734931e+00
2.014394800000000032e+02 -3.467314361509806098e+00
2.249445299999999861e+02 -3.466216398839447876e+00
2.520965199999999982e+02 -3.466124035357102784e+00
2.522935799999999915e+02 -3.466174826634152328e+00
2.738520800000000008e+02 -3.465257847204887387e+00
3.012854399999999941e+02 -3.465181537126980515e+00
3.013784099999999739e+02 -3.465205673493732874e+00
3.207990100000000098e+02 -3.463466108157244872e+00
3.479935800000000086e+02 -3.463368418237277702e+00
3.483625999999999863e+02 -3.463463919024909465e+00
3.713655299999999784e+02 -3.462208822874786929e+00
3.986388900000000035e+02 -3.462242737236109758e+00
3.987081499999999892e+02 -3.462260693210412743e+00
4.198855800000000045e+02 -3.459798934588230512e+00
4.510456500000000233e+02 -3.459570136285375686e+00
4.510540700000000243e+02 -3.459572363908415937e+00
4.681354799999999727e+02 -3.456531246635333066e+00
4.968281299999999874e+02 -3.455735810707105227e+00
4.968669199999999933e+02 -3.455745686038156794e+00
5.183355099999999993e+02 -3.452949061699790878e+00
5.452964600000000246e+02 -3.452471568664810420e+00
5.455612800000000107e+02 -3.452539826365487396e+00
5.730960999999999785e+02 -3.449878662876106894e+00
5.979819999999999709e+02 -3.446940089390338802e+00
5.981330000000000382e+02 -3.446979075011191718e+00
6.154484499999999798e+02 -3.444614226036410098e+00
6.549974200000000337e+02 -3.445873227779602921e+00
6.550585800000000063e+02 -3.445888733544800964e+00
6.681112200000000030e+02 -3.440253636164282369e+00
7.037872399999999971e+02 -3.440163703246267524e+00
7.038887899999999718e+02 -3.440189752401402234e+00
7.194574199999999564e+02 -3.434803195589623215e+00
7.490173800000000028e+02 -3.435798941758052560e+00
7.494097799999999552e+02 -3.435900435855749890e+00
7.674482699999999795e+02 -3.429267846012776122e+00
8.026300899999999956e+02 -3.428374801446432141e+00
8.028602600000000393e+02 -3.428434101432262349e+00
8.155943200000000388e+02 -3.423675834683469699e+00
8.484967400000000453e+02 -3.422741606545283144e+00
8.485873299999999517e+02 -3.422765127634651350e+00
8.691279299999999921e+02 -3.420080624645093437e+00
8.986017299999999750e+02 -3.418405867550294630e+00
8.986117600000000039e+02 -3.418408409619575927e+00
9.172261700000000246e+02 -3.414249609880322112e+00
9.475784800000000132e+02 -3.412802066881590601e+00
9.478819799999999987e+02 -3.412880578559378542e+00
9.655454600000000482e+02 -3.410412134183852917e+00
9.882641399999999976e+02 -3.409037858654949904e+00
9.885249199999999519e+02 -3.409104766622758298e+00
1.015964799999999968e+03 -3.405489179342775952e+00
1.040801200000000108e+03 -3.403178558154689615e+00
1.040853200000000015e+03 -3.403192408273206127e+00
1.066836800000000039e+03 -3.402716728720897699e+00
1.099473099999999931e+03 -3.400636357447307745e+00
1.100222500000000082e+03 -3.400830041381706526e+00
1.115502400000000080e+03 -3.397771956303452967e+00
1.141146099999999933e+03 -3.395254965980625705e+00
1.141964999999999918e+03 -3.395466311736263343e+00
1.168424899999999980e+03 -3.392361068290090653e+00
1.209331500000000005e+03 -3.392280071488374737e+00
1.210104100000000017e+03 -3.392480465480347096e+00
1.222680100000000039e+03 -3.390870376358271709e+00
1.248568400000000111e+03 -3.389189620208727938e+00
1.248939599999999928e+03 -3.389285582798948759e+00
1.266997499999999945e+03 -3.387612366618167670e+00
1.294561899999999923e+03 -3.384626161362838559e+00
1.295228000000000065e+03 -3.384798615901253971e+00
1.319584900000000061e+03 -3.382666090187206986e+00
1.341247100000000046e+03 -3.379695316789297799e+00
1.341263999999999896e+03 -3.379699991088195965e+00
1.358852599999999939e+03 -3.377702062546077855e+00
1.396664399999999887e+03 -3.378289398492821949e+00
1.396810600000000022e+03 -3.378327295874330005e+00
1.416487699999999904e+03 -3.376772858317663939e+00
1.456609999999999900e+03 -3.375373492708738432e+00
1.456884600000000091e+03 -3.375444227848719780e+00
1.470079400000000078e+03 -3.374642085607172159e+00
1.511505300000000034e+03 -3.369253042244678475e+00
1.512822300000000041e+03 -3.373236704497499794e+00
1.512891200000000026e+03 -3.373255228914914916e+00
1.551047000000000025e+03 -3.368510469860568790e+00
1.551543599999999969e+03 -3.368638850847378130e+00
1.562141699999999901e+03 -3.366223317550232963e+00
1.597649100000000089e+03 -3.364138592109579662e+00
1.598056100000000015e+03 -3.364243657056324110e+00
1.615151399999999967e+03 -3.365642625638007868e+00
1.659431299999999965e+03 -3.362868662496369510e+00
1.661227599999999939e+03 -3.365866626176909460e+00
1.661854700000000093e+03 -3.366029252865904375e+00
1.691043899999999894e+03 -3.360635744941499414e+00
1.691700800000000072e+03 -3.360806075523781633e+00
1.733073000000000093e+03 -3.364121498919601994e+00
1.768489800000000059e+03 -3.361965315751867411e+00
1.769153600000000097e+03 -3.362135954444746222e+00
1.769462800000000016e+03 -3.359326717215019631e+00
1.799999600000000100e+03 -3.358419795482856518e+00
1.801246200000000044e+03 -3.358742015516010149e+00
1.815393499999999904e+03 -3.357503587536228018e+00
1.846828199999999924e+03 -3.357286912141164148e+00
1.847348899999999958e+03 -3.357421472572374554e+00
1.864140699999999924e+03 -3.353355098619359875e+00
1.900162600000000111e+03 -3.349589927570523429e+00
1.917107199999999921e+03 -3.359118571437621270e+00
1.917863299999999981e+03 -3.359315259590561542e+00
1.954672800000000052e+03 -3.348950116489466833e+00
1.955852399999999989e+03 -3.349255626313589307e+00
1.957682700000000068e+03 -3.349098630434316881e+00
1.996825700000000097e+03 -3.345450523308834967e+00
2.003865600000000086e+03 -3.349900388057889700e+00
2.005029800000000023e+03 -3.350201458706759894e+00
2.062554900000000089e+03 -3.348086530498207036e+00
2.063302499999999782e+03 -3.348280563263266618e+00
2.072093600000000151e+03 -3.350486984836579474e+00
2.094982199999999921e+03 -3.344427194714664431e+00
2.096756400000000212e+03 -3.344885758966400058e+00
2.099025599999999940e+03 -3.341545362016200560e+00
2.147505299999999806e+03 -3.340805838299067076e+00
2.147818099999999959e+03 -3.340886296243353648e+00
2.173130400000000009e+03 -3.341367593342692288e+00
2.187116700000000037e+03 -3.346009383673844262e+00
2.187571100000000115e+03 -3.346126346266433238e+00
2.211007700000000114e+03 -3.341509110460715970e+00
2.239364300000000185e+03 -3.336325557313160939e+00
2.240158199999999852e+03 -3.336530440071073134e+00
2.253518900000000031e+03 -3.339065761898142526e+00
2.296112200000000030e+03 -3.338091785591317251e+00
2.298035699999999906e+03 -3.338588997750872700e+00
2.316746299999999792e+03 -3.340991448107001993e+00
2.337895199999999932e+03 -3.332346352177641524e+00
2.339716399999999794e+03 -3.332816608896445931e+00
2.360864399999999932e+03 -3.337826887870915193e+00
2.387239900000000034e+03 -3.332776407880551517e+00
2.387385099999999966e+03 -3.332814759137835203e+00
2.408983400000000074e+03 -3.330739078367404460e+00
2.438163799999999810e+03 -3.335289611364400830e+00
2.439184099999999944e+03 -3.335554142508645015e+00
