1.244594699999999960e+02 -3.291779413284804612e+00
1.335802400000000034e+02 -3.291234199728363397e+00
1.731645100000000070e+02 -3.290564051221900765e+00
1.737646000000000015e+02 -3.290859986352676181e+00
1.826669400000000110e+02 -3.290089720942216633e+00
2.215564799999999934e+02 -3.288850341345131323e+00
2.219311299999999960e+02 -3.289074256687984033e+00
2.314004300000000001e+02 -3.288392908560058725e+00
2.714384299999999826e+02 -3.286890129531475413e+00
2.720284899999999766e+02 -3.287169020252240781e+00
2.809553799999999910e+02 -3.286144466455680035e+00
3.191770599999999831e+02 -3.283716860817913030e+00
3.222959000000000174e+02 -3.284642164015686205e+00
3.305362400000000207e+02 -3.283432236137660887e+00
3.701243000000000052e+02 -3.280773651586115669e+00
3.704659199999999828e+02 -3.280977731456227175e+00
3.772617399999999748e+02 -3.279268730331677872e+00
4.210239799999999946e+02 -3.277300744338571103e+00
4.218946500000000128e+02 -3.277398667237982455e+00
4.303567499999999768e+02 -3.276181088071431713e+00
4.676292199999999752e+02 -3.271896348399123688e+00
4.708162800000000061e+02 -3.272827329754663062e+00
4.783674300000000130e+02 -3.271154630464429225e+00
5.158566499999999451e+02 -3.267057718184106285e+00
5.196134600000000319e+02 -3.268126068603615764e+00
5.279348099999999704e+02 -3.266688406443976511e+00
5.647716299999999592e+02 -3.263047301478258611e+00
5.650672100000000455e+02 -3.263038176425364867e+00
5.687669100000000526e+02 -3.260742078262389043e+00
6.167082000000000335e+02 -3.259249228875245485e+00
6.235508300000000190e+02 -3.257573548281965437e+00
6.236843400000000202e+02 -3.261166428835772901e+00
6.676254699999999502e+02 -3.254834044242238544e+00
6.684684499999999616e+02 -3.255152928000761836e+00
6.780838700000000472e+02 -3.254082120932613620e+00
7.136627600000000484e+02 -3.250247507448664752e+00
7.179904599999999846e+02 -3.251268807620822709e+00
7.230650200000000041e+02 -3.249430366920720292e+00
7.605620599999999740e+02 -3.245746426805470985e+00
7.621242200000000366e+02 -3.246081072114264998e+00
7.743900999999999613e+02 -3.246200855577168198e+00
8.105439699999999448e+02 -3.241437285626246112e+00
8.127235500000000457e+02 -3.242063492155183191e+00
8.220327999999999520e+02 -3.241106084423048372e+00
8.624067800000000261e+02 -3.237443216037855453e+00
8.680950199999999768e+02 -3.238995919255821310e+00
8.739721799999999803e+02 -3.237034364151474719e+00
9.116552000000000362e+02 -3.234120211283128210e+00
9.125785200000000259e+02 -3.234425109798797493e+00
9.194058700000000499e+02 -3.233187011689738544e+00
9.585261699999999792e+02 -3.229991106587725369e+00
9.602630799999999454e+02 -3.230383038977260757e+00
9.759986900000000105e+02 -3.231376256781010259e+00
1.001676600000000008e+03 -3.226009215655289530e+00
1.002599000000000046e+03 -3.226232052599689037e+00
1.005455799999999954e+03 -3.224268424557421575e+00
1.052060199999999895e+03 -3.222199248058033927e+00
1.060348700000000008e+03 -3.224373437504728823e+00
1.065087500000000091e+03 -3.222502694429876691e+00
1.106067700000000059e+03 -3.222287763162830831e+00
1.108634299999999939e+03 -3.222996364831044236e+00
1.117770700000000033e+03 -3.222244068391014959e+00
1.149433999999999969e+03 -3.217506549674219229e+00
1.158257800000000088e+03 -3.219793885666793365e+00
1.164018199999999979e+03 -3.218281944271663697e+00
1.208282799999999952e+03 -3.217753262494327249e+00
1.210865999999999985e+03 -3.218471956529321609e+00
1.225352399999999989e+03 -3.218775853753876870e+00
1.258771500000000060e+03 -3.216580428702015215e+00
1.266209100000000035e+03 -3.218431651496266088e+00
1.266598799999999983e+03 -3.215405946470729859e+00
1.299883599999999888e+03 -3.212633261995619272e+00
1.307651800000000094e+03 -3.214609285890673629e+00
1.314426899999999932e+03 -3.212998174722516698e+00
1.342316000000000031e+03 -3.208369827022490739e+00
1.343328800000000001e+03 -3.208581737402975254e+00
1.365605399999999918e+03 -3.211233568228037072e+00
1.394651000000000067e+03 -3.207576089704459399e+00
1.404167500000000018e+03 -3.210038838688761054e+00
1.417101400000000012e+03 -3.210107982574052610e+00
1.445454199999999901e+03 -3.206813839886177853e+00
1.448584399999999960e+03 -3.207606673804576314e+00
1.470798800000000028e+03 -3.210116432425880184e+00
1.499147799999999961e+03 -3.205728492381688000e+00
1.499796199999999999e+03 -3.205887059088404101e+00
1.503771099999999933e+03 -3.203798631148858433e+00
1.551706500000000005e+03 -3.206329905324108331e+00
1.552521099999999933e+03 -3.203616976407295702e+00
1.554796199999999999e+03 -3.207107536843428086e+00
1.598011999999999944e+03 -3.204185848838005946e+00
1.598270500000000084e+03 -3.204256696181561725e+00
1.608358099999999922e+03 -3.203344594536412071e+00
1.641845499999999902e+03 -3.200413925926189229e+00
1.644732500000000073e+03 -3.201133863377724431e+00
1.652344399999999951e+03 -3.199565155351486556e+00
1.693082000000000107e+03 -3.199477920344014237e+00
1.693309199999999919e+03 -3.199564185072020450e+00
1.708224400000000060e+03 -3.199866682427774389e+00
1.732024799999999914e+03 -3.198120567200978037e+00
1.740760500000000093e+03 -3.200300657815500216e+00
1.750959499999999935e+03 -3.199332427545490631e+00
1.794153099999999995e+03 -3.198924184196174636e+00
1.794267000000000053e+03 -3.198974848828139095e+00
1.810070999999999913e+03 -3.199241293317725887e+00
1.844328700000000026e+03 -3.199405956365032555e+00
1.849582699999999932e+03 -3.200752414552710867e+00
1.854588799999999992e+03 -3.198209984108032700e+00
1.884138999999999896e+03 -3.195611104537171787e+00
1.892164700000000039e+03 -3.197625354137614728e+00
1.898531799999999976e+03 -3.196277329842718284e+00
1.941652299999999968e+03 -3.196795537761940587e+00
1.946909900000000107e+03 -3.195174068489803787e+00
1.949474400000000060e+03 -3.198808241656601492e+00
1.986586000000000013e+03 -3.196040075905664857e+00
1.988097800000000007e+03 -3.196375593867697873e+00
2.008649899999999889e+03 -3.197335118202707438e+00
2.038893700000000081e+03 -3.195213482093242519e+00
2.039327999999999975e+03 -3.195392162744637332e+00
2.069627800000000207e+03 -3.199108227849404074e+00
2.089856499999999869e+03 -3.195267934755470662e+00
2.091670399999999972e+03 -3.195687657830740047e+00
2.111933300000000145e+03 -3.197111498199925350e+00
2.131518799999999828e+03 -3.192742264811493591e+00
2.132187399999999798e+03 -3.192995408393422441e+00
2.160207899999999881e+03 -3.196051091271926659e+00
2.186842599999999948e+03 -3.193333241461637773e+00
2.190986399999999776e+03 -3.194345214762485341e+00
2.201491500000000087e+03 -3.194480389775313789e+00
2.237991399999999885e+03 -3.195062737915073559e+00
2.241307400000000143e+03 -3.195870478433215478e+00
2.260504100000000108e+03 -3.196506217950938922e+00
2.291494000000000142e+03 -3.192123616608879999e+00
2.293748000000000047e+03 -3.192674517104975074e+00
2.308875300000000152e+03 -3.195653157341488804e+00
2.333247400000000198e+03 -3.192912816778338492e+00
2.347877300000000105e+03 -3.196619270596198437e+00
2.369623599999999897e+03 -3.197684893719582533e+00
2.398196399999999812e+03 -3.197818427365687555e+00
2.407463699999999790e+03 -3.197599309671467438e+00
2.409103599999999915e+03 -3.197984634447032626e+00
2.458836699999999837e+03 -3.198000749598087999e+00
2.466056000000000040e+03 -3.199782459946844515e+00
