1.222694599999999951e+02 2.366915123142682376e+01
1.339360599999999977e+02 2.369008396092000979e+01
1.712280399999999929e+02 2.375390749033177329e+01
1.721702400000000068e+02 2.375149552208426584e+01
1.797460900000000095e+02 2.377748575208630299e+01
2.208676800000000071e+02 2.387530429472827009e+01
2.225426899999999932e+02 2.387529818847954388e+01
2.297563100000000134e+02 2.390353653572155324e+01
2.687049299999999903e+02 2.399160187258294386e+01
2.696355500000000234e+02 2.399135609607164810e+01
2.769711899999999787e+02 2.401753511093018290e+01
3.195778099999999995e+02 2.411930134337471898e+01
3.198562900000000013e+02 2.412024068797068921e+01
3.274014799999999923e+02 2.413565743944636566e+01
3.648123600000000124e+02 2.424243486668023806e+01
3.684163599999999974e+02 2.424245980052920757e+01
3.766248899999999935e+02 2.426768522287807883e+01
4.152325700000000097e+02 2.437383319763891620e+01
4.180744900000000257e+02 2.437358996539792244e+01
4.289329799999999864e+02 2.441424486057398724e+01
4.646953500000000190e+02 2.452419804600040720e+01
4.665102099999999723e+02 2.452420618766537785e+01
4.720069599999999923e+02 2.455133523305516263e+01
5.114762900000000059e+02 2.466231274170568000e+01
5.166011999999999489e+02 2.466318440871158302e+01
5.259056100000000242e+02 2.471063097903521211e+01
5.643484300000000076e+02 2.482858792998167985e+01
5.665960300000000416e+02 2.482839151231426911e+01
5.749918000000000120e+02 2.486148330958680930e+01
6.162927799999999934e+02 2.499781752493384701e+01
6.177327199999999721e+02 2.499695807042539997e+01
6.210769599999999855e+02 2.501481019743537360e+01
6.611570199999999886e+02 2.515414308976185609e+01
6.639808299999999690e+02 2.515465550580093534e+01
6.722288899999999785e+02 2.517209749643802041e+01
7.104277600000000348e+02 2.530682118868308805e+01
7.126887799999999515e+02 2.530626653775697221e+01
7.202018600000000106e+02 2.537562232851617949e+01
7.615284500000000207e+02 2.549988550783635333e+01
7.640629999999999882e+02 2.549941380012212377e+01
7.643316700000000310e+02 2.550491044168532540e+01
8.141909399999999550e+02 2.566142021168328924e+01
8.159133299999999736e+02 2.566164868715652148e+01
8.228190100000000484e+02 2.569323173213922473e+01
8.582767400000000180e+02 2.584601261958070495e+01
8.582847100000000182e+02 2.584687461835945754e+01
8.701026900000000524e+02 2.583330246285365206e+01
9.078001100000000179e+02 2.600804905353144747e+01
9.127488200000000234e+02 2.600801750457968708e+01
9.177726099999999860e+02 2.603565184205169913e+01
9.516785800000000108e+02 2.619300732749847072e+01
9.568650999999999840e+02 2.619243842865866156e+01
9.673566299999999956e+02 2.618561723997557422e+01
1.006807699999999954e+03 2.634797425198453169e+01
1.010138199999999983e+03 2.634810655404029944e+01
1.020145800000000008e+03 2.641583960920008067e+01
1.045622699999999895e+03 2.655912324445349171e+01
1.064725599999999986e+03 2.655968145735802821e+01
1.066748299999999972e+03 2.656769489110523352e+01
1.107879599999999982e+03 2.673539792387543557e+01
1.111139300000000048e+03 2.673578109098310307e+01
1.113831899999999905e+03 2.676288062283737190e+01
1.155223400000000083e+03 2.695220944433136268e+01
1.161164700000000039e+03 2.695267962548341245e+01
1.168809500000000071e+03 2.698764909423977443e+01
1.202365800000000036e+03 2.712424740484429009e+01
1.203287100000000009e+03 2.712401434968451142e+01
1.229456599999999980e+03 2.711656370852839260e+01
1.242655099999999948e+03 2.734770863016487041e+01
1.245113599999999906e+03 2.734723794015876308e+01
1.269253099999999904e+03 2.734163952778343187e+01
1.300256000000000085e+03 2.755956594748625932e+01
1.303758199999999988e+03 2.756026409525748377e+01
1.314839799999999968e+03 2.754814522694891110e+01
1.349958499999999958e+03 2.771998880521066511e+01
1.352126400000000103e+03 2.771993435782617610e+01
1.370548900000000003e+03 2.774521677182983836e+01
1.407111499999999978e+03 2.794233716670059309e+01
1.408067399999999907e+03 2.794284754732342435e+01
1.412444199999999910e+03 2.795851872582943543e+01
1.454491800000000012e+03 2.814537807856706664e+01
1.457615500000000111e+03 2.814589914512517765e+01
1.465193400000000111e+03 2.817053633217993180e+01
1.501970199999999977e+03 2.842662222674536920e+01
1.504523300000000063e+03 2.842587624669244661e+01
1.523669200000000046e+03 2.843063047018115341e+01
1.549933299999999917e+03 2.863495878282108364e+01
1.556215400000000045e+03 2.866263331976388784e+01
1.556231999999999971e+03 2.863559485039690600e+01
1.594911000000000058e+03 2.886969265214736069e+01
1.603313599999999951e+03 2.886917260329737189e+01
1.618107899999999972e+03 2.885062945247302935e+01
1.653765900000000101e+03 2.905794728271931859e+01
1.658518000000000029e+03 2.905861846122531844e+01
1.665446099999999888e+03 2.904171687360064880e+01
1.698440700000000106e+03 2.937008243435782617e+01
1.707853699999999890e+03 2.937065336861387976e+01
1.716334200000000010e+03 2.937560604518624174e+01
1.747217799999999897e+03 2.961380419295745980e+01
1.756253099999999904e+03 2.961338693262772281e+01
1.761564399999999978e+03 2.961605638102992089e+01
1.791834700000000112e+03 2.992134388357419184e+01
1.797929799999999886e+03 2.992209139018929065e+01
1.807422100000000000e+03 2.990048799104416943e+01
1.841657400000000052e+03 3.016021626297577640e+01
1.845443199999999933e+03 3.016036230409118346e+01
1.861005300000000034e+03 3.016544168532464809e+01
1.892307000000000016e+03 3.046646651740280731e+01
1.899388999999999896e+03 3.046676114390393053e+01
1.919363100000000031e+03 3.044937563606757536e+01
1.946704300000000103e+03 3.083311825768369374e+01
1.951035100000000057e+03 3.083387594138001120e+01
1.966302400000000034e+03 3.081263993486668085e+01
1.989084299999999985e+03 3.118799613270913795e+01
2.003627799999999979e+03 3.118852788520252162e+01
2.018964799999999968e+03 3.119761754528800779e+01
2.039574900000000071e+03 3.144043252595155735e+01
2.042384600000000091e+03 3.143989059637695860e+01
2.074352600000000166e+03 3.142699063708528229e+01
2.093882799999999861e+03 3.186982800732749865e+01
2.111991599999999835e+03 3.186913901892936707e+01
2.115313000000000102e+03 3.185990331772847384e+01
2.145389200000000073e+03 3.220957510685934722e+01
2.154607700000000023e+03 3.220872277630775216e+01
2.161567300000000159e+03 3.221454915530225804e+01
2.194264999999999873e+03 3.263875686952981425e+01
2.197449399999999969e+03 3.263743537553429519e+01
2.214704499999999825e+03 3.265774577651129817e+01
2.247974099999999908e+03 3.315089100346020956e+01
2.250514799999999923e+03 3.315179218400162853e+01
2.274982599999999820e+03 3.316057805821290572e+01
2.303501699999999801e+03 3.360410645226949100e+01
2.311302999999999884e+03 3.360331721962141671e+01
2.335947299999999814e+03 3.366937309179727578e+01
2.348055800000000090e+03 3.428631437003867433e+01
2.355133800000000065e+03 3.428508090779564554e+01
2.359482700000000023e+03 3.432529717077142095e+01
2.407184299999999894e+03 3.487787349888051835e+01
2.407545200000000023e+03 3.483351821697537076e+01
2.411899600000000191e+03 3.483272389578668538e+01
2.454578500000000076e+03 3.476213260736820843e+01
2.455396299999999883e+03 3.476132760024425039e+01
