1.037914499999999975e+02 -3.464798368299350173e+00
1.275731999999999999e+02 -3.464304148549851803e+00
1.515329800000000091e+02 -3.464156176995540015e+00
1.765644100000000094e+02 -3.463865799899508158e+00
2.010361200000000110e+02 -3.463579920050596783e+00
2.244725799999999936e+02 -3.462840981046189093e+00
2.490043900000000008e+02 -3.462473498003629135e+00
2.725036200000000122e+02 -3.461517069623850418e+00
3.005977100000000064e+02 -3.461717565706251332e+00
3.203030999999999722e+02 -3.459938251569933954e+00
3.514067900000000009e+02 -3.460742404883875079e+00
3.708165300000000002e+02 -3.458829667681668329e+00
3.982490700000000174e+02 -3.458717271406159810e+00
4.247816599999999880e+02 -3.458243327404983525e+00
4.493149199999999723e+02 -3.457126880726569595e+00
4.722342699999999809e+02 -3.455774867081475854e+00
4.988252699999999891e+02 -3.454900900085501103e+00
5.212305900000000065e+02 -3.453677296011730569e+00
5.486015300000000252e+02 -3.452330880059431006e+00
5.720481800000000021e+02 -3.450849867455127562e+00
6.001687699999999950e+02 -3.449703967826210249e+00
6.233221300000000156e+02 -3.448852761843706372e+00
6.500500500000000557e+02 -3.446792331023226463e+00
6.672635500000000093e+02 -3.443202214891412538e+00
6.975958900000000540e+02 -3.442427760827545757e+00
7.197807800000000498e+02 -3.439818909455705676e+00
7.532972200000000385e+02 -3.439069979894009421e+00
7.642219199999999546e+02 -3.434502567373375115e+00
7.921493299999999635e+02 -3.432338937330476458e+00
8.106351600000000417e+02 -3.429090872269245693e+00
8.507104900000000498e+02 -3.429902445600385263e+00
8.651051800000000185e+02 -3.424873250695208426e+00
8.928576299999999719e+02 -3.423914135582000640e+00
9.117023799999999483e+02 -3.420690417615349865e+00
9.482604300000000421e+02 -3.421098555862660540e+00
9.641640700000000379e+02 -3.416801811586177351e+00
9.947624399999999696e+02 -3.415122591984856015e+00
1.012318599999999947e+03 -3.412171182410034476e+00
1.057564000000000078e+03 -3.414179590442042667e+00
1.067021500000000060e+03 -3.409601694934086602e+00
1.094314900000000080e+03 -3.407379595245051185e+00
1.119651200000000017e+03 -3.405796722305616697e+00
1.141703099999999949e+03 -3.401550142111359420e+00
1.163115099999999984e+03 -3.400332008424443053e+00
1.201024300000000039e+03 -3.399815122622699359e+00
1.215685799999999972e+03 -3.396731048336078196e+00
1.232136500000000069e+03 -3.391837637146032591e+00
1.269755900000000111e+03 -3.392925254216447861e+00
1.299656199999999899e+03 -3.391753438541444954e+00
1.312014400000000023e+03 -3.387267381662285803e+00
1.350529800000000023e+03 -3.388248702589483852e+00
1.359786900000000060e+03 -3.384820251472753228e+00
1.398276900000000069e+03 -3.383692013932386278e+00
1.407556100000000015e+03 -3.378844586506621894e+00
1.441616199999999935e+03 -3.379447836282478690e+00
1.470983899999999949e+03 -3.379031320894986479e+00
1.491516100000000051e+03 -3.375299510983013285e+00
1.509705699999999979e+03 -3.373033637213144420e+00
1.536116099999999960e+03 -3.370182287444665636e+00
1.572989299999999957e+03 -3.373137906790045104e+00
1.604122499999999945e+03 -3.370155418723224106e+00
1.609889200000000073e+03 -3.368222808018583425e+00
1.647269500000000107e+03 -3.367477546420645673e+00
1.662131599999999935e+03 -3.364306006985962938e+00
1.690649699999999939e+03 -3.363601463098031985e+00
1.711370699999999943e+03 -3.360282495939871161e+00
1.742945600000000013e+03 -3.360466251887260114e+00
1.773105900000000020e+03 -3.359366790814609871e+00
1.802998599999999897e+03 -3.356737026264545953e+00
1.826086800000000039e+03 -3.362309693626705620e+00
1.853192600000000084e+03 -3.357292046956293685e+00
1.855731500000000096e+03 -3.351598464215740591e+00
1.910361100000000079e+03 -3.355881643350959731e+00
1.917334499999999935e+03 -3.354388354791891125e+00
1.952756399999999985e+03 -3.352726569660466893e+00
1.962354599999999891e+03 -3.349254811795423947e+00
1.978004400000000032e+03 -3.344090541711052911e+00
2.030337999999999965e+03 -3.351613000576282975e+00
2.059662200000000212e+03 -3.346709053942788170e+00
2.078447099999999864e+03 -3.348739556211730140e+00
2.091932800000000043e+03 -3.344595051769537086e+00
2.112387999999999920e+03 -3.340559954998191916e+00
2.149947299999999814e+03 -3.339230243855782820e+00
2.165302299999999832e+03 -3.342913281336922893e+00
2.196751299999999901e+03 -3.340158983826832628e+00
2.223623599999999897e+03 -3.338446431744031440e+00
2.254760900000000220e+03 -3.338887148937557114e+00
2.275406300000000101e+03 -3.337918472805559311e+00
2.293392299999999977e+03 -3.331629172605300226e+00
2.335981200000000172e+03 -3.340182452867459961e+00
2.357015400000000227e+03 -3.333173234930467466e+00
2.359820200000000114e+03 -3.331921077347742788e+00
2.399367600000000039e+03 -3.328936440973684352e+00
2.409739399999999932e+03 -3.326511101954737537e+00
2.432034999999999854e+03 -3.325702650275818684e+00
