1.026549700000000058e+02 3.589209495216771728e+01
1.265701899999999966e+02 3.591060808060248633e+01
1.512144099999999867e+02 3.592125330755139601e+01
1.747971499999999878e+02 3.593959495216772382e+01
1.990871899999999926e+02 3.594812690820272394e+01
2.247858400000000074e+02 3.597428251577447611e+01
2.495503799999999899e+02 3.598035416242621665e+01
2.735009800000000268e+02 3.600405200488499702e+01
2.976179700000000139e+02 3.601529717077142578e+01
3.224027899999999818e+02 3.605129147160594272e+01
3.474025599999999940e+02 3.606673468349277556e+01
3.698080400000000054e+02 3.607805770405047951e+01
3.987327500000000100e+02 3.609616680236108266e+01
4.229234500000000025e+02 3.610897058823529449e+01
4.459003799999999842e+02 3.610345817219621267e+01
4.698954200000000014e+02 3.617695196417667347e+01
4.980033500000000117e+02 3.613922348870344337e+01
5.198797799999999825e+02 3.618319102381436636e+01
5.518276600000000371e+02 3.619787400773458330e+01
5.713912400000000389e+02 3.621444331365763958e+01
5.957218000000000302e+02 3.622585080398941670e+01
6.199178000000000566e+02 3.625405912884185256e+01
6.437311300000000074e+02 3.628308009362914532e+01
6.666161899999999605e+02 3.629821036026867631e+01
6.959480700000000297e+02 3.634427946265011400e+01
7.198650499999999965e+02 3.634379503358437091e+01
7.492291000000000167e+02 3.636597496438021437e+01
7.694332600000000184e+02 3.637700183187461533e+01
7.961525199999999813e+02 3.640536332179930668e+01
8.122784299999999575e+02 3.640182525951557579e+01
8.504212899999999991e+02 3.639091237533074974e+01
8.653657899999999472e+02 3.642873142682678633e+01
8.999996899999999869e+02 3.643687767148382051e+01
9.079125500000000102e+02 3.644386627315285665e+01
9.517315800000000081e+02 3.647418583350295052e+01
9.615390800000000127e+02 3.648646804396499022e+01
1.008351900000000001e+03 3.653592407897414773e+01
1.017648000000000025e+03 3.652454203134541189e+01
1.041666500000000042e+03 3.658245115001017211e+01
1.067082100000000082e+03 3.657934561367800086e+01
1.097608300000000099e+03 3.662233716670058925e+01
1.112952999999999975e+03 3.662522186037044492e+01
1.161901499999999942e+03 3.668263331976389452e+01
1.164978399999999965e+03 3.663966008548747766e+01
1.195713799999999992e+03 3.670663138611845966e+01
1.215358600000000024e+03 3.671261550987176747e+01
1.242090099999999893e+03 3.677797577854671118e+01
1.260194799999999987e+03 3.674895990230002241e+01
1.300710199999999986e+03 3.680358487685732172e+01
1.321010099999999966e+03 3.680994249949114305e+01
1.349009000000000015e+03 3.689058416446163591e+01
1.369765699999999924e+03 3.684447130063097831e+01
1.392201600000000099e+03 3.692432373295338977e+01
1.415092200000000048e+03 3.690418939548137445e+01
1.444131000000000085e+03 3.694847394667209528e+01
1.479295000000000073e+03 3.697097242010991636e+01
1.513018000000000029e+03 3.702332994097292840e+01
1.516239900000000034e+03 3.703107062894361690e+01
1.560460100000000011e+03 3.707240077345817042e+01
1.561246499999999969e+03 3.704801953999593422e+01
1.603665400000000091e+03 3.709393395074292954e+01
1.606481899999999996e+03 3.713452981884795889e+01
1.658109400000000051e+03 3.718371921432932936e+01
1.665026499999999942e+03 3.720019997964583780e+01
1.709631000000000085e+03 3.724185935273763448e+01
1.710163700000000063e+03 3.722157744758803233e+01
1.741679799999999886e+03 3.728796102177895477e+01
1.772323300000000017e+03 3.728744911459393307e+01
1.802637600000000020e+03 3.734897669448402269e+01
1.812357600000000048e+03 3.736831009566456174e+01
1.862674899999999980e+03 3.740720588235294031e+01
1.863593499999999949e+03 3.739962599226541329e+01
1.890872499999999945e+03 3.748422705068186644e+01
1.913566100000000006e+03 3.744391257887237856e+01
1.947807099999999991e+03 3.751301597801750631e+01
1.968080200000000104e+03 3.750490535314472140e+01
1.978916699999999992e+03 3.754103704457561719e+01
2.021045499999999947e+03 3.755644311011601388e+01
2.037662600000000111e+03 3.761963006309790103e+01
2.084334400000000187e+03 3.765631691430897376e+01
2.110301899999999932e+03 3.767633116222267375e+01
2.119009100000000217e+03 3.770226694484021834e+01
2.135800299999999879e+03 3.772826226338286659e+01
2.140849700000000212e+03 3.771832790555668424e+01
2.201316600000000108e+03 3.777137441481783497e+01
2.221815700000000106e+03 3.776603093832689240e+01
2.254249200000000201e+03 3.784704661103195633e+01
2.273603200000000015e+03 3.782373905963769545e+01
2.292367600000000039e+03 3.786151994707917368e+01
2.322104200000000219e+03 3.791849837166700610e+01
2.325146900000000187e+03 3.800289792387543031e+01
2.366382799999999861e+03 3.802118613881538778e+01
2.388401499999999942e+03 3.799066710767351651e+01
2.419075299999999970e+03 3.810065082434357464e+01
2.449098199999999906e+03 3.813598819458579214e+01
