1.001486600000000067e+02 -6.216796182697638784e+00
1.255199000000000069e+02 -6.216245953272238722e+00
1.501577900000000056e+02 -6.216602209918226762e+00
1.757061799999999891e+02 -6.216298265794604205e+00
1.984760699999999929e+02 -6.215893264079401348e+00
2.247262000000000057e+02 -6.215808897771269770e+00
2.481236600000000010e+02 -6.215203831304171089e+00
2.746331299999999942e+02 -6.215319320459070873e+00
2.975794000000000210e+02 -6.214680555606117096e+00
3.223384399999999914e+02 -6.213754779608527734e+00
3.510603100000000154e+02 -6.213613294945291798e+00
3.714682199999999739e+02 -6.212466898881840116e+00
4.016084299999999985e+02 -6.212409669342671137e+00
4.179239999999999782e+02 -6.209865916256366525e+00
4.538700099999999793e+02 -6.211628653100900621e+00
4.713004300000000057e+02 -6.208668348061134878e+00
4.987211500000000228e+02 -6.208127392314782611e+00
5.203987200000000257e+02 -6.205842711236182474e+00
5.500493599999999788e+02 -6.204998934388495258e+00
5.695812600000000430e+02 -6.202740666234019429e+00
5.953173399999999447e+02 -6.201730613140166604e+00
6.172424600000000510e+02 -6.199310966727323624e+00
6.481181900000000269e+02 -6.199772603474805521e+00
6.704751599999999598e+02 -6.196630078225189742e+00
7.043229099999999789e+02 -6.196692730097474566e+00
7.179751700000000483e+02 -6.191460661893954054e+00
7.452312600000000202e+02 -6.190952965270020592e+00
7.687567599999999857e+02 -6.186712670768804934e+00
7.985553499999999758e+02 -6.185054302535995419e+00
8.190844600000000355e+02 -6.181303375051319549e+00
8.521035600000000159e+02 -6.179957015066593229e+00
8.634076800000000276e+02 -6.174104166864315069e+00
8.881445099999999684e+02 -6.172192596218724958e+00
9.191895299999999907e+02 -6.168423623692095958e+00
9.623032600000000230e+02 -6.161088310619403430e+00
9.634405400000000554e+02 -6.170156490709391761e+00
1.002783500000000004e+03 -6.162147600123347502e+00
1.021797199999999975e+03 -6.157544396058480807e+00
1.049934899999999971e+03 -6.155989933749578924e+00
1.064774400000000014e+03 -6.150885674093469646e+00
1.097203199999999924e+03 -6.148592897471837126e+00
1.109775300000000016e+03 -6.145888425401986765e+00
1.150009199999999964e+03 -6.146659117616737333e+00
1.162976000000000113e+03 -6.139224605194984363e+00
1.203163299999999936e+03 -6.138981316736545679e+00
1.218347700000000032e+03 -6.137468154242480267e+00
1.241283599999999979e+03 -6.133957280490034414e+00
1.262706400000000031e+03 -6.129691918463973543e+00
1.300123100000000022e+03 -6.130052851033060080e+00
1.323935199999999895e+03 -6.127786709400250942e+00
1.334374199999999973e+03 -6.122902455518414833e+00
1.360713299999999890e+03 -6.120864191700941426e+00
1.412155400000000100e+03 -6.122871018251705877e+00
1.419740600000000086e+03 -6.117520219467895259e+00
1.448847199999999930e+03 -6.114368079150522384e+00
1.468911599999999908e+03 -6.113260601282355822e+00
1.494034400000000005e+03 -6.111481378225923855e+00
1.506505000000000109e+03 -6.106139227346025322e+00
1.530572699999999941e+03 -6.106012743699128720e+00
1.563260899999999992e+03 -6.104003290117669067e+00
1.603435300000000097e+03 -6.101472929728183558e+00
1.614839899999999943e+03 -6.102356316104224909e+00
1.647924600000000055e+03 -6.092340267356080474e+00
1.656639300000000048e+03 -6.101450508128434258e+00
1.699386500000000069e+03 -6.093860659578449912e+00
1.716455500000000029e+03 -6.092051577305537258e+00
1.734346500000000106e+03 -6.090769979061368744e+00
1.766447699999999941e+03 -6.088635234704480759e+00
1.809798600000000079e+03 -6.085420872494514022e+00
1.816752600000000029e+03 -6.088957374266960265e+00
1.841985500000000002e+03 -6.080521798457678706e+00
1.862927500000000009e+03 -6.080657888074838979e+00
1.900498100000000022e+03 -6.081191926621811739e+00
1.913182299999999941e+03 -6.077700741574529886e+00
1.950929599999999937e+03 -6.072397598794186280e+00
1.964318800000000010e+03 -6.076911792611266350e+00
1.997945899999999938e+03 -6.074456074974238895e+00
2.010167699999999968e+03 -6.072194322435833236e+00
2.047255000000000109e+03 -6.069907509497434184e+00
2.056038599999999860e+03 -6.066954858037497900e+00
2.090595299999999952e+03 -6.064845811006556175e+00
2.114766599999999926e+03 -6.065155228686998079e+00
2.166620699999999943e+03 -6.063972717689406267e+00
2.177809400000000096e+03 -6.069181014225277337e+00
2.205915800000000218e+03 -6.063381741334207042e+00
2.213046899999999823e+03 -6.058783689103439229e+00
2.264930100000000039e+03 -6.055618063949914642e+00
2.269832800000000134e+03 -6.060141157787843014e+00
2.314138699999999972e+03 -6.056231793224697846e+00
2.325447500000000218e+03 -6.056839039487494247e+00
2.362557200000000194e+03 -6.051418387840812763e+00
2.378478900000000067e+03 -6.054469941581047010e+00
2.395786200000000008e+03 -6.047010068917531456e+00
2.412874899999999798e+03 -6.049283018220797281e+00
2.452396799999999985e+03 -6.047286701048452784e+00
