9.925413700000000006e+01 -6.246052514654000021e+00
1.271289799999999985e+02 -6.246138830513059403e+00
1.491094200000000001e+02 -6.245952597980100052e+00
1.492552200000000084e+02 -6.245990290182832361e+00
1.733841799999999864e+02 -6.245383510756421508e+00
2.007538299999999936e+02 -6.246206820340510113e+00
2.007957299999999918e+02 -6.246217652324697056e+00
2.243950800000000072e+02 -6.245593030019473524e+00
2.484840499999999963e+02 -6.244984562900933511e+00
2.485582899999999995e+02 -6.245003755418977676e+00
2.718465800000000172e+02 -6.244946997984135884e+00
3.011114699999999971e+02 -6.245499019165817067e+00
3.012139199999999732e+02 -6.245525504530493599e+00
3.220205199999999763e+02 -6.244772224584134612e+00
3.505535800000000108e+02 -6.244353962157707549e+00
3.505604500000000030e+02 -6.244355229335422308e+00
3.734270300000000020e+02 -6.244838749251150567e+00
3.999792100000000232e+02 -6.244426912195192081e+00
4.001630799999999795e+02 -6.244474446250859678e+00
4.202002200000000016e+02 -6.243407244557612756e+00
4.514920000000000186e+02 -6.243702166174541546e+00
4.517099999999999795e+02 -6.243758523514703285e+00
4.671843900000000076e+02 -6.241821143375546832e+00
5.018775699999999915e+02 -6.242043837517521787e+00
5.021225999999999772e+02 -6.242107182650824093e+00
5.246963500000000522e+02 -6.242373538752739037e+00
5.451845899999999574e+02 -6.240531951930235799e+00
5.455945100000000139e+02 -6.240637924411332804e+00
5.709030000000000200e+02 -6.240005321833757890e+00
6.003553699999999935e+02 -6.239815051117720834e+00
6.005517399999999952e+02 -6.239865816672250709e+00
6.216974699999999530e+02 -6.238768700339195838e+00
6.432604300000000421e+02 -6.235953677898139702e+00
6.435420299999999543e+02 -6.236025968250454632e+00
6.665915899999999965e+02 -6.235478530384604312e+00
7.042131500000000415e+02 -6.235132704229689793e+00
7.044820600000000468e+02 -6.235202222818418960e+00
7.193932499999999663e+02 -6.234381202336938266e+00
7.477482800000000225e+02 -6.233845167188558634e+00
7.477917099999999664e+02 -6.233856394708206849e+00
7.656401299999999992e+02 -6.230871848934633306e+00
7.963163600000000315e+02 -6.230770003775250920e+00
7.963480600000000322e+02 -6.230778198856365968e+00
8.196961099999999760e+02 -6.229170637772588393e+00
8.445939700000000130e+02 -6.227631451727370759e+00
8.450099599999999782e+02 -6.227738993424315694e+00
8.691086699999999610e+02 -6.224672734906420146e+00
9.101344400000000405e+02 -6.224827868535733444e+00
9.103036100000000488e+02 -6.224872111202800262e+00
9.230386899999999741e+02 -6.221813375394467549e+00
9.497142900000000054e+02 -6.220440161739277052e+00
9.500268999999999551e+02 -6.220520977648029692e+00
9.718481299999999692e+02 -6.216844064483175281e+00
1.003781200000000013e+03 -6.214527955723550434e+00
1.004262299999999982e+03 -6.214652838505831056e+00
1.016480000000000018e+03 -6.210259454083833397e+00
1.057615000000000009e+03 -6.209200713080747391e+00
1.057729399999999941e+03 -6.209229778904275854e+00
1.063039999999999964e+03 -6.204760521262627115e+00
1.100045399999999972e+03 -6.205292450056198561e+00
1.100080400000000054e+03 -6.205301498253014358e+00
1.114123199999999997e+03 -6.199311446760368050e+00
1.147328199999999924e+03 -6.197468671781822813e+00
1.147723799999999983e+03 -6.197570942257823567e+00
1.164659300000000030e+03 -6.195254622154711122e+00
1.196412299999999959e+03 -6.194351355161031414e+00
1.197141499999999951e+03 -6.194539867878674499e+00
1.213356600000000071e+03 -6.189546469406209006e+00
1.245433399999999892e+03 -6.189331429783123006e+00
1.246004200000000083e+03 -6.189478992947180735e+00
1.266314499999999953e+03 -6.184901602527444808e+00
1.296754699999999957e+03 -6.183396890755991748e+00
1.297145600000000059e+03 -6.183497946188420080e+00
1.314524899999999889e+03 -6.177077448204028265e+00
1.364984899999999925e+03 -6.177696655505023671e+00
1.365295200000000023e+03 -6.177777383086846541e+00
1.365298999999999978e+03 -6.173559965299668661e+00
1.385185699999999997e+03 -6.168934637187818204e+00
1.385482099999999946e+03 -6.169011771342907124e+00
1.434699900000000071e+03 -6.173506364651168532e+00
1.439514400000000023e+03 -6.165640485651074698e+00
1.439896700000000010e+03 -6.165739826666346346e+00
1.463486599999999953e+03 -6.164132199573099768e+00
1.477945500000000038e+03 -6.163721934782876666e+00
1.478154700000000048e+03 -6.163777543710021511e+00
1.511247399999999971e+03 -6.157316891026704653e+00
1.554640200000000050e+03 -6.157349163772633638e+00
1.554954600000000028e+03 -6.157429933577962977e+00
1.570360300000000052e+03 -6.152263417729459505e+00
1.599829600000000028e+03 -6.154047297824277507e+00
1.600772999999999911e+03 -6.154291185506428619e+00
1.604382700000000114e+03 -6.144982150289074241e+00
1.652841200000000072e+03 -6.140557164268615864e+00
1.662086199999999963e+03 -6.147577243925224977e+00
1.662309899999999971e+03 -6.147634057120746398e+00
1.698893299999999954e+03 -6.140552819680234364e+00
1.699573000000000093e+03 -6.140728535662382193e+00
1.701006699999999910e+03 -6.135691074699270331e+00
1.743070799999999963e+03 -6.134097539809257427e+00
1.743489700000000084e+03 -6.134205324945077642e+00
1.760436400000000049e+03 -6.131986547120227726e+00
1.790890799999999899e+03 -6.129655565358555158e+00
1.791095700000000079e+03 -6.129708027233848000e+00
1.804169200000000046e+03 -6.125164420685694111e+00
1.833041600000000017e+03 -6.123166878502479094e+00
1.833094499999999925e+03 -6.123180045351604761e+00
1.857655400000000100e+03 -6.123331175671718363e+00
1.892771600000000035e+03 -6.119757265136008151e+00
1.892897600000000011e+03 -6.119789838644542179e+00
1.920844900000000052e+03 -6.119651653839654593e+00
1.953617500000000064e+03 -6.114612930390825873e+00
1.953858300000000099e+03 -6.114675181984913444e+00
1.964677500000000009e+03 -6.114045028485851851e+00
1.994735599999999977e+03 -6.111550023942902143e+00
1.996429000000000087e+03 -6.111988310410864322e+00
2.019280799999999999e+03 -6.113119342599977912e+00
2.045903800000000047e+03 -6.108343053899548458e+00
2.046034400000000005e+03 -6.108377325453724360e+00
2.065547999999999774e+03 -6.107429205277648876e+00
2.091155400000000100e+03 -6.104086883195862789e+00
2.091427000000000135e+03 -6.104156588349087365e+00
2.108365400000000136e+03 -6.103155387992383218e+00
2.147144999999999982e+03 -6.101597641672739769e+00
2.147620800000000145e+03 -6.101720645445442237e+00
2.174056399999999940e+03 -6.101521393525423775e+00
2.202824500000000171e+03 -6.096169999867135481e+00
2.203659900000000107e+03 -6.096385967399114314e+00
2.228705199999999877e+03 -6.098388866590951807e+00
2.255101400000000012e+03 -6.091817226666144336e+00
2.255214300000000094e+03 -6.091846922417930799e+00
2.277766900000000078e+03 -6.089571173331403742e+00
2.278027099999999791e+03 -6.089637422503604292e+00
2.278884700000000066e+03 -6.095229574933719974e+00
2.320405200000000150e+03 -6.088833896571511417e+00
2.338645399999999881e+03 -6.083719308671911463e+00
2.338808599999999842e+03 -6.083762007975121122e+00
2.344389799999999923e+03 -6.079516888601226299e+00
2.386179099999999835e+03 -6.076482986162996980e+00
2.395414200000000164e+03 -6.078631281966095479e+00
2.395914200000000164e+03 -6.078761050774655672e+00
2.432626699999999801e+03 -6.075540788498646094e+00
2.433317700000000059e+03 -6.075718916901704958e+00
