1.005332300000000032e+02 -2.794900232270994600e+00
1.265860700000000065e+02 -2.794418129413086316e+00
1.497172300000000007e+02 -2.794468165766315515e+00
1.751449200000000133e+02 -2.793935124945488013e+00
1.996408700000000067e+02 -2.793864701523505190e+00
2.228389400000000080e+02 -2.792621583581439637e+00
2.517845000000000084e+02 -2.792983683393782002e+00
2.733114400000000046e+02 -2.792088872778203612e+00
2.995086900000000014e+02 -2.791869067160570594e+00
3.228170999999999822e+02 -2.790626131134084975e+00
3.532065400000000182e+02 -2.790653737559668279e+00
3.757091199999999844e+02 -2.789489675666747548e+00
4.015933699999999931e+02 -2.788869850936159356e+00
4.242107700000000250e+02 -2.787066888948895205e+00
4.540421799999999735e+02 -2.786346376395879787e+00
4.704083699999999908e+02 -2.783096444372631151e+00
5.018631599999999935e+02 -2.783031461726601652e+00
5.223189999999999600e+02 -2.780153511885710138e+00
5.502385900000000447e+02 -2.778400235547878960e+00
5.693720299999999952e+02 -2.776271961824837486e+00
5.983028900000000476e+02 -2.775415779407951256e+00
6.216692799999999579e+02 -2.772091048323453322e+00
6.488638399999999820e+02 -2.770586272569763420e+00
6.723008200000000443e+02 -2.767168656678794303e+00
7.046799499999999625e+02 -2.767184482483397989e+00
7.133159900000000562e+02 -2.760909132634972618e+00
7.492718099999999595e+02 -2.761034826890976568e+00
7.675507999999999811e+02 -2.756564553565254094e+00
8.018556800000000067e+02 -2.755723705460556339e+00
8.197066999999999553e+02 -2.753302471773613203e+00
8.416296099999999569e+02 -2.751657340536961982e+00
8.666570600000000013e+02 -2.748442822380257944e+00
9.029885799999999563e+02 -2.748680297563019792e+00
9.184783499999999776e+02 -2.743087520368265864e+00
9.575658899999999676e+02 -2.743256441492930353e+00
9.718038000000000238e+02 -2.738811385081280303e+00
1.006243799999999965e+03 -2.737665502788762417e+00
1.018380300000000034e+03 -2.734482756918564572e+00
1.047407999999999902e+03 -2.734339478488860387e+00
1.073795299999999997e+03 -2.730930101140077948e+00
1.102767499999999927e+03 -2.729387170560695797e+00
1.120595000000000027e+03 -2.728051450216410601e+00
1.146708200000000033e+03 -2.723151153533500679e+00
1.159007100000000037e+03 -2.720803694777086612e+00
1.201412199999999984e+03 -2.723862023704437529e+00
1.214548299999999927e+03 -2.717155229446206466e+00
1.247299400000000105e+03 -2.717591560479622803e+00
1.264387999999999920e+03 -2.714084359770506882e+00
1.297463799999999992e+03 -2.711834227170543787e+00
1.316615900000000011e+03 -2.709880225831202250e+00
1.365733799999999974e+03 -2.712844922168069495e+00
1.369929000000000087e+03 -2.708537901690631688e+00
1.399192099999999982e+03 -2.706369736938285087e+00
1.417677100000000110e+03 -2.706055866017111011e+00
1.452084499999999935e+03 -2.704835761145517381e+00
1.460297600000000102e+03 -2.699223055382199199e+00
1.491597999999999956e+03 -2.700313407150492839e+00
1.528483300000000099e+03 -2.700941348561939570e+00
1.559564699999999903e+03 -2.698750730714819301e+00
1.569731299999999919e+03 -2.695902660935479034e+00
1.590443099999999959e+03 -2.693085793309888842e+00
1.612350500000000011e+03 -2.690431614774248636e+00
1.651414099999999962e+03 -2.692866838281772424e+00
1.664444400000000087e+03 -2.688817253984968403e+00
1.712401399999999967e+03 -2.688689294360005810e+00
1.715711800000000039e+03 -2.685471671025807083e+00
1.766837800000000016e+03 -2.688235472696109518e+00
1.770293300000000045e+03 -2.684737326812796532e+00
1.807903499999999894e+03 -2.676617649969823098e+00
1.816859600000000000e+03 -2.682361486131295880e+00
1.831772699999999986e+03 -2.680537804527665546e+00
1.868811400000000049e+03 -2.676249367883992925e+00
1.889423399999999901e+03 -2.671008012814960697e+00
1.914733999999999924e+03 -2.672933761535684738e+00
1.953054599999999937e+03 -2.669938252196374151e+00
1.970650100000000066e+03 -2.671366847926057275e+00
1.997262199999999893e+03 -2.668256222938102162e+00
2.016909100000000080e+03 -2.668023461084458869e+00
2.054937600000000202e+03 -2.667430913552963911e+00
2.061984100000000126e+03 -2.664422022493930342e+00
2.100047500000000127e+03 -2.664087530484543720e+00
2.119597600000000057e+03 -2.661310763647246613e+00
2.151165500000000065e+03 -2.655786064321240758e+00
2.159871500000000196e+03 -2.661584062076635337e+00
2.200252199999999903e+03 -2.656611715801734164e+00
2.210243500000000040e+03 -2.652645815778702953e+00
2.244787499999999909e+03 -2.646373705369869711e+00
2.256030999999999949e+03 -2.653080648747904391e+00
2.300458099999999831e+03 -2.650604509734835634e+00
2.336892400000000180e+03 -2.652509355512428613e+00
2.345334299999999985e+03 -2.650381150213591219e+00
2.364576000000000022e+03 -2.646497584800331371e+00
2.406508100000000013e+03 -2.646926560739282674e+00
2.417637400000000071e+03 -2.646610290934061194e+00
2.454874499999999898e+03 -2.642466621131276838e+00
