9.992642800000000136e+01 -1.528993005675331140e+00
1.000412500000000051e+02 -1.528758492420029924e+00
1.275448300000000046e+02 -1.528714176440583383e+00
1.503575500000000034e+02 -1.528429243672874804e+00
1.506623199999999940e+02 -1.528527572781470001e+00
1.764129399999999919e+02 -1.528320077671510013e+00
1.972729600000000119e+02 -1.527146351803326363e+00
1.976321599999999989e+02 -1.527989313925451453e+00
2.238212399999999889e+02 -1.526849067276895955e+00
2.492887000000000057e+02 -1.526754559370297804e+00
2.509136799999999994e+02 -1.526703501077263603e+00
2.716646299999999883e+02 -1.525222166677899560e+00
2.994160600000000159e+02 -1.525408523677357131e+00
2.997018899999999917e+02 -1.525583729266422939e+00
3.216268699999999967e+02 -1.523266326326984554e+00
3.466308000000000220e+02 -1.522932507753525178e+00
3.489604299999999739e+02 -1.523120047429695090e+00
3.756873299999999745e+02 -1.520938652735720042e+00
3.965990899999999897e+02 -1.519158874639592538e+00
3.988133100000000013e+02 -1.519249358911651582e+00
4.212825000000000273e+02 -1.515958865323927540e+00
4.484858300000000213e+02 -1.515229713191223349e+00
4.517929599999999937e+02 -1.515556176310477898e+00
4.699024200000000064e+02 -1.510676464462002100e+00
4.985859600000000000e+02 -1.510529345104763443e+00
5.000476800000000139e+02 -1.509007371305284062e+00
5.179135300000000370e+02 -1.506388668802195907e+00
5.460186099999999669e+02 -1.505469066877342721e+00
5.510839399999999841e+02 -1.506469223144525360e+00
5.734945900000000165e+02 -1.503919905591680761e+00
6.000401399999999512e+02 -1.502343877447156917e+00
6.015118700000000445e+02 -1.501888352616578493e+00
6.249221499999999878e+02 -1.499340895102984961e+00
6.472272400000000516e+02 -1.497877457331636020e+00
6.511636099999999487e+02 -1.496892746617146885e+00
6.702126399999999649e+02 -1.494910013329136866e+00
6.971499800000000278e+02 -1.492921938723370756e+00
6.973835199999999759e+02 -1.493284572774947971e+00
7.176160499999999729e+02 -1.489985723710087973e+00
7.514431499999999460e+02 -1.490210755444643986e+00
7.555122000000000071e+02 -1.490055684048485984e+00
7.683737599999999475e+02 -1.487680928150476589e+00
7.950519199999999955e+02 -1.486525860531777266e+00
8.001712899999999991e+02 -1.485996327536438066e+00
8.159278100000000222e+02 -1.484078555713650216e+00
8.433938100000000304e+02 -1.482981170190055487e+00
8.554475999999999658e+02 -1.483899828623020056e+00
8.622827800000000025e+02 -1.478867550776141071e+00
9.029319600000000037e+02 -1.479872458456022777e+00
9.044768599999999878e+02 -1.480781870288431890e+00
9.125078800000000001e+02 -1.477108506816663613e+00
9.511730599999999640e+02 -1.476996399456279585e+00
9.578935000000000173e+02 -1.477006309228406478e+00
9.651743000000000166e+02 -1.474656147332352285e+00
9.938471100000000433e+02 -1.472864690856815706e+00
9.985282399999999825e+02 -1.473991912946546412e+00
1.019626700000000028e+03 -1.473267778901308445e+00
1.046038199999999961e+03 -1.471058785558464477e+00
1.050180000000000064e+03 -1.471408273571987557e+00
1.061861699999999928e+03 -1.468946137255888074e+00
1.103817700000000059e+03 -1.470799773400147448e+00
1.104442600000000084e+03 -1.469232032851550240e+00
1.117205099999999902e+03 -1.467882553377420685e+00
1.143257700000000114e+03 -1.467639142799993746e+00
1.158986400000000003e+03 -1.469741758843425172e+00
1.164926999999999907e+03 -1.464668169477195914e+00
1.194360200000000077e+03 -1.465545301981927784e+00
1.205288099999999986e+03 -1.465508179375114350e+00
1.220809999999999945e+03 -1.465646026764136689e+00
1.239429399999999987e+03 -1.460947198089503463e+00
1.240763400000000047e+03 -1.463114524466346822e+00
1.270655899999999974e+03 -1.463021447475479686e+00
1.285504500000000007e+03 -1.460536882096928890e+00
1.306110599999999977e+03 -1.457204239904134058e+00
1.310712899999999991e+03 -1.462460838619489056e+00
1.346621599999999944e+03 -1.457886482498186753e+00
1.355317000000000007e+03 -1.458092385169495353e+00
1.364508299999999963e+03 -1.458038791954863411e+00
1.392841899999999896e+03 -1.456484139175475256e+00
1.395795100000000048e+03 -1.457139417797438607e+00
1.414373100000000022e+03 -1.454904087497697507e+00
1.451646600000000035e+03 -1.455686528409871672e+00
1.458679399999999987e+03 -1.454977627075265900e+00
1.470363200000000006e+03 -1.456129864304343879e+00
1.497213099999999940e+03 -1.452739325161455763e+00
1.502638799999999947e+03 -1.455780893790275865e+00
1.525567600000000084e+03 -1.454792355114357338e+00
1.556011299999999892e+03 -1.455417695323180993e+00
1.560370799999999917e+03 -1.451364171445745921e+00
1.564598700000000008e+03 -1.449634808721581791e+00
1.601382499999999936e+03 -1.452352071119439980e+00
1.608832100000000082e+03 -1.448169656889418899e+00
1.615916500000000042e+03 -1.453781595690971651e+00
1.645258199999999988e+03 -1.446355661859324293e+00
1.651456200000000081e+03 -1.448195348674602201e+00
1.654026900000000069e+03 -1.445326952061537940e+00
1.691938400000000001e+03 -1.446629356153773305e+00
1.694840500000000020e+03 -1.447652606985224022e+00
1.705848600000000033e+03 -1.443631383561536197e+00
1.743931700000000092e+03 -1.441178841711678427e+00
1.761032899999999927e+03 -1.449092972849650440e+00
1.765461700000000064e+03 -1.444068915389085994e+00
1.801933199999999943e+03 -1.444122651463694673e+00
1.805034499999999980e+03 -1.441370816924889331e+00
1.809902599999999893e+03 -1.439101941345428903e+00
1.831343699999999899e+03 -1.439780196861017103e+00
1.853433399999999892e+03 -1.442578448764099353e+00
1.853495599999999968e+03 -1.438048426524543677e+00
1.893967399999999998e+03 -1.440859146984285966e+00
1.900287000000000035e+03 -1.439983933569735086e+00
1.923386099999999942e+03 -1.440480393763282851e+00
1.942868899999999940e+03 -1.436834864807227330e+00
1.967251199999999926e+03 -1.436410971446355545e+00
1.970634800000000041e+03 -1.439733541869230748e+00
2.002287499999999909e+03 -1.433825615428414135e+00
2.004079300000000103e+03 -1.432619688311598471e+00
2.008024899999999889e+03 -1.439129069414680995e+00
2.024994300000000067e+03 -1.427993149611142432e+00
2.064119400000000041e+03 -1.435656871319611394e+00
2.072072200000000066e+03 -1.433598488944477278e+00
2.096543299999999817e+03 -1.430599038005381685e+00
2.097855199999999968e+03 -1.433329041077988197e+00
2.115192199999999957e+03 -1.431915417593567774e+00
2.138427200000000084e+03 -1.426495911517977833e+00
2.167025000000000091e+03 -1.426753758762255853e+00
2.176117900000000191e+03 -1.432316799242313365e+00
2.201151499999999942e+03 -1.428921294146086929e+00
2.211359699999999975e+03 -1.421521644172531129e+00
2.218536099999999806e+03 -1.427076662551691744e+00
2.240242299999999886e+03 -1.419745189940627039e+00
2.247679500000000189e+03 -1.416385338433366003e+00
2.258830300000000079e+03 -1.427485475574761242e+00
2.285349700000000212e+03 -1.420097069385787503e+00
2.310540199999999913e+03 -1.417554460685713114e+00
2.323796899999999823e+03 -1.424132812990180241e+00
2.349405900000000202e+03 -1.414436792999439696e+00
2.361621599999999944e+03 -1.417766176699439606e+00
2.373383800000000065e+03 -1.414722062715762174e+00
2.384724499999999807e+03 -1.411004409010143901e+00
2.388593100000000049e+03 -1.410474802052958943e+00
2.411334699999999884e+03 -1.409060400507881283e+00
2.466768500000000131e+03 -1.411812981455689009e+00
