1.000695999999999941e+02 -3.450305613846993857e+00
1.266591999999999985e+02 -3.449870782175334050e+00
1.493830800000000067e+02 -3.449676356954435974e+00
1.752916700000000105e+02 -3.449390882811338432e+00
1.999241900000000101e+02 -3.449208808400609616e+00
2.243127900000000068e+02 -3.448793972984450118e+00
2.499937299999999993e+02 -3.448766968176293357e+00
2.749858399999999961e+02 -3.448340688239052820e+00
3.015692799999999920e+02 -3.447648056065213851e+00
3.193887199999999780e+02 -3.446135664222250927e+00
3.491039400000000228e+02 -3.446560974204371686e+00
3.713890499999999975e+02 -3.445382672446843930e+00
3.973746699999999805e+02 -3.444808288562924758e+00
4.182298299999999927e+02 -3.443002276367365333e+00
4.464072499999999764e+02 -3.442714951999067186e+00
4.720235299999999938e+02 -3.441560453764588967e+00
4.983147200000000225e+02 -3.439972352599411032e+00
5.239291500000000497e+02 -3.438816918134447231e+00
5.433945300000000316e+02 -3.437193956797603533e+00
5.680761099999999715e+02 -3.434335678746295528e+00
5.967608099999999922e+02 -3.433661432038282335e+00
6.155655000000000427e+02 -3.429361155850785714e+00
6.517029899999999998e+02 -3.428803457185398695e+00
6.727830599999999777e+02 -3.426738470851971918e+00
7.084068499999999631e+02 -3.425674624285028447e+00
7.189494200000000319e+02 -3.420977078141432148e+00
7.539181800000000067e+02 -3.420465804534349008e+00
7.670158900000000131e+02 -3.414846480364019943e+00
8.012384499999999434e+02 -3.413271548132247535e+00
8.216177400000000262e+02 -3.410672556811332967e+00
8.567775100000000066e+02 -3.410230406629620958e+00
8.679365299999999479e+02 -3.404987055126671436e+00
8.995990799999999581e+02 -3.404397062853752320e+00
9.180249300000000403e+02 -3.402326550998991728e+00
9.440740500000000566e+02 -3.399819366764547102e+00
9.755330500000000029e+02 -3.397586380282979324e+00
9.980801800000000412e+02 -3.394876487599367998e+00
1.021315699999999993e+03 -3.392483678136096970e+00
1.046150100000000066e+03 -3.389423048762253643e+00
1.065400900000000092e+03 -3.386352389513383798e+00
1.090414899999999989e+03 -3.383139533689916156e+00
1.116839300000000094e+03 -3.382845029334907938e+00
1.146657200000000103e+03 -3.381866190064346078e+00
1.166308800000000019e+03 -3.378619733830297456e+00
1.208094299999999976e+03 -3.378371079425532830e+00
1.217235100000000102e+03 -3.374352110580980391e+00
1.257284200000000055e+03 -3.369464759641604079e+00
1.260813799999999901e+03 -3.374710581807546017e+00
1.303857400000000098e+03 -3.370499414328993915e+00
1.316345100000000002e+03 -3.368806504005202207e+00
1.356871900000000096e+03 -3.368742067932726236e+00
1.357548700000000053e+03 -3.363449092012958719e+00
1.380357299999999896e+03 -3.361151950239296582e+00
1.412629300000000057e+03 -3.360212745165911397e+00
1.442729499999999916e+03 -3.359847899702948837e+00
1.454631000000000085e+03 -3.355229630638463245e+00
1.478131399999999985e+03 -3.354504778897545947e+00
1.510882599999999911e+03 -3.355503266863759659e+00
1.538601300000000037e+03 -3.354111805698128279e+00
1.556332100000000082e+03 -3.349839372658166337e+00
1.594418100000000095e+03 -3.348011333823596392e+00
1.613250999999999976e+03 -3.352729392615848347e+00
1.641392900000000054e+03 -3.349899250366974002e+00
1.673015699999999924e+03 -3.350403805864167417e+00
1.707005100000000084e+03 -3.345867162161961339e+00
1.713482799999999997e+03 -3.346108029375188142e+00
1.730528199999999970e+03 -3.343927132619029852e+00
1.759071899999999914e+03 -3.341485567516528032e+00
1.798714699999999993e+03 -3.342895021989824578e+00
1.808634900000000016e+03 -3.340859855795197841e+00
1.851150699999999915e+03 -3.339792874523127342e+00
1.859743699999999990e+03 -3.338467674183802192e+00
1.906527900000000045e+03 -3.339959939873436312e+00
1.920652000000000044e+03 -3.338003016776035725e+00
1.961102200000000039e+03 -3.335947121249708491e+00
1.971886600000000044e+03 -3.340409436757508566e+00
2.004782400000000052e+03 -3.334887958849927614e+00
2.020478299999999990e+03 -3.336997717260005825e+00
2.050856099999999969e+03 -3.334902275840940344e+00
2.052318400000000111e+03 -3.330095341052822455e+00
2.083646000000000186e+03 -3.328556300788979350e+00
2.108804399999999987e+03 -3.329930592052909866e+00
2.134409999999999854e+03 -3.328166829670908822e+00
2.161149199999999837e+03 -3.325993906854045168e+00
2.212794300000000021e+03 -3.331457293955903509e+00
2.216511500000000069e+03 -3.328328095222090166e+00
2.243322900000000118e+03 -3.325551509026475561e+00
2.257734100000000126e+03 -3.326350518780008425e+00
2.299469300000000203e+03 -3.324478032409411199e+00
2.322838600000000042e+03 -3.326140568985240797e+00
2.357774600000000191e+03 -3.322871386005405547e+00
2.358397800000000188e+03 -3.328293690402028382e+00
2.396369599999999991e+03 -3.316094178665089487e+00
2.411710199999999986e+03 -3.323043135226281475e+00
2.453509100000000217e+03 -3.317218970838084147e+00
