9.999871100000000013e+01 -3.378655952396109274e+00
1.006395499999999998e+02 -3.378528369440917167e+00
1.266215799999999945e+02 -3.378174408986909238e+00
1.482445400000000006e+02 -3.377788494320895119e+00
1.501856300000000033e+02 -3.378142075543187239e+00
1.754310499999999990e+02 -3.377501869519389022e+00
2.011910399999999868e+02 -3.377448893219706427e+00
2.031313100000000134e+02 -3.377849484112501521e+00
2.242468700000000013e+02 -3.376645647004400175e+00
2.480673600000000079e+02 -3.376094375350981558e+00
2.520127500000000111e+02 -3.376333348002457324e+00
2.738173100000000204e+02 -3.375437592438748524e+00
2.988517899999999941e+02 -3.374794401141690159e+00
3.015004900000000134e+02 -3.375457211214644815e+00
3.232353100000000268e+02 -3.373672726289294488e+00
3.506352499999999850e+02 -3.373124363082990129e+00
3.519892399999999952e+02 -3.372500653324106867e+00
3.727556700000000092e+02 -3.370497114828810759e+00
3.985163600000000201e+02 -3.368019426352416801e+00
4.010946200000000204e+02 -3.370186110549213243e+00
4.235131799999999771e+02 -3.365869043465889110e+00
4.522784300000000144e+02 -3.364004547872185835e+00
4.573085199999999872e+02 -3.365697405418231369e+00
4.686642400000000066e+02 -3.360059861019932370e+00
5.052662599999999884e+02 -3.360605969277932648e+00
5.058838099999999827e+02 -3.359053171677411687e+00
5.207195799999999508e+02 -3.355228886068929217e+00
5.488852900000000545e+02 -3.354618719655375170e+00
5.503850800000000163e+02 -3.353768708612556271e+00
5.686233600000000479e+02 -3.348894363210827230e+00
5.959789200000000164e+02 -3.347657852761102504e+00
5.965763200000000097e+02 -3.348419915188567408e+00
6.174727599999999939e+02 -3.343367603394220122e+00
6.495670499999999947e+02 -3.344363883574593022e+00
6.554079600000000028e+02 -3.344233889344183197e+00
6.707805399999999736e+02 -3.339818072460198461e+00
7.008040399999999863e+02 -3.338812596566215873e+00
7.042811900000000378e+02 -3.338867523722791830e+00
7.145690700000000106e+02 -3.333052384685603275e+00
7.496430299999999534e+02 -3.332253479365619775e+00
7.520411500000000160e+02 -3.334947479395615755e+00
7.733170800000000327e+02 -3.331994494571280718e+00
7.920398999999999887e+02 -3.329580950773854742e+00
8.070704500000000507e+02 -3.331556663475404800e+00
8.193206900000000132e+02 -3.326749953045775143e+00
8.417356899999999769e+02 -3.325067727894957859e+00
8.495929899999999861e+02 -3.325089786117445545e+00
8.697279999999999518e+02 -3.323032721916685972e+00
8.971070999999999458e+02 -3.320397401849554786e+00
9.126479799999999614e+02 -3.317427800969857454e+00
9.139953400000000556e+02 -3.322897787360350019e+00
9.495609500000000480e+02 -3.317990587465166730e+00
9.510822600000000193e+02 -3.319740328657416750e+00
9.613329800000000205e+02 -3.314613120166755689e+00
9.951054299999999557e+02 -3.313036012389954266e+00
9.967183400000000120e+02 -3.314946621060621545e+00
1.022397199999999998e+03 -3.313792679182386181e+00
1.045084900000000061e+03 -3.310201713656428346e+00
1.051128200000000106e+03 -3.311458460159064199e+00
1.060061699999999973e+03 -3.307219301317917193e+00
1.085893900000000031e+03 -3.307977940023583141e+00
1.105731700000000046e+03 -3.304356508045155572e+00
1.112718200000000024e+03 -3.310426243792803369e+00
1.148486100000000079e+03 -3.305594136551928575e+00
1.148850699999999961e+03 -3.303819066633526091e+00
1.166800999999999931e+03 -3.302239751601845796e+00
1.190181000000000040e+03 -3.301358239767121283e+00
1.199533500000000004e+03 -3.302591689389868801e+00
1.211528499999999894e+03 -3.299382031179699304e+00
1.247943400000000111e+03 -3.299454617624649977e+00
1.257724500000000035e+03 -3.299533908571011143e+00
1.262652299999999968e+03 -3.298078349797225695e+00
1.291640200000000050e+03 -3.295157786549517187e+00
1.293730399999999918e+03 -3.296352327643687463e+00
1.307206500000000005e+03 -3.293144329808495474e+00
1.346166899999999941e+03 -3.294032723440608379e+00
1.351777599999999893e+03 -3.293396492362099082e+00
1.361684799999999996e+03 -3.292100434368557593e+00
1.387078600000000051e+03 -3.289644577758858990e+00
1.396487699999999904e+03 -3.285020178436055538e+00
1.399646999999999935e+03 -3.293378086678066641e+00
1.450107799999999997e+03 -3.287001622512880861e+00
1.454878899999999931e+03 -3.286296669077456212e+00
1.465050700000000006e+03 -3.291390356791140004e+00
1.489682499999999891e+03 -3.286948987758392171e+00
1.493105900000000020e+03 -3.285946105364424774e+00
1.509565900000000056e+03 -3.285202462545498747e+00
1.543547100000000000e+03 -3.285689854078755801e+00
1.545869200000000092e+03 -3.283257596499562947e+00
1.555607299999999896e+03 -3.282209599707789138e+00
1.585241400000000112e+03 -3.280880476311863081e+00
1.597185199999999895e+03 -3.283847333561571435e+00
1.617331100000000106e+03 -3.283704035182005931e+00
1.649333300000000008e+03 -3.282278737044744155e+00
1.655482199999999921e+03 -3.281342907410161658e+00
1.661881699999999910e+03 -3.280085337320300720e+00
1.685822300000000041e+03 -3.276421874075078122e+00
1.694087999999999965e+03 -3.278576379322803991e+00
1.713531899999999951e+03 -3.279658072590772022e+00
1.739755200000000059e+03 -3.275255300622955446e+00
1.744498399999999947e+03 -3.276860201447263865e+00
1.763485200000000077e+03 -3.276644659520883351e+00
1.806717799999999897e+03 -3.275667931381053055e+00
1.814982899999999972e+03 -3.274550400792225702e+00
1.822520199999999932e+03 -3.279441900362131790e+00
1.846223500000000058e+03 -3.275887047598762258e+00
1.859969100000000026e+03 -3.273686131829585122e+00
1.861053900000000112e+03 -3.272207618395400974e+00
1.888965400000000045e+03 -3.271492857185545944e+00
1.908755599999999959e+03 -3.272990251350881064e+00
1.914600699999999961e+03 -3.273592767145676152e+00
1.948552200000000084e+03 -3.266350264069348697e+00
1.953985699999999952e+03 -3.267863470566037876e+00
1.968532400000000052e+03 -3.270470967939437479e+00
2.008202399999999898e+03 -3.272041636934637232e+00
2.008268600000000106e+03 -3.266402736297615572e+00
2.011791500000000042e+03 -3.270738114798648510e+00
2.036119699999999966e+03 -3.267510239581532527e+00
2.053175999999999931e+03 -3.266587605430831154e+00
2.064231699999999819e+03 -3.266498950123507328e+00
2.088837799999999788e+03 -3.264930491372941113e+00
2.098859899999999925e+03 -3.265106229724840770e+00
2.122501099999999951e+03 -3.269385414468853668e+00
2.136925099999999929e+03 -3.265747370973130614e+00
2.154675200000000132e+03 -3.264626121139039494e+00
2.175802700000000186e+03 -3.267962466219673345e+00
2.192454799999999977e+03 -3.258901143328878369e+00
2.214547799999999825e+03 -3.266109824981081822e+00
2.219844700000000103e+03 -3.265682466284295593e+00
2.250599999999999909e+03 -3.260422810716670394e+00
2.255686799999999948e+03 -3.261545604725655689e+00
2.268959100000000035e+03 -3.262514922568426012e+00
2.293780299999999897e+03 -3.259245914316151183e+00
2.308542199999999866e+03 -3.263941357406818344e+00
2.314179799999999886e+03 -3.263758599952086392e+00
2.351615899999999783e+03 -3.258102616197393164e+00
2.362004899999999907e+03 -3.257602749570667200e+00
2.364194300000000112e+03 -3.257364814529002395e+00
2.388727400000000216e+03 -3.263144418488217902e+00
2.402569199999999910e+03 -3.261732314935547716e+00
2.419974999999999909e+03 -3.262376626206251906e+00
2.447640199999999822e+03 -3.256233648493756849e+00
