1.005260300000000058e+02 -4.548878729160908740e+00
1.278858299999999986e+02 -4.548554723343637640e+00
1.510316300000000069e+02 -4.548369891873886850e+00
1.511180500000000109e+02 -4.548392182279016538e+00
1.756802000000000135e+02 -4.547633804688564929e+00
2.001424700000000030e+02 -4.547301417650059463e+00
2.003444700000000012e+02 -4.547353689557082745e+00
2.236407100000000128e+02 -4.546173809256596421e+00
2.519524399999999957e+02 -4.546316331875375205e+00
2.519894299999999987e+02 -4.546325996297622574e+00
2.745650699999999915e+02 -4.544999669823658550e+00
3.002048100000000090e+02 -4.544236693417192718e+00
3.005763099999999781e+02 -4.544332733563385851e+00
3.241935700000000224e+02 -4.542191573020809336e+00
3.490781400000000190e+02 -4.541165183690536011e+00
3.492266799999999876e+02 -4.541203584237818447e+00
3.729530899999999747e+02 -4.538033649488516730e+00
3.974957600000000184e+02 -4.536290640978070776e+00
3.975756299999999896e+02 -4.536311390734014459e+00
4.247250399999999786e+02 -4.532753878283738658e+00
4.479193900000000212e+02 -4.530821319103544020e+00
4.484580000000000268e+02 -4.530960611397136795e+00
4.706272200000000225e+02 -4.523895439529212581e+00
5.050205300000000079e+02 -4.523653882219977440e+00
5.054019299999999930e+02 -4.523752227286239602e+00
5.211984400000000051e+02 -4.515498060517682433e+00
5.505384800000000496e+02 -4.513971402407630507e+00
5.511969800000000532e+02 -4.514141790423925826e+00
5.753514699999999493e+02 -4.507697269467946022e+00
5.986943499999999858e+02 -4.505715687122214597e+00
5.987480299999999716e+02 -4.505729462700116983e+00
6.234204399999999850e+02 -4.498213511761932182e+00
6.515093200000000024e+02 -4.496704895842642102e+00
6.516026000000000522e+02 -4.496729112350566382e+00
6.709832999999999856e+02 -4.490389571984221284e+00
6.972363100000000031e+02 -4.488132888947399479e+00
6.972623200000000452e+02 -4.488139358623202568e+00
7.199524099999999862e+02 -4.481844604283661049e+00
7.551449499999999944e+02 -4.481201939436656900e+00
7.551652100000000019e+02 -4.481206719081358258e+00
7.664944100000000162e+02 -4.474805703632283915e+00
7.981183200000000397e+02 -4.473199565015947066e+00
7.986693400000000338e+02 -4.473341963770798735e+00
8.210069200000000365e+02 -4.471400206402275757e+00
8.502839500000000044e+02 -4.469633922905536849e+00
8.504590100000000348e+02 -4.469679179400806390e+00
8.713473599999999806e+02 -4.466464843349131186e+00
8.929658100000000331e+02 -4.463798096566590878e+00
8.937574399999999741e+02 -4.464003104879995298e+00
9.164913699999999608e+02 -4.461433453644146674e+00
9.478509800000000496e+02 -4.461150653186347625e+00
9.479709000000000287e+02 -4.461181502237616670e+00
9.627528300000000172e+02 -4.457006690956109907e+00
9.991065899999999829e+02 -4.457072376439885630e+00
9.999024299999999812e+02 -4.457278218695075900e+00
1.024303100000000086e+03 -4.457313023052443590e+00
1.038738299999999981e+03 -4.452868491710822774e+00
1.039021199999999908e+03 -4.452942237617952159e+00
1.071594700000000103e+03 -4.453353314990393663e+00
1.101646999999999935e+03 -4.451430035131299867e+00
1.102760999999999967e+03 -4.451718382507767302e+00
1.116407799999999952e+03 -4.450684678889757606e+00
1.161875999999999976e+03 -4.451734300056737759e+00
1.163000399999999900e+03 -4.452024420102951296e+00
1.168776000000000067e+03 -4.449540934976161211e+00
1.191465799999999945e+03 -4.445329506846388057e+00
1.191820099999999911e+03 -4.445420337169054825e+00
1.211217699999999923e+03 -4.446011941689845592e+00
1.245254300000000057e+03 -4.445144074521807376e+00
1.245299400000000105e+03 -4.445155479342673743e+00
1.258245899999999892e+03 -4.444003119740226992e+00
1.304203400000000101e+03 -4.445475387761981700e+00
1.304375999999999976e+03 -4.445519652100432317e+00
1.316046199999999999e+03 -4.446048792754493384e+00
1.344876500000000078e+03 -4.442887812435725614e+00
1.346575499999999920e+03 -4.443327648385989370e+00
1.365335900000000038e+03 -4.445889523003056176e+00
1.408365399999999909e+03 -4.448165703676913552e+00
1.409396400000000085e+03 -4.448431728849032929e+00
1.409664600000000064e+03 -4.443449211659844522e+00
1.443078999999999951e+03 -4.445685911682465630e+00
1.443443400000000111e+03 -4.445780523420553187e+00
1.464012699999999995e+03 -4.444677529103615576e+00
1.488590500000000020e+03 -4.441679201827656520e+00
1.489638400000000047e+03 -4.441950155725702842e+00
1.516538999999999987e+03 -4.444369080147128059e+00
1.524730700000000070e+03 -4.442833225530177010e+00
1.525293400000000020e+03 -4.442980119474341016e+00
1.562251999999999953e+03 -4.444044118068635640e+00
1.587587899999999991e+03 -4.443243759266525927e+00
1.588610100000000102e+03 -4.443507153265603193e+00
1.618254500000000007e+03 -4.447137490914990110e+00
1.647453299999999899e+03 -4.446393116521991651e+00
1.648083499999999958e+03 -4.446556035768643333e+00
1.663676300000000083e+03 -4.446773580018928307e+00
1.708323399999999992e+03 -4.446795542741835305e+00
1.720152100000000019e+03 -4.449820777873322974e+00
1.720168899999999894e+03 -4.449826036945103702e+00
1.751868199999999888e+03 -4.449019919388345734e+00
1.752144000000000005e+03 -4.449091320950060435e+00
1.758530600000000049e+03 -4.446989280191109728e+00
1.811753799999999956e+03 -4.448417832757778356e+00
1.813031199999999899e+03 -4.449662985690594041e+00
1.813214899999999943e+03 -4.448796777446563766e+00
1.844911599999999908e+03 -4.448706708682475863e+00
1.846085399999999936e+03 -4.449010312007877666e+00
1.858217200000000048e+03 -4.450362428847008722e+00
1.897378300000000081e+03 -4.450349623769250584e+00
1.897700100000000020e+03 -4.450431950424063032e+00
1.919767200000000003e+03 -4.453427850516058051e+00
1.934939399999999978e+03 -4.448173950118182951e+00
1.936018399999999929e+03 -4.448452486016745588e+00
1.962828600000000051e+03 -4.452777411294776222e+00
1.985892100000000028e+03 -4.451022453646692689e+00
1.986093200000000024e+03 -4.451074340229579818e+00
2.004003200000000106e+03 -4.452002416737689927e+00
2.040039700000000039e+03 -4.449576100478465968e+00
2.042441299999999956e+03 -4.450197165433544377e+00
2.061968199999999797e+03 -4.455675544838286761e+00
2.096710300000000188e+03 -4.456928950093364428e+00
2.098592700000000150e+03 -4.457417012761435871e+00
2.106622499999999945e+03 -4.454791420604109931e+00
2.142339500000000044e+03 -4.454740882971798932e+00
2.143213200000000143e+03 -4.454967108014135313e+00
2.158993199999999888e+03 -4.456716814746850552e+00
2.182082800000000134e+03 -4.456886220995970760e+00
2.182672700000000077e+03 -4.457037755067574381e+00
2.196491500000000087e+03 -4.456912856381341825e+00
2.232157600000000002e+03 -4.458114527478294953e+00
2.232939600000000155e+03 -4.458316384734695603e+00
2.260442300000000159e+03 -4.462761867718140429e+00
2.286699000000000069e+03 -4.460856331984325962e+00
2.288990499999999884e+03 -4.461450562230417916e+00
2.313823100000000068e+03 -4.463935518813227254e+00
2.357773999999999887e+03 -4.464891279743449459e+00
2.361121999999999844e+03 -4.465757058825811754e+00
2.363678600000000188e+03 -4.465293983090579566e+00
2.411502800000000207e+03 -4.467888561551521143e+00
2.433385200000000168e+03 -4.470117396916181818e+00
2.434657200000000103e+03 -4.470448524083701969e+00
2.440026199999999790e+03 -4.467203045055013533e+00
2.443465200000000095e+03 -4.468092960073966502e+00
