1.246085300000000018e+02 -3.296677148343856167e+00
1.335280799999999886e+02 -3.296112838269050549e+00
1.715972500000000025e+02 -3.295305280622572219e+00
1.719472600000000000e+02 -3.295266363588296610e+00
1.828750599999999906e+02 -3.295169679204395408e+00
2.214119799999999998e+02 -3.293798075794303504e+00
2.221455400000000111e+02 -3.294114980059319464e+00
2.307182699999999897e+02 -3.293103387475845523e+00
2.698981999999999744e+02 -3.291412619063980305e+00
2.700179699999999912e+02 -3.291561737906365526e+00
2.806835500000000252e+02 -3.291015165917780205e+00
3.196231300000000033e+02 -3.288876194669967834e+00
3.197158099999999763e+02 -3.289013832292284167e+00
3.297957799999999793e+02 -3.288272666750040152e+00
3.671526999999999816e+02 -3.285049195273747724e+00
3.714948699999999917e+02 -3.286276963686753483e+00
3.806047500000000241e+02 -3.285098108469508560e+00
4.197952599999999848e+02 -3.281906818532292380e+00
4.216414800000000014e+02 -3.282499918342891565e+00
4.285847999999999729e+02 -3.280794599485013396e+00
4.704539399999999887e+02 -3.278282253213628206e+00
4.704687700000000063e+02 -3.278167269640715364e+00
4.767832300000000032e+02 -3.276310369200573724e+00
5.199504699999999957e+02 -3.274280615561184771e+00
5.208078100000000177e+02 -3.274617103381456840e+00
5.235596600000000080e+02 -3.271822252488092442e+00
5.693238599999999678e+02 -3.270056781463055895e+00
5.696133200000000443e+02 -3.270244425581162684e+00
5.767063699999999926e+02 -3.268337483136411148e+00
6.173791700000000446e+02 -3.264758989627273955e+00
6.182521699999999782e+02 -3.265086346549149976e+00
6.259866899999999532e+02 -3.263493822256136045e+00
6.646170399999999745e+02 -3.259664233138671374e+00
6.652402200000000221e+02 -3.259906703339860545e+00
6.731477499999999736e+02 -3.258560818867570763e+00
7.149644399999999678e+02 -3.256171489656838336e+00
7.151975099999999657e+02 -3.256152310773161140e+00
7.200766999999999598e+02 -3.254268044495795209e+00
7.639623100000000022e+02 -3.252218324992117715e+00
7.663623199999999542e+02 -3.252752168397793131e+00
7.793034300000000485e+02 -3.252626147919343236e+00
8.101483500000000504e+02 -3.247883758198858217e+00
8.141187899999999900e+02 -3.248983827168925309e+00
8.195570999999999913e+02 -3.247142333730948405e+00
8.640389999999999873e+02 -3.245225853161915808e+00
8.687218000000000302e+02 -3.246333407244498037e+00
8.698209399999999505e+02 -3.243371729420573946e+00
9.097946899999999459e+02 -3.241291074458934940e+00
9.137365099999999529e+02 -3.242375501153423212e+00
9.240691399999999476e+02 -3.242104701083668328e+00
9.552471100000000206e+02 -3.236952075168113119e+00
9.650606800000000476e+02 -3.239536656246149615e+00
9.681431999999999789e+02 -3.237216105518840870e+00
1.008121599999999944e+03 -3.234323961854506102e+00
1.010260300000000029e+03 -3.234931254882968510e+00
1.016925899999999956e+03 -3.233589566295664852e+00
1.058195200000000114e+03 -3.231192300062867506e+00
1.061951999999999998e+03 -3.229084279079754705e+00
1.062691000000000031e+03 -3.232289115237549471e+00
1.102499000000000024e+03 -3.227218022569241285e+00
1.109181700000000092e+03 -3.228903246021862739e+00
1.123605800000000045e+03 -3.229812653576583870e+00
1.150924700000000030e+03 -3.224138821292795942e+00
1.158794200000000046e+03 -3.226188356682272662e+00
1.162316600000000108e+03 -3.223986815774765535e+00
1.201881800000000112e+03 -3.222552069066486169e+00
1.202897899999999936e+03 -3.222835410620883856e+00
1.219764200000000073e+03 -3.224166374968156834e+00
1.247949200000000019e+03 -3.219354549769615659e+00
1.255454500000000053e+03 -3.221302655595166708e+00
1.273540600000000040e+03 -3.222771779543518011e+00
1.299501500000000078e+03 -3.217463140199086524e+00
1.302122100000000046e+03 -3.218134307682259276e+00
1.307999199999999973e+03 -3.216732578304251078e+00
1.345973899999999958e+03 -3.214252979718973169e+00
1.350243500000000040e+03 -3.215344136741735248e+00
1.362010099999999966e+03 -3.215169621470977734e+00
1.402973400000000083e+03 -3.214437548980547010e+00
1.406686599999999999e+03 -3.212205799781997051e+00
1.410591100000000097e+03 -3.216445040145885503e+00
1.455792699999999968e+03 -3.212923093864010760e+00
1.455850899999999911e+03 -3.212892699055097889e+00
1.456900100000000066e+03 -3.210015607184939501e+00
1.506431199999999990e+03 -3.211495988185941730e+00
1.508314499999999953e+03 -3.208458535506461651e+00
1.509199699999999893e+03 -3.212259990804364307e+00
1.549638899999999921e+03 -3.208801750236017991e+00
1.553065900000000056e+03 -3.209677927966196442e+00
1.563309700000000021e+03 -3.208962934181515347e+00
1.597991800000000012e+03 -3.206237313078200923e+00
1.601259399999999914e+03 -3.207074419921939423e+00
1.622077900000000000e+03 -3.208797959492967866e+00
1.647065700000000106e+03 -3.205917736106342009e+00
1.651713400000000092e+03 -3.207104095236393615e+00
1.665186500000000024e+03 -3.207008440099158086e+00
1.689206799999999930e+03 -3.202240555447979808e+00
1.693850200000000086e+03 -3.203473940536561315e+00
1.716560199999999895e+03 -3.206068314602578795e+00
1.747519700000000057e+03 -3.202355800520297446e+00
1.749845299999999952e+03 -3.202964341919141145e+00
1.776661599999999908e+03 -3.206612134622515597e+00
1.795867799999999988e+03 -3.200896269423969986e+00
1.798929699999999912e+03 -3.201690477574452576e+00
1.816192700000000059e+03 -3.202900915149434535e+00
1.852306000000000040e+03 -3.201212955152867412e+00
1.856196200000000090e+03 -3.202246280078353102e+00
1.861690700000000106e+03 -3.200036145766389062e+00
1.889302500000000009e+03 -3.197226248903902057e+00
1.892878200000000106e+03 -3.198098277459672012e+00
1.903244899999999916e+03 -3.197578092612840539e+00
1.943229800000000068e+03 -3.196255815772041764e+00
1.951952099999999973e+03 -3.198472947003011324e+00
1.959528900000000021e+03 -3.197346009625708252e+00
1.986625199999999950e+03 -3.193941569544147985e+00
1.994504100000000108e+03 -3.196026712305524153e+00
2.006037700000000086e+03 -3.196180929939934856e+00
2.046320099999999911e+03 -3.195264994890931298e+00
2.049190999999999804e+03 -3.196000513709485347e+00
2.051636100000000170e+03 -3.192738716810627597e+00
2.085364799999999832e+03 -3.188028631781904654e+00
2.100294400000000223e+03 -3.191901969674948880e+00
2.106593100000000049e+03 -3.189889305565559496e+00
2.137934799999999996e+03 -3.191391311205891590e+00
2.142394600000000082e+03 -3.192514948302155542e+00
2.164827000000000226e+03 -3.194983415169381669e+00
2.190016900000000078e+03 -3.189595037679365142e+00
2.194016799999999876e+03 -3.190584464962253897e+00
2.207402199999999993e+03 -3.189630293948967132e+00
2.242602199999999812e+03 -3.191147963929565012e+00
2.250013699999999972e+03 -3.193085356105666239e+00
2.250477300000000014e+03 -3.190401012978018258e+00
2.292196100000000115e+03 -3.188937883461414380e+00
2.302799100000000180e+03 -3.191671540787255790e+00
2.307395700000000033e+03 -3.188073266794003935e+00
2.338090799999999945e+03 -3.188597101859303784e+00
2.346336099999999988e+03 -3.190681403522746429e+00
2.358904100000000199e+03 -3.190008641722775540e+00
2.400537200000000212e+03 -3.187833045631284445e+00
2.401106400000000122e+03 -3.187965438395728324e+00
2.432348899999999958e+03 -3.191037666966114905e+00
2.450687399999999798e+03 -3.188683582149592688e+00
2.456259500000000116e+03 -3.190123215882628926e+00
