1.225940300000000036e+02 -3.463194269614695120e+00
1.320621199999999931e+02 -3.462873793289933388e+00
1.701571000000000140e+02 -3.462404528233635315e+00
1.705816599999999994e+02 -3.462635443598041984e+00
1.809919299999999964e+02 -3.462445981042925780e+00
2.184696399999999983e+02 -3.461569632787295792e+00
2.191997800000000041e+02 -3.461868504532378932e+00
2.276857200000000034e+02 -3.461156019886930668e+00
2.662846000000000117e+02 -3.460396098933803621e+00
2.672731999999999744e+02 -3.460748048674929134e+00
2.761116700000000037e+02 -3.460089044852513229e+00
3.158756599999999821e+02 -3.459231284676195006e+00
3.202206400000000031e+02 -3.460456879061999391e+00
3.288013100000000009e+02 -3.459700188709342594e+00
3.641526299999999878e+02 -3.457499548653284904e+00
3.658372100000000273e+02 -3.458020126520529480e+00
3.757289000000000101e+02 -3.457486342213140773e+00
4.156098999999999819e+02 -3.456110948284266904e+00
4.159289699999999925e+02 -3.456282738119276665e+00
4.218355500000000120e+02 -3.454722489057381551e+00
4.625002900000000068e+02 -3.453075404652050207e+00
4.655135900000000220e+02 -3.453932460906744328e+00
4.737161300000000210e+02 -3.452967289777299165e+00
5.140714600000000019e+02 -3.451569547074980537e+00
5.148076999999999543e+02 -3.451840227828960384e+00
5.237092699999999468e+02 -3.450848004758536813e+00
5.637250299999999470e+02 -3.448852706452754990e+00
5.654554900000000544e+02 -3.449382193859872991e+00
5.720881600000000162e+02 -3.447728053681537119e+00
6.139899199999999837e+02 -3.445930633307397351e+00
6.151429000000000542e+02 -3.446309202304472130e+00
6.301803400000000011e+02 -3.446825572658429149e+00
6.644717600000000175e+02 -3.442742032581842082e+00
6.669864000000000033e+02 -3.443300726896515673e+00
6.733953400000000329e+02 -3.441603352170480523e+00
7.156062799999999697e+02 -3.438759919601793058e+00
7.171195000000000164e+02 -3.439240217444511138e+00
7.271428799999999910e+02 -3.438390793113455857e+00
7.611381400000000212e+02 -3.433932501301075746e+00
7.654274699999999712e+02 -3.431733623566461944e+00
7.676096400000000131e+02 -3.435521043118100248e+00
8.107406700000000228e+02 -3.430314922570099512e+00
8.138574800000000096e+02 -3.431189833274512768e+00
8.280393500000000131e+02 -3.431744282893830267e+00
8.675502300000000560e+02 -3.427696826581733802e+00
8.698766500000000406e+02 -3.428186101033460442e+00
8.726394500000000107e+02 -3.425556812461697298e+00
9.093653799999999592e+02 -3.421710824062065281e+00
9.097833799999999655e+02 -3.421872315060396019e+00
9.148380499999999529e+02 -3.420088675407649159e+00
9.646013699999999744e+02 -3.414980046547553272e+00
9.673135899999999765e+02 -3.418961028263095336e+00
9.718274999999999864e+02 -3.420236146238824659e+00
1.010856800000000021e+03 -3.413541904101094815e+00
1.015018400000000042e+03 -3.414686048769329130e+00
1.018278900000000021e+03 -3.412209290811719420e+00
1.051549899999999980e+03 -3.407595617634243901e+00
1.061847800000000007e+03 -3.410278489279997771e+00
1.071673099999999977e+03 -3.409303971715760717e+00
1.107614199999999983e+03 -3.401170721132691366e+00
1.108920499999999947e+03 -3.404707845596188776e+00
1.120916500000000042e+03 -3.407884920564996811e+00
1.159644500000000107e+03 -3.400199495110620695e+00
1.168076099999999997e+03 -3.402446705623787704e+00
1.178682900000000018e+03 -3.401758233173848289e+00
1.211190299999999979e+03 -3.396352252911547964e+00
1.216164800000000014e+03 -3.394535573449428245e+00
1.221763400000000047e+03 -3.399168909171125019e+00
1.260718699999999899e+03 -3.389990393063283758e+00
1.264188000000000102e+03 -3.394145723160984396e+00
1.266484200000000101e+03 -3.394643621127221067e+00
1.302476400000000012e+03 -3.388065459600693607e+00
1.304126400000000103e+03 -3.388514101716776139e+00
1.308210900000000038e+03 -3.386286034833835057e+00
1.345044699999999921e+03 -3.381670202465897557e+00
1.345510500000000093e+03 -3.381817335877693509e+00
1.373198200000000043e+03 -3.385450579910983304e+00
1.407177599999999984e+03 -3.381528133016607374e+00
1.409103299999999990e+03 -3.381976097107424639e+00
1.412341100000000097e+03 -3.379684596333063507e+00
1.459566299999999956e+03 -3.378043769770712412e+00
1.459580600000000004e+03 -3.378100845396373231e+00
1.461589899999999943e+03 -3.375002286192861689e+00
1.507537600000000111e+03 -3.371906276774871536e+00
1.509534100000000080e+03 -3.375619287409257652e+00
1.513752400000000080e+03 -3.376776767135774460e+00
1.546965400000000045e+03 -3.370457737499485518e+00
1.549015000000000100e+03 -3.370985666259541436e+00
1.565228800000000092e+03 -3.371728447078587987e+00
1.594344599999999900e+03 -3.366015231043014477e+00
1.600545100000000048e+03 -3.367625511237242630e+00
1.600569199999999910e+03 -3.364812079446145354e+00
1.648976200000000063e+03 -3.363814447266901375e+00
1.655430699999999888e+03 -3.365495072975373425e+00
1.664380100000000084e+03 -3.364067474224226917e+00
1.694728299999999990e+03 -3.360688378173355861e+00
1.697706200000000081e+03 -3.361437310708473625e+00
1.703502500000000055e+03 -3.361181189970464445e+00
1.738149400000000014e+03 -3.355460716880052097e+00
1.742161599999999908e+03 -3.356438363648439172e+00
1.788722800000000007e+03 -3.365029553792830086e+00
1.793307000000000016e+03 -3.355541243295796505e+00
1.795401499999999942e+03 -3.356105764334144315e+00
1.823382599999999911e+03 -3.359484001198496550e+00
1.858153399999999920e+03 -3.356207984940970501e+00
1.858471900000000005e+03 -3.356345381541350203e+00
1.868702099999999973e+03 -3.354619035533371818e+00
1.901292799999999943e+03 -3.350341296676010661e+00
1.902221600000000080e+03 -3.346104868139685884e+00
1.909059799999999996e+03 -3.352378785230137659e+00
1.947518700000000081e+03 -3.348844685615980143e+00
1.954334299999999985e+03 -3.350604313179081473e+00
1.958260600000000068e+03 -3.347736121904708817e+00
1.999884399999999914e+03 -3.347372746043766778e+00
2.008435500000000047e+03 -3.349558340017833036e+00
2.011127500000000055e+03 -3.349160086726233665e+00
2.046657400000000052e+03 -3.344620054433766754e+00
2.047212199999999939e+03 -3.344760428154915921e+00
2.069071500000000015e+03 -3.346646582977742312e+00
2.096958099999999831e+03 -3.340455356126326159e+00
2.097993599999999788e+03 -3.340723969429403972e+00
2.119302499999999782e+03 -3.341872221216319883e+00
2.144704999999999927e+03 -3.338441308620935022e+00
2.151516299999999774e+03 -3.336999692246372273e+00
2.152896600000000035e+03 -3.340563529108639962e+00
2.195512099999999919e+03 -3.337240010038644566e+00
2.200886300000000119e+03 -3.338629144191967768e+00
2.207252800000000207e+03 -3.335620166901959394e+00
2.235487700000000132e+03 -3.332730971136516285e+00
2.237204999999999927e+03 -3.333100431141762243e+00
2.270749099999999999e+03 -3.337345472920577816e+00
2.294936799999999948e+03 -3.331569368471227310e+00
2.300217599999999948e+03 -3.332927690876855920e+00
2.304879500000000007e+03 -3.331178020195802780e+00
2.342483499999999822e+03 -3.330840223126584565e+00
2.352088099999999940e+03 -3.333308446676806813e+00
2.370094799999999850e+03 -3.321736435554926814e+00
2.379100399999999809e+03 -3.335733298453930296e+00
2.388509700000000066e+03 -3.326384495308954303e+00
2.407344700000000103e+03 -3.326894466828146157e+00
2.463115200000000186e+03 -3.328780193607209448e+00
2.466652700000000095e+03 -3.329602503429506033e+00
