1.001347700000000032e+02 -1.491231631139636082e+00
1.272541599999999988e+02 -1.490931369116480498e+00
1.491813999999999965e+02 -1.490757131339832231e+00
1.750010000000000048e+02 -1.489771163213675420e+00
2.006410700000000134e+02 -1.489661946045096830e+00
2.243045299999999997e+02 -1.488587838017085385e+00
2.490347299999999962e+02 -1.487958850148186629e+00
2.739107099999999946e+02 -1.487231278194178330e+00
2.993095599999999763e+02 -1.486808784915841564e+00
3.240425700000000120e+02 -1.485307533461426521e+00
3.492194000000000074e+02 -1.484257625274147507e+00
3.706426999999999907e+02 -1.481666166169754106e+00
4.042433100000000081e+02 -1.481754078663155783e+00
4.218049500000000194e+02 -1.478954045069110546e+00
4.513388400000000047e+02 -1.478674325794080202e+00
4.694392599999999902e+02 -1.474512508963078616e+00
4.979910100000000170e+02 -1.474708125698948491e+00
5.195294900000000098e+02 -1.471371610839513400e+00
5.450471700000000510e+02 -1.470378066669832284e+00
5.684735600000000204e+02 -1.466865101613987754e+00
5.956709899999999607e+02 -1.465789014077447661e+00
6.250619500000000244e+02 -1.464397746546531653e+00
6.481853899999999840e+02 -1.461375361724068345e+00
6.709442999999999984e+02 -1.460613002836205432e+00
7.021046599999999671e+02 -1.460383770650063973e+00
7.166365899999999556e+02 -1.455725338957763570e+00
7.453563100000000077e+02 -1.454246589744787599e+00
7.705396299999999883e+02 -1.452889688478524288e+00
8.045465000000000373e+02 -1.451999276975020958e+00
8.145934300000000121e+02 -1.448679297189206627e+00
8.550425199999999677e+02 -1.448249564939853462e+00
8.667469700000000330e+02 -1.446994612618079046e+00
8.961291400000000067e+02 -1.445663763517435862e+00
9.247172399999999470e+02 -1.446342418811655817e+00
9.519240499999999656e+02 -1.442229879741627974e+00
9.726426999999999907e+02 -1.442395293866891137e+00
1.006308099999999968e+03 -1.442486420347183440e+00
1.013081699999999955e+03 -1.438452979612067084e+00
1.055247200000000021e+03 -1.439344594118133314e+00
1.072694300000000112e+03 -1.439098249063440305e+00
1.100121499999999969e+03 -1.436937505061819609e+00
1.121997200000000021e+03 -1.435673513289150938e+00
1.158732299999999896e+03 -1.431109103740166200e+00
1.161929300000000012e+03 -1.433941850794185013e+00
1.193409799999999905e+03 -1.431748057744069547e+00
1.220717599999999948e+03 -1.432898650821105235e+00
1.245267499999999927e+03 -1.430297140963844971e+00
1.259431800000000067e+03 -1.428061021520867335e+00
1.291537299999999959e+03 -1.428877012247583567e+00
1.318676600000000008e+03 -1.428102505945272771e+00
1.338914399999999887e+03 -1.425681571285218219e+00
1.368192399999999907e+03 -1.426193169328284549e+00
1.411467699999999923e+03 -1.423215979886798044e+00
1.420625000000000000e+03 -1.426762389993428526e+00
1.452460100000000011e+03 -1.423463341581570951e+00
1.463370599999999968e+03 -1.422779241591357380e+00
1.502375199999999950e+03 -1.422864895306399591e+00
1.519025300000000016e+03 -1.422792064128076461e+00
1.547291899999999941e+03 -1.420042907530865151e+00
1.566171499999999924e+03 -1.421037795970626405e+00
1.586904999999999973e+03 -1.417633163506931249e+00
1.612365700000000061e+03 -1.417146260743382458e+00
1.646663800000000037e+03 -1.418471937911560454e+00
1.661246799999999894e+03 -1.416373574289999215e+00
1.698692600000000084e+03 -1.417577466385221419e+00
1.716745400000000018e+03 -1.412909953938941809e+00
1.758747100000000046e+03 -1.409848425000746364e+00
1.770553900000000112e+03 -1.417246077113294422e+00
1.785122299999999996e+03 -1.408476627885917987e+00
1.820508900000000040e+03 -1.413732238475347902e+00
1.842523500000000013e+03 -1.408270845531228943e+00
1.859897999999999911e+03 -1.405376177687299721e+00
1.908548099999999977e+03 -1.404758000694473097e+00
1.910852100000000064e+03 -1.413991937098495244e+00
1.949571099999999888e+03 -1.403849574747148443e+00
1.960567000000000007e+03 -1.405140025387898284e+00
1.999254899999999907e+03 -1.403171894591908497e+00
2.014859200000000101e+03 -1.403821579335904346e+00
2.046036599999999908e+03 -1.402377181801838901e+00
2.058451599999999871e+03 -1.399731068369082010e+00
2.087589300000000094e+03 -1.398608085464396744e+00
2.111105500000000120e+03 -1.397025166903073767e+00
2.150375500000000102e+03 -1.397846132392235319e+00
2.164375500000000102e+03 -1.396549779121491586e+00
2.193643199999999979e+03 -1.393838991226104440e+00
2.214650500000000193e+03 -1.392516030990391229e+00
2.261550000000000182e+03 -1.391730196433430322e+00
2.267758299999999963e+03 -1.390752782112054664e+00
2.302650399999999991e+03 -1.389116103151161408e+00
2.318175000000000182e+03 -1.387639596640823925e+00
2.362171400000000176e+03 -1.387186908543616815e+00
2.369263899999999921e+03 -1.384530485423194124e+00
2.393505900000000111e+03 -1.382133572278828826e+00
2.400875199999999950e+03 -1.374687573742370272e+00
2.433833099999999831e+03 -1.373417545809597629e+00
