1.012752299999999934e+02 -3.867184309284669830e+00
1.269101200000000063e+02 -3.866851790841704162e+00
1.494582699999999988e+02 -3.866614429302095424e+00
1.752395799999999895e+02 -3.866604212764112258e+00
1.974692300000000103e+02 -3.866178009478591360e+00
2.240252099999999871e+02 -3.866156631696311408e+00
2.489742200000000025e+02 -3.865874257383274060e+00
2.731923499999999763e+02 -3.865600116987651269e+00
3.006565800000000195e+02 -3.865756700914145139e+00
3.232336199999999735e+02 -3.865335071804651967e+00
3.488338800000000219e+02 -3.864906383231241804e+00
3.717191500000000133e+02 -3.864366391712892312e+00
3.956451599999999758e+02 -3.863907379743817927e+00
4.215786299999999756e+02 -3.863236876147193133e+00
4.499979500000000030e+02 -3.861899987195319905e+00
4.683081999999999994e+02 -3.861387164222918056e+00
4.957512600000000020e+02 -3.860821045484445158e+00
5.196625900000000229e+02 -3.859827096574593330e+00
5.447655399999999872e+02 -3.859069762048588981e+00
5.695484500000000025e+02 -3.858297368400975369e+00
5.978474899999999934e+02 -3.857492228150938729e+00
6.229010500000000548e+02 -3.856287309531798435e+00
6.547493299999999863e+02 -3.855982865237093105e+00
6.727204299999999648e+02 -3.853076340405475531e+00
7.030673900000000458e+02 -3.852527170075281671e+00
7.262448900000000549e+02 -3.850128825972418234e+00
7.519621899999999641e+02 -3.847669535623503556e+00
7.716378899999999703e+02 -3.843735945176212532e+00
8.029260900000000447e+02 -3.841671962460196266e+00
8.209239199999999528e+02 -3.837011000420193163e+00
8.529686000000000377e+02 -3.836843783740520042e+00
8.696890899999999647e+02 -3.830394380798335607e+00
8.990625599999999622e+02 -3.830388424850079243e+00
9.141606500000000324e+02 -3.822344044556607034e+00
9.542498100000000250e+02 -3.823311849436284771e+00
9.689437799999999470e+02 -3.816548300371915836e+00
1.002083499999999958e+03 -3.815286145651732852e+00
1.011375000000000000e+03 -3.808891267041813578e+00
1.043603800000000092e+03 -3.809340140804349684e+00
1.073855999999999995e+03 -3.805050922547485559e+00
1.099546599999999899e+03 -3.800822924302793560e+00
1.116643199999999979e+03 -3.798720091773303942e+00
1.146648300000000063e+03 -3.797384803139048692e+00
1.166543300000000045e+03 -3.793892345350626805e+00
1.197381699999999910e+03 -3.792500753288151838e+00
1.214300099999999929e+03 -3.787794555543648300e+00
1.247656300000000101e+03 -3.786398766190365528e+00
1.266909900000000107e+03 -3.782040056117818683e+00
1.305853200000000015e+03 -3.773728985298038907e+00
1.321364600000000110e+03 -3.783303971678046995e+00
1.359484400000000051e+03 -3.776407274113775969e+00
1.367224799999999959e+03 -3.771292099349945914e+00
1.398298900000000003e+03 -3.762925820645776298e+00
1.404826099999999997e+03 -3.770038735561321186e+00
1.452126800000000003e+03 -3.765137710174956798e+00
1.458745899999999892e+03 -3.761083359255768421e+00
1.489599699999999984e+03 -3.756657431689125026e+00
1.520203099999999949e+03 -3.760527904464114890e+00
1.540788399999999911e+03 -3.755695787764315785e+00
1.567350599999999986e+03 -3.751916146207093128e+00
1.590865700000000061e+03 -3.753061215205480305e+00
1.617757200000000012e+03 -3.747089734989076160e+00
1.634552599999999984e+03 -3.742291440089577925e+00
1.655482700000000023e+03 -3.742906948740134077e+00
1.703419100000000071e+03 -3.743777174698065480e+00
1.730054000000000087e+03 -3.742287088783901261e+00
1.752284100000000080e+03 -3.733855455323078498e+00
1.767492600000000039e+03 -3.738755962605186944e+00
1.790706500000000005e+03 -3.733600796182476422e+00
1.802763999999999896e+03 -3.727548095385203375e+00
1.842634999999999991e+03 -3.729611903352700431e+00
1.862293799999999919e+03 -3.728068254930549497e+00
1.895548500000000104e+03 -3.724832873475951711e+00
1.928304399999999987e+03 -3.724606339970370161e+00
1.960850699999999961e+03 -3.719003312529843175e+00
1.969647500000000036e+03 -3.720436833557131617e+00
1.998966799999999921e+03 -3.712101434953204659e+00
2.004981299999999919e+03 -3.717772474327933008e+00
2.048536500000000160e+03 -3.706450893133299118e+00
2.054958799999999883e+03 -3.716179270218185060e+00
2.102217700000000150e+03 -3.708723117510941858e+00
2.125578300000000127e+03 -3.708857046323220885e+00
2.161064600000000155e+03 -3.708772259965530615e+00
2.166714899999999943e+03 -3.701951273399374465e+00
2.204648299999999836e+03 -3.701854494786959382e+00
2.209607100000000173e+03 -3.696516404638800601e+00
2.252344999999999800e+03 -3.692799329952582976e+00
2.253673600000000079e+03 -3.694224063497167254e+00
2.288891700000000128e+03 -3.692671305828765682e+00
2.319696899999999914e+03 -3.692343082869488313e+00
2.354090299999999843e+03 -3.685320915812593690e+00
2.369369299999999839e+03 -3.690187135009227237e+00
2.384680400000000191e+03 -3.680464308913136140e+00
2.393543299999999817e+03 -3.678883318269242420e+00
2.444411599999999908e+03 -3.684991195471350345e+00
