1.006431900000000041e+02 -4.309588490180639830e+00
1.273711600000000033e+02 -4.309524306766106427e+00
1.496055900000000065e+02 -4.309275097398300503e+00
1.745218600000000038e+02 -4.308809060690359516e+00
2.002238000000000113e+02 -4.309064352294694977e+00
2.253203900000000033e+02 -4.308432739753450313e+00
2.495089000000000112e+02 -4.307853974768324434e+00
2.739154399999999896e+02 -4.307438485117101479e+00
2.991258300000000077e+02 -4.306840871828047312e+00
3.232751200000000154e+02 -4.306258328367848165e+00
3.514863500000000158e+02 -4.306245061064899460e+00
3.712362299999999777e+02 -4.304732693217783179e+00
4.016186200000000213e+02 -4.304958711150876915e+00
4.189349399999999832e+02 -4.302990789714102426e+00
4.533368399999999951e+02 -4.302814805421437683e+00
4.695183299999999917e+02 -4.301462779157319005e+00
5.020506100000000060e+02 -4.301782241658060890e+00
5.220173800000000028e+02 -4.300528264568523440e+00
5.496294699999999693e+02 -4.299457349658287519e+00
5.678628599999999551e+02 -4.297578941396870356e+00
5.990527100000000473e+02 -4.297605195775790143e+00
6.135779599999999618e+02 -4.294075710893273445e+00
6.500671700000000328e+02 -4.295425089878165181e+00
6.679192100000000210e+02 -4.293265874410330696e+00
6.976881799999999885e+02 -4.292076543301837965e+00
7.139863900000000285e+02 -4.288856106095786380e+00
7.527814700000000130e+02 -4.289153827164030375e+00
7.685971799999999803e+02 -4.286948639853972232e+00
8.081602299999999559e+02 -4.286867448868698638e+00
8.188807900000000473e+02 -4.283357123685537005e+00
8.508096100000000206e+02 -4.281790984809824785e+00
8.647089600000000473e+02 -4.277601931274133129e+00
9.096163199999999733e+02 -4.278611184530220157e+00
9.126905699999999797e+02 -4.273640368426207203e+00
9.430709399999999505e+02 -4.271170464189792071e+00
9.624526899999999614e+02 -4.270043132985615664e+00
1.006457999999999970e+03 -4.271128622512073925e+00
1.013620400000000018e+03 -4.265823569343019095e+00
1.042868999999999915e+03 -4.263917328757060865e+00
1.075942900000000009e+03 -4.263752294222272532e+00
1.098368300000000090e+03 -4.259413740784554037e+00
1.122909799999999905e+03 -4.258114659400765944e+00
1.148880799999999908e+03 -4.255112264325408233e+00
1.162898200000000088e+03 -4.250482682861025374e+00
1.182633700000000090e+03 -4.246681333911213940e+00
1.216323799999999892e+03 -4.248012002763849715e+00
1.253551999999999907e+03 -4.246867558696058254e+00
1.257051200000000108e+03 -4.240902692628188753e+00
1.303626299999999901e+03 -4.241907307259765503e+00
1.319828800000000001e+03 -4.239452784552669939e+00
1.366138599999999997e+03 -4.238416902596538804e+00
1.367347800000000007e+03 -4.233503471896757908e+00
1.389890599999999949e+03 -4.232547548362547651e+00
1.421328099999999949e+03 -4.230235728718202637e+00
1.452727399999999989e+03 -4.227160217207877935e+00
1.468437400000000025e+03 -4.225437726183233877e+00
1.504479900000000043e+03 -4.226241792714541035e+00
1.509201999999999998e+03 -4.219743996757777893e+00
1.560254799999999932e+03 -4.216023425961459736e+00
1.564128600000000006e+03 -4.220844288078817286e+00
1.603167799999999943e+03 -4.216298544632782530e+00
1.634320400000000063e+03 -4.218632846735159703e+00
1.644884999999999991e+03 -4.211803554303374497e+00
1.653078899999999976e+03 -4.207015775045326755e+00
1.703161499999999933e+03 -4.210615373374758441e+00
1.708980900000000020e+03 -4.204717046144184067e+00
1.750700100000000020e+03 -4.203447791661840682e+00
1.762394099999999980e+03 -4.201806665386907724e+00
1.799897600000000011e+03 -4.199985885234959859e+00
1.805205099999999902e+03 -4.197943975988227550e+00
1.848669599999999946e+03 -4.196914436555453598e+00
1.852901299999999992e+03 -4.194907356837923373e+00
1.880181100000000015e+03 -4.192876683268762505e+00
1.907704999999999927e+03 -4.190410742742382233e+00
1.952370300000000043e+03 -4.190564522271984060e+00
1.959364900000000034e+03 -4.188602157038018525e+00
2.007226899999999887e+03 -4.192052019458705203e+00
2.008067600000000084e+03 -4.184246662255096894e+00
2.059221900000000005e+03 -4.181057267113930109e+00
2.076428300000000036e+03 -4.189978494810933540e+00
2.114710500000000138e+03 -4.181960438726412654e+00
2.124283199999999852e+03 -4.180626043417449367e+00
2.162632000000000062e+03 -4.175398510274845876e+00
2.167052799999999934e+03 -4.179910803136588804e+00
2.170508800000000065e+03 -4.174194386350397856e+00
2.206249699999999848e+03 -4.172875704119812568e+00
2.239504899999999907e+03 -4.166767258357084280e+00
2.272377800000000207e+03 -4.178601655580713725e+00
2.305703399999999874e+03 -4.172404550266841206e+00
2.317580500000000029e+03 -4.169814524507294173e+00
2.376585999999999785e+03 -4.172278116214565458e+00
2.379434999999999945e+03 -4.176784179431235700e+00
2.385822099999999864e+03 -4.160083702900690739e+00
2.395837899999999991e+03 -4.165677413635581416e+00
2.467025500000000193e+03 -4.167752919952823376e+00
