1.001073899999999952e+02 -4.413063246127300054e+00
1.267515599999999978e+02 -4.411775434567718257e+00
1.490987700000000018e+02 -4.411667074541563593e+00
1.737206400000000031e+02 -4.409650982900317651e+00
2.003826099999999997e+02 -4.410397337416040564e+00
2.249402599999999950e+02 -4.407499235525282444e+00
2.489405999999999892e+02 -4.407359561466017261e+00
2.738105100000000220e+02 -4.404094139001637487e+00
2.999365799999999922e+02 -4.403429003379991435e+00
3.234071799999999826e+02 -4.400536616685333691e+00
3.496905699999999797e+02 -4.400314349665313429e+00
3.700553400000000011e+02 -4.396608510802630931e+00
4.019682399999999802e+02 -4.397039782852150580e+00
4.218654599999999846e+02 -4.393467907119592120e+00
4.526586500000000228e+02 -4.393600348927088284e+00
4.662118800000000078e+02 -4.389740043632945898e+00
4.984868099999999913e+02 -4.390366271374002594e+00
5.181777299999999968e+02 -4.388362882646338115e+00
5.466445700000000443e+02 -4.388166357127608386e+00
5.689720200000000432e+02 -4.386220505275630899e+00
5.966474899999999479e+02 -4.386615293492786449e+00
6.160285099999999829e+02 -4.384222355291038653e+00
6.589333500000000186e+02 -4.386131788213566196e+00
6.653570399999999836e+02 -4.382630980574363733e+00
7.002401300000000219e+02 -4.384252149430302836e+00
7.181524600000000191e+02 -4.381782955299774684e+00
7.490587500000000318e+02 -4.383447383520907792e+00
7.608837899999999763e+02 -4.379432694248481361e+00
7.975084699999999884e+02 -4.381569893622780043e+00
8.206264300000000276e+02 -4.380107612567147868e+00
8.497356099999999515e+02 -4.379709802980379152e+00
8.688550099999999929e+02 -4.379946259092323047e+00
9.007791099999999460e+02 -4.379783642522486531e+00
9.178766900000000533e+02 -4.378744619214683276e+00
9.427946699999999964e+02 -4.378235721095224520e+00
9.647414499999999862e+02 -4.377700007217708134e+00
9.976782899999999472e+02 -4.378385251322169047e+00
1.011731800000000021e+03 -4.376712287731016282e+00
1.058951499999999896e+03 -4.379761928175438968e+00
1.060725300000000061e+03 -4.375932784704128053e+00
1.085135899999999992e+03 -4.376008879958207309e+00
1.113960199999999986e+03 -4.377002159633357259e+00
1.150637600000000020e+03 -4.377918355569889286e+00
1.160123299999999972e+03 -4.376876602348605871e+00
1.192396799999999985e+03 -4.377077669036357754e+00
1.216429499999999962e+03 -4.377237781401887240e+00
1.243399400000000014e+03 -4.376065980911054254e+00
1.261659400000000005e+03 -4.376415599839177162e+00
1.292393700000000081e+03 -4.377675194775403789e+00
1.307504599999999982e+03 -4.375118962270958534e+00
1.352352000000000089e+03 -4.377874113004260437e+00
1.353964400000000069e+03 -4.375580335809826416e+00
1.378328899999999976e+03 -4.373561010344747757e+00
1.408844200000000001e+03 -4.376355023412354939e+00
1.444852799999999888e+03 -4.374774130311704035e+00
1.468264300000000048e+03 -4.379034641357471891e+00
1.498339400000000069e+03 -4.378566777429487189e+00
1.516652900000000045e+03 -4.378645167127960924e+00
1.545919900000000098e+03 -4.377328051311585533e+00
1.562066000000000031e+03 -4.378670672079179482e+00
1.602242799999999988e+03 -4.378503643311909777e+00
1.606218200000000024e+03 -4.376796578094561241e+00
1.657359099999999899e+03 -4.381645699246618619e+00
1.663671000000000049e+03 -4.378840650734569628e+00
1.696769600000000082e+03 -4.378361169156290700e+00
1.706347899999999981e+03 -4.378592286285052815e+00
1.760219100000000026e+03 -4.379682151733214290e+00
1.771579600000000028e+03 -4.382917153868140403e+00
1.811268000000000029e+03 -4.380515478062395829e+00
1.812153499999999894e+03 -4.380504370981403994e+00
1.854770800000000008e+03 -4.380252963898985108e+00
1.861620400000000018e+03 -4.381997566768953689e+00
1.876562899999999900e+03 -4.378484660899986558e+00
1.911728100000000040e+03 -4.383267912038880887e+00
1.950155500000000075e+03 -4.383482284150377772e+00
1.965186200000000099e+03 -4.384103008151796210e+00
1.998027399999999943e+03 -4.382006657882341116e+00
2.006840899999999920e+03 -4.385780797840797440e+00
2.044125700000000052e+03 -4.380159076779418292e+00
2.057562300000000050e+03 -4.385272385828337782e+00
2.099646999999999935e+03 -4.385831845896853487e+00
2.119301100000000133e+03 -4.386606746322845751e+00
2.163348199999999906e+03 -4.385648235813969009e+00
2.175203700000000026e+03 -4.389303796388727363e+00
2.197264500000000226e+03 -4.388521810935765544e+00
2.208095299999999952e+03 -4.386341684559933896e+00
2.256340200000000095e+03 -4.388325553590231465e+00
2.274746700000000146e+03 -4.386582015764402875e+00
2.303449099999999817e+03 -4.390266151087153013e+00
2.323566100000000006e+03 -4.391809254879326829e+00
2.353868699999999990e+03 -4.391108783510102143e+00
2.354956700000000183e+03 -4.388836623494725586e+00
2.393068099999999959e+03 -4.387557742150720586e+00
2.405424500000000080e+03 -4.387189528504827685e+00
2.455416099999999915e+03 -4.390832210519080014e+00
