1.026979400000000027e+02 3.646178098921229349e+01
1.271120300000000043e+02 3.650730612660289154e+01
1.507880999999999858e+02 3.648432729493181625e+01
1.756791000000000054e+02 3.651429014858538125e+01
1.991582500000000095e+02 3.653492621616120317e+01
2.251982800000000111e+02 3.655307704050478179e+01
2.479353000000000122e+02 3.652903724811724118e+01
2.719887699999999882e+02 3.656372888255648235e+01
2.989789299999999912e+02 3.658496488906981625e+01
3.235909599999999955e+02 3.658934510482394131e+01
3.482071799999999939e+02 3.661884897211479739e+01
3.717416000000000054e+02 3.662822511703643613e+01
3.985018600000000220e+02 3.661297883167107869e+01
4.210735799999999927e+02 3.662864288622022713e+01
4.502975299999999947e+02 3.666010940362303927e+01
4.684727899999999750e+02 3.664561367799714731e+01
4.984796999999999798e+02 3.669128282108690797e+01
5.200769800000000487e+02 3.666582739670262470e+01
5.430013999999999896e+02 3.667801546916344080e+01
5.655980799999999817e+02 3.671589507429269617e+01
5.958034499999999980e+02 3.671871005495624019e+01
6.161905799999999545e+02 3.670306279259108351e+01
6.431893300000000409e+02 3.671558060248320743e+01
6.674120900000000347e+02 3.675294931813555621e+01
6.925242100000000391e+02 3.677694840219825068e+01
7.226919199999999819e+02 3.675888052106655834e+01
7.488152400000000171e+02 3.678325564828007543e+01
7.649922699999999622e+02 3.683193771626297774e+01
7.917571199999999862e+02 3.684265672705068084e+01
8.209429599999999709e+02 3.684735243232240975e+01
8.441173999999999751e+02 3.690297628740077585e+01
8.608933100000000422e+02 3.690694992876043301e+01
8.966807999999999765e+02 3.690425045796865078e+01
9.165382899999999609e+02 3.689884948096885608e+01
9.447762999999999920e+02 3.695460512924893237e+01
9.643116099999999733e+02 3.699326989619377315e+01
1.004308800000000019e+03 3.695938733971097179e+01
1.017310299999999984e+03 3.702700030531243414e+01
1.048875999999999976e+03 3.702770303277020503e+01
1.064132299999999987e+03 3.703613677997150688e+01
1.096478000000000065e+03 3.708281243639324742e+01
1.123620599999999968e+03 3.708016130673722444e+01
1.152348700000000008e+03 3.714364135965804792e+01
1.166692000000000007e+03 3.711269692652147256e+01
1.194103000000000065e+03 3.709958833706492953e+01
1.214731500000000096e+03 3.722973590474251893e+01
1.255639899999999898e+03 3.720164207205373685e+01
1.261665999999999940e+03 3.720022033380826088e+01
1.295857700000000023e+03 3.725235752086301488e+01
1.312780299999999897e+03 3.724018776714838452e+01
1.362814499999999953e+03 3.734459291675147341e+01
1.365221500000000106e+03 3.730751730103806096e+01
1.388012799999999970e+03 3.734742825157744761e+01
1.409355199999999968e+03 3.731499287604314929e+01
1.453986799999999903e+03 3.741074241807449852e+01
1.455885099999999966e+03 3.744721860370445654e+01
1.499633900000000040e+03 3.744382149399552162e+01
1.510407999999999902e+03 3.740896397313250077e+01
1.552233300000000099e+03 3.748841848157948675e+01
1.557714899999999943e+03 3.753511500101770793e+01
1.603559199999999919e+03 3.756385813148788344e+01
1.621710700000000088e+03 3.756305007123957296e+01
1.649090899999999920e+03 3.759301190718501573e+01
1.663004200000000083e+03 3.764492825157744704e+01
1.714403299999999945e+03 3.770385507836352446e+01
1.717083699999999908e+03 3.768218654589863092e+01
1.751952900000000000e+03 3.768142275595359081e+01
1.766006100000000060e+03 3.770577956442092216e+01
1.793878600000000006e+03 3.777489110523102056e+01
1.813033200000000079e+03 3.779606859352737303e+01
1.837885999999999967e+03 3.782347038469367106e+01
1.863971299999999928e+03 3.789473997557500695e+01
1.902107500000000073e+03 3.789300936291471800e+01
1.909800700000000006e+03 3.790499694687563448e+01
1.944814599999999928e+03 3.793717993079584261e+01
1.960203800000000001e+03 3.796272542234886771e+01
1.997184700000000021e+03 3.798505393853043444e+01
2.012192800000000034e+03 3.797840118054142522e+01
2.038852599999999939e+03 3.803009515570934695e+01
2.080648599999999988e+03 3.805692448605740452e+01
2.087380200000000059e+03 3.811507480154691052e+01
2.099840599999999995e+03 3.808894819865662384e+01
2.150712300000000141e+03 3.814380470181152560e+01
2.167043700000000172e+03 3.812872023203745186e+01
2.200702000000000226e+03 3.818330246285365348e+01
2.201107700000000023e+03 3.820223081620191152e+01
2.238947000000000116e+03 3.821891868512110335e+01
2.269132099999999809e+03 3.822435986159169374e+01
2.275643399999999929e+03 3.828513993486667744e+01
2.304646499999999833e+03 3.831916751475677074e+01
2.340526199999999790e+03 3.834085640138408024e+01
2.348644099999999980e+03 3.833460818237329448e+01
2.387192700000000059e+03 3.835153165072257764e+01
2.414503999999999905e+03 3.838273000203541585e+01
2.454906700000000001e+03 3.836174842255240947e+01
