1.040723399999999970e+02 -1.906189933681808224e+00
1.132834600000000052e+02 -1.907258348109505341e+00
1.505772800000000018e+02 -1.911690912897299199e+00
1.513168100000000038e+02 -1.911861334879927155e+00
1.600878800000000126e+02 -1.912868094277480058e+00
1.994741300000000024e+02 -1.917760889624442688e+00
2.001277900000000045e+02 -1.917908450992205749e+00
2.079510999999999967e+02 -1.918721589820931106e+00
2.479413299999999936e+02 -1.923766149877609744e+00
2.492225099999999998e+02 -1.924080924428463346e+00
2.556646700000000010e+02 -1.924572221185870236e+00
2.961498000000000275e+02 -1.929764975137127303e+00
2.975670200000000136e+02 -1.930117055923456171e+00
3.041540800000000218e+02 -1.930720104908532964e+00
3.446834099999999808e+02 -1.935872789408829453e+00
3.455292000000000030e+02 -1.936085285828528679e+00
3.537137500000000045e+02 -1.936949984585394802e+00
3.930932999999999993e+02 -1.941950909440662842e+00
3.946904000000000110e+02 -1.942360891119181199e+00
4.026876899999999750e+02 -1.943134639238417449e+00
4.404593300000000227e+02 -1.948057308474425486e+00
4.417459000000000060e+02 -1.948400293056584909e+00
4.516827599999999734e+02 -1.949462503211336184e+00
4.972378899999999931e+02 -1.955406976915593065e+00
4.975400599999999827e+02 -1.955460261798335431e+00
5.008112800000000107e+02 -1.955806700576145696e+00
5.461023000000000138e+02 -1.961747113969691370e+00
5.471838400000000320e+02 -1.962001169118226418e+00
5.509036300000000210e+02 -1.962268426639354857e+00
5.908729299999999967e+02 -1.967547398793125346e+00
5.916783299999999599e+02 -1.967754542134306561e+00
6.044160900000000538e+02 -1.969163118332951434e+00
6.466871099999999615e+02 -1.974614578519696906e+00
6.479721899999999550e+02 -1.974912449635260359e+00
6.491015899999999874e+02 -1.974846697615844304e+00
6.882404299999999466e+02 -1.979925379895902893e+00
6.900162500000000136e+02 -1.980385329772606395e+00
7.063695400000000291e+02 -1.982190733715725406e+00
7.478201099999999997e+02 -1.987637143960412356e+00
7.485300600000000486e+02 -1.987883269219267612e+00
7.496040500000000293e+02 -1.988109726297832447e+00
7.913094399999999951e+02 -1.993236250322347969e+00
7.947332999999999856e+02 -1.993806914488491788e+00
7.955652599999999666e+02 -1.993988255687761946e+00
8.429374400000000378e+02 -1.999922114759409064e+00
8.444564500000000180e+02 -2.000282242426496548e+00
8.764868400000000292e+02 -2.004174785598687780e+00
8.939747300000000223e+02 -2.006469109731473743e+00
8.957990099999999529e+02 -2.006796818502710966e+00
8.976245599999999740e+02 -2.007216805522992864e+00
9.447277199999999766e+02 -2.013185585307373238e+00
9.455687400000000480e+02 -2.013303321210758057e+00
9.476939099999999598e+02 -2.013797967268840861e+00
9.920227899999999863e+02 -2.019373018966439393e+00
9.939681600000000117e+02 -2.019645424952333457e+00
9.965717499999999518e+02 -2.020275761061111730e+00
1.038457000000000107e+03 -2.025333425260909426e+00
1.040668899999999894e+03 -2.025549302032198629e+00
1.042894800000000032e+03 -2.026089070827989502e+00
1.076632200000000012e+03 -2.199762010416062896e+00
1.093092399999999998e+03 -2.032568185228250446e+00
1.095027399999999943e+03 -2.033018248241784676e+00
1.101142900000000054e+03 -2.033531803582237618e+00
1.110472999999999956e+03 -2.204489209967408936e+00
1.132381000000000085e+03 -2.037717692141108206e+00
1.136679900000000089e+03 -2.038093647489449545e+00
1.137640000000000100e+03 -2.038322973968429874e+00
1.170098400000000083e+03 -2.042579829996108209e+00
1.181922000000000025e+03 -2.044108326362606753e+00
1.183963799999999992e+03 -2.044394619290209825e+00
1.257794399999999996e+03 -2.053404564091278584e+00
1.334521899999999960e+03 -2.063251803167064580e+00
1.335191199999999981e+03 -2.063409412264120668e+00
1.358174800000000005e+03 -2.066437279437081997e+00
1.362101000000000113e+03 -2.067020721174956055e+00
1.380888899999999921e+03 -2.069151887055732608e+00
1.393010700000000043e+03 -2.071467478129926931e+00
1.395062100000000100e+03 -2.071929110573060839e+00
1.398821400000000040e+03 -2.072335576720170103e+00
1.443479299999999967e+03 -2.079879820568616644e+00
1.444733799999999974e+03 -2.080134268131929254e+00
1.446188100000000077e+03 -2.080334119245194735e+00
1.490399699999999939e+03 -2.085977772957257059e+00
1.491471399999999903e+03 -2.086196921151629802e+00
1.505107899999999972e+03 -2.087951313988815283e+00
1.528084900000000061e+03 -2.088254545966404141e+00
1.534024200000000064e+03 -2.091609838924455733e+00
1.534260199999999941e+03 -2.091695325503297287e+00
1.577740800000000036e+03 -2.097572706230066863e+00
1.583448499999999967e+03 -2.098246611627509584e+00
1.584011899999999969e+03 -2.098368956228262139e+00
1.590622399999999971e+03 -2.098869882546710919e+00
1.655019399999999905e+03 -2.107190188882333892e+00
1.696148200000000088e+03 -2.110096362458621755e+00
1.719079300000000103e+03 -2.113202912577556880e+00
1.867967599999999948e+03 -2.135727799108409819e+00
1.874577099999999973e+03 -2.136626339896976035e+00
1.935529099999999971e+03 -2.149743863179881753e+00
1.987958200000000033e+03 -2.156514855597703395e+00
2.010634700000000066e+03 -2.159261519786154881e+00
2.097255000000000109e+03 -2.164314321149347187e+00
2.119818000000000211e+03 -2.167287088066576661e+00
2.144031300000000101e+03 -2.171239970951403198e+00
2.193789800000000014e+03 -2.177811960466623731e+00
2.195906199999999899e+03 -2.183561157949517550e+00
2.224950499999999920e+03 -2.181829050657202451e+00
2.228867900000000191e+03 -2.185015804637463255e+00
2.248698899999999867e+03 -2.190074275623308253e+00
2.269666000000000167e+03 -2.192921769620410188e+00
2.685496799999999894e+03 -2.246194445347446056e+00
2.720595100000000002e+03 -2.245968848481835423e+00
2.759655099999999948e+03 -2.255766208689964358e+00
2.800699900000000071e+03 -2.261072913693427999e+00
2.804784700000000157e+03 -2.265533454795932045e+00
2.900076700000000073e+03 -2.274011047174211875e+00
2.943445000000000164e+03 -2.279671170998164076e+00
3.257060300000000097e+03 -2.322322331101554838e+00
3.503416400000000067e+03 -2.354370963413342288e+00
3.546601900000000114e+03 -2.357222635008595191e+00
3.575391500000000178e+03 -2.363649341763236933e+00
3.768380200000000059e+03 -2.381933750916309656e+00
4.141565200000000004e+03 -2.434639556077296874e+00
4.331331600000000435e+03 -2.460576739499306331e+00
4.355241699999999582e+03 -2.457775888038422174e+00
5.286159899999999652e+03 -2.596308545165580739e+00
6.148244700000000194e+03 -2.735781844762444237e+00
6.915571100000000115e+03 -2.815093902438136730e+00
7.018294100000000071e+03 -2.822748509852704757e+00
7.071303200000000288e+03 -2.830412777829551363e+00
7.363179100000000290e+03 -2.898949620274112959e+00
9.245926799999999275e+03 -3.143013075371886345e+00
9.694234800000000178e+03 -3.158240424760690779e+00
9.764503000000000611e+03 -3.205453171545489699e+00
9.988703100000000632e+03 -3.196691958593488980e+00
1.007218200000000070e+04 -3.229189871242210241e+00
1.030931400000000031e+04 -3.310588624439571248e+00
1.066973300000000017e+04 -3.353163765500680960e+00
1.108962900000000081e+04 -3.367011465513015001e+00
1.185699300000000039e+04 -3.510727427335372131e+00
1.212448300000000017e+04 -3.589492127645196984e+00
1.219826000000000022e+04 -3.593901583375316289e+00
1.507172700000000077e+04 -3.937797126545004023e+00
