1.033667700000000025e+02 -3.429334214096555922e+00
1.275924700000000058e+02 -3.428929219786813309e+00
1.517061099999999954e+02 -3.428698237620863232e+00
1.758779600000000016e+02 -3.428176431722955719e+00
2.015809099999999887e+02 -3.428223150725905999e+00
2.245778799999999933e+02 -3.427361842516848611e+00
2.484288500000000113e+02 -3.426688590993977268e+00
2.757650800000000118e+02 -3.426693165178144262e+00
3.003974600000000237e+02 -3.426147274806666587e+00
3.243573999999999842e+02 -3.425244306960338658e+00
3.494403300000000172e+02 -3.424386895583444002e+00
3.716399000000000115e+02 -3.422948743415763051e+00
3.989973200000000020e+02 -3.422577969257806885e+00
4.223505299999999920e+02 -3.421262094263770148e+00
4.462288899999999785e+02 -3.419744152789074843e+00
4.725758299999999963e+02 -3.418846883811653026e+00
4.968543199999999729e+02 -3.417077509086245080e+00
5.237807299999999486e+02 -3.416173826443870354e+00
5.493197900000000118e+02 -3.414464457913458428e+00
5.703912100000000009e+02 -3.412465828910194787e+00
5.945831299999999828e+02 -3.410173514376797943e+00
6.182841700000000174e+02 -3.408653391830243962e+00
6.503502799999999979e+02 -3.408131904525931066e+00
6.712154500000000326e+02 -3.405050849339166685e+00
6.966066399999999703e+02 -3.402648358293747233e+00
7.160822600000000193e+02 -3.400541070864724791e+00
7.498630299999999806e+02 -3.399969574181178178e+00
7.666322999999999865e+02 -3.397048556316034862e+00
7.961582899999999654e+02 -3.395285266136125468e+00
8.201155599999999595e+02 -3.393117614554972850e+00
8.539321099999999660e+02 -3.391909988108641194e+00
8.691085100000000239e+02 -3.388241897695482674e+00
8.976994499999999562e+02 -3.386542190911056238e+00
9.153443200000000388e+02 -3.382745049870417020e+00
9.501628399999999601e+02 -3.383257525281666123e+00
9.583247099999999818e+02 -3.377361323151795602e+00
9.939916299999999865e+02 -3.376792343218587344e+00
1.012879099999999994e+03 -3.372910017278626160e+00
1.048528900000000021e+03 -3.372705174480707946e+00
1.070459399999999960e+03 -3.372935504290687003e+00
1.100890900000000101e+03 -3.371256143640276814e+00
1.122120200000000068e+03 -3.367994035031973699e+00
1.138621000000000095e+03 -3.364071849656395052e+00
1.163909499999999980e+03 -3.362969800820897248e+00
1.197254100000000108e+03 -3.361636807466713339e+00
1.213143700000000081e+03 -3.358584143727434856e+00
1.245531199999999899e+03 -3.355930445983612120e+00
1.265421100000000024e+03 -3.354981194473961814e+00
1.292981299999999919e+03 -3.353773620512157549e+00
1.322547499999999900e+03 -3.354909591690941717e+00
1.342414999999999964e+03 -3.350351099304798907e+00
1.378238200000000006e+03 -3.351754232648028520e+00
1.394970900000000029e+03 -3.346743667080665841e+00
1.420432800000000043e+03 -3.345517098966003022e+00
1.436174600000000055e+03 -3.343398391667056657e+00
1.471098300000000108e+03 -3.344193248513752881e+00
1.491621300000000019e+03 -3.339878355964596590e+00
1.509585299999999961e+03 -3.339087744471260333e+00
1.529659599999999955e+03 -3.336471325848421099e+00
1.575705600000000004e+03 -3.340367348111107137e+00
1.600478699999999890e+03 -3.336978689500629702e+00
1.617518299999999954e+03 -3.334946405276893344e+00
1.656687100000000100e+03 -3.330541279790831588e+00
1.662930900000000065e+03 -3.335752363097201023e+00
1.694743899999999940e+03 -3.331390558855154893e+00
1.708039500000000089e+03 -3.326149026611153303e+00
1.763437100000000100e+03 -3.329442931002696504e+00
1.771266599999999926e+03 -3.328178034409165598e+00
1.808836000000000013e+03 -3.323920545553335604e+00
1.830832300000000032e+03 -3.326268791733554497e+00
1.853793599999999969e+03 -3.325778325217246589e+00
1.870443600000000060e+03 -3.322618097944718407e+00
1.900346299999999928e+03 -3.317522162233067728e+00
1.910429000000000087e+03 -3.324871667848099399e+00
1.954025499999999965e+03 -3.320326639772399169e+00
1.959603800000000092e+03 -3.316716431183338809e+00
1.967453600000000051e+03 -3.313225457487986692e+00
2.012324299999999994e+03 -3.316133130819231667e+00
2.056693400000000111e+03 -3.313407415929478628e+00
2.057592299999999796e+03 -3.316985667580706121e+00
2.101580300000000079e+03 -3.313438400018848373e+00
2.102817100000000210e+03 -3.311508391869330215e+00
2.134364700000000084e+03 -3.309946234127131959e+00
2.184943699999999808e+03 -3.309148210182297767e+00
2.210935199999999895e+03 -3.308992759381398585e+00
2.215370600000000195e+03 -3.315406648738433049e+00
2.248783199999999852e+03 -3.310812535369040077e+00
2.262462899999999991e+03 -3.309537387941441811e+00
2.287700899999999820e+03 -3.307793849085630455e+00
2.319345600000000104e+03 -3.308156244064210938e+00
2.354093100000000049e+03 -3.306538716810615064e+00
2.371941100000000006e+03 -3.305659853217890021e+00
2.396085599999999886e+03 -3.299870545292228119e+00
2.401898700000000190e+03 -3.304348209984640405e+00
2.430945799999999963e+03 -3.296203535280005426e+00
