1.005838200000000029e+02 -3.435919875010573055e+00
1.271790799999999990e+02 -3.435486404790787152e+00
1.500285199999999861e+02 -3.435270195486797018e+00
1.755407199999999932e+02 -3.434993278593005073e+00
2.010088800000000049e+02 -3.435132668320401983e+00
2.233450699999999927e+02 -3.434120177092617521e+00
2.489308299999999861e+02 -3.434007351216024517e+00
2.733623299999999858e+02 -3.433589154848638358e+00
3.036519700000000057e+02 -3.433489902570857399e+00
3.237237900000000081e+02 -3.432933243795643463e+00
3.511010800000000245e+02 -3.432413169220870586e+00
3.734507600000000025e+02 -3.431797102532295973e+00
4.025753599999999892e+02 -3.431249554510798827e+00
4.240425999999999931e+02 -3.430686552267644629e+00
4.516862699999999791e+02 -3.430334161684810201e+00
4.718556399999999940e+02 -3.427704818005449017e+00
5.026171899999999937e+02 -3.426917926162015515e+00
5.204782599999999775e+02 -3.425024682417785016e+00
5.512650999999999613e+02 -3.424721480995526424e+00
5.740148000000000366e+02 -3.422359295586686390e+00
5.989829600000000482e+02 -3.420194277791905435e+00
6.226331599999999753e+02 -3.417424852923627299e+00
6.533650800000000345e+02 -3.416161493889208423e+00
6.680950500000000147e+02 -3.412036551358375469e+00
6.934987200000000485e+02 -3.410451656680093091e+00
7.212158100000000331e+02 -3.406716099264841979e+00
7.477070999999999685e+02 -3.405155557365573404e+00
7.689941999999999780e+02 -3.400987670670660989e+00
7.965289400000000342e+02 -3.399381493623644612e+00
8.204757299999999987e+02 -3.395718053169070938e+00
8.450645600000000286e+02 -3.394141873113687424e+00
8.728170599999999695e+02 -3.391569907095822511e+00
9.062495199999999613e+02 -3.391141878471207516e+00
9.139352099999999837e+02 -3.384519175185944029e+00
9.441682799999999816e+02 -3.382876955265733177e+00
9.624072499999999764e+02 -3.379275025165192403e+00
1.008192999999999984e+03 -3.380271994774013855e+00
1.024161000000000058e+03 -3.376607296939830860e+00
1.046598999999999933e+03 -3.373107284793531058e+00
1.072771899999999960e+03 -3.372998271535470494e+00
1.097959100000000035e+03 -3.369294011836529101e+00
1.110136400000000094e+03 -3.365222057828567870e+00
1.159947100000000091e+03 -3.368053013281898433e+00
1.173659499999999980e+03 -3.364261589147976572e+00
1.190775300000000016e+03 -3.360949797953640683e+00
1.222919000000000096e+03 -3.359774341120322472e+00
1.263091200000000072e+03 -3.353675988823999532e+00
1.264746100000000069e+03 -3.359223037927815181e+00
1.287998800000000074e+03 -3.351655604092636409e+00
1.329963899999999967e+03 -3.354872115870041860e+00
1.356121799999999894e+03 -3.351021386425395043e+00
1.365173399999999901e+03 -3.348406438818067432e+00
1.391867500000000064e+03 -3.347085992719113001e+00
1.408744099999999889e+03 -3.343299937346382755e+00
1.443329899999999952e+03 -3.341224059489448894e+00
1.470663000000000011e+03 -3.342680551964065216e+00
1.501655299999999897e+03 -3.341739086030098171e+00
1.519233799999999974e+03 -3.339702468683997783e+00
1.549637300000000096e+03 -3.336870693412630651e+00
1.569653700000000072e+03 -3.338097539745761733e+00
1.613606999999999971e+03 -3.334551122426432368e+00
1.621246399999999994e+03 -3.339913450015624008e+00
1.649229199999999992e+03 -3.332787444906463392e+00
1.651277399999999943e+03 -3.328839538504369866e+00
1.698645999999999958e+03 -3.332244535986812473e+00
1.708996799999999894e+03 -3.326960114477620856e+00
1.753622699999999895e+03 -3.329095159574588791e+00
1.771775399999999991e+03 -3.327623837606725754e+00
1.805913900000000012e+03 -3.322154693019002902e+00
1.817522500000000036e+03 -3.330974646074432943e+00
1.853752300000000105e+03 -3.322623337333403093e+00
1.861235300000000052e+03 -3.323299242178824997e+00
1.906444400000000087e+03 -3.322961811633231122e+00
1.914125199999999950e+03 -3.320807974452252509e+00
1.962598999999999933e+03 -3.319971820643718985e+00
1.964219700000000103e+03 -3.321978886498134997e+00
1.981380000000000109e+03 -3.315518717493890932e+00
2.004479100000000017e+03 -3.314536498672580045e+00
2.059498099999999795e+03 -3.314506290911208630e+00
2.085486300000000028e+03 -3.318787957684615542e+00
2.093352100000000064e+03 -3.310235325477764778e+00
2.107456200000000081e+03 -3.315788599374816403e+00
2.148596300000000156e+03 -3.306311779306474463e+00
2.157038100000000213e+03 -3.313918842273293475e+00
2.175671200000000226e+03 -3.306537314735213506e+00
2.207157099999999900e+03 -3.310445212827962447e+00
2.244164499999999862e+03 -3.308023251985186874e+00
2.272808700000000044e+03 -3.308100696832908749e+00
2.282736699999999928e+03 -3.304759893928499892e+00
2.320250900000000001e+03 -3.310203227385131175e+00
2.345311900000000151e+03 -3.306573659795067233e+00
2.350667899999999918e+03 -3.300413207957897388e+00
2.390735299999999825e+03 -3.303817836050095380e+00
2.426582600000000184e+03 -3.306933132961479060e+00
2.460912299999999959e+03 -3.305152130997291771e+00
