9.929693500000000483e+01 -3.436972951880862936e+00
1.267823599999999971e+02 -3.436906437892781163e+00
1.496830600000000118e+02 -3.436859545859729970e+00
1.758628500000000088e+02 -3.436691963712247944e+00
1.973598000000000070e+02 -3.436110232569842715e+00
2.233986099999999908e+02 -3.435709430420334609e+00
2.494317100000000096e+02 -3.435665436266253092e+00
2.711439199999999801e+02 -3.434727742069794587e+00
3.003439500000000066e+02 -3.435672724939818679e+00
3.213304099999999721e+02 -3.434090001004280523e+00
3.497203499999999963e+02 -3.434031950688223755e+00
3.728774300000000039e+02 -3.433249587531473246e+00
4.014761199999999803e+02 -3.433084145623786387e+00
4.200601199999999835e+02 -3.431117616596155440e+00
4.501995000000000005e+02 -3.430477941669260566e+00
4.722720199999999977e+02 -3.429348232965622856e+00
5.006602300000000128e+02 -3.428598151856286691e+00
5.199437599999999975e+02 -3.426219039655062470e+00
5.494999199999999746e+02 -3.425137882421987801e+00
5.664252000000000180e+02 -3.421519866713957914e+00
6.003644600000000082e+02 -3.421273130760416503e+00
6.136901299999999537e+02 -3.416377403962571613e+00
6.458492899999999963e+02 -3.416363128866383381e+00
6.668359799999999495e+02 -3.411049953500947307e+00
7.077054799999999659e+02 -3.412021242264383858e+00
7.165815099999999802e+02 -3.405237661863142140e+00
7.581140100000000075e+02 -3.405864422194146535e+00
7.654740000000000464e+02 -3.399982015209002117e+00
8.024081999999999653e+02 -3.399558228205325605e+00
8.150187300000000050e+02 -3.393887658081835124e+00
8.554792599999999538e+02 -3.395803952707934670e+00
8.662880599999999731e+02 -3.389903046282666477e+00
9.048421700000000101e+02 -3.391554409117618185e+00
9.111048700000000053e+02 -3.383523075376788647e+00
9.595317900000000009e+02 -3.387002605940795608e+00
9.599997100000000501e+02 -3.379838258104805426e+00
1.003115000000000009e+03 -3.381729533953131916e+00
1.016385899999999992e+03 -3.375599314211607194e+00
1.045361200000000053e+03 -3.374883513153041026e+00
1.066744899999999916e+03 -3.370858144769349529e+00
1.098177300000000059e+03 -3.368709417420465702e+00
1.108828299999999899e+03 -3.364251077025773640e+00
1.156232500000000073e+03 -3.366729342543212766e+00
1.166037800000000061e+03 -3.362314228161093155e+00
1.198658300000000054e+03 -3.359388840052301983e+00
1.210420100000000048e+03 -3.358459114824308589e+00
1.245487900000000081e+03 -3.356936095140960141e+00
1.259068999999999960e+03 -3.352479951849398621e+00
1.306117799999999988e+03 -3.352606314966184442e+00
1.312960199999999986e+03 -3.350825394778988109e+00
1.360392000000000053e+03 -3.345752175458128086e+00
1.364663999999999987e+03 -3.353912902653890971e+00
1.412350300000000061e+03 -3.347858051451418682e+00
1.421102100000000064e+03 -3.346705799046164387e+00
1.473339300000000094e+03 -3.343885150148038665e+00
1.473950199999999995e+03 -3.345097323803312594e+00
1.511425899999999956e+03 -3.341726104202739300e+00
1.511444500000000062e+03 -3.338057393438363718e+00
1.549459200000000010e+03 -3.338299920709489665e+00
1.557232199999999921e+03 -3.333052221119891634e+00
1.587223600000000033e+03 -3.334477842218206423e+00
1.613193899999999985e+03 -3.333884435729085549e+00
1.653660800000000108e+03 -3.328238007088332395e+00
1.659825299999999970e+03 -3.333830228275993068e+00
1.694498900000000049e+03 -3.328633042767904282e+00
1.711073599999999942e+03 -3.326708946340895423e+00
1.743304000000000087e+03 -3.324805903183687850e+00
1.751863000000000056e+03 -3.325092155381989212e+00
1.794866999999999962e+03 -3.325310400423447277e+00
1.830268299999999954e+03 -3.328600291613773354e+00
1.874355900000000020e+03 -3.329467740678816678e+00
1.880229900000000043e+03 -3.325948326111357822e+00
1.884885899999999992e+03 -3.324085487581934117e+00
1.905519099999999980e+03 -3.317329258972546935e+00
1.948264799999999923e+03 -3.314931115050596233e+00
1.956386299999999892e+03 -3.320223031326467122e+00
2.005085600000000113e+03 -3.318061192483242827e+00
2.010360500000000002e+03 -3.316597818646443763e+00
2.048630400000000009e+03 -3.315318949956132855e+00
2.075329999999999927e+03 -3.316283764511711585e+00
2.085062199999999848e+03 -3.314916005122940934e+00
2.132093600000000151e+03 -3.315311837019567331e+00
2.152142499999999927e+03 -3.312013144683894961e+00
2.169402599999999893e+03 -3.312126760904489320e+00
2.214639599999999973e+03 -3.309483699587864702e+00
2.220687600000000202e+03 -3.311515475504112072e+00
2.247985200000000077e+03 -3.309456735158637475e+00
2.279523999999999887e+03 -3.312146882127786185e+00
2.302139000000000124e+03 -3.308049640014335324e+00
2.316438500000000204e+03 -3.305157957502745436e+00
2.355620399999999790e+03 -3.308881447611819571e+00
2.369384700000000066e+03 -3.307789325049532714e+00
2.407197599999999966e+03 -3.303164956766507565e+00
2.416456900000000132e+03 -3.304869376449347307e+00
2.437668900000000122e+03 -3.304111038882401985e+00
