1.228207699999999960e+02 -3.492741437202496968e+00
1.328310899999999890e+02 -3.492591058746758570e+00
1.707846299999999928e+02 -3.492158300077641719e+00
1.710630099999999914e+02 -3.492355597605048878e+00
1.788633299999999906e+02 -3.491498840282722949e+00
2.178291600000000017e+02 -3.491155175434913271e+00
2.178749400000000094e+02 -3.491062440966882896e+00
2.285767199999999946e+02 -3.491061966662182492e+00
2.667635200000000282e+02 -3.490099952032363007e+00
2.678270699999999920e+02 -3.490474738048280567e+00
2.786988400000000183e+02 -3.490401885504645918e+00
3.162646899999999732e+02 -3.489081958447204812e+00
3.178583300000000236e+02 -3.489591544323817462e+00
3.261588399999999979e+02 -3.488790210465166908e+00
3.639042099999999778e+02 -3.487187159012108850e+00
3.664232099999999832e+02 -3.487921720958015559e+00
3.727579799999999750e+02 -3.486554703664593635e+00
4.129119999999999777e+02 -3.485367792327129344e+00
4.144217300000000250e+02 -3.485837010854151430e+00
4.221797199999999748e+02 -3.484855835928551304e+00
4.610537299999999732e+02 -3.482985991283205962e+00
4.627420299999999997e+02 -3.483354365772254546e+00
4.743826900000000251e+02 -3.483132891934241471e+00
5.137383099999999558e+02 -3.481273213554839874e+00
5.158095399999999700e+02 -3.481888506948075168e+00
5.281327900000000000e+02 -3.481844971891521645e+00
5.605098799999999528e+02 -3.477561420325689490e+00
5.618917500000000018e+02 -3.477979571063399611e+00
5.725116400000000567e+02 -3.477461793854212502e+00
6.114747599999999466e+02 -3.475158442054737673e+00
6.163121899999999869e+02 -3.476326477889493560e+00
6.221800200000000132e+02 -3.474635205685501216e+00
6.612012600000000475e+02 -3.472033068763931585e+00
6.625735499999999547e+02 -3.472318679783009898e+00
6.713390100000000302e+02 -3.471015674208522306e+00
7.164107800000000452e+02 -3.469552470413464818e+00
7.165669699999999693e+02 -3.469500593396854349e+00
7.210555500000000393e+02 -3.467606227993067058e+00
7.666087999999999738e+02 -3.465853798012482390e+00
7.702162700000000086e+02 -3.466888222526139707e+00
7.712573099999999613e+02 -3.463405062248932076e+00
8.114253599999999551e+02 -3.460088610838117251e+00
8.134859500000000025e+02 -3.460689857019374038e+00
8.270003400000000511e+02 -3.460197691149844879e+00
8.615173600000000533e+02 -3.456122910779219737e+00
8.636511500000000296e+02 -3.456743894784312321e+00
8.742681499999999915e+02 -3.455849683499606417e+00
9.121470299999999725e+02 -3.451128083738154384e+00
9.148676699999999755e+02 -3.451905207182171420e+00
9.205785100000000511e+02 -3.449817152095205675e+00
9.607078400000000329e+02 -3.447093581084578862e+00
9.629470400000000154e+02 -3.447597097578428471e+00
9.740927500000000236e+02 -3.447042855552041818e+00
1.022753900000000044e+03 -3.442711984624116095e+00
1.023909800000000018e+03 -3.446121381774309267e+00
1.024930399999999963e+03 -3.446523279300090614e+00
1.067891000000000076e+03 -3.440377159859403289e+00
1.069373499999999922e+03 -3.437683731317555225e+00
1.070391499999999951e+03 -3.441135384128983787e+00
1.106884099999999989e+03 -3.434382596549084621e+00
1.109379200000000083e+03 -3.434982646875068824e+00
1.117998599999999897e+03 -3.433783750394782786e+00
1.156488399999999956e+03 -3.429305267785890621e+00
1.162294399999999996e+03 -3.430851573274348976e+00
1.169797000000000025e+03 -3.429368541446238261e+00
1.214841200000000072e+03 -3.427261888254439892e+00
1.218190200000000004e+03 -3.428026918325671524e+00
1.228489499999999907e+03 -3.427724094500559815e+00
1.245966200000000072e+03 -3.419466014295462486e+00
1.250421900000000051e+03 -3.420625381608684901e+00
1.263444600000000037e+03 -3.420698450920027334e+00
1.304522200000000112e+03 -3.418413492897369288e+00
1.309795599999999922e+03 -3.419809134903747161e+00
1.314053499999999985e+03 -3.417596076525072579e+00
1.355872399999999971e+03 -3.414581224607108112e+00
1.360454899999999952e+03 -3.415814538538299860e+00
1.361754200000000083e+03 -3.412692464801473591e+00
1.405380900000000111e+03 -3.409543347019087012e+00
1.413944799999999987e+03 -3.411693933337220486e+00
1.418652800000000070e+03 -3.409474092086908215e+00
1.454208900000000085e+03 -3.403011665501300076e+00
1.454816800000000057e+03 -3.406261940047080827e+00
1.458774400000000014e+03 -3.407328565461125169e+00
1.505686300000000074e+03 -3.404168468608841813e+00
1.506976300000000037e+03 -3.404463489924466568e+00
1.509292400000000043e+03 -3.401316216947374294e+00
1.552458599999999933e+03 -3.400787517467838139e+00
1.557443700000000035e+03 -3.402038101011644944e+00
1.565054699999999912e+03 -3.400634385230983270e+00
1.592214799999999968e+03 -3.395800479020858464e+00
1.604711399999999912e+03 -3.399017105429000374e+00
1.613686099999999897e+03 -3.397183315702954065e+00
1.638420000000000073e+03 -3.391818056594641195e+00
1.645655899999999974e+03 -3.393646395031733931e+00
1.656249499999999898e+03 -3.393195248975091616e+00
1.695039099999999962e+03 -3.390427488627997477e+00
1.698692500000000109e+03 -3.391359294797427815e+00
1.718772899999999936e+03 -3.392395786343672004e+00
1.742446999999999889e+03 -3.386776545800384230e+00
1.753984099999999899e+03 -3.389744053762312692e+00
1.774812100000000100e+03 -3.391380490957801808e+00
1.797831300000000056e+03 -3.386199110391284073e+00
1.803176600000000008e+03 -3.387567390457442151e+00
1.813150000000000091e+03 -3.385976264515664358e+00
1.842636099999999942e+03 -3.381880811783220420e+00
1.844582400000000007e+03 -3.382415568919273863e+00
1.866277199999999993e+03 -3.384167603486151421e+00
1.894695999999999913e+03 -3.379451076745489502e+00
1.902329400000000078e+03 -3.381425429441565100e+00
1.907151100000000042e+03 -3.378229282739426242e+00
1.938098799999999983e+03 -3.375284937336548552e+00
1.939727799999999888e+03 -3.375745298916386083e+00
1.969807099999999991e+03 -3.380033456656407420e+00
1.992869799999999941e+03 -3.373531955941632354e+00
1.996694600000000037e+03 -3.374492297947585318e+00
2.022769099999999980e+03 -3.376913514964713592e+00
2.037144299999999930e+03 -3.370890985149904928e+00
2.052037600000000111e+03 -3.374704714874465772e+00
2.059364000000000033e+03 -3.372582655347446501e+00
2.084148499999999785e+03 -3.368128553878179776e+00
2.094016999999999825e+03 -3.370633858963874907e+00
2.108831200000000081e+03 -3.370696577988750775e+00
2.146285499999999956e+03 -3.369689915620439624e+00
2.147059299999999894e+03 -3.369885480410290235e+00
2.155602699999999913e+03 -3.367959781928827390e+00
2.201719999999999800e+03 -3.367514069756893491e+00
2.205769699999999830e+03 -3.363988028160072474e+00
2.208922099999999773e+03 -3.369412746142087745e+00
2.243412800000000061e+03 -3.363253561283208626e+00
2.246798600000000079e+03 -3.364095273623097349e+00
2.263083999999999833e+03 -3.363990647512610899e+00
2.279502399999999852e+03 -3.359595094149043781e+00
2.280421499999999924e+03 -3.359951313678944285e+00
2.316069100000000162e+03 -3.364507096926561136e+00
2.341332899999999881e+03 -3.358920034519859321e+00
2.353643900000000031e+03 -3.359107456347728338e+00
2.358494799999999941e+03 -3.363344871046512807e+00
2.394302799999999934e+03 -3.356897138188570828e+00
2.396169400000000223e+03 -3.357339441094512544e+00
2.408146400000000085e+03 -3.357919603370882911e+00
2.423369900000000143e+03 -3.352045594395042016e+00
2.428892499999999927e+03 -3.353592470065490438e+00
