9.967260199999999770e+01 -3.492195043836813895e+00
1.271782199999999960e+02 -3.492260047719109917e+00
1.504402100000000075e+02 -3.492072178163642793e+00
1.761107900000000086e+02 -3.492257740356885964e+00
2.009983699999999942e+02 -3.492223631308725373e+00
2.246226000000000056e+02 -3.491823026975174216e+00
2.487787199999999928e+02 -3.491396788184174760e+00
2.731236700000000042e+02 -3.491340350849053475e+00
2.974768100000000004e+02 -3.490607015933448132e+00
3.234234200000000214e+02 -3.490873249406481804e+00
3.522608200000000238e+02 -3.490632942356393098e+00
3.707254199999999855e+02 -3.489341886373223289e+00
3.998174999999999955e+02 -3.489611292570668155e+00
4.179288300000000049e+02 -3.487479011030058196e+00
4.503763200000000211e+02 -3.487592348457758895e+00
4.720983699999999885e+02 -3.486790059892441285e+00
4.934429999999999836e+02 -3.485121525799043773e+00
5.171852599999999711e+02 -3.483601780591113695e+00
5.523233800000000429e+02 -3.484491861664240631e+00
5.670727000000000544e+02 -3.481630521127272893e+00
5.987910000000000537e+02 -3.481211973702398765e+00
6.155440800000000081e+02 -3.478376023402167228e+00
6.476816499999999905e+02 -3.478128861752249001e+00
6.738522900000000391e+02 -3.475712730553054630e+00
6.995022099999999909e+02 -3.473258868679994560e+00
7.203860899999999674e+02 -3.470331948182123316e+00
7.536341999999999643e+02 -3.469755966276929282e+00
7.676342100000000528e+02 -3.464868174516685606e+00
7.927909799999999905e+02 -3.462574529636396115e+00
8.241217900000000327e+02 -3.461574890359258916e+00
8.599050499999999602e+02 -3.460333971570182854e+00
8.715021500000000287e+02 -3.455839329419914119e+00
9.025742099999999937e+02 -3.453502596610114495e+00
9.124184999999999945e+02 -3.448338148119124646e+00
9.418698799999999665e+02 -3.446319563255472396e+00
9.673852299999999786e+02 -3.444473137068212232e+00
9.938531299999999646e+02 -3.442161433387254110e+00
1.016247899999999959e+03 -3.439512447745663337e+00
1.040286299999999983e+03 -3.437302824637424870e+00
1.065568999999999960e+03 -3.433803998552138026e+00
1.105017299999999977e+03 -3.433734359586220197e+00
1.107966699999999946e+03 -3.426552405069247964e+00
1.153282799999999952e+03 -3.429729100635903638e+00
1.163912000000000035e+03 -3.424193732282485580e+00
1.189543400000000020e+03 -3.421477500695206952e+00
1.207835299999999961e+03 -3.417597578905882116e+00
1.250282699999999977e+03 -3.418171728224366213e+00
1.263213199999999915e+03 -3.413886288684405912e+00
1.304963500000000067e+03 -3.413046812416703268e+00
1.323241600000000062e+03 -3.410906148210378852e+00
1.330841200000000072e+03 -3.403026200140939483e+00
1.358240299999999934e+03 -3.403094452670238468e+00
1.400492099999999937e+03 -3.403706830528106408e+00
1.417401399999999967e+03 -3.401446224482026270e+00
1.452386299999999892e+03 -3.393471079421283232e+00
1.464000700000000052e+03 -3.402349727088603171e+00
1.505940299999999979e+03 -3.397597607121254359e+00
1.510487399999999980e+03 -3.390579402258576458e+00
1.551781700000000001e+03 -3.390935240586703703e+00
1.565774899999999889e+03 -3.388577746111700595e+00
1.599420399999999972e+03 -3.386185964968254414e+00
1.626166500000000042e+03 -3.387255564794859453e+00
1.655244899999999916e+03 -3.384958336536427304e+00
1.667172700000000077e+03 -3.380644139087783717e+00
1.701108300000000099e+03 -3.378717645634460975e+00
1.709467799999999897e+03 -3.376468860867888555e+00
1.753842900000000100e+03 -3.375570160154785171e+00
1.759066800000000057e+03 -3.371796888999858854e+00
1.791854599999999891e+03 -3.369496015265330158e+00
1.806161900000000060e+03 -3.366254069542838234e+00
1.853492999999999938e+03 -3.363641943259407796e+00
1.866589799999999968e+03 -3.368931400729916703e+00
1.881246799999999894e+03 -3.365184296627011129e+00
1.915254500000000007e+03 -3.363463649868042360e+00
1.945119599999999991e+03 -3.360804055277384350e+00
1.971905899999999974e+03 -3.361687935249354275e+00
2.000593200000000024e+03 -3.357794179541059076e+00
2.006437699999999950e+03 -3.356624048874428556e+00
2.034449299999999994e+03 -3.352433435403658013e+00
2.070541999999999916e+03 -3.353090852115569120e+00
2.098992900000000191e+03 -3.354267775502496107e+00
2.124071100000000115e+03 -3.353695982360422434e+00
2.164765499999999975e+03 -3.348896225741079924e+00
2.173486699999999928e+03 -3.350608085830355964e+00
2.211209199999999782e+03 -3.345143229496956749e+00
2.220731800000000021e+03 -3.349745251361516907e+00
2.246589300000000094e+03 -3.337016587755014196e+00
2.254371099999999842e+03 -3.339713102892294394e+00
2.291878900000000158e+03 -3.340353133134351893e+00
2.309630099999999857e+03 -3.339184437161270669e+00
2.340955300000000079e+03 -3.335443168470814346e+00
2.389925299999999879e+03 -3.343934254178843268e+00
2.401723100000000159e+03 -3.333043552744715754e+00
2.420902700000000095e+03 -3.334814653782457228e+00
2.435857800000000225e+03 -3.333386472799453770e+00
