1.026133300000000048e+02 -6.194048960604334297e+00
1.269440400000000011e+02 -6.193684140134188887e+00
1.509189100000000110e+02 -6.193571822138688177e+00
1.739884299999999939e+02 -6.192749674596860210e+00
1.992210699999999974e+02 -6.192799173033832538e+00
2.267859500000000139e+02 -6.193035868175814862e+00
2.475083899999999915e+02 -6.191755030257623638e+00
2.723919799999999896e+02 -6.191473095495608092e+00
2.983157199999999989e+02 -6.191245832657402914e+00
3.247879699999999730e+02 -6.191358314804078056e+00
3.500025800000000231e+02 -6.190831200162913994e+00
3.744147899999999822e+02 -6.190276783484240930e+00
3.968637499999999818e+02 -6.188576724602159906e+00
4.222434000000000083e+02 -6.188535996827668306e+00
4.448199000000000183e+02 -6.187010879857704815e+00
4.716358700000000113e+02 -6.186928279901656502e+00
4.999050700000000234e+02 -6.186665700198728857e+00
5.200854900000000498e+02 -6.184831549822209062e+00
5.479574900000000071e+02 -6.184102455358056361e+00
5.693103200000000470e+02 -6.182633985357507633e+00
5.953431399999999485e+02 -6.180955683116652111e+00
6.240712800000000016e+02 -6.181651357740840957e+00
6.492222400000000562e+02 -6.179728793803092479e+00
6.695301399999999603e+02 -6.177751536039584934e+00
7.004643899999999803e+02 -6.177246213035077815e+00
7.195246200000000272e+02 -6.174865499941064151e+00
7.514886400000000322e+02 -6.174130769128169050e+00
7.650858799999999746e+02 -6.171218081881420403e+00
7.940276999999999816e+02 -6.169797716762948525e+00
8.187238700000000335e+02 -6.167986056029020503e+00
8.483318600000000060e+02 -6.166846295033246328e+00
8.652157499999999573e+02 -6.163492818347591218e+00
9.062874000000000478e+02 -6.164734512646434794e+00
9.140499499999999671e+02 -6.158850995301520470e+00
9.535602599999999711e+02 -6.158026625909483798e+00
9.719349300000000085e+02 -6.155440186079260023e+00
9.985679199999999582e+02 -6.153634116874463267e+00
1.016191000000000031e+03 -6.149696241931903451e+00
1.046445799999999963e+03 -6.147548241318355977e+00
1.071798399999999901e+03 -6.147135163364775501e+00
1.091482600000000048e+03 -6.142818771354418672e+00
1.118886299999999892e+03 -6.142107020321380340e+00
1.152257299999999987e+03 -6.141605246356461656e+00
1.168099899999999934e+03 -6.138157621271629338e+00
1.206864800000000059e+03 -6.138082946274559859e+00
1.210113399999999956e+03 -6.131218214718554549e+00
1.248369699999999966e+03 -6.131384028814105491e+00
1.261044599999999946e+03 -6.127374970368225426e+00
1.308812500000000000e+03 -6.128126121778889157e+00
1.325060199999999895e+03 -6.126515362331662828e+00
1.345160499999999956e+03 -6.121716778599142650e+00
1.370274699999999939e+03 -6.123205228465264938e+00
1.409028399999999920e+03 -6.122992302865080561e+00
1.413959700000000112e+03 -6.117594029940896405e+00
1.455382499999999936e+03 -6.116994384637477467e+00
1.476233099999999922e+03 -6.115014946491600156e+00
1.496780899999999974e+03 -6.110036915063176366e+00
1.514345499999999902e+03 -6.108257237569397979e+00
1.555538299999999936e+03 -6.107930414388516027e+00
1.567739399999999932e+03 -6.106872347736110207e+00
1.590179399999999987e+03 -6.103145242208298349e+00
1.614948200000000043e+03 -6.100646068339170114e+00
1.645636500000000069e+03 -6.097838713350220985e+00
1.667394099999999980e+03 -6.096901813010128457e+00
1.706766300000000001e+03 -6.097162236075024389e+00
1.723631900000000087e+03 -6.094957603215737763e+00
1.756663800000000037e+03 -6.087020312513813813e+00
1.757616999999999962e+03 -6.091503452600090185e+00
1.809458000000000084e+03 -6.087156553566898332e+00
1.814022500000000036e+03 -6.087120915340622496e+00
1.852581400000000031e+03 -6.086701411865544031e+00
1.869662399999999934e+03 -6.083617190431172439e+00
1.894546800000000076e+03 -6.081142812922919028e+00
1.902911200000000008e+03 -6.074965567649678100e+00
1.943309099999999944e+03 -6.077268581819103233e+00
1.975397699999999986e+03 -6.078078371684739523e+00
2.001363800000000083e+03 -6.073495583055395386e+00
2.012086800000000039e+03 -6.072164801748537677e+00
2.027915500000000065e+03 -6.065452846416290456e+00
2.063528999999999996e+03 -6.067845071615164620e+00
2.098551800000000185e+03 -6.070278462500902528e+00
2.109846700000000055e+03 -6.065070493110217953e+00
2.130481800000000021e+03 -6.062386554996615828e+00
2.170818299999999908e+03 -6.062695780309861782e+00
2.208347699999999804e+03 -6.058967692159807683e+00
2.212832699999999932e+03 -6.059957705549475548e+00
2.257331999999999880e+03 -6.055321318586109669e+00
2.266340299999999843e+03 -6.059196550972686168e+00
2.290978799999999865e+03 -6.054438982006231207e+00
2.306895500000000084e+03 -6.050637523220196101e+00
2.343805299999999988e+03 -6.048513962016878409e+00
2.377497499999999945e+03 -6.052924249682350322e+00
2.400679700000000139e+03 -6.046979593653794005e+00
2.401938700000000154e+03 -6.044372544267668346e+00
2.457820499999999811e+03 -6.043917310952130251e+00
