1.235833599999999990e+02 -4.543425148152699933e+00
1.333727900000000091e+02 -4.543102155362493733e+00
1.733755700000000104e+02 -4.542589355325405975e+00
1.736145699999999863e+02 -4.542792806554143858e+00
1.827461500000000001e+02 -4.542062213366288681e+00
2.221126800000000117e+02 -4.540939275650778484e+00
2.231434000000000140e+02 -4.541069466173939695e+00
2.305094100000000026e+02 -4.539868546274495209e+00
2.697663400000000138e+02 -4.537996991854100770e+00
2.720113799999999742e+02 -4.538454491134952917e+00
2.813567600000000084e+02 -4.537620814119965651e+00
3.210208799999999769e+02 -4.535315039346209609e+00
3.219441800000000171e+02 -4.535427433200335479e+00
3.337980600000000209e+02 -4.535066088101276094e+00
3.702301899999999932e+02 -4.530753702831638030e+00
3.730712700000000268e+02 -4.531609031414106425e+00
3.841297000000000139e+02 -4.530692972767822901e+00
4.221664400000000228e+02 -4.526135172985666699e+00
4.229285300000000234e+02 -4.526462455062643997e+00
4.305300899999999729e+02 -4.524582250411135043e+00
4.741353399999999851e+02 -4.521150974309327886e+00
4.761100400000000263e+02 -4.521512633760888633e+00
4.799234099999999899e+02 -4.518721496561056483e+00
5.238606499999999642e+02 -4.514660292362121297e+00
5.256750200000000177e+02 -4.515271313412337228e+00
5.326147399999999834e+02 -4.512938155680058294e+00
5.717188800000000128e+02 -4.507592693291186059e+00
5.718404000000000451e+02 -4.507501067718661325e+00
5.773976300000000492e+02 -4.504930751011922752e+00
6.210060499999999593e+02 -4.501324180027833854e+00
6.259594299999999976e+02 -4.502464334539341806e+00
6.290415799999999535e+02 -4.499605931188366270e+00
6.631638699999999744e+02 -4.493047006739915972e+00
6.722977799999999888e+02 -4.495497099355515225e+00
6.799251000000000431e+02 -4.493662786824938138e+00
7.170368300000000090e+02 -4.488174422644139128e+00
7.196598000000000184e+02 -4.485165864940400482e+00
7.198580500000000484e+02 -4.488802858421580666e+00
7.577673399999999901e+02 -4.480634204720334246e+00
7.579370900000000120e+02 -4.480623590204991125e+00
7.708952699999999822e+02 -4.480910694242905556e+00
8.144783700000000408e+02 -4.478558721438649748e+00
8.186224999999999454e+02 -4.479729033663931936e+00
8.216267500000000155e+02 -4.476913996598814727e+00
8.615880799999999908e+02 -4.473321225873844398e+00
8.640439000000000078e+02 -4.474024443337111023e+00
8.720137200000000348e+02 -4.472253790911800309e+00
9.158375300000000152e+02 -4.470118127444407286e+00
9.170674599999999828e+02 -4.467025901577788893e+00
9.199274299999999585e+02 -4.471276048468018516e+00
9.580169799999999896e+02 -4.465511567313991570e+00
9.628283099999999877e+02 -4.466814011895547942e+00
9.671422499999999900e+02 -4.464503187766792003e+00
1.003280799999999999e+03 -4.461054047276617140e+00
1.010062599999999975e+03 -4.462842846494313065e+00
1.017029800000000023e+03 -4.461407592807717037e+00
1.059295499999999947e+03 -4.459724154363031268e+00
1.061634499999999889e+03 -4.460273112910540405e+00
1.065121000000000095e+03 -4.458345366652242348e+00
1.101543499999999995e+03 -4.455684878157885720e+00
1.105067299999999932e+03 -4.456574529628078096e+00
1.117163999999999987e+03 -4.456648083307879205e+00
1.148811200000000099e+03 -4.452949349703268389e+00
1.151395099999999957e+03 -4.453620239764278566e+00
1.157757599999999911e+03 -4.452440067596750595e+00
1.207986799999999903e+03 -4.453764772353757451e+00
1.211068700000000035e+03 -4.451352314956967149e+00
1.212806100000000015e+03 -4.455067801662211835e+00
1.252756399999999985e+03 -4.449535022939135942e+00
1.254531600000000026e+03 -4.452996237324865270e+00
1.258068199999999933e+03 -4.453865129052824834e+00
1.300746599999999944e+03 -4.451111605873911081e+00
1.302320099999999911e+03 -4.451503121328903134e+00
1.313536000000000058e+03 -4.451248268454253143e+00
1.334395500000000084e+03 -4.447964495678615293e+00
1.338314000000000078e+03 -4.449032614836800903e+00
1.364983699999999999e+03 -4.452884519512762651e+00
1.390845000000000027e+03 -4.448597658554660050e+00
1.404379300000000057e+03 -4.452084179405364495e+00
1.413613800000000083e+03 -4.451370473973985220e+00
1.442013999999999896e+03 -4.449684351464012977e+00
1.456448900000000094e+03 -4.453402575865829327e+00
1.465810699999999997e+03 -4.452649420971440897e+00
1.499059400000000096e+03 -4.451661063606018764e+00
1.501064300000000003e+03 -4.452178199807233838e+00
1.514444999999999936e+03 -4.452258382649213253e+00
1.545242999999999938e+03 -4.450632501481132763e+00
1.554599899999999934e+03 -4.453055008396079373e+00
1.559555100000000039e+03 -4.451149633006738604e+00
1.592273200000000088e+03 -4.450162411511286109e+00
1.598731099999999969e+03 -4.451848241446965559e+00
1.604347199999999930e+03 -4.450440507943235424e+00
1.647085399999999936e+03 -4.451910209367845539e+00
1.648398999999999887e+03 -4.452253363098732208e+00
1.650704099999999926e+03 -4.449429014772272595e+00
1.689502099999999928e+03 -4.451068473824695282e+00
1.703270999999999958e+03 -4.454585977254315488e+00
1.704862499999999955e+03 -4.452283845640232052e+00
1.745611000000000104e+03 -4.452319467172675793e+00
1.754612200000000030e+03 -4.454637856943942431e+00
1.771113499999999931e+03 -4.455124512409835980e+00
1.791806199999999990e+03 -4.452333238297622842e+00
1.792135999999999967e+03 -4.452457476384656943e+00
1.818711499999999887e+03 -4.455247017086860772e+00
1.839201600000000099e+03 -4.454228728127468173e+00
1.840544100000000071e+03 -4.454510912212565898e+00
1.865841400000000021e+03 -4.457334097847485133e+00
1.883838999999999942e+03 -4.453290977833757047e+00
1.892086299999999937e+03 -4.455349641438300701e+00
1.898388400000000047e+03 -4.453975348663790967e+00
1.935384700000000066e+03 -4.455035354399018210e+00
1.940202800000000025e+03 -4.456322706090950270e+00
1.957361200000000053e+03 -4.458469108793241986e+00
2.005211600000000089e+03 -4.460341730575533958e+00
2.005469499999999925e+03 -4.460271114034500606e+00
2.009920000000000073e+03 -4.461481498127038314e+00
2.030336299999999937e+03 -4.455771577986392451e+00
2.040046700000000101e+03 -4.458209143580072364e+00
2.059778099999999995e+03 -4.459966016196699634e+00
2.083197599999999966e+03 -4.455218520091338341e+00
2.094206499999999778e+03 -4.460742740609568990e+00
2.100330100000000130e+03 -4.462302660264562348e+00
2.124809099999999944e+03 -4.458786678459533803e+00
2.132521400000000085e+03 -4.460902382986647652e+00
2.158149300000000039e+03 -4.463912195490739698e+00
2.178068800000000010e+03 -4.457931109095289557e+00
2.197387900000000172e+03 -4.463814907081870231e+00
2.204025700000000143e+03 -4.465515543141199473e+00
2.234434999999999945e+03 -4.464389673961468574e+00
2.241675299999999879e+03 -4.466346261630513403e+00
2.258619799999999941e+03 -4.466681311560947165e+00
2.293881400000000212e+03 -4.468697554444471365e+00
2.296508600000000115e+03 -4.469356434672375755e+00
2.316155099999999948e+03 -4.470806553330980648e+00
2.342321600000000217e+03 -4.469456266168339020e+00
2.356557699999999841e+03 -4.468849587754644581e+00
2.361448800000000119e+03 -4.470059281784627636e+00
2.399666999999999916e+03 -4.472710564814288858e+00
2.407766200000000026e+03 -4.474118281331279867e+00
2.416211999999999989e+03 -4.476338936895951193e+00
2.433917899999999918e+03 -4.471396012161100941e+00
2.460371599999999944e+03 -4.478209174033157325e+00
