1.005484600000000057e+02 -3.306985179095665028e+00
1.277109099999999984e+02 -3.306580182870180185e+00
1.506755200000000059e+02 -3.306343319866698938e+00
1.756379000000000019e+02 -3.305412254600708977e+00
2.012068600000000060e+02 -3.305209191024206294e+00
2.256251100000000065e+02 -3.303956712357788206e+00
2.524810999999999979e+02 -3.303475594130760751e+00
2.738844799999999964e+02 -3.301001364711367625e+00
2.981424400000000219e+02 -3.300281435269154962e+00
3.231370600000000195e+02 -3.297103107290364044e+00
3.473446599999999762e+02 -3.295865528213582252e+00
3.755540799999999990e+02 -3.292345890282494469e+00
4.039344500000000266e+02 -3.291258142238663975e+00
4.218794899999999757e+02 -3.284324170017949296e+00
4.503102000000000089e+02 -3.283536124244110788e+00
4.726604800000000068e+02 -3.276999543015538308e+00
4.986575799999999958e+02 -3.275330477845934229e+00
5.239093000000000302e+02 -3.271477622052620937e+00
5.505479900000000271e+02 -3.269996148739822139e+00
5.722993900000000167e+02 -3.265651122067235512e+00
6.044915700000000243e+02 -3.264780636707764749e+00
6.198981599999999617e+02 -3.259328985584765359e+00
6.496882600000000139e+02 -3.258631683254748612e+00
6.731722200000000385e+02 -3.254452703571502514e+00
6.994259399999999687e+02 -3.252071127755706836e+00
7.169012099999999919e+02 -3.248801533963211252e+00
7.435072599999999738e+02 -3.247203389301881238e+00
7.631630000000000109e+02 -3.243953881622364310e+00
8.005398999999999887e+02 -3.244077423531802395e+00
8.234996300000000247e+02 -3.242307749999404187e+00
8.508680500000000393e+02 -3.240435952269586473e+00
8.713657200000000103e+02 -3.238105504694261949e+00
8.928172399999999698e+02 -3.235390311101081107e+00
9.117350800000000390e+02 -3.231675616585802047e+00
9.419591400000000476e+02 -3.230603477334041962e+00
9.720639200000000528e+02 -3.232178142780111063e+00
1.002049499999999966e+03 -3.229996722960375433e+00
1.019856300000000033e+03 -3.227947377286947361e+00
1.049809500000000071e+03 -3.225793562574646778e+00
1.065489900000000034e+03 -3.224294795302076633e+00
1.099445600000000013e+03 -3.225312791809488822e+00
1.119392200000000003e+03 -3.222479511222155146e+00
1.145768199999999979e+03 -3.219379598106238305e+00
1.169848999999999933e+03 -3.220189332334141952e+00
1.187754300000000057e+03 -3.217168656652332981e+00
1.218518299999999954e+03 -3.216759764354058859e+00
1.257765000000000100e+03 -3.212836867941390118e+00
1.268116600000000062e+03 -3.218108270996955511e+00
1.308370599999999968e+03 -3.210671407579117620e+00
1.310956400000000031e+03 -3.216079304195347710e+00
1.342650499999999965e+03 -3.214224010053362335e+00
1.370653399999999920e+03 -3.212750412674119538e+00
1.392377500000000055e+03 -3.209566860872906879e+00
1.412026000000000067e+03 -3.208969613404221377e+00
1.454479800000000068e+03 -3.210330019326247619e+00
1.459910000000000082e+03 -3.206486989031275492e+00
1.505938699999999926e+03 -3.206640395199149562e+00
1.516241700000000037e+03 -3.208017898954081737e+00
1.549557499999999891e+03 -3.205661991063074368e+00
1.569018000000000029e+03 -3.206521383048322349e+00
1.587333399999999983e+03 -3.203969488441035463e+00
1.619403700000000072e+03 -3.206074720402717126e+00
1.654038099999999986e+03 -3.200811426967522966e+00
1.669826099999999997e+03 -3.205149757935227939e+00
1.701125000000000000e+03 -3.202760584940145261e+00
1.703899400000000014e+03 -3.199604069268123130e+00
1.757620100000000093e+03 -3.200916425800938381e+00
1.765306199999999990e+03 -3.202250932111524673e+00
1.815852599999999939e+03 -3.201722009422338644e+00
1.829152700000000095e+03 -3.205946580473148178e+00
1.854842900000000100e+03 -3.197795417554463171e+00
1.857826299999999947e+03 -3.201722344308127965e+00
1.899071599999999989e+03 -3.196034475063013858e+00
1.900524200000000064e+03 -3.197497931064508858e+00
1.936332200000000057e+03 -3.199476058169929527e+00
1.957198200000000043e+03 -3.195581966994949674e+00
1.995913500000000113e+03 -3.198371377613121513e+00
2.013268399999999929e+03 -3.199695029711603578e+00
2.064086299999999937e+03 -3.199476016325685901e+00
2.077881899999999860e+03 -3.200852803673879698e+00
2.097059600000000046e+03 -3.195220095795318294e+00
2.107725699999999961e+03 -3.195729937496194495e+00
2.140815900000000056e+03 -3.196526373094827900e+00
2.166725699999999961e+03 -3.198362878766722428e+00
2.186037299999999959e+03 -3.195288397532390690e+00
2.195200299999999970e+03 -3.194376124475451384e+00
2.246496599999999944e+03 -3.196742928271885997e+00
2.256188000000000102e+03 -3.197014936760345982e+00
2.301170999999999822e+03 -3.194730900985859101e+00
2.307956700000000183e+03 -3.194071237639423799e+00
2.353018799999999828e+03 -3.197978981951961064e+00
2.359313900000000103e+03 -3.195671473065464951e+00
2.403416200000000117e+03 -3.200056715859838974e+00
2.421901199999999790e+03 -3.197819529245605086e+00
2.439862999999999829e+03 -3.194993288963690503e+00
