1.227376699999999943e+02 1.752433340118054161e+01
1.331858100000000036e+02 1.753864135965805104e+01
1.713377900000000125e+02 1.759202880113983269e+01
1.717907800000000123e+02 1.759097343781803247e+01
1.805410599999999874e+02 1.760451353551801290e+01
2.195415199999999913e+02 1.765743079584775188e+01
2.197589700000000050e+02 1.765794168532464781e+01
2.300037700000000029e+02 1.767421636474659152e+01
2.694594000000000165e+02 1.772711123549765944e+01
2.697762399999999730e+02 1.772745267657235857e+01
2.778310999999999922e+02 1.774529818847954132e+01
3.165808299999999917e+02 1.779933441888866241e+01
3.171595399999999927e+02 1.780114492163647455e+01
3.241756799999999998e+02 1.781487431304701730e+01
3.652724099999999794e+02 1.788940820272745924e+01
3.671335100000000011e+02 1.788940616731121480e+01
3.782675800000000095e+02 1.790791980460004140e+01
4.164745899999999779e+02 1.796816303684103389e+01
4.172025899999999865e+02 1.796761143903928470e+01
4.248948100000000068e+02 1.800558212904538991e+01
4.659302200000000198e+02 1.805988805210665404e+01
4.661148699999999963e+02 1.805946570323631306e+01
4.759779599999999959e+02 1.807523509057602240e+01
5.183884399999999459e+02 1.814274170567880873e+01
5.187934599999999818e+02 1.814200895583146789e+01
5.193011999999999944e+02 1.818880368410339798e+01
5.680889300000000048e+02 1.824387288825564823e+01
5.710091300000000274e+02 1.824397211479747583e+01
5.755343000000000302e+02 1.826995980052920743e+01
6.178871100000000069e+02 1.835104467738652545e+01
6.181098799999999756e+02 1.835144209240789692e+01
6.251698499999999967e+02 1.836989721147974564e+01
6.604162599999999657e+02 1.845247150417260329e+01
6.646604999999999563e+02 1.845223132505597263e+01
6.699927099999999882e+02 1.847360421331162428e+01
7.095546000000000504e+02 1.855088337064929860e+01
7.146462000000000216e+02 1.855211479747608294e+01
7.248083100000000059e+02 1.859130164868715696e+01
7.700992700000000468e+02 1.868242876043150957e+01
7.728067800000000034e+02 1.868182576836963094e+01
7.755309600000000501e+02 1.870909831060452078e+01
8.089633700000000545e+02 1.880509566456340309e+01
8.138613800000000538e+02 1.880451506208019552e+01
8.197233099999999695e+02 1.881561011601872480e+01
8.654260199999999941e+02 1.891785161815591110e+01
8.675531399999999849e+02 1.891720944433136609e+01
8.709135400000000118e+02 1.893855383675961690e+01
9.092988400000000411e+02 1.901395583146753410e+01
9.096754300000000057e+02 1.901464889069814745e+01
9.165744600000000446e+02 1.905661154081009556e+01
9.558759499999999889e+02 1.914930083452065901e+01
9.569251199999999926e+02 1.914891919397516773e+01
9.732924500000000307e+02 1.916950742926928442e+01
1.016901500000000055e+03 1.930379757785467021e+01
1.018681400000000053e+03 1.927560146549969389e+01
1.019117499999999950e+03 1.927497862812945328e+01
1.052700599999999895e+03 1.940272338693262810e+01
1.056036399999999958e+03 1.940293150824343371e+01
1.065812799999999925e+03 1.942440260533279073e+01
1.107126800000000003e+03 1.953891512314268297e+01
1.109927400000000034e+03 1.953932118868308621e+01
1.130350200000000086e+03 1.953366120496641756e+01
1.162941399999999931e+03 1.963940616731121480e+01
1.163140300000000025e+03 1.968042438428658869e+01
1.163822400000000016e+03 1.963943618970079541e+01
1.206258000000000038e+03 1.979795949521677301e+01
1.208493799999999965e+03 1.979704355790759251e+01
1.214588500000000067e+03 1.980859708935477315e+01
1.252791699999999992e+03 1.993587828210869262e+01
1.257684099999999944e+03 1.988791369835131562e+01
1.258630599999999959e+03 1.988820069204152219e+01
1.310486599999999953e+03 2.000716924486057380e+01
1.311257499999999936e+03 2.006398941583553963e+01
1.317290999999999940e+03 2.000713413393038920e+01
1.358404800000000023e+03 2.015619478933441755e+01
1.360763300000000072e+03 2.015742367189090345e+01
1.374540400000000091e+03 2.013186851211072437e+01
1.408135700000000043e+03 2.027195450844697788e+01
1.408648300000000063e+03 2.027229544066761946e+01
1.416544200000000046e+03 2.032425096682271359e+01
1.456311400000000049e+03 2.045681813555872353e+01
1.456919000000000096e+03 2.045836250763280972e+01
1.461406099999999924e+03 2.044884083044982503e+01
1.503443700000000035e+03 2.053294575615713313e+01
1.504291099999999915e+03 2.053344952167718063e+01
1.520673500000000104e+03 2.055494911459393492e+01
1.552343200000000024e+03 2.069529004681457351e+01
1.561404899999999998e+03 2.069649959291675145e+01
1.562142200000000003e+03 2.068882861795237105e+01
1.594879799999999932e+03 2.079008752289843187e+01
1.602021799999999985e+03 2.078972623651536722e+01
1.614961199999999963e+03 2.082076786077752928e+01
1.643797100000000000e+03 2.096054956238550560e+01
1.645092000000000098e+03 2.095978831671076748e+01
1.673470800000000054e+03 2.094262721351516277e+01
1.691589699999999993e+03 2.107929218400162696e+01
1.695309600000000046e+03 2.107910085487482021e+01
1.721584299999999985e+03 2.109031803378790926e+01
1.745098600000000033e+03 2.119088031752493251e+01
1.746308600000000069e+03 2.119074903317728342e+01
1.767585499999999911e+03 2.119465347038469361e+01
1.796688100000000077e+03 2.137215855892529959e+01
1.802710299999999961e+03 2.137124974557296753e+01
1.811342300000000023e+03 2.137993028699369091e+01
1.847079400000000078e+03 2.153213820476287310e+01
1.850374399999999923e+03 2.153251730103806239e+01
1.857604299999999967e+03 2.159649552208426826e+01
1.887721800000000030e+03 2.167240433543659961e+01
1.896521700000000010e+03 2.167319000610624968e+01
1.910035599999999931e+03 2.165100753104009712e+01
1.953685099999999920e+03 2.179504630571952006e+01
1.957729499999999916e+03 2.179458070425402028e+01
1.961560500000000047e+03 2.182862863830653311e+01
1.987527100000000019e+03 2.195073274984734368e+01
1.993490600000000086e+03 2.195003969061673033e+01
2.012702299999999923e+03 2.187717636881742322e+01
2.044433700000000044e+03 2.211730307347852431e+01
2.054519200000000183e+03 2.211745471198860002e+01
2.080737000000000080e+03 2.216599786281294371e+01
2.098947999999999865e+03 2.237814471809484829e+01
2.100669300000000021e+03 2.235790810095664582e+01
2.114940799999999854e+03 2.235640240179116844e+01
2.146827699999999822e+03 2.240329177691837970e+01
2.154536399999999958e+03 2.240307856706696299e+01
2.157512200000000121e+03 2.242619529818848179e+01
2.191607899999999972e+03 2.259675300223895889e+01
2.199431700000000092e+03 2.259654437207408861e+01
2.218812199999999848e+03 2.265193059230612604e+01
2.245418000000000120e+03 2.276960716466517454e+01
2.249574999999999818e+03 2.277006309790352390e+01
2.265195799999999963e+03 2.279780989212293818e+01
2.287036900000000060e+03 2.299286077752900681e+01
2.288994599999999991e+03 2.299278546712802651e+01
2.309880999999999858e+03 2.303043557907592032e+01
2.354139099999999871e+03 2.317509464685528187e+01
2.356950200000000223e+03 2.317465550580093847e+01
2.368127700000000004e+03 2.325590626908202907e+01
2.381578700000000026e+03 2.333431610014247681e+01
2.385365200000000186e+03 2.333426419702829335e+01
2.400262999999999920e+03 2.334728424587828144e+01
2.459716300000000047e+03 2.339603704457561406e+01
2.460570400000000063e+03 2.339662477101567006e+01
