2.149403400000000147e+03 4.195634490128231235e+06
2.181397800000000188e+03 2.257877875025442549e+01
2.213893000000000029e+03 2.263669804600040791e+01
2.223863100000000031e+03 2.276172501526562186e+01
2.258331900000000132e+03 2.267045644209240862e+01
2.270873399999999947e+03 2.276092306126602693e+01
2.292284400000000005e+03 2.286024424994911541e+01
2.318458999999999833e+03 2.296386678200692089e+01
2.331869700000000194e+03 2.291883523305515880e+01
2.334933799999999792e+03 2.285168379808670736e+01
2.365620600000000195e+03 2.299241247710156699e+01
2.369197099999999864e+03 2.303056177488296186e+01
2.411404500000000098e+03 2.315071443110116078e+01
2.412359100000000126e+03 2.313986362711174394e+01
2.418865600000000086e+03 2.319103450030531377e+01
2.449731099999999969e+03 2.330362965601465319e+01
2.596300799999999981e+03 3.460597903521269814e+01
5.889006900000000314e+03 3.797857215550580179e+01
