1.214788900000000069e+02 -3.299626266646230377e+00
1.326171899999999937e+02 -3.299742254316037737e+00
1.712124100000000055e+02 -3.299276166337381522e+00
1.717063300000000083e+02 -3.299533052536834710e+00
1.805456599999999980e+02 -3.298893098641784150e+00
2.200432800000000100e+02 -3.298264308799007338e+00
2.202118800000000078e+02 -3.298428493668040140e+00
2.282386500000000069e+02 -3.297524436534490899e+00
2.668648800000000278e+02 -3.296511205478037443e+00
2.675835799999999836e+02 -3.296597064799123178e+00
2.768040799999999990e+02 -3.296072443121787821e+00
3.183858799999999860e+02 -3.295386231000080546e+00
3.197935600000000136e+02 -3.295638857922516429e+00
3.269963399999999751e+02 -3.294494915474747376e+00
3.662136600000000044e+02 -3.292746847927896958e+00
3.678995300000000270e+02 -3.293280124439498469e+00
3.747903900000000021e+02 -3.291807071023896913e+00
4.167486499999999978e+02 -3.290303261706073013e+00
4.174901600000000030e+02 -3.290593674491562926e+00
4.270095900000000029e+02 -3.289734313037712354e+00
4.638371599999999830e+02 -3.286781687920987238e+00
4.660307099999999991e+02 -3.287263836524651595e+00
4.770762799999999970e+02 -3.286869488932122607e+00
5.132577599999999620e+02 -3.282674373630197096e+00
5.186049000000000433e+02 -3.284143729820779178e+00
5.278575600000000350e+02 -3.283145842660713409e+00
5.616159300000000485e+02 -3.278987291137719140e+00
5.632936200000000326e+02 -3.279492145201528430e+00
5.723462799999999788e+02 -3.278451713432754211e+00
6.120051700000000210e+02 -3.275718472209481202e+00
6.148563199999999824e+02 -3.276380495274080040e+00
6.227004500000000462e+02 -3.275250359862030614e+00
6.598704400000000305e+02 -3.272120584427477663e+00
6.642489399999999478e+02 -3.273178373812396735e+00
6.705578400000000556e+02 -3.271669618741231300e+00
7.085773500000000240e+02 -3.268421734699714865e+00
7.133010900000000447e+02 -3.269694513336404817e+00
7.240939799999999877e+02 -3.268971867154723654e+00
7.611402299999999741e+02 -3.265891773543366128e+00
7.625347000000000435e+02 -3.266184746867019761e+00
7.689495299999999816e+02 -3.264963452120215770e+00
8.096394900000000234e+02 -3.261967605681840521e+00
8.134917500000000246e+02 -3.259996770642051622e+00
8.167769200000000183e+02 -3.263883504150364878e+00
8.503105399999999463e+02 -3.257598765604507118e+00
8.562350699999999506e+02 -3.259109816856924358e+00
8.630680399999999963e+02 -3.258011121965597834e+00
9.081535199999999577e+02 -3.256629571576803439e+00
9.093431299999999737e+02 -3.256982244800929127e+00
9.221929099999999835e+02 -3.256899070039511290e+00
9.617503600000000006e+02 -3.254339940400349462e+00
9.630162299999999505e+02 -3.254737414857926225e+00
9.671318999999999733e+02 -3.252785826557544002e+00
1.013046199999999999e+03 -3.251721382045385411e+00
1.016240499999999997e+03 -3.249769846727647238e+00
1.019832599999999957e+03 -3.253573908618716981e+00
1.059675199999999904e+03 -3.249283285266026056e+00
1.062155700000000024e+03 -3.249984843106488164e+00
1.074008700000000090e+03 -3.249970970489554301e+00
1.108186099999999897e+03 -3.247448580881146185e+00
1.109044100000000071e+03 -3.247613501079086529e+00
1.111084800000000087e+03 -3.245092467094590205e+00
1.158632700000000114e+03 -3.245267763868810995e+00
1.161343399999999974e+03 -3.245913323120556360e+00
1.163823399999999992e+03 -3.243473493813826547e+00
1.201828999999999951e+03 -3.241405302993023874e+00
1.203347800000000007e+03 -3.241817381255930108e+00
1.205263099999999895e+03 -3.239733855599860490e+00
1.250297199999999975e+03 -3.238926698012792649e+00
1.254701499999999896e+03 -3.240048454178593218e+00
1.268900399999999991e+03 -3.240892315551334502e+00
1.296461299999999937e+03 -3.236694896093055274e+00
1.308777100000000019e+03 -3.236773595453980246e+00
1.310243699999999990e+03 -3.240219553290683674e+00
1.342922100000000000e+03 -3.234007891880715579e+00
1.355275699999999915e+03 -3.237197523481458727e+00
1.363370599999999968e+03 -3.236446281833226024e+00
1.397642700000000104e+03 -3.233826707054296978e+00
1.403326499999999896e+03 -3.235290128920561337e+00
1.418703400000000101e+03 -3.236115709730024825e+00
1.448695300000000088e+03 -3.232632748506775400e+00
1.455654500000000098e+03 -3.234444052754943844e+00
1.458720499999999902e+03 -3.232246190366872440e+00
1.488475899999999911e+03 -3.229286609844619349e+00
1.495156099999999924e+03 -3.230967930331479998e+00
1.514014300000000048e+03 -3.232906655466154078e+00
1.541215599999999995e+03 -3.229017859873267504e+00
1.541219399999999951e+03 -3.229057260730500811e+00
1.556364700000000084e+03 -3.229779155994417117e+00
1.601326199999999972e+03 -3.229328865929532277e+00
1.606969000000000051e+03 -3.230747798799087800e+00
1.614258800000000065e+03 -3.229478785076210556e+00
1.640907300000000077e+03 -3.225676216661141460e+00
1.654776699999999892e+03 -3.229265599977887646e+00
1.668772999999999911e+03 -3.229536578398420676e+00
1.703883900000000040e+03 -3.222012590196507098e+00
1.709043599999999969e+03 -3.227277016791695097e+00
1.714520099999999957e+03 -3.228762666735861320e+00
1.728987900000000081e+03 -3.220260920969449714e+00
1.741577800000000025e+03 -3.223571482062222771e+00
1.765702600000000075e+03 -3.226480826460240703e+00
1.796651299999999992e+03 -3.223193364857141141e+00
1.798386700000000019e+03 -3.223633197131970718e+00
1.800944300000000112e+03 -3.220469636989718776e+00
1.844764599999999973e+03 -3.220041289199064849e+00
1.856836000000000013e+03 -3.219579908268583868e+00
1.860902299999999968e+03 -3.224228369785541393e+00
1.895908899999999903e+03 -3.221821627197908988e+00
1.896058199999999943e+03 -3.221824248238234212e+00
1.910946599999999989e+03 -3.222098801587722328e+00
1.928851200000000063e+03 -3.215255992977799959e+00
1.942195400000000063e+03 -3.218760639700622317e+00
1.961778000000000020e+03 -3.219612109891652363e+00
1.976157099999999900e+03 -3.213932640004061092e+00
1.983723700000000008e+03 -3.215984421310903674e+00
1.994150699999999915e+03 -3.215591976649553096e+00
2.043091699999999946e+03 -3.216335080851155048e+00
2.043842699999999923e+03 -3.213672980574949545e+00
2.048624099999999999e+03 -3.217747455618177987e+00
2.085169199999999819e+03 -3.214836298546405846e+00
2.087025099999999838e+03 -3.215226578216249465e+00
2.113817700000000059e+03 -3.218169892684936695e+00
2.137548999999999978e+03 -3.214327346665463381e+00
2.154911200000000008e+03 -3.218796433689791847e+00
2.156598100000000159e+03 -3.214336388038064207e+00
2.191953599999999824e+03 -3.212597952144991886e+00
2.194066299999999956e+03 -3.209308690559952382e+00
2.194881300000000010e+03 -3.213324849378398351e+00
2.224328799999999774e+03 -3.208485243138753162e+00
2.240327800000000025e+03 -3.212519379694495303e+00
2.271494200000000092e+03 -3.217093255884948100e+00
2.287749299999999948e+03 -3.208674670018328179e+00
2.296746299999999792e+03 -3.209712307814240440e+00
2.301743699999999990e+03 -3.212320538891580313e+00
2.338856299999999919e+03 -3.209857486128291804e+00
2.344883800000000065e+03 -3.211380044210137008e+00
2.350993500000000040e+03 -3.208805696715618438e+00
2.383861600000000180e+03 -3.207586288419218779e+00
2.398989799999999832e+03 -3.211451788638935767e+00
2.411002899999999954e+03 -3.210182744912883468e+00
2.433856900000000223e+03 -3.204679957488377973e+00
2.446119799999999941e+03 -3.207779583222241548e+00
