1.001413799999999981e+02 -4.292429706738241535e+00
1.274554499999999990e+02 -4.292305562094764326e+00
1.500193099999999902e+02 -4.292042901023624957e+00
1.500822499999999877e+02 -4.292059172266697864e+00
1.773270300000000077e+02 -4.292234639712575017e+00
2.001069400000000087e+02 -4.291609299402886712e+00
2.001092999999999904e+02 -4.291609960395278200e+00
2.238420299999999941e+02 -4.290932703660333303e+00
2.488369299999999953e+02 -4.290996459058364465e+00
2.488625900000000115e+02 -4.291003143564636524e+00
2.729108899999999949e+02 -4.289815263601583162e+00
2.994651099999999815e+02 -4.290065616861308051e+00
2.994723900000000185e+02 -4.290067549771650945e+00
3.227029400000000123e+02 -4.288979938265164549e+00
3.488475700000000188e+02 -4.288489303602258218e+00
3.488631199999999808e+02 -4.288493221816030321e+00
3.690099099999999908e+02 -4.287130074137950331e+00
4.009017299999999864e+02 -4.287846299600205136e+00
4.009048199999999724e+02 -4.287847149312129069e+00
4.215719399999999837e+02 -4.286194133011712815e+00
4.518163400000000252e+02 -4.286826722846678983e+00
4.519300600000000259e+02 -4.286855969074512274e+00
4.715349899999999934e+02 -4.283983311750505507e+00
5.026145799999999895e+02 -4.284009201353812912e+00
5.028017899999999827e+02 -4.284057751522195367e+00
5.158471399999999676e+02 -4.280311467679311477e+00
5.524542599999999766e+02 -4.280631385738328909e+00
5.526679699999999684e+02 -4.280686481371862584e+00
5.662289799999999786e+02 -4.278143625994812460e+00
6.016700600000000350e+02 -4.279015193331828115e+00
6.018206099999999878e+02 -4.279054011733316010e+00
6.186145500000000084e+02 -4.275827698442176583e+00
6.485787599999999884e+02 -4.274560660422837444e+00
6.486257299999999759e+02 -4.274572752217557614e+00
6.669505799999999454e+02 -4.272371458571710967e+00
6.968149600000000419e+02 -4.271426465145720996e+00
6.971168499999999995e+02 -4.271504662377267003e+00
7.177005699999999706e+02 -4.268121557122383614e+00
7.521544999999999845e+02 -4.268922233471998950e+00
7.521793099999999868e+02 -4.268928800007159019e+00
7.655958500000000413e+02 -4.264063841526512633e+00
8.003015199999999822e+02 -4.263889957946694231e+00
8.003575600000000350e+02 -4.263904394516988106e+00
8.182042699999999513e+02 -4.259911875634273315e+00
8.488144600000000537e+02 -4.259106971660931329e+00
8.490036499999999933e+02 -4.259155881042514302e+00
8.632997199999999793e+02 -4.255186474844476763e+00
9.067147999999999683e+02 -4.256912020135329655e+00
9.067484799999999723e+02 -4.256921083283708107e+00
9.217707799999999452e+02 -4.253183030792181185e+00
9.493353799999999865e+02 -4.251366071216001963e+00
9.495705699999999752e+02 -4.251426872513399680e+00
9.694542999999999893e+02 -4.246350491639147684e+00
1.007005599999999959e+03 -4.245851502893134288e+00
1.007025899999999979e+03 -4.245856394649445420e+00
1.007234799999999950e+03 -4.240459198562852805e+00
1.042580500000000029e+03 -4.239625668621038734e+00
1.042816299999999956e+03 -4.239686271417737906e+00
1.073990199999999959e+03 -4.238637162835617644e+00
1.098828999999999951e+03 -4.234926744834983658e+00
1.098983300000000099e+03 -4.234966685342348214e+00
1.106962199999999939e+03 -4.230924667678585216e+00
1.151619200000000092e+03 -4.233712928808228249e+00
1.151798500000000104e+03 -4.233759434084130469e+00
1.176072699999999941e+03 -4.229817975343932446e+00
1.200907699999999977e+03 -4.225345329292903074e+00
1.201057600000000093e+03 -4.225383979656450961e+00
1.205192999999999984e+03 -4.222226622831137810e+00
1.246215599999999995e+03 -4.223001280937685564e+00
1.246770899999999983e+03 -4.223145040584777021e+00
1.257754400000000032e+03 -4.215627125798480535e+00
1.299632800000000088e+03 -4.216439685125095593e+00
1.299796499999999924e+03 -4.216482004834198882e+00
1.324123299999999972e+03 -4.216176370986584487e+00
1.356401299999999992e+03 -4.212420021734464726e+00
1.356730600000000095e+03 -4.212505508538341381e+00
1.366337600000000066e+03 -4.208914765725841889e+00
1.409842300000000023e+03 -4.207078806255246661e+00
1.409990099999999984e+03 -4.207117524351856375e+00
1.419127999999999929e+03 -4.205443012394316504e+00
1.443092300000000023e+03 -4.203217235199779189e+00
1.443154199999999946e+03 -4.203232932269710176e+00
1.455138999999999896e+03 -4.200339535996281626e+00
1.515954999999999927e+03 -4.203497719826601475e+00
1.516982199999999921e+03 -4.203762406425222586e+00
1.525042799999999943e+03 -4.198305472793450122e+00
1.540285300000000007e+03 -4.195715227721119156e+00
1.540623700000000099e+03 -4.195802252889669681e+00
1.574839699999999993e+03 -4.194000609501672194e+00
1.593934099999999944e+03 -4.188662365286358380e+00
1.594277299999999968e+03 -4.188750784006690431e+00
1.607440000000000055e+03 -4.189356382356056230e+00
1.646010700000000043e+03 -4.179549333038943715e+00
1.652755200000000059e+03 -4.190845841387502269e+00
1.653223099999999931e+03 -4.190966904623736333e+00
1.699265200000000050e+03 -4.180191503433862366e+00
1.699950399999999945e+03 -4.180368641275509667e+00
1.717192199999999957e+03 -4.183493962567927937e+00
1.724712700000000041e+03 -4.176687042064629374e+00
1.725358300000000099e+03 -4.176855214653031112e+00
1.771640599999999949e+03 -4.179832781103452355e+00
1.794623800000000074e+03 -4.177695472611173244e+00
1.794923000000000002e+03 -4.177773076194976731e+00
1.805047800000000052e+03 -4.173161096273670267e+00
1.849591400000000021e+03 -4.173552903040869566e+00
1.850026000000000067e+03 -4.173665255793321371e+00
1.865150100000000066e+03 -4.172490921401989183e+00
1.906539800000000014e+03 -4.172542346608409503e+00
1.906853800000000092e+03 -4.172623878057677871e+00
1.909743400000000065e+03 -4.168107005470868209e+00
1.944695999999999913e+03 -4.165299929919894062e+00
1.944752099999999928e+03 -4.165314738199224820e+00
1.962152399999999943e+03 -4.167114202004893464e+00
2.007105199999999968e+03 -4.162712242910429516e+00
2.007165600000000040e+03 -4.162728264596180949e+00
2.017925899999999956e+03 -4.164493478616022593e+00
2.049851999999999862e+03 -4.160412134225429881e+00
2.050576399999999921e+03 -4.160599456932915885e+00
2.054480300000000170e+03 -4.157042338236151657e+00
2.095359100000000126e+03 -4.159897366467796509e+00
2.095577800000000025e+03 -4.159954159198925083e+00
2.097601700000000164e+03 -4.155458600927912194e+00
2.135995399999999790e+03 -4.157849280254930058e+00
2.136231400000000122e+03 -4.157909578557769770e+00
2.180790500000000065e+03 -4.158107600810182269e+00
2.199034700000000157e+03 -4.150578974732941795e+00
2.199188299999999799e+03 -4.150618632505557848e+00
2.207342000000000098e+03 -4.152876282037622602e+00
2.248210199999999986e+03 -4.146788563851982801e+00
2.254020899999999983e+03 -4.151607405369155401e+00
2.255405999999999949e+03 -4.151965735722141559e+00
2.304239000000000033e+03 -4.150694455291584539e+00
2.305390100000000075e+03 -4.150992291985865279e+00
2.305779700000000048e+03 -4.147505997298039482e+00
2.340054700000000139e+03 -4.146655694514654655e+00
2.340182400000000143e+03 -4.146688198652973334e+00
2.378501299999999901e+03 -4.148446015349866123e+00
2.407748099999999795e+03 -4.145346046655834726e+00
2.407767499999999927e+03 -4.145351469025317925e+00
2.409186099999999897e+03 -4.144433094438039866e+00
2.456717700000000150e+03 -4.143816522137255376e+00
2.457394999999999982e+03 -4.143991261473778387e+00
