9.925702800000000536e+01 -3.831930882633469260e+00
1.266104700000000065e+02 -3.831729240881198706e+00
1.493683000000000050e+02 -3.831711412480415468e+00
1.753258600000000058e+02 -3.831343595004136571e+00
1.978970700000000136e+02 -3.831007218340915621e+00
2.227795199999999909e+02 -3.830268445002984024e+00
2.506801600000000008e+02 -3.830641910258368199e+00
2.757072699999999941e+02 -3.830471320081142661e+00
2.967299499999999739e+02 -3.829252173048330210e+00
3.219714999999999918e+02 -3.828820716196286611e+00
3.486636100000000056e+02 -3.828611449109026843e+00
3.719327499999999986e+02 -3.827898713132725117e+00
3.957634600000000091e+02 -3.826576218297332410e+00
4.235708900000000199e+02 -3.826988939242550458e+00
4.441368400000000065e+02 -3.824940645747341161e+00
4.706177599999999757e+02 -3.824130425235575004e+00
4.992595900000000029e+02 -3.823616986680752117e+00
5.234819800000000214e+02 -3.822319319043405272e+00
5.551225299999999834e+02 -3.821526814581827303e+00
5.755266299999999546e+02 -3.820527255662143240e+00
6.029885900000000447e+02 -3.818146055516609572e+00
6.191495200000000523e+02 -3.815716558577360473e+00
6.503710300000000188e+02 -3.814340861323710641e+00
6.683131200000000263e+02 -3.811446885679522723e+00
6.997313799999999446e+02 -3.811378565549945918e+00
7.185164600000000519e+02 -3.807311567029044053e+00
7.564976000000000340e+02 -3.807020026554397862e+00
7.692785999999999831e+02 -3.803186524487919939e+00
7.990344499999999925e+02 -3.802515631437423771e+00
8.214957100000000310e+02 -3.797193421595085550e+00
8.432236199999999826e+02 -3.794480527052710439e+00
8.724888600000000451e+02 -3.791098840629651079e+00
8.953407300000000077e+02 -3.788343925110151833e+00
9.175076900000000251e+02 -3.783592895223748531e+00
9.464980299999999716e+02 -3.782409223704978896e+00
9.645416800000000421e+02 -3.777531071834506537e+00
1.001400700000000029e+03 -3.776734806356788710e+00
1.013975999999999999e+03 -3.770882576164935607e+00
1.041663600000000088e+03 -3.769520730230622618e+00
1.069483799999999974e+03 -3.766981175434574336e+00
1.100622499999999945e+03 -3.762874778472113046e+00
1.115079400000000078e+03 -3.759500328822003024e+00
1.156175300000000107e+03 -3.759285540345879362e+00
1.158805499999999938e+03 -3.750726185345805153e+00
1.202629699999999957e+03 -3.752509613134719757e+00
1.215626899999999978e+03 -3.750419108710669747e+00
1.230147300000000087e+03 -3.745614759178180986e+00
1.276821799999999939e+03 -3.746135809544808737e+00
1.308857299999999896e+03 -3.744579744993303372e+00
1.317456699999999955e+03 -3.739128782124607309e+00
1.347700599999999895e+03 -3.739702419170208181e+00
1.365702700000000050e+03 -3.735190993739708976e+00
1.393914700000000039e+03 -3.732729217986404890e+00
1.403536499999999933e+03 -3.725692525164345792e+00
1.462496000000000095e+03 -3.731137151884360570e+00
1.465173900000000003e+03 -3.723963016539593163e+00
1.500827600000000075e+03 -3.723702699168587316e+00
1.520207300000000032e+03 -3.720115190125607096e+00
1.565195899999999938e+03 -3.714308482380135779e+00
1.572833200000000033e+03 -3.720813255068562420e+00
1.585698599999999942e+03 -3.712684657773427155e+00
1.600722400000000107e+03 -3.706656539163943442e+00
1.641408799999999928e+03 -3.706506810864058199e+00
1.661701099999999997e+03 -3.704781270240855573e+00
1.683768600000000106e+03 -3.701368358617671550e+00
1.710091499999999996e+03 -3.699660122124710071e+00
1.771428799999999910e+03 -3.699140737761161368e+00
1.784624000000000024e+03 -3.706856559705106413e+00
1.801237800000000107e+03 -3.694978394732409743e+00
1.807175099999999929e+03 -3.691410821780299223e+00
1.853695500000000038e+03 -3.692290263416819762e+00
1.856412299999999959e+03 -3.687864073769869577e+00
1.894135099999999966e+03 -3.680069964644387071e+00
1.911657200000000103e+03 -3.689466456577984221e+00
1.944778199999999970e+03 -3.680402800447742706e+00
1.958287199999999984e+03 -3.679649776470375500e+00
2.011247100000000046e+03 -3.679740262780421656e+00
2.018436200000000099e+03 -3.676873213253124550e+00
2.035975799999999936e+03 -3.666004892830824424e+00
2.050217500000000200e+03 -3.673734182788094493e+00
2.099038700000000063e+03 -3.669613729290554183e+00
2.105439199999999801e+03 -3.665062656271385944e+00
2.139513699999999972e+03 -3.667900037852597439e+00
2.173526600000000144e+03 -3.665241746999028383e+00
2.201024899999999889e+03 -3.659427034892592800e+00
2.204674700000000030e+03 -3.662590100498227752e+00
2.244922000000000025e+03 -3.657093495634084590e+00
2.263466699999999946e+03 -3.658147897757136224e+00
2.308638500000000022e+03 -3.655424933924330322e+00
2.313788900000000012e+03 -3.651970184454524926e+00
2.348054200000000037e+03 -3.648948434479885705e+00
2.359048400000000129e+03 -3.646675958358141401e+00
2.359669600000000173e+03 -3.637338077487794141e+00
2.405807999999999993e+03 -3.643066759634077556e+00
2.444045900000000074e+03 -3.642679577598353369e+00
