9.930837200000000564e+01 3.769323376755546917e+01
9.984074200000000587e+01 3.769034602076124685e+01
1.276453400000000045e+02 3.775041318949725166e+01
1.489458700000000135e+02 3.779441176470588459e+01
1.505115499999999997e+02 3.780693568084673473e+01
1.732659600000000069e+02 3.784625330755139316e+01
1.996810600000000022e+02 3.787704457561571303e+01
1.999150500000000079e+02 3.789362049664156729e+01
2.251386200000000031e+02 3.794469316100142464e+01
2.512304499999999905e+02 3.797219265214736339e+01
2.518176599999999894e+02 3.800674129859556416e+01
2.750855300000000057e+02 3.808140036637492898e+01
2.988176700000000210e+02 3.810230561774883284e+01
3.025240900000000011e+02 3.810834113576226656e+01
3.214653999999999883e+02 3.819406828821493605e+01
3.507796999999999912e+02 3.825465041726032922e+01
3.508131999999999948e+02 3.825047069000610378e+01
3.692390100000000075e+02 3.835113932424180661e+01
3.982229600000000005e+02 3.838041013637288756e+01
3.984658299999999826e+02 3.837803429676368694e+01
4.200826900000000137e+02 3.842984581721962201e+01
4.470690299999999979e+02 3.844055058009362824e+01
4.499560399999999731e+02 3.851058670873193535e+01
4.723319700000000125e+02 3.854952320374516717e+01
4.989123900000000162e+02 3.860139731325055834e+01
5.015819599999999809e+02 3.860601770812130695e+01
5.188223100000000159e+02 3.867013739059638056e+01
5.469346900000000460e+02 3.871222063912070155e+01
5.478052099999999882e+02 3.871552004884998865e+01
5.673952500000000327e+02 3.875950081416649340e+01
6.014535700000000134e+02 3.883372990026460059e+01
6.047441099999999778e+02 3.881723183391003573e+01
6.179294300000000248e+02 3.887634337472012902e+01
6.503033900000000358e+02 3.893744911459393165e+01
6.522759099999999535e+02 3.893272135151638480e+01
6.655238399999999501e+02 3.898718196621209131e+01
6.991924099999999953e+02 3.896493130470180688e+01
7.010290300000000343e+02 3.906116374923671941e+01
7.103103899999999840e+02 3.905915174028088188e+01
7.508162200000000439e+02 3.913499440260533646e+01
7.542249500000000353e+02 3.915212344799511612e+01
7.673800400000000081e+02 3.914491196824751285e+01
7.939231999999999516e+02 3.921315031548951424e+01
7.955151799999999866e+02 3.917028902910645627e+01
8.110183899999999539e+02 3.923496183594544817e+01
8.499071000000000140e+02 3.934837319356808649e+01
8.508936499999999796e+02 3.931826277223692045e+01
8.635591399999999567e+02 3.938219774068797108e+01
9.017052200000000539e+02 3.941217585996336226e+01
9.022428099999999631e+02 3.941518369631589280e+01
9.114147299999999632e+02 3.937837624669244718e+01
9.432597200000000157e+02 3.952440616731121281e+01
9.597815600000000131e+02 3.953763993486667516e+01
9.683490500000000338e+02 3.951226847140240039e+01
9.924044400000000223e+02 3.959747964583757351e+01
9.975606000000000222e+02 3.960091848157948391e+01
1.013552900000000022e+03 3.964499796458375869e+01
1.042022400000000061e+03 3.969383574190921848e+01
1.051579400000000078e+03 3.972536993690209783e+01
1.068557199999999966e+03 3.970691074699775669e+01
1.096248700000000099e+03 3.975145481375940903e+01
1.101002300000000105e+03 3.970897516792184234e+01
1.103761700000000019e+03 3.982176317932017184e+01
1.150173600000000079e+03 3.987742418074495987e+01
1.154684199999999919e+03 3.994950793812334666e+01
1.155497499999999945e+03 3.982210207612456543e+01
1.201901900000000069e+03 3.999878129452473274e+01
1.206461800000000039e+03 3.995803531447181456e+01
1.209784000000000106e+03 3.998270099735395888e+01
1.241937500000000000e+03 4.004880877264400141e+01
1.247755900000000111e+03 4.005203897822104864e+01
1.258804799999999886e+03 4.013430694076939176e+01
1.291186699999999973e+03 4.012173722776307727e+01
1.299865500000000111e+03 4.017525849786281356e+01
1.313184600000000046e+03 4.022711123549765944e+01
1.344786299999999983e+03 4.016967229798493833e+01
1.354824200000000019e+03 4.023196061469570139e+01
1.372106099999999969e+03 4.021509871768776634e+01
1.401527499999999918e+03 4.035222063912069501e+01
1.410208100000000059e+03 4.026345562792591437e+01
1.413957300000000032e+03 4.030907490331772891e+01
1.440568099999999959e+03 4.035959647872990530e+01
1.456161700000000110e+03 4.040142224709953211e+01
1.472734200000000101e+03 4.049054498269895674e+01
1.505253400000000056e+03 4.052252086301648148e+01
1.505525000000000091e+03 4.054989008752289692e+01
1.509142599999999902e+03 4.059046611031956076e+01
1.536827600000000075e+03 4.065689395481376067e+01
1.550530799999999999e+03 4.066911662935070382e+01
1.562198499999999967e+03 4.063424078974150433e+01
1.597278000000000020e+03 4.070443211886831136e+01
1.606704300000000103e+03 4.075337319356808763e+01
1.608915299999999888e+03 4.078279462650112208e+01
1.646752700000000004e+03 4.084820781599837147e+01
1.650903600000000097e+03 4.079183696315897123e+01
1.662299700000000030e+03 4.085753663749237319e+01
1.696981899999999996e+03 4.092627925910849029e+01
1.705548500000000104e+03 4.087790555668634340e+01
1.718713600000000042e+03 4.088021066558111016e+01
1.759355000000000018e+03 4.106032770201506565e+01
1.759388500000000022e+03 4.100849073885609641e+01
1.760563900000000103e+03 4.103599989822918559e+01
1.793924500000000080e+03 4.108608996539792457e+01
1.808341499999999996e+03 4.117452574801546916e+01
1.820248100000000022e+03 4.106590932220639445e+01
1.851046700000000101e+03 4.119032922857724088e+01
1.852227100000000064e+03 4.117024424994911413e+01
1.856854900000000043e+03 4.121934663138611654e+01
1.859652000000000044e+03 4.131445908813352474e+01
1.910724400000000060e+03 4.136681101160186813e+01
1.910989299999999957e+03 4.129706492977814491e+01
1.941304900000000089e+03 4.135382302055770509e+01
1.941880499999999984e+03 4.139541064522694569e+01
1.961283899999999903e+03 4.140881742316303615e+01
1.986007200000000012e+03 4.150489263179320432e+01
1.989828999999999951e+03 4.152547069000610946e+01
2.000104800000000068e+03 4.148135558721758542e+01
2.020965099999999893e+03 4.158394107469977286e+01
2.056212100000000191e+03 4.156417565642173884e+01
2.057818400000000111e+03 4.161900773458172154e+01
2.078431099999999788e+03 4.168674028088744166e+01
2.099791999999999916e+03 4.162189395481375698e+01
2.117220600000000104e+03 4.178715194382250786e+01
2.138626999999999953e+03 4.186088387950335488e+01
2.154730700000000070e+03 4.179229544066761548e+01
2.160402300000000196e+03 4.171138764502340734e+01
2.205787699999999859e+03 4.186647160594341699e+01
2.208589699999999993e+03 4.179274933848972040e+01
2.211754100000000108e+03 4.195997608385914646e+01
2.238194500000000062e+03 4.189002289843272564e+01
2.249247499999999945e+03 4.201572359047425209e+01
2.258603799999999865e+03 4.198515316507225492e+01
2.292729499999999916e+03 4.206720893547730356e+01
2.308116899999999987e+03 4.216041369835131292e+01
2.311295900000000074e+03 4.203774068797068963e+01
2.345503900000000158e+03 4.214675147567677271e+01
2.354881300000000010e+03 4.214439446366782249e+01
2.365950800000000072e+03 4.211952320374516745e+01
2.385970400000000154e+03 4.234644209240789792e+01
2.394062100000000100e+03 4.224172501526562229e+01
2.406483200000000124e+03 4.221187258294320799e+01
2.438853099999999813e+03 4.231688123346224017e+01
