1.042407100000000071e+02 1.853150213718705430e+01
1.280042300000000068e+02 1.854169448402198128e+01
1.524891100000000108e+02 1.855558772644005572e+01
1.772248299999999972e+02 1.855542641970282958e+01
2.020997299999999939e+02 1.857856096071646590e+01
2.245768400000000042e+02 1.858507378383879427e+01
2.497495399999999961e+02 1.858782566659882107e+01
2.764320500000000038e+02 1.859350193364543102e+01
3.006749399999999923e+02 1.862400875228984276e+01
3.246984699999999862e+02 1.864712090372481157e+01
3.501023200000000202e+02 1.862949928760431462e+01
3.788000299999999925e+02 1.865166853246488898e+01
3.982111100000000192e+02 1.864712141257887268e+01
4.235121199999999817e+02 1.867488550783635048e+01
4.550084699999999884e+02 1.867855638102992089e+01
4.729787200000000098e+02 1.867398127417056841e+01
5.020149999999999864e+02 1.867999236718909017e+01
5.244264699999999948e+02 1.870420313454101446e+01
5.522641499999999724e+02 1.869593730917972607e+01
5.799766700000000128e+02 1.871101872582943315e+01
6.023349200000000110e+02 1.871359658050070962e+01
6.261293699999999944e+02 1.871882200284958131e+01
6.506117100000000164e+02 1.876379198046000241e+01
6.721789400000000114e+02 1.876698249542031149e+01
7.023748199999999997e+02 1.878524526765723834e+01
7.202378700000000435e+02 1.878665581111337346e+01
7.518600999999999885e+02 1.879540810095664582e+01
7.783654999999999973e+02 1.880643089761856146e+01
7.993787099999999555e+02 1.881030225931202793e+01
8.214835699999999861e+02 1.883171025849786417e+01
8.518908199999999624e+02 1.883674587828210889e+01
8.741972399999999652e+02 1.882963718705475387e+01
9.041368499999999813e+02 1.884534652961530554e+01
9.176891000000000531e+02 1.886194840219825153e+01
9.453716600000000199e+02 1.886888255648280222e+01
9.682292499999999791e+02 1.887652554447384290e+01
9.988564599999999700e+02 1.887292489314064525e+01
1.022853100000000040e+03 1.888669193975168170e+01
1.052126099999999951e+03 1.889527936087930016e+01
1.068054900000000089e+03 1.891636779971504367e+01
1.085147999999999911e+03 1.895446366782006820e+01
1.107944500000000062e+03 1.893907642987991125e+01
1.149606199999999944e+03 1.894986159169550177e+01
1.163910000000000082e+03 1.895121361693466255e+01
1.199962800000000016e+03 1.900497353958884617e+01
1.217195500000000038e+03 1.898659983716670041e+01
1.243797299999999950e+03 1.904772440464074990e+01
1.259174700000000030e+03 1.904002595155709443e+01
1.299891100000000051e+03 1.907635914919600850e+01
1.314330500000000029e+03 1.910083502951353651e+01
1.346145400000000109e+03 1.911651485853857224e+01
1.362767599999999902e+03 1.909539995929167588e+01
1.397840400000000045e+03 1.906910085487482220e+01
1.408923700000000053e+03 1.910264909423977286e+01
1.458782099999999900e+03 1.917382963566049270e+01
1.459380100000000084e+03 1.918505851821697661e+01
1.489846199999999953e+03 1.917922450641156118e+01
1.507433299999999917e+03 1.919315438632200355e+01
1.551642499999999927e+03 1.919638917158559011e+01
1.561091899999999896e+03 1.922184815794830115e+01
1.602478800000000092e+03 1.925042031345410010e+01
1.609533799999999928e+03 1.924726592713209783e+01
1.665842699999999923e+03 1.926733614899247016e+01
1.666154299999999921e+03 1.929664817830246193e+01
1.688649799999999914e+03 1.927792896397313172e+01
1.699669699999999921e+03 1.932739059637695789e+01
1.749765000000000100e+03 1.934973437818033659e+01
1.754083100000000059e+03 1.934156472623651624e+01
1.798624499999999898e+03 1.938722725422348603e+01
1.805855499999999893e+03 1.941452981884795648e+01
1.848736699999999928e+03 1.943474608182373231e+01
1.855072699999999941e+03 1.943085996336250787e+01
1.908665199999999913e+03 1.947679778139629647e+01
1.913273799999999937e+03 1.946145939344595988e+01
1.950028499999999894e+03 1.953084062690820488e+01
1.951846099999999979e+03 1.949261194789334439e+01
1.997986100000000079e+03 1.953616476694484305e+01
2.012466799999999921e+03 1.955057195196417652e+01
2.050001499999999851e+03 1.958736413596580661e+01
2.052205500000000029e+03 1.958970181152045598e+01
2.111297399999999925e+03 1.960845817219621168e+01
2.127585700000000088e+03 1.961453796051292642e+01
2.156981999999999971e+03 1.966346529615306338e+01
2.163831000000000131e+03 1.962760940362304396e+01
2.202619499999999789e+03 1.971107012008955905e+01
2.203340599999999995e+03 1.970006157134134028e+01
2.251656100000000151e+03 1.975915072257276606e+01
2.263237700000000132e+03 1.972379706900061080e+01
2.310284999999999854e+03 1.979850905760227775e+01
2.312451900000000023e+03 1.978094188886627336e+01
2.360405000000000200e+03 1.981097649094239799e+01
2.364073899999999867e+03 1.982108996539792400e+01
2.398918700000000172e+03 1.989221911255851793e+01
2.403245899999999892e+03 1.991855688988398043e+01
2.443338099999999940e+03 1.986010635049867545e+01
