1.026037900000000036e+02 1.197881589660085488e+01
1.266774599999999964e+02 1.199378587421127662e+01
1.504045900000000131e+02 1.200753409322206444e+01
1.744107700000000136e+02 1.202477915733767588e+01
1.997835900000000038e+02 1.204614950132302020e+01
2.236891999999999996e+02 1.205567932017097377e+01
2.493156099999999924e+02 1.207345969875839664e+01
2.743472699999999804e+02 1.209552768166089898e+01
2.975313199999999938e+02 1.211272542234886984e+01
3.225740700000000061e+02 1.212739721147974770e+01
3.474512700000000223e+02 1.213930795847750765e+01
3.690869599999999764e+02 1.215983869326277222e+01
3.988927100000000223e+02 1.217826328109098277e+01
4.227603599999999915e+02 1.218893954813759528e+01
4.476089600000000246e+02 1.221707408915123239e+01
4.693163400000000252e+02 1.222591390189293747e+01
4.995718699999999899e+02 1.224735446773865277e+01
5.221887600000000020e+02 1.225935019336454346e+01
5.501572999999999638e+02 1.228206492977814079e+01
5.667649099999999862e+02 1.229766944840219800e+01
5.990031400000000303e+02 1.231588337064929739e+01
6.169263099999999440e+02 1.233789945043761449e+01
6.477637600000000475e+02 1.236079126806431816e+01
6.656573899999999639e+02 1.238373295338896796e+01
6.962236599999999953e+02 1.241117748829635659e+01
7.179375800000000254e+02 1.243622684714024018e+01
7.511619600000000219e+02 1.245162222674536956e+01
7.649757299999999987e+02 1.248262619580704325e+01
8.003303100000000541e+02 1.249436851211072685e+01
8.213431500000000369e+02 1.253434561367799738e+01
8.503228699999999662e+02 1.254345613677997129e+01
8.646380599999999959e+02 1.258704304905353233e+01
9.028142500000000155e+02 1.259167820069204247e+01
9.193944400000000314e+02 1.262575564828007302e+01
9.553463400000000547e+02 1.264530073274984723e+01
9.746875900000000001e+02 1.268344545084469743e+01
9.980560000000000400e+02 1.269325361286383114e+01
1.015241599999999949e+03 1.273891919397516759e+01
1.051316700000000083e+03 1.274577905556686197e+01
1.067195500000000038e+03 1.279187258294321161e+01
1.102700499999999920e+03 1.280803429676368843e+01
1.124824100000000044e+03 1.282800376552004806e+01
1.134497399999999971e+03 1.287752340728678924e+01
1.159453999999999951e+03 1.289071239568491833e+01
1.197353800000000092e+03 1.292179472827193010e+01
1.213960399999999936e+03 1.295646295542438509e+01
1.254852399999999989e+03 1.297645176063505090e+01
1.259125999999999976e+03 1.301008446977406763e+01
1.293795100000000048e+03 1.304030989212293967e+01
1.322467900000000100e+03 1.307045644209240720e+01
1.349765900000000101e+03 1.310254172603297285e+01
1.370041400000000067e+03 1.311300783635253353e+01
1.401828999999999951e+03 1.313584469774068708e+01
1.417385399999999890e+03 1.316504274374109507e+01
1.444223500000000058e+03 1.320644361897007890e+01
1.466278600000000097e+03 1.323105892530022309e+01
1.499593399999999974e+03 1.326315693059230583e+01
1.515834900000000061e+03 1.327360930185222898e+01
1.554320300000000088e+03 1.332507480154691670e+01
1.557838299999999890e+03 1.334868817423162923e+01
1.596797399999999925e+03 1.338222725422349058e+01
1.614804300000000012e+03 1.338526816608996484e+01
1.657934700000000021e+03 1.347190769387339593e+01
1.661567800000000034e+03 1.343762670466110265e+01
1.705117400000000089e+03 1.349639375127213548e+01
1.712611000000000104e+03 1.350088286179523678e+01
1.735608999999999924e+03 1.354480307347852452e+01
1.758202600000000075e+03 1.357053175249338572e+01
1.795226899999999887e+03 1.359622226745369566e+01
1.810522099999999909e+03 1.361880521066558103e+01
1.851297199999999975e+03 1.364310706289436403e+01
1.855892700000000104e+03 1.365432780378587374e+01
1.897012999999999920e+03 1.369643395074292691e+01
1.913760899999999992e+03 1.373171178506004431e+01
1.936966100000000097e+03 1.375396295542438452e+01
1.969177200000000084e+03 1.380227101567270331e+01
2.009193800000000010e+03 1.383682220639120608e+01
2.015682000000000016e+03 1.383175249338489543e+01
2.033991500000000087e+03 1.386136932627722373e+01
2.053073300000000017e+03 1.387364441278241323e+01
2.089940599999999904e+03 1.393055312436393223e+01
2.113101500000000215e+03 1.392595918990433645e+01
2.150242200000000139e+03 1.397070527172806820e+01
2.168527300000000196e+03 1.399564878892733510e+01
2.199271000000000186e+03 1.403110166904131972e+01
2.225654899999999998e+03 1.403356808467331618e+01
2.273589699999999993e+03 1.408779869733360357e+01
2.280980900000000020e+03 1.408857215550580122e+01
2.294604200000000219e+03 1.411304956238550901e+01
2.321467200000000048e+03 1.415376399348666858e+01
2.354365099999999984e+03 1.418922094443313675e+01
2.378770300000000134e+03 1.420366374923671948e+01
2.404250100000000202e+03 1.424026460411154105e+01
2.434100600000000213e+03 1.426628943618969991e+01
2.449807200000000194e+03 1.429570323631182482e+01
