1.042062899999999956e+02 2.299812996132709131e+01
1.280609399999999880e+02 2.301107164665173954e+01
1.508742900000000020e+02 2.302353551801343556e+01
1.751059400000000039e+02 2.303453796051292457e+01
1.991298999999999921e+02 2.304524221453286970e+01
2.251374099999999885e+02 2.305791268064319155e+01
2.472050000000000125e+02 2.305910899653979129e+01
2.729723000000000184e+02 2.308993791980460131e+01
3.002052499999999782e+02 2.310188937512721452e+01
3.221062099999999759e+02 2.311309535925096625e+01
3.499257900000000063e+02 2.311520608589456671e+01
3.716121200000000044e+02 2.313520455933238296e+01
3.982103799999999865e+02 2.315233513128434950e+01
4.233011599999999817e+02 2.315805210665580915e+01
4.494895500000000084e+02 2.317395990230001956e+01
4.680023299999999722e+02 2.319505241196824841e+01
4.947441600000000221e+02 2.319673417463871345e+01
5.214053800000000365e+02 2.321942194178709684e+01
5.498050799999999754e+02 2.322682882149399575e+01
5.671286000000000058e+02 2.324908304498269729e+01
5.967383899999999812e+02 2.326817117850600170e+01
6.195715900000000147e+02 2.327072715245267887e+01
6.463433099999999740e+02 2.328573936495013186e+01
6.727688399999999547e+02 2.330021880724608252e+01
7.014964099999999689e+02 2.332462751882760088e+01
7.184738999999999578e+02 2.334253765520048773e+01
7.528451700000000528e+02 2.336594494199063732e+01
7.671490400000000136e+02 2.336909322206390982e+01
7.956214300000000321e+02 2.337032617545288105e+01
8.198932700000000295e+02 2.339452880113983468e+01
8.506433299999999917e+02 2.341781192753918361e+01
8.643801700000000210e+02 2.343468349277427265e+01
8.987258000000000493e+02 2.343680083452066043e+01
9.198771799999999530e+02 2.347046712802768198e+01
9.488564400000000205e+02 2.346931101160187438e+01
9.678897200000000112e+02 2.351884998982291819e+01
1.000557999999999993e+03 2.348220588235293960e+01
1.020358200000000011e+03 2.355466975371463434e+01
1.045653600000000097e+03 2.353283889680439600e+01
1.063647699999999986e+03 2.359334368003256799e+01
1.099411100000000033e+03 2.355866222267453836e+01
1.122626500000000078e+03 2.362952015062080235e+01
1.141775799999999890e+03 2.361713260736820885e+01
1.166712800000000016e+03 2.364755953592509741e+01
1.192835499999999911e+03 2.364504630571952148e+01
1.223106299999999919e+03 2.368440107877060896e+01
1.255267700000000104e+03 2.369917209444331263e+01
1.264342699999999923e+03 2.372600193364543131e+01
1.307233799999999974e+03 2.371654691634439160e+01
1.314945600000000013e+03 2.376447384490128201e+01
1.332213799999999992e+03 2.377698554854467616e+01
1.371725500000000011e+03 2.378543303480561732e+01
1.398369300000000067e+03 2.382287909627518729e+01
1.414298900000000003e+03 2.381893547730510718e+01
1.441610400000000027e+03 2.384569763891715866e+01
1.477792999999999893e+03 2.385455831467535148e+01
1.486041300000000092e+03 2.390369020964787339e+01
1.511332900000000109e+03 2.390751628332994017e+01
1.548328099999999949e+03 2.393470384693669928e+01
1.567562400000000025e+03 2.395361337268471402e+01
1.587041899999999941e+03 2.398539639731325224e+01
1.624947300000000041e+03 2.400776918379808578e+01
1.640515400000000000e+03 2.401254172603297121e+01
1.663256499999999960e+03 2.402566456340321466e+01
1.707072599999999966e+03 2.405646600854874606e+01
1.718683299999999917e+03 2.407233309586810321e+01
1.748951099999999997e+03 2.411721198860167092e+01
1.752338500000000067e+03 2.410458884591898965e+01
1.800039500000000089e+03 2.413105281905149724e+01
1.814671800000000076e+03 2.412558416446163179e+01
1.854447400000000016e+03 2.415502747811927264e+01
1.868535100000000057e+03 2.417795949521677201e+01
1.894635600000000068e+03 2.417661764705882277e+01
1.920872800000000097e+03 2.421142987991044393e+01
1.950945400000000063e+03 2.425728729900264824e+01
1.954865500000000111e+03 2.426159423977203389e+01
2.002388099999999895e+03 2.426858640341950135e+01
2.009808600000000069e+03 2.426483920211683198e+01
2.051203599999999824e+03 2.430247353958884560e+01
2.059824799999999868e+03 2.429523051088947838e+01
2.104439699999999903e+03 2.435041318949725309e+01
2.119669800000000123e+03 2.435257887237940011e+01
2.158777099999999791e+03 2.438150671687360216e+01
2.174336099999999988e+03 2.443631080806024869e+01
2.209566499999999905e+03 2.445473844901282234e+01
2.214143300000000181e+03 2.443918736006513370e+01
2.247375799999999799e+03 2.450871412578872466e+01
2.269240800000000036e+03 2.451351465499694982e+01
2.315479600000000119e+03 2.454267199267250277e+01
2.342938900000000103e+03 2.455587879096275117e+01
2.350948300000000017e+03 2.458375076328109188e+01
2.370641399999999976e+03 2.459873956849175514e+01
2.393903299999999945e+03 2.461207917769183950e+01
2.400776499999999942e+03 2.465737583960920176e+01
2.447793099999999868e+03 2.467241196824750560e+01
