9.931394699999999887e+01 -3.314884789267921406e+00
1.263603099999999984e+02 -3.314351471637241531e+00
1.510377000000000010e+02 -3.314589148856882161e+00
1.743299800000000062e+02 -3.313492002195939978e+00
1.994704199999999901e+02 -3.313384955958283307e+00
2.235710699999999918e+02 -3.312713866178454758e+00
2.471024299999999982e+02 -3.312161327190106253e+00
2.753734200000000101e+02 -3.312095271707385269e+00
3.026434300000000235e+02 -3.311668112414555942e+00
3.234597299999999791e+02 -3.309886452669832391e+00
3.498935599999999795e+02 -3.309024164297196258e+00
3.753144199999999842e+02 -3.307922443476414287e+00
3.995576899999999796e+02 -3.306616485560536223e+00
4.222041399999999953e+02 -3.304225725211066944e+00
4.489410199999999804e+02 -3.302979283841123159e+00
4.698404100000000199e+02 -3.300501874717145068e+00
5.039362199999999916e+02 -3.299918854508848032e+00
5.214087399999999661e+02 -3.297412797700300935e+00
5.465364899999999579e+02 -3.294794125638404125e+00
5.650928699999999480e+02 -3.291533971454737806e+00
5.961603000000000065e+02 -3.292112894944248414e+00
6.221124700000000303e+02 -3.289477248059500702e+00
6.514062400000000252e+02 -3.288379092308163276e+00
6.705436399999999821e+02 -3.285909841509795370e+00
7.016142800000000079e+02 -3.285008575104676254e+00
7.211332899999999881e+02 -3.280771501394298184e+00
7.414741699999999582e+02 -3.278368157364183411e+00
7.608421600000000353e+02 -3.275203633672649328e+00
7.952443500000000540e+02 -3.276572249081066257e+00
8.214143000000000256e+02 -3.274610905918766246e+00
8.549340499999999565e+02 -3.272775360044941628e+00
8.657353100000000268e+02 -3.271134971304045624e+00
9.081773699999999963e+02 -3.272620268113189290e+00
9.179192799999999579e+02 -3.268488888279012183e+00
9.458605400000000145e+02 -3.267543982233698685e+00
9.651742199999999912e+02 -3.264781355635086868e+00
1.000473200000000020e+03 -3.263872293541761227e+00
1.006705799999999954e+03 -3.260334043403573911e+00
1.050750700000000052e+03 -3.262132291649370242e+00
1.070896199999999908e+03 -3.261568474636927562e+00
1.095216100000000097e+03 -3.258292707724514070e+00
1.116093299999999999e+03 -3.259026588300624638e+00
1.158500700000000052e+03 -3.259139094156353167e+00
1.170719700000000103e+03 -3.256412034004823486e+00
1.172963799999999992e+03 -3.251295099354918339e+00
1.218897400000000061e+03 -3.254956792251764153e+00
1.239309500000000071e+03 -3.252613738698760582e+00
1.262946599999999989e+03 -3.251304493268931672e+00
1.307703800000000001e+03 -3.251747499941614272e+00
1.319378999999999905e+03 -3.251224859716694393e+00
1.347707799999999907e+03 -3.246216594781819786e+00
1.363991400000000112e+03 -3.247940477485710797e+00
1.403078199999999924e+03 -3.246188232341262303e+00
1.418556399999999940e+03 -3.245972374512846148e+00
1.450520899999999983e+03 -3.241905893171148190e+00
1.455926099999999906e+03 -3.246970250885981901e+00
1.492809899999999971e+03 -3.242766540524077978e+00
1.505955099999999902e+03 -3.242521034274323810e+00
1.555751999999999953e+03 -3.245725279470232039e+00
1.559144999999999982e+03 -3.241691486982083426e+00
1.602416199999999890e+03 -3.243253691506792435e+00
1.612554300000000012e+03 -3.240271701905160562e+00
1.644921800000000076e+03 -3.240088663195276997e+00
1.660328700000000026e+03 -3.240143910857861798e+00
1.701776900000000069e+03 -3.238460764791394553e+00
1.710422600000000102e+03 -3.237824132477327144e+00
1.755771199999999908e+03 -3.235286809831112720e+00
1.759951900000000023e+03 -3.238719781910048834e+00
1.794974600000000009e+03 -3.235700215944406377e+00
1.818513599999999997e+03 -3.237625379709468731e+00
1.847026499999999942e+03 -3.232627969026662385e+00
1.863253500000000031e+03 -3.235323175131629814e+00
1.897262500000000045e+03 -3.232101643198797003e+00
1.911923600000000079e+03 -3.234789753312069749e+00
1.932708200000000033e+03 -3.229299613527957025e+00
1.951559799999999996e+03 -3.228479610245194031e+00
1.985106099999999969e+03 -3.234871414539435275e+00
2.014115999999999985e+03 -3.229907637854496194e+00
2.051496299999999792e+03 -3.229090627834005467e+00
2.064194100000000162e+03 -3.230918142862655440e+00
2.102152500000000146e+03 -3.228123624113424128e+00
2.104115099999999984e+03 -3.227535025410988023e+00
2.144646999999999935e+03 -3.227009715646754984e+00
2.148888199999999870e+03 -3.222546665245114461e+00
2.204871999999999844e+03 -3.223605181379591400e+00
2.204936999999999898e+03 -3.228925974589512027e+00
2.246283399999999801e+03 -3.219923665684401470e+00
2.276853599999999915e+03 -3.230287743670873013e+00
2.321910600000000159e+03 -3.226976634420944734e+00
2.336199999999999818e+03 -3.234055218936839893e+00
2.340503700000000208e+03 -3.219073316870139756e+00
2.346699099999999817e+03 -3.222734588810267198e+00
2.390380400000000009e+03 -3.221579079396267531e+00
2.390934999999999945e+03 -3.220267437236761232e+00
2.459425000000000182e+03 -3.223750180642356078e+00
