1.003112500000000011e+02 -3.307266365256278373e+00
1.265271500000000060e+02 -3.306761385105779549e+00
1.488986800000000130e+02 -3.306695593578337089e+00
1.489541999999999859e+02 -3.306709997489090558e+00
1.760145899999999983e+02 -3.306038946459123995e+00
1.998532399999999996e+02 -3.305638410642661729e+00
1.999470699999999965e+02 -3.305662667565723467e+00
2.260533399999999915e+02 -3.304985187522217593e+00
2.490570600000000070e+02 -3.304117584428387655e+00
2.491224400000000117e+02 -3.304134435574631379e+00
2.741567699999999945e+02 -3.302332086834820490e+00
3.033075000000000045e+02 -3.302530913315708361e+00
3.036162299999999732e+02 -3.302610929708837517e+00
3.236889199999999960e+02 -3.299574290268903809e+00
3.488304999999999723e+02 -3.298485348636066128e+00
3.489434800000000223e+02 -3.298514505329979141e+00
3.751180899999999951e+02 -3.296378761334123553e+00
4.008892399999999725e+02 -3.295259771276812355e+00
4.011078099999999722e+02 -3.295316174202510329e+00
4.209022699999999872e+02 -3.290445597812464040e+00
4.512581700000000069e+02 -3.290189904943764176e+00
4.516357499999999732e+02 -3.290287669547222738e+00
4.741376500000000078e+02 -3.285286061618548636e+00
5.006849300000000085e+02 -3.283739790707361106e+00
5.007419699999999807e+02 -3.283754587568376682e+00
5.193844400000000405e+02 -3.278495470149346946e+00
5.558212300000000141e+02 -3.280006292432068093e+00
5.558771199999999908e+02 -3.280020435797346146e+00
5.740854199999999992e+02 -3.273582722219916086e+00
6.021511799999999539e+02 -3.272095251241763147e+00
6.023524599999999509e+02 -3.272147438785264484e+00
6.207852100000000064e+02 -3.267685468299801776e+00
6.468736999999999853e+02 -3.266226778704941491e+00
6.468802899999999454e+02 -3.266228685892766048e+00
6.707720600000000104e+02 -3.262069035106546444e+00
7.030431899999999814e+02 -3.261860726635189334e+00
7.032416899999999487e+02 -3.261912246378749991e+00
7.217764300000000048e+02 -3.257509361654906677e+00
7.479288000000000238e+02 -3.255143107337682640e+00
7.482875900000000229e+02 -3.255235759925020567e+00
7.713253799999999956e+02 -3.252408462670845601e+00
7.919495899999999438e+02 -3.250313252120946572e+00
7.923351800000000367e+02 -3.250413341895906250e+00
8.179648899999999685e+02 -3.248118411655452675e+00
8.468637800000000198e+02 -3.247797216952231558e+00
8.472302300000000059e+02 -3.247892104229102905e+00
8.642362000000000535e+02 -3.243444958669611022e+00
9.030135199999999713e+02 -3.244517042220322001e+00
9.034023999999999432e+02 -3.244617778984157930e+00
9.202261600000000499e+02 -3.241228861302603015e+00
9.480779400000000123e+02 -3.237773544247348756e+00
9.483200299999999743e+02 -3.237836231102930729e+00
9.689139800000000378e+02 -3.238689080093526407e+00
9.880188100000000304e+02 -3.235666528373572604e+00
9.889463600000000270e+02 -3.235905860546510748e+00
1.011578600000000051e+03 -3.233212118670657276e+00
1.043493899999999940e+03 -3.232813459570156756e+00
1.044098199999999906e+03 -3.232969479609541619e+00
1.069563599999999951e+03 -3.232771955944114595e+00
1.095650799999999890e+03 -3.230132951177318024e+00
1.096049199999999928e+03 -3.230235691082032901e+00
1.115525000000000091e+03 -3.228818710719873142e+00
1.152742600000000039e+03 -3.227242358826288626e+00
1.153859999999999900e+03 -3.227531534285041470e+00
1.165528900000000021e+03 -3.226713249508448289e+00
1.184968699999999899e+03 -3.222747322698239714e+00
1.186330500000000029e+03 -3.223098866256255413e+00
1.213877999999999929e+03 -3.224576030667018145e+00
1.249921000000000049e+03 -3.223255913411262163e+00
1.250543400000000020e+03 -3.223416917973435325e+00
1.252735100000000102e+03 -3.218810861875210261e+00
1.301770400000000109e+03 -3.222151619488965224e+00
1.302719599999999900e+03 -3.222396955701182453e+00
1.322159900000000107e+03 -3.221054962343885997e+00
1.359155600000000049e+03 -3.217036652983451095e+00
1.365629799999999932e+03 -3.221051854538404591e+00
1.367125000000000000e+03 -3.221437630225250093e+00
1.394799600000000055e+03 -3.215882112113435110e+00
1.395534200000000055e+03 -3.216071868182368565e+00
1.406651699999999892e+03 -3.215079486576191581e+00
1.446649200000000064e+03 -3.215413275960661288e+00
1.447371499999999969e+03 -3.215600004890931896e+00
1.461509900000000016e+03 -3.213258675636168071e+00
1.490531999999999925e+03 -3.215405522871728650e+00
1.491059400000000096e+03 -3.215541510073892439e+00
1.504830699999999979e+03 -3.212271520782151057e+00
1.551949100000000044e+03 -3.212620283560768453e+00
1.552344499999999925e+03 -3.212722705874411666e+00
1.562818600000000060e+03 -3.212449653051355547e+00
1.591679699999999912e+03 -3.210842533782055419e+00
1.591924099999999953e+03 -3.210906224901875383e+00
1.617791300000000092e+03 -3.210956071380989485e+00
1.663903000000000020e+03 -3.212599487520361397e+00
1.664745799999999917e+03 -3.212816808360199783e+00
1.665539700000000039e+03 -3.210240651020412450e+00
1.704225699999999961e+03 -3.208227148108445448e+00
1.705088799999999992e+03 -3.208450632839745964e+00
1.714620100000000093e+03 -3.209906979952081851e+00
1.736686599999999999e+03 -3.205701880234390622e+00
1.737695099999999911e+03 -3.205963309958302254e+00
1.754731600000000071e+03 -3.205742050091217266e+00
1.801354100000000017e+03 -3.209159234055998233e+00
1.802349400000000060e+03 -3.209416386265208310e+00
1.808656099999999924e+03 -3.205837858297993392e+00
1.854896700000000010e+03 -3.204411910904195526e+00
1.860240999999999985e+03 -3.208228792617348724e+00
1.861276699999999892e+03 -3.208496032833039191e+00
1.908324900000000071e+03 -3.204643867135457569e+00
1.908850400000000036e+03 -3.204779312264388835e+00
1.915364199999999983e+03 -3.207473741641281961e+00
1.948152800000000070e+03 -3.202029323450545917e+00
1.948244099999999889e+03 -3.202052977203643458e+00
1.958934999999999945e+03 -3.204238983912897520e+00
1.997699599999999919e+03 -3.201827268200888366e+00
2.025754599999999982e+03 -3.195882557986942984e+00
2.026414800000000014e+03 -3.202595213290869047e+00
2.027212399999999889e+03 -3.202799831322699298e+00
2.027722899999999981e+03 -3.196390486786518714e+00
2.033375199999999950e+03 -3.194239618318597262e+00
2.089319199999999910e+03 -3.205420758041338303e+00
2.090003600000000006e+03 -3.205598299691930997e+00
2.116386300000000119e+03 -3.204983326475402627e+00
2.154889599999999973e+03 -3.201804232521553217e+00
2.162739700000000084e+03 -3.201615392152579176e+00
2.163728099999999813e+03 -3.201871778282537662e+00
2.191185599999999795e+03 -3.199067330694896238e+00
2.194190000000000055e+03 -3.199844129680307958e+00
2.206573499999999967e+03 -3.199192468026126779e+00
2.243785100000000057e+03 -3.206340140018176577e+00
2.244643399999999929e+03 -3.206562078541477678e+00
2.262599200000000110e+03 -3.202800183740963647e+00
2.298913900000000012e+03 -3.201164849393536294e+00
2.299878400000000056e+03 -3.201414293616578810e+00
2.301882300000000214e+03 -3.199319834029413112e+00
2.353764000000000124e+03 -3.200232235506771605e+00
2.370359500000000025e+03 -3.205259679534252726e+00
2.371406500000000051e+03 -3.205529383056260340e+00
2.375167300000000068e+03 -3.197768315143217244e+00
2.375764799999999923e+03 -3.197924307351026840e+00
2.407069700000000012e+03 -3.201746129806763541e+00
2.448086600000000089e+03 -3.203311956320113119e+00
2.449135099999999966e+03 -3.203583370642541617e+00
