1.003516000000000048e+02 -1.487235274043257061e+00
1.004651999999999958e+02 -1.487213094988574902e+00
1.264485300000000052e+02 -1.486692668249365745e+00
1.492826100000000054e+02 -1.486597055553622315e+00
1.511813899999999933e+02 -1.487112352981344809e+00
1.756934599999999875e+02 -1.486363112980083390e+00
1.999502300000000048e+02 -1.485985283796593892e+00
2.006085500000000081e+02 -1.486421552411403502e+00
2.244365799999999922e+02 -1.485532976995860288e+00
2.499707300000000032e+02 -1.485587859181545012e+00
2.501341600000000085e+02 -1.484981269277531268e+00
2.734590299999999843e+02 -1.484249152706130559e+00
2.994161700000000224e+02 -1.483302201615870120e+00
2.999093300000000113e+02 -1.483582400397795320e+00
3.243177600000000211e+02 -1.482763674537476373e+00
3.452992100000000164e+02 -1.481565417680576813e+00
3.510477900000000204e+02 -1.481148018788956078e+00
3.726487399999999752e+02 -1.479746847643404362e+00
3.962934999999999945e+02 -1.478593714371051027e+00
3.980682199999999966e+02 -1.478269184882978537e+00
4.210443500000000085e+02 -1.475156509066096966e+00
4.459096400000000244e+02 -1.473528147888016893e+00
4.522706000000000017e+02 -1.475279950895167946e+00
4.704358100000000036e+02 -1.471034893746151484e+00
4.971538100000000213e+02 -1.470979734760708313e+00
4.983342700000000036e+02 -1.469218450832164624e+00
5.204972800000000461e+02 -1.466497490775226620e+00
5.488419499999999971e+02 -1.465870440295659938e+00
5.536162900000000491e+02 -1.466846102604369761e+00
5.735732400000000553e+02 -1.463244787337825814e+00
5.950828500000000076e+02 -1.460176607909493107e+00
6.026293299999999817e+02 -1.461620551931732681e+00
6.193359699999999748e+02 -1.457954867491453976e+00
6.479506400000000212e+02 -1.457063300269466843e+00
6.501567700000000514e+02 -1.458636834576890973e+00
6.733911100000000260e+02 -1.455445175382740874e+00
6.950955400000000282e+02 -1.452466644336562585e+00
6.985593999999999824e+02 -1.453142245268941979e+00
7.200002500000000509e+02 -1.450133279631043770e+00
7.485776499999999487e+02 -1.450342702244834525e+00
7.530975300000000061e+02 -1.450232838039946959e+00
7.744368699999999990e+02 -1.447514340813438327e+00
7.948497800000000097e+02 -1.444026320598055912e+00
8.068396000000000186e+02 -1.445813033411485371e+00
8.114051899999999478e+02 -1.440610213100549153e+00
8.528211999999999762e+02 -1.441769752809251237e+00
8.578450000000000273e+02 -1.443431979583611469e+00
8.717304100000000062e+02 -1.440298654663860090e+00
8.971323300000000245e+02 -1.437561312867819519e+00
9.022630299999999579e+02 -1.438824145092749918e+00
9.198774300000000039e+02 -1.436328764646392475e+00
9.499040099999999711e+02 -1.435949415748869029e+00
9.570244400000000269e+02 -1.436196712173567480e+00
9.698707799999999679e+02 -1.432742965628596599e+00
9.991300899999999956e+02 -1.430294714633525421e+00
1.004994900000000030e+03 -1.432856630761080829e+00
1.019024199999999951e+03 -1.430766915832199615e+00
1.044948900000000094e+03 -1.428667267344489122e+00
1.048116899999999987e+03 -1.428154892651902319e+00
1.065127600000000029e+03 -1.425570256274645509e+00
1.091348899999999958e+03 -1.425283901930149311e+00
1.095453800000000001e+03 -1.424146494564729970e+00
1.118242099999999937e+03 -1.422795203961686017e+00
1.143798500000000104e+03 -1.421788822135557906e+00
1.154030500000000075e+03 -1.422959237005854360e+00
1.168566299999999956e+03 -1.421050380994231865e+00
1.201132399999999961e+03 -1.417559789569295292e+00
1.202523400000000038e+03 -1.418581562551845199e+00
1.219797299999999950e+03 -1.418151880888196992e+00
1.243731899999999996e+03 -1.414300371510289978e+00
1.254679300000000012e+03 -1.417711247501502791e+00
1.274369300000000067e+03 -1.415716118798334922e+00
1.295790899999999965e+03 -1.411686402176308031e+00
1.303418499999999995e+03 -1.416178286598780200e+00
1.321056100000000015e+03 -1.412549884884940266e+00
1.343340799999999945e+03 -1.407757799137100196e+00
1.356484500000000025e+03 -1.411814367961135908e+00
1.369112200000000030e+03 -1.410388975480578511e+00
1.389512999999999920e+03 -1.407508195034854470e+00
1.400703500000000076e+03 -1.410050103660072995e+00
1.401854199999999992e+03 -1.402679406252312466e+00
1.457334200000000010e+03 -1.402095060475930355e+00
1.462403900000000021e+03 -1.406902574848817977e+00
1.463822300000000041e+03 -1.403204126167979737e+00
1.495756900000000087e+03 -1.402553485201091465e+00
1.509914700000000039e+03 -1.405404327756071492e+00
1.521073900000000094e+03 -1.402880542428472044e+00
1.558815900000000056e+03 -1.402554148768002440e+00
1.561649400000000014e+03 -1.396917745736178773e+00
1.568707900000000109e+03 -1.406197983783547878e+00
1.610851499999999987e+03 -1.398847981075680647e+00
1.614892299999999977e+03 -1.395739595907929065e+00
1.618239700000000084e+03 -1.401357153523776322e+00
1.648761799999999994e+03 -1.398834687197231030e+00
1.659297900000000027e+03 -1.391868116506354891e+00
1.660917899999999918e+03 -1.396044755111468971e+00
1.695375000000000000e+03 -1.390710336049594709e+00
1.708411599999999908e+03 -1.390497002858504638e+00
1.718514699999999948e+03 -1.391236272407910812e+00
1.749440499999999929e+03 -1.390071121922180630e+00
1.753637300000000096e+03 -1.394049524235970505e+00
1.762121699999999919e+03 -1.386651316820972202e+00
1.796309299999999894e+03 -1.387106070527196700e+00
1.797931100000000015e+03 -1.386831973572564047e+00
1.812478599999999915e+03 -1.384845437989856931e+00
1.826619599999999991e+03 -1.383492263076964379e+00
1.834494099999999889e+03 -1.382538714921064837e+00
1.862573499999999967e+03 -1.381547188228966494e+00
1.883639400000000023e+03 -1.380822473128025862e+00
1.891490199999999959e+03 -1.376901012990238149e+00
1.913334900000000061e+03 -1.378145137774113183e+00
1.951369899999999916e+03 -1.376454077257483366e+00
1.960969100000000026e+03 -1.378027255298874376e+00
1.967746000000000095e+03 -1.377175768839645098e+00
1.993578899999999976e+03 -1.370779388020746836e+00
2.000165999999999940e+03 -1.373905498435567640e+00
2.015222400000000107e+03 -1.370979945576337844e+00
2.035574100000000044e+03 -1.373257497652868198e+00
2.037398100000000113e+03 -1.374506821398596035e+00
2.058941699999999855e+03 -1.367612196006810610e+00
2.093726400000000012e+03 -1.369547080320330679e+00
2.097205199999999877e+03 -1.374358234971048365e+00
2.105071300000000065e+03 -1.360460829923264114e+00
2.137708299999999781e+03 -1.359719434647194802e+00
2.147836999999999989e+03 -1.365950514653106351e+00
2.164790700000000015e+03 -1.362169888824630970e+00
2.185588400000000092e+03 -1.355989007827186343e+00
2.194998999999999796e+03 -1.359461983868207380e+00
2.218817799999999806e+03 -1.358713399680075318e+00
2.245165500000000065e+03 -1.352246207088225960e+00
2.246586299999999937e+03 -1.354751615166994938e+00
2.268699999999999818e+03 -1.349870594242783994e+00
2.276871900000000096e+03 -1.352626995244682551e+00
2.283264599999999973e+03 -1.338453510899472843e+00
2.286007300000000214e+03 -1.350458095892315802e+00
2.353327200000000175e+03 -1.346740879245611477e+00
2.355084499999999935e+03 -1.337606890102173374e+00
2.363827499999999873e+03 -1.347782659892491353e+00
2.388783899999999903e+03 -1.339585342795093226e+00
2.409146699999999782e+03 -1.331463922390913712e+00
2.413505999999999858e+03 -1.347434568262783960e+00
2.442881699999999910e+03 -1.326315307275150346e+00
