9.883894100000000549e+01 -3.297716092123756049e+00
1.279574900000000071e+02 -3.297356171738040409e+00
1.481942799999999920e+02 -3.296696170762212663e+00
1.754490900000000124e+02 -3.295884408243989760e+00
1.994327199999999891e+02 -3.295559669354701793e+00
2.228333000000000084e+02 -3.293736296911200512e+00
2.505943599999999947e+02 -3.293870492531266958e+00
2.759811799999999948e+02 -3.292449468944971258e+00
2.982819299999999885e+02 -3.291048770381829414e+00
3.234878100000000245e+02 -3.289054509792044279e+00
3.504320999999999913e+02 -3.288079681116010899e+00
3.754966099999999756e+02 -3.286938655777153162e+00
3.967703599999999824e+02 -3.285051818146767832e+00
4.230178500000000099e+02 -3.282402908161464516e+00
4.511872299999999996e+02 -3.281091828110115127e+00
4.699502200000000016e+02 -3.277574126008380606e+00
5.005828200000000265e+02 -3.276858721959176712e+00
5.261973500000000286e+02 -3.275198784545063191e+00
5.487722899999999981e+02 -3.272468755837064425e+00
5.711207200000000057e+02 -3.269944417698176675e+00
6.023273299999999608e+02 -3.268625625672725743e+00
6.225130100000000084e+02 -3.267281335009156074e+00
6.490713700000000017e+02 -3.265247545840306742e+00
6.721897699999999531e+02 -3.263382620544426516e+00
7.034034699999999702e+02 -3.260863849904673817e+00
7.179534300000000258e+02 -3.258786407435431354e+00
7.508345199999999977e+02 -3.258109335533695639e+00
7.698454000000000406e+02 -3.256532320822494331e+00
7.977629500000000462e+02 -3.255676440979480724e+00
8.189834899999999607e+02 -3.252575867858900072e+00
8.555230999999999995e+02 -3.252505037899963369e+00
8.700418799999999919e+02 -3.249951287273343592e+00
9.091259499999999889e+02 -3.250010416564943050e+00
9.206507400000000416e+02 -3.248444567100994718e+00
9.604261800000000449e+02 -3.247518781836173041e+00
9.707551200000000335e+02 -3.245323864791113344e+00
1.003403900000000021e+03 -3.243445478242079627e+00
1.014501600000000053e+03 -3.240666632531568947e+00
1.057373700000000099e+03 -3.241227229031102386e+00
1.064991500000000087e+03 -3.238635417735791666e+00
1.107079400000000078e+03 -3.238784042132946350e+00
1.122399599999999964e+03 -3.238914169015818523e+00
1.149725699999999961e+03 -3.235978459015736775e+00
1.179766399999999976e+03 -3.238308490116052152e+00
1.192986300000000028e+03 -3.233736020115224097e+00
1.216071599999999989e+03 -3.232894086762116093e+00
1.249485300000000052e+03 -3.231763416730631278e+00
1.273585600000000113e+03 -3.233019622994379283e+00
1.301871300000000019e+03 -3.230775047929587362e+00
1.322907699999999977e+03 -3.231616541215532212e+00
1.351822200000000066e+03 -3.226782284511652499e+00
1.363840699999999970e+03 -3.225814911574301114e+00
1.409348799999999983e+03 -3.229196138139547756e+00
1.415997599999999920e+03 -3.225197399314170710e+00
1.440844399999999951e+03 -3.221142926940750328e+00
1.472237499999999955e+03 -3.225849702287429732e+00
1.507640100000000075e+03 -3.221402447363528765e+00
1.508632000000000062e+03 -3.220847912544799740e+00
1.543098899999999958e+03 -3.219211274281106760e+00
1.560100799999999936e+03 -3.217643953809985913e+00
1.574088700000000017e+03 -3.215673650140182360e+00
1.605321699999999964e+03 -3.216867277849796647e+00
1.649606800000000021e+03 -3.218499197989906691e+00
1.662054699999999912e+03 -3.217295845917519159e+00
1.695763099999999895e+03 -3.215965919000183693e+00
1.714354199999999992e+03 -3.216267356137629374e+00
1.757892900000000054e+03 -3.216719241910802385e+00
1.766813900000000103e+03 -3.215501276565704725e+00
1.808125399999999900e+03 -3.215955648552081492e+00
1.808455799999999954e+03 -3.210341287425801493e+00
1.862404899999999998e+03 -3.214164857624131066e+00
1.875767599999999902e+03 -3.215075518392096487e+00
1.895981600000000071e+03 -3.207811671340865978e+00
1.912307999999999993e+03 -3.210623099462178498e+00
1.933277299999999968e+03 -3.207808888643137291e+00
1.963464099999999917e+03 -3.209579651032789638e+00
2.004158500000000004e+03 -3.206686417922504528e+00
2.015261299999999892e+03 -3.207691253781787211e+00
2.040055900000000065e+03 -3.206216763160059546e+00
2.066477199999999812e+03 -3.207276383100640782e+00
2.100841499999999996e+03 -3.202134287252396128e+00
2.107253299999999854e+03 -3.205886766487234141e+00
2.142349200000000110e+03 -3.204640245896821948e+00
2.164811700000000201e+03 -3.204996811738241913e+00
2.193572000000000116e+03 -3.203116025276199874e+00
2.209073100000000068e+03 -3.203926645257750394e+00
2.252560199999999895e+03 -3.204483143774879306e+00
2.267607199999999921e+03 -3.203022034429155784e+00
2.300310300000000097e+03 -3.200441682132830756e+00
2.300376600000000053e+03 -3.204584661611998175e+00
2.345081099999999878e+03 -3.201380012125898844e+00
2.354092700000000150e+03 -3.199755130805460368e+00
2.404710199999999986e+03 -3.201135948539854059e+00
2.405897399999999834e+03 -3.198822977359128128e+00
2.433875000000000000e+03 -3.195387567698119824e+00
