9.881717500000000598e+01 -3.853457157628022323e+00
1.264703499999999963e+02 -3.853264511067072018e+00
1.490804599999999880e+02 -3.853153385210561943e+00
1.754562200000000018e+02 -3.852932964293709794e+00
2.000790000000000077e+02 -3.852863474687588052e+00
2.243533700000000124e+02 -3.852482206445745128e+00
2.487641999999999882e+02 -3.852371102865081998e+00
2.745378099999999790e+02 -3.851882404781402425e+00
3.008908500000000004e+02 -3.851212593092949721e+00
3.205700800000000186e+02 -3.850394305613773049e+00
3.496111500000000092e+02 -3.850305114574287035e+00
3.716695700000000215e+02 -3.849507553534558646e+00
4.010622399999999743e+02 -3.849754678408530584e+00
4.169009500000000230e+02 -3.847058897263992527e+00
4.493791200000000003e+02 -3.847993721954676705e+00
4.716590899999999920e+02 -3.846683468567447139e+00
4.979445299999999861e+02 -3.846476844478841528e+00
5.204354899999999589e+02 -3.844339648317938618e+00
5.495098199999999906e+02 -3.843296456424084351e+00
5.705058400000000347e+02 -3.842587514746935717e+00
5.989881199999999808e+02 -3.841600812243135987e+00
6.188802500000000464e+02 -3.839135294163474654e+00
6.495997800000000097e+02 -3.838179641898443961e+00
6.656495999999999640e+02 -3.833158424679397047e+00
7.031319499999999607e+02 -3.833848511046721086e+00
7.181294299999999566e+02 -3.826494333155576300e+00
7.493130599999999504e+02 -3.825954049762522846e+00
7.695304200000000492e+02 -3.817884995620702604e+00
8.017526299999999537e+02 -3.815439686600054614e+00
8.220179799999999659e+02 -3.809586427796711305e+00
8.516188399999999774e+02 -3.806132438046149424e+00
8.657567599999999857e+02 -3.797686924046425716e+00
8.978716200000000072e+02 -3.796198597291726706e+00
9.229939799999999650e+02 -3.790338505347109255e+00
9.477444600000000037e+02 -3.786651865900067637e+00
9.607388899999999694e+02 -3.778230551746723176e+00
9.933117200000000366e+02 -3.778120134925683438e+00
1.005162199999999984e+03 -3.770989897425186754e+00
1.045009199999999964e+03 -3.772771244045337813e+00
1.065314100000000053e+03 -3.767048757231364675e+00
1.101784699999999930e+03 -3.765913221354521667e+00
1.109520500000000084e+03 -3.760227246163612147e+00
1.150226000000000113e+03 -3.759630847615158089e+00
1.160464899999999943e+03 -3.751636905422022217e+00
1.195112200000000030e+03 -3.751010571969982887e+00
1.211572300000000041e+03 -3.748827508636265016e+00
1.260292799999999943e+03 -3.749328386319853657e+00
1.271652000000000044e+03 -3.746165332045090501e+00
1.289768600000000106e+03 -3.740725589374989557e+00
1.321824900000000071e+03 -3.739095215491691437e+00
1.351079999999999927e+03 -3.735264744436372908e+00
1.366064699999999903e+03 -3.733520380918474935e+00
1.398511199999999917e+03 -3.731298738210366395e+00
1.409817800000000034e+03 -3.728199024522360183e+00
1.456795800000000099e+03 -3.729833086872088366e+00
1.460163600000000088e+03 -3.723897908931165457e+00
1.503303100000000086e+03 -3.722490232880907080e+00
1.508755300000000034e+03 -3.718212680376059787e+00
1.549406600000000026e+03 -3.717600845257168274e+00
1.557559500000000071e+03 -3.713322210220404429e+00
1.586507900000000063e+03 -3.712880495073985543e+00
1.601384499999999889e+03 -3.706631033101248640e+00
1.643681000000000040e+03 -3.707470262952112350e+00
1.667931100000000015e+03 -3.709354855583715693e+00
1.700836199999999963e+03 -3.698629543360505423e+00
1.718614700000000084e+03 -3.711547591526838108e+00
1.751676699999999983e+03 -3.699898969715655905e+00
1.771819600000000037e+03 -3.700045298788779302e+00
1.811777599999999893e+03 -3.692175766520824798e+00
1.816298099999999977e+03 -3.700035938437890248e+00
1.839309500000000071e+03 -3.688634446565685288e+00
1.865928000000000111e+03 -3.688823053959819465e+00
1.910054599999999937e+03 -3.690331055482466205e+00
1.925853100000000040e+03 -3.688752703392423449e+00
1.948516699999999901e+03 -3.682315542138733910e+00
1.961207599999999957e+03 -3.681195517222878077e+00
1.987320899999999938e+03 -3.676627121010318522e+00
2.014969399999999951e+03 -3.676723109141742718e+00
2.047207000000000107e+03 -3.672047451447562061e+00
2.065145199999999932e+03 -3.672233785039821008e+00
2.103461899999999787e+03 -3.667836036046038917e+00
2.118249099999999999e+03 -3.667900222010778144e+00
2.149492900000000191e+03 -3.667972328688392292e+00
2.161402399999999943e+03 -3.663666019906117732e+00
2.197212199999999939e+03 -3.660498367690341759e+00
2.204660199999999804e+03 -3.664558924725678235e+00
2.256070200000000114e+03 -3.655354928871223485e+00
2.256941299999999956e+03 -3.663378466699715563e+00
2.293893900000000031e+03 -3.651545992538082430e+00
2.316457699999999932e+03 -3.652688567329655189e+00
2.346324999999999818e+03 -3.651129836618152158e+00
2.375968600000000151e+03 -3.649845098735958970e+00
2.405832899999999881e+03 -3.646898100097540230e+00
2.420942399999999907e+03 -3.646652822579530273e+00
2.484551899999999932e+03 -3.648660293519993658e+00
