9.837759699999999441e+01 -4.418284948861082917e+00
1.001253099999999989e+02 -4.418466362418968174e+00
1.270858499999999935e+02 -4.417514053437639809e+00
1.502699399999999912e+02 -4.417436311820789108e+00
1.509045199999999909e+02 -4.417731393305261101e+00
1.760559700000000021e+02 -4.416019672508785909e+00
1.999414099999999905e+02 -4.415813962332046927e+00
2.024780800000000056e+02 -4.415827008465596393e+00
2.228116100000000017e+02 -4.413264019555347417e+00
2.488933000000000106e+02 -4.412419743407153483e+00
2.501985300000000052e+02 -4.413611842628254678e+00
2.724666599999999903e+02 -4.410110761216921027e+00
3.014525800000000118e+02 -4.410520390353811493e+00
3.021799899999999752e+02 -4.409077817483447070e+00
3.231003099999999790e+02 -4.406183215883789472e+00
3.474191400000000272e+02 -4.404646130221957279e+00
3.492219000000000051e+02 -4.405973313299952565e+00
3.680174499999999966e+02 -4.400509978128133604e+00
3.971173000000000002e+02 -4.401599528583992615e+00
3.995448499999999967e+02 -4.401176213183020103e+00
4.190465899999999806e+02 -4.398229199564120506e+00
4.477856899999999882e+02 -4.398337131543716083e+00
4.516750099999999861e+02 -4.399377912667996604e+00
4.704962499999999750e+02 -4.395169336112614289e+00
4.959260199999999941e+02 -4.393901335353926463e+00
5.046861900000000105e+02 -4.395693746251457590e+00
5.203149600000000419e+02 -4.392207176069829799e+00
5.483981999999999744e+02 -4.392309507960252546e+00
5.516020399999999881e+02 -4.393971521763886834e+00
5.688608100000000150e+02 -4.389597311962893933e+00
5.992683600000000297e+02 -4.389995313597422566e+00
6.004402700000000550e+02 -4.391165108556305263e+00
6.169808399999999438e+02 -4.387673772398639649e+00
6.508401400000000194e+02 -4.388294977039296718e+00
6.552843699999999671e+02 -4.388407922992383803e+00
6.703135200000000395e+02 -4.386508757177418616e+00
6.974031599999999571e+02 -4.385086871762789329e+00
7.093718400000000202e+02 -4.387597714417510453e+00
7.183986899999999878e+02 -4.384835415867633479e+00
7.486275900000000547e+02 -4.384884006785675581e+00
7.519433599999999842e+02 -4.385799361363472926e+00
7.679895199999999704e+02 -4.382843756072691832e+00
7.987308900000000449e+02 -4.382691887476612536e+00
8.009593200000000479e+02 -4.383512536258975523e+00
8.108488800000000083e+02 -4.380939477510164437e+00
8.485558899999999767e+02 -4.383372611411292752e+00
8.490349200000000565e+02 -4.382510240148345559e+00
8.663027200000000221e+02 -4.381042242250073215e+00
9.018559800000000450e+02 -4.381103455577428640e+00
9.056565299999999752e+02 -4.381750587706200406e+00
9.125997999999999593e+02 -4.380215162293179532e+00
9.462278900000000021e+02 -4.379851294321781552e+00
9.476252799999999752e+02 -4.380119630705943123e+00
9.660580499999999802e+02 -4.380212926941865703e+00
9.953913499999999885e+02 -4.379628399804737171e+00
1.003272900000000050e+03 -4.379597547407763969e+00
1.014867399999999975e+03 -4.379724917819756591e+00
1.048479700000000093e+03 -4.378767816587568085e+00
1.059366299999999910e+03 -4.380684142897236732e+00
1.060324100000000044e+03 -4.377702819824189184e+00
1.097417200000000093e+03 -4.377916641249358420e+00
1.098129200000000083e+03 -4.379402152570099460e+00
1.107376299999999901e+03 -4.377039404469218020e+00
1.142751299999999901e+03 -4.378345089706230375e+00
1.146305900000000065e+03 -4.379517891865622126e+00
1.166595600000000104e+03 -4.377939857393119638e+00
1.190217599999999948e+03 -4.378962043138637128e+00
1.209206500000000005e+03 -4.379293248052772647e+00
1.215744099999999889e+03 -4.378307691388112488e+00
1.248415700000000015e+03 -4.378581041837186660e+00
1.252821300000000065e+03 -4.378855332328410732e+00
1.255499399999999923e+03 -4.375496687319825995e+00
1.298318500000000085e+03 -4.379322841372671249e+00
1.299389400000000023e+03 -4.378061831601105958e+00
1.311860400000000027e+03 -4.377233777615839649e+00
1.335150100000000066e+03 -4.376786279463050100e+00
1.350537100000000009e+03 -4.379762344313620659e+00
1.359503600000000006e+03 -4.376371224058740239e+00
1.384581300000000056e+03 -4.375927583765403917e+00
1.406127400000000080e+03 -4.378963840781675110e+00
1.417737399999999980e+03 -4.380048556334894094e+00
1.449384399999999914e+03 -4.377045934266684313e+00
1.450725500000000011e+03 -4.380258043417601499e+00
1.461433899999999994e+03 -4.378651199912215297e+00
1.493571799999999939e+03 -4.378053217813638653e+00
1.501012199999999893e+03 -4.378336723592475721e+00
1.517868600000000015e+03 -4.379971153424728314e+00
1.548790999999999940e+03 -4.379065046625490787e+00
1.555225500000000011e+03 -4.378341916550071211e+00
1.559925799999999981e+03 -4.378194072076878385e+00
1.585213700000000017e+03 -4.378604182397703326e+00
1.591187799999999925e+03 -4.377796224749056719e+00
1.609933800000000019e+03 -4.379178822028507057e+00
1.634125099999999975e+03 -4.378627544037517971e+00
1.646998700000000099e+03 -4.379771878736717916e+00
1.665834100000000035e+03 -4.379517553093956295e+00
1.682425099999999929e+03 -4.375626471681297147e+00
1.711393000000000029e+03 -4.382278287394252736e+00
1.715578700000000026e+03 -4.381100095325328958e+00
1.756870899999999892e+03 -4.378435647224093508e+00
1.756990600000000086e+03 -4.381751143247918812e+00
1.762739100000000008e+03 -4.381164020845477403e+00
1.781530600000000049e+03 -4.379014721102383767e+00
1.788569899999999961e+03 -4.378671890540021927e+00
1.794899499999999989e+03 -4.376817784612368811e+00
1.834691199999999981e+03 -4.380255097650247897e+00
1.841419200000000046e+03 -4.382859522386520545e+00
1.848280899999999974e+03 -4.378041967371405718e+00
1.884715799999999945e+03 -4.380367485256668303e+00
1.907482199999999921e+03 -4.383926826574640501e+00
1.907757000000000062e+03 -4.381281808411478629e+00
1.934439200000000028e+03 -4.378231845868615579e+00
1.938487599999999929e+03 -4.375960200538678180e+00
1.954764899999999898e+03 -4.381057785322281184e+00
1.994567099999999982e+03 -4.378037503435935562e+00
2.002204600000000028e+03 -4.383334817142409356e+00
2.016060300000000097e+03 -4.383552502823517827e+00
2.044507200000000012e+03 -4.384085912993824330e+00
2.046143900000000031e+03 -4.383326761004358474e+00
2.053836299999999937e+03 -4.383220600040849568e+00
2.094563900000000103e+03 -4.384494712258467430e+00
2.101480399999999918e+03 -4.381977401887266588e+00
2.113180899999999838e+03 -4.385467052266929677e+00
2.134902300000000196e+03 -4.380963140341059159e+00
2.144479899999999816e+03 -4.384599175223573120e+00
2.170949200000000019e+03 -4.386870776682376238e+00
2.190316400000000158e+03 -4.384003728385597043e+00
2.219145899999999983e+03 -4.387074782244184235e+00
2.223183399999999892e+03 -4.385254420410967136e+00
2.236653499999999894e+03 -4.384738439540994293e+00
2.252067599999999857e+03 -4.385904290659686566e+00
2.261975699999999961e+03 -4.390176855319815274e+00
2.286241100000000188e+03 -4.383318558201201753e+00
2.288491100000000188e+03 -4.390049474892442127e+00
2.293143199999999979e+03 -4.385221858544491980e+00
2.329969900000000052e+03 -4.386658943382127696e+00
2.347356099999999969e+03 -4.385144920819546321e+00
2.350932099999999991e+03 -4.387997181622923293e+00
2.414215000000000146e+03 -4.389235302395464444e+00
2.416777700000000095e+03 -4.388513728321275842e+00
2.423361100000000079e+03 -4.391210986832828844e+00
2.441023099999999886e+03 -4.387151583825041001e+00
