1.211855500000000063e+02 -6.225812390486550107e+00
1.313933700000000044e+02 -6.225737087624501065e+00
1.688573000000000093e+02 -6.225438033874764798e+00
1.690053599999999960e+02 -6.225589275933956834e+00
1.789787599999999941e+02 -6.225375516163561329e+00
2.162211100000000101e+02 -6.224826832737460514e+00
2.171381800000000055e+02 -6.225160595861931156e+00
2.254453100000000063e+02 -6.224471292965428226e+00
2.649205999999999790e+02 -6.224439315351712132e+00
2.668879400000000146e+02 -6.224853773908262333e+00
2.743778500000000236e+02 -6.224069730951617530e+00
3.146139099999999758e+02 -6.223713360970958952e+00
3.172867200000000025e+02 -6.224494402737668963e+00
3.249495999999999754e+02 -6.223674677028100177e+00
3.632641600000000039e+02 -6.223037824018076591e+00
3.634301399999999944e+02 -6.223157061261671785e+00
3.730729499999999916e+02 -6.222753013458063975e+00
4.138401299999999878e+02 -6.222290207476420143e+00
4.149118500000000154e+02 -6.222649193937059842e+00
4.209591699999999719e+02 -6.221475929414947537e+00
4.637127300000000218e+02 -6.221286971947574962e+00
4.667962899999999991e+02 -6.222169112226300314e+00
4.728589400000000182e+02 -6.220799322314497282e+00
5.112247499999999718e+02 -6.219225687918566337e+00
5.159681500000000369e+02 -6.220525735093710651e+00
5.231498400000000402e+02 -6.219564820005128780e+00
5.621917200000000321e+02 -6.218502315698169802e+00
5.637416200000000117e+02 -6.218976270689863028e+00
5.720193000000000438e+02 -6.218165879926513817e+00
6.087744699999999511e+02 -6.216313762474789506e+00
6.094363899999999603e+02 -6.216535258524960028e+00
6.217911599999999908e+02 -6.216670999636536799e+00
6.594406199999999671e+02 -6.214606353213340206e+00
6.614252000000000180e+02 -6.215177924871318815e+00
6.674809500000000071e+02 -6.213710177754679265e+00
7.060139299999999594e+02 -6.211616458686791020e+00
7.104151000000000522e+02 -6.212796483641718659e+00
7.227914700000000039e+02 -6.212722563515671759e+00
7.575855900000000247e+02 -6.209712142398764456e+00
7.578119799999999486e+02 -6.209726907271746477e+00
7.714043900000000349e+02 -6.210042668096818375e+00
8.094625200000000405e+02 -6.207838403347597733e+00
8.095145099999999729e+02 -6.207796887559115184e+00
8.228480499999999438e+02 -6.208046743043465376e+00
8.606843499999999949e+02 -6.205040677332091192e+00
8.610524799999999459e+02 -6.205196399899409521e+00
8.671892000000000280e+02 -6.203780625237500956e+00
9.107217600000000175e+02 -6.202200341569387376e+00
9.115524299999999585e+02 -6.202477675351657282e+00
9.277342200000000503e+02 -6.203165671687273175e+00
9.472094299999999976e+02 -6.194966633648762766e+00
9.584744399999999587e+02 -6.197886495819756369e+00
9.766239600000000110e+02 -6.199190557742707774e+00
1.011183499999999981e+03 -6.194990854719012674e+00
1.011449899999999957e+03 -6.194996626519248650e+00
1.014878500000000031e+03 -6.192532692743890621e+00
1.054664099999999962e+03 -6.189857549510508150e+00
1.055754500000000007e+03 -6.190109417229702871e+00
1.057176999999999907e+03 -6.186935537538094110e+00
1.104002899999999954e+03 -6.185728325010070527e+00
1.105409499999999980e+03 -6.186115366400859905e+00
1.122130100000000084e+03 -6.186573227800607810e+00
1.157365999999999985e+03 -6.181394296292997304e+00
1.160265200000000050e+03 -6.182090876390862633e+00
1.167955500000000029e+03 -6.180703234208657193e+00
1.213314599999999928e+03 -6.177732741633129798e+00
1.218539899999999989e+03 -6.179167546633634878e+00
1.220986499999999978e+03 -6.176341869246780192e+00
1.258741400000000112e+03 -6.173769675545040414e+00
1.263124199999999973e+03 -6.174959708256999136e+00
1.271916199999999890e+03 -6.173342426003216588e+00
1.313131399999999985e+03 -6.169620213126876251e+00
1.313269099999999980e+03 -6.165587523103404521e+00
1.317135299999999916e+03 -6.170566760383966454e+00
1.361333399999999983e+03 -6.165146217787819793e+00
1.364860699999999952e+03 -6.166132387755692612e+00
1.367970299999999952e+03 -6.163712181936405798e+00
1.407211700000000064e+03 -6.159119433788736941e+00
1.409240900000000011e+03 -6.159690836961660310e+00
1.415792699999999968e+03 -6.157826191255282744e+00
1.453739299999999957e+03 -6.154897999133755349e+00
1.455446799999999939e+03 -6.155366899997648744e+00
1.475643000000000029e+03 -6.156688162262931918e+00
1.504867299999999886e+03 -6.149540905265002522e+00
1.507796599999999899e+03 -6.150333298564621742e+00
1.512145400000000109e+03 -6.147323619556117613e+00
1.559337099999999964e+03 -6.146020662192119843e+00
1.560086700000000064e+03 -6.146265334121972401e+00
1.571902199999999993e+03 -6.144855699432631546e+00
1.607825900000000047e+03 -6.137393250827042124e+00
1.609528800000000047e+03 -6.141669735143359787e+00
1.611428799999999910e+03 -6.142221476603677566e+00
1.647682499999999891e+03 -6.135171023874997687e+00
1.655246300000000019e+03 -6.137133540719541536e+00
1.665552599999999984e+03 -6.135752025821397559e+00
1.705179300000000012e+03 -6.130111419487886515e+00
1.710279899999999998e+03 -6.131471243314646991e+00
1.717582499999999982e+03 -6.129233830932376392e+00
1.751645800000000008e+03 -6.125003031114625074e+00
1.758438200000000052e+03 -6.126783426739427441e+00
1.780657300000000077e+03 -6.128272977648348885e+00
1.790902199999999993e+03 -6.118229141429135431e+00
1.808228000000000065e+03 -6.122694466608850306e+00
1.813269600000000082e+03 -6.120704008247442651e+00
1.862839799999999968e+03 -6.120884554368541508e+00
1.863200499999999920e+03 -6.116101962890517107e+00
1.867188300000000027e+03 -6.121920187586273876e+00
1.901572799999999916e+03 -6.114148365743304225e+00
1.902035300000000007e+03 -6.114284214531158668e+00
1.912660300000000007e+03 -6.113203388320033405e+00
1.956492500000000064e+03 -6.106295010871110485e+00
1.958161499999999933e+03 -6.110713352164465206e+00
1.958976300000000037e+03 -6.110870055655889921e+00
1.997287700000000086e+03 -6.103997905771803900e+00
1.999026000000000067e+03 -6.104451870616165010e+00
2.013952999999999975e+03 -6.104193150238985233e+00
2.036103200000000015e+03 -6.095159088189884500e+00
2.048885400000000118e+03 -6.098618233005144162e+00
2.051952400000000125e+03 -6.099407551587622045e+00
2.107017400000000180e+03 -6.099230167962703675e+00
2.109584699999999884e+03 -6.099840436448711323e+00
2.110726599999999962e+03 -6.095814960503772362e+00
2.158572200000000066e+03 -6.091296660950852093e+00
2.159914400000000114e+03 -6.096040145456774972e+00
2.164978799999999865e+03 -6.097416053565860139e+00
2.188089100000000144e+03 -6.085857450704880378e+00
2.196667399999999816e+03 -6.088029315174795286e+00
2.203645599999999831e+03 -6.086258619027675287e+00
2.228418700000000172e+03 -6.079616958178240438e+00
2.239258400000000165e+03 -6.080361430614537710e+00
2.239681700000000092e+03 -6.082442162722996315e+00
2.290550699999999779e+03 -6.075208118304061600e+00
2.307870199999999841e+03 -6.083832205608267429e+00
2.309372699999999895e+03 -6.084272026031666059e+00
2.353513300000000072e+03 -6.076496398715798719e+00
2.358087300000000141e+03 -6.077636125038471171e+00
2.359954000000000178e+03 -6.077068429371408342e+00
2.397276699999999892e+03 -6.072318047024676702e+00
2.399317399999999907e+03 -6.072846626311092955e+00
2.422860700000000179e+03 -6.076861493203725040e+00
2.449305899999999838e+03 -6.066993951652077222e+00
2.457458599999999933e+03 -6.069111255141334205e+00
