1.228121799999999979e+02 1.547580093629147235e+01
1.311385099999999966e+02 1.548349989822918715e+01
1.694428399999999897e+02 1.549592051699572615e+01
1.698623299999999858e+02 1.549885049867697795e+01
1.802526300000000106e+02 1.551042540199470743e+01
2.176142199999999889e+02 1.553425961734174798e+01
2.178485900000000015e+02 1.553235752086301780e+01
2.262641199999999913e+02 1.553400061062487225e+01
2.673198499999999740e+02 1.556047272542234694e+01
2.681300100000000270e+02 1.556052055770404863e+01
2.766459899999999834e+02 1.556889324241807593e+01
3.150948099999999954e+02 1.560293252595155877e+01
3.167894299999999816e+02 1.560113525340932306e+01
3.242967699999999809e+02 1.560488754325259464e+01
3.674084599999999909e+02 1.562749694687563640e+01
3.693148499999999785e+02 1.562656981477712037e+01
3.756464899999999716e+02 1.563670211683289146e+01
4.148256400000000212e+02 1.567203439853450142e+01
4.172893000000000256e+02 1.567119275391817723e+01
4.248460699999999974e+02 1.567370649297781426e+01
4.621390000000000100e+02 1.570551852228780731e+01
4.642920500000000175e+02 1.570659627518827683e+01
4.767631400000000212e+02 1.571037858742112725e+01
5.136658499999999776e+02 1.575335996336250943e+01
5.145131900000000087e+02 1.575221300630978938e+01
5.232762900000000172e+02 1.576667616527579696e+01
5.615760199999999713e+02 1.579468247506614986e+01
5.635971899999999550e+02 1.579453541624262236e+01
5.698498899999999594e+02 1.580676216161204906e+01
6.117865000000000464e+02 1.584288723794015752e+01
6.172928000000000566e+02 1.584200793812334673e+01
6.207515600000000404e+02 1.585363220028495945e+01
6.625950000000000273e+02 1.588961276205984063e+01
6.631226599999999962e+02 1.588890596376959152e+01
6.721726599999999507e+02 1.588180083452066071e+01
7.053861100000000306e+02 1.592739619377162619e+01
7.068380700000000161e+02 1.592618715652350936e+01
7.172117500000000518e+02 1.594047781396295704e+01
7.552097999999999729e+02 1.597803582332586991e+01
7.583992799999999761e+02 1.597869733360472111e+01
7.717606399999999667e+02 1.599534805617748923e+01
8.136866700000000492e+02 1.603427488296356529e+01
8.137301400000000058e+02 1.603435171992672537e+01
8.199056299999999737e+02 1.605006971300630880e+01
8.593686500000000024e+02 1.609459240789741585e+01
8.649614900000000262e+02 1.609376501119478675e+01
8.739498499999999694e+02 1.608641970282922884e+01
9.121263400000000274e+02 1.613738092814980618e+01
9.134095499999999674e+02 1.613776358640341968e+01
9.250318600000000515e+02 1.615459749643802212e+01
9.585471700000000510e+02 1.619751984530836353e+01
9.602143499999999676e+02 1.619769438225117142e+01
9.685999399999999468e+02 1.620918939548137416e+01
1.012990000000000009e+03 1.626763382861795293e+01
1.013231599999999958e+03 1.626690667616527719e+01
1.022012299999999982e+03 1.625854162426216121e+01
1.059278499999999894e+03 1.631882912680643116e+01
1.060341799999999921e+03 1.631889883981274281e+01
1.069971700000000055e+03 1.632840626908202708e+01
1.106868799999999965e+03 1.639024577651129633e+01
1.107249099999999999e+03 1.638929116629350702e+01
1.117928300000000036e+03 1.637759006716873600e+01
1.161131699999999910e+03 1.645151842051699376e+01
1.165397899999999936e+03 1.643851974353755097e+01
1.165480199999999968e+03 1.643870140443720729e+01
1.204617899999999963e+03 1.651016995725625947e+01
1.207646099999999933e+03 1.651065794830042677e+01
1.211304699999999912e+03 1.651198046000407160e+01
1.258998499999999922e+03 1.655937767148381923e+01
1.266375900000000001e+03 1.655991247710156955e+01
1.270731099999999969e+03 1.659279055566863548e+01
1.304382499999999936e+03 1.661328414410747101e+01
1.309426999999999907e+03 1.661196468552819283e+01
1.316476699999999937e+03 1.665230917972725422e+01
1.354243300000000090e+03 1.670301546916344293e+01
1.362399100000000089e+03 1.670329737431304906e+01
1.373312300000000050e+03 1.672717738652554331e+01
1.402383299999999963e+03 1.677324089151231234e+01
1.402542300000000068e+03 1.677357724404640749e+01
1.408823599999999942e+03 1.677783787909627478e+01
1.465708300000000008e+03 1.682943822511703758e+01
1.467265699999999924e+03 1.682977355994301050e+01
1.473328099999999949e+03 1.686655556686342194e+01
1.511049600000000055e+03 1.693067321392224756e+01
1.511241999999999962e+03 1.689380571951964072e+01
1.512623299999999972e+03 1.689325208630164710e+01
1.553323599999999942e+03 1.697708579279462526e+01
1.557940900000000056e+03 1.697678353348259606e+01
1.573860300000000052e+03 1.699115713413392825e+01
1.604150300000000016e+03 1.704533737024221196e+01
1.606332599999999957e+03 1.704552106655811272e+01
1.608114000000000033e+03 1.705146142886220417e+01
1.660037600000000111e+03 1.710705831467534921e+01
1.661233899999999949e+03 1.710739975575005190e+01
1.665952900000000000e+03 1.711748931406472707e+01
1.707850200000000086e+03 1.721911052310197476e+01
1.708805599999999913e+03 1.716526409525748065e+01
1.712269800000000032e+03 1.716553633217992925e+01
1.751565700000000106e+03 1.726339405658456982e+01
1.755876299999999901e+03 1.728823071443110138e+01
1.755910800000000108e+03 1.726355994300834595e+01
1.797894099999999980e+03 1.733591441074699802e+01
1.808252400000000080e+03 1.733665784652961506e+01
1.812718100000000049e+03 1.734221707714227634e+01
1.841484699999999975e+03 1.741542234887034368e+01
1.852634099999999989e+03 1.743826786077752899e+01
1.854537600000000111e+03 1.741570425401994626e+01
1.894100400000000036e+03 1.748873956849175926e+01
1.896583599999999933e+03 1.748876959088133631e+01
1.914231399999999894e+03 1.750536281294524699e+01
1.937809899999999971e+03 1.758248575208630271e+01
1.942380200000000059e+03 1.758345868105027421e+01
1.975468900000000076e+03 1.755205424384286417e+01
2.004865700000000061e+03 1.762943262772236963e+01
2.012011899999999969e+03 1.763007734581722019e+01
2.016951800000000048e+03 1.765583604722165489e+01
2.046847299999999905e+03 1.771907439446366794e+01
2.048867900000000191e+03 1.771889629554243939e+01
2.071418799999999919e+03 1.771569458579279654e+01
2.105938900000000103e+03 1.778119733360472310e+01
2.108967599999999948e+03 1.777884439242825110e+01
2.109052299999999832e+03 1.778037553429676265e+01
2.152124699999999848e+03 1.788419804600040663e+01
2.156757000000000062e+03 1.788375534296763547e+01
2.158916400000000067e+03 1.789749033177284687e+01
2.204633899999999812e+03 1.797438326887848703e+01
2.205918500000000222e+03 1.794278088744148292e+01
2.210662299999999959e+03 1.794295949521676903e+01
2.245122899999999845e+03 1.804148534500305345e+01
2.252824900000000071e+03 1.804115102788520275e+01
2.263450699999999870e+03 1.805223234276409272e+01
2.298260699999999815e+03 1.811601770812130852e+01
2.302090000000000146e+03 1.811623447995114944e+01
2.323933599999999842e+03 1.813522745776511158e+01
2.347762799999999970e+03 1.820918634235701106e+01
2.349215499999999793e+03 1.820956238550783723e+01
2.368378000000000156e+03 1.821710360268675188e+01
2.385449200000000019e+03 1.826836505190311399e+01
2.394825400000000172e+03 1.826874007734581795e+01
2.408957100000000082e+03 1.831771931610014192e+01
2.436017800000000079e+03 1.839922145328719694e+01
2.450939899999999852e+03 1.839980052920822473e+01
