9.976862599999999759e+01 -3.889484624720314976e+00
9.991350900000000479e+01 -3.889677890973663565e+00
1.270404800000000023e+02 -3.889338880465085690e+00
1.482011099999999999e+02 -3.888908652919708775e+00
1.507829800000000091e+02 -3.889253656898921108e+00
1.754265300000000138e+02 -3.889012760850637740e+00
1.985450299999999970e+02 -3.888667045204834860e+00
1.994235199999999963e+02 -3.888440254537588014e+00
2.225070499999999925e+02 -3.888043161792721580e+00
2.494729900000000100e+02 -3.888176362395126873e+00
2.506081399999999917e+02 -3.888565129635389361e+00
2.746233500000000163e+02 -3.887985324599250170e+00
3.005298599999999851e+02 -3.887401073369790794e+00
3.010960799999999722e+02 -3.887268702258237951e+00
3.234203400000000101e+02 -3.886914891593820531e+00
3.504182999999999879e+02 -3.886566699741144770e+00
3.541662600000000225e+02 -3.886917974960456323e+00
3.722804300000000239e+02 -3.885337160366235665e+00
3.978006500000000187e+02 -3.884437444015629293e+00
4.018055899999999951e+02 -3.885158176274277064e+00
4.206641000000000190e+02 -3.882791923540759083e+00
4.463655200000000036e+02 -3.881946174954512330e+00
4.523299499999999966e+02 -3.882011455256733079e+00
4.694447799999999802e+02 -3.879012002347546062e+00
4.957230799999999817e+02 -3.878734480930759343e+00
4.978287100000000009e+02 -3.877907466513280443e+00
5.201178300000000263e+02 -3.874926771744219955e+00
5.496318599999999606e+02 -3.874605331656835627e+00
5.548852600000000166e+02 -3.874516920708551027e+00
5.712961199999999735e+02 -3.868448290484272079e+00
5.989017900000000054e+02 -3.866843556299587092e+00
6.040929499999999734e+02 -3.869242057311124139e+00
6.238674099999999498e+02 -3.864372213230002018e+00
6.453991899999999760e+02 -3.861623066633197432e+00
6.532875999999999976e+02 -3.863245626192875370e+00
6.731214499999999816e+02 -3.857884622277171438e+00
6.924660300000000461e+02 -3.854925221069740005e+00
7.105176000000000158e+02 -3.858403177332350165e+00
7.196098399999999629e+02 -3.851406511264170884e+00
7.459983499999999594e+02 -3.850841381184076262e+00
7.482363599999999906e+02 -3.850143389143651174e+00
7.687565700000000106e+02 -3.846276533720041080e+00
7.968622599999999920e+02 -3.844287071173586146e+00
8.055307199999999739e+02 -3.846658052876453571e+00
8.219388199999999642e+02 -3.841124888660938375e+00
8.454023999999999432e+02 -3.838568108284140745e+00
8.492598500000000286e+02 -3.838055311482117649e+00
8.661222699999999577e+02 -3.835718470411061176e+00
9.026060499999999820e+02 -3.835355525624705830e+00
9.101340099999999893e+02 -3.836717488697229062e+00
9.178592200000000503e+02 -3.831928582415939921e+00
9.479924999999999500e+02 -3.831138490704858235e+00
9.502954999999999472e+02 -3.830496176323553659e+00
9.702809700000000248e+02 -3.828207546481206869e+00
1.001057099999999991e+03 -3.825586392105553291e+00
1.001418900000000008e+03 -3.826496533605169947e+00
1.017534800000000018e+03 -3.823913934085556132e+00
1.049002799999999979e+03 -3.822112441797925975e+00
1.050381000000000085e+03 -3.822526997726454656e+00
1.067579999999999927e+03 -3.819041976939534067e+00
1.093188900000000103e+03 -3.819806749334131890e+00
1.099247599999999920e+03 -3.818302465848577576e+00
1.114129400000000032e+03 -3.817617089885046333e+00
1.147150699999999915e+03 -3.816354598053848246e+00
1.153593000000000075e+03 -3.816859720949086654e+00
1.162281300000000101e+03 -3.814321675366981523e+00
1.193681900000000041e+03 -3.814180348904652629e+00
1.202724600000000009e+03 -3.812911869043308588e+00
1.213181100000000015e+03 -3.809951638547484087e+00
1.249397699999999986e+03 -3.808965429454381990e+00
1.265077600000000075e+03 -3.811100514196028133e+00
1.270409400000000005e+03 -3.810249397465478971e+00
1.293459100000000035e+03 -3.805982832348492106e+00
1.299681000000000040e+03 -3.806326509717134154e+00
1.302065000000000055e+03 -3.803447451752142161e+00
1.355423199999999952e+03 -3.804794020728793136e+00
1.356532099999999900e+03 -3.802395674119429358e+00
1.357662299999999959e+03 -3.806627299687363131e+00
1.387765200000000050e+03 -3.802618281477085915e+00
1.393983500000000049e+03 -3.803593737313073930e+00
1.412365299999999934e+03 -3.801260107552516754e+00
1.440635299999999916e+03 -3.802313987464212897e+00
1.458611900000000105e+03 -3.799234347549289570e+00
1.461093299999999999e+03 -3.801492926170839670e+00
1.499874600000000100e+03 -3.797766272703655854e+00
1.499902199999999993e+03 -3.799643395640647014e+00
1.514937400000000025e+03 -3.799364153325639926e+00
1.555100699999999961e+03 -3.799284312333206959e+00
1.559348300000000108e+03 -3.794577547030937303e+00
1.569603299999999990e+03 -3.799576419562783691e+00
1.608016100000000051e+03 -3.796522616713692955e+00
1.612965999999999894e+03 -3.798334271331667455e+00
1.617769800000000032e+03 -3.796236234758004091e+00
1.637992700000000013e+03 -3.792216038014932344e+00
1.645713400000000092e+03 -3.794229242829004534e+00
1.660419000000000096e+03 -3.793070471163308088e+00
1.695149799999999914e+03 -3.791459566989535901e+00
1.696567199999999957e+03 -3.787569327120357876e+00
1.704697300000000041e+03 -3.792260067522321254e+00
1.738595900000000029e+03 -3.789611206064200211e+00
1.739658300000000054e+03 -3.789034951855293265e+00
1.770560099999999920e+03 -3.793063067683524192e+00
1.801019199999999955e+03 -3.789342195734403340e+00
1.802887300000000096e+03 -3.790137420513431277e+00
1.809182299999999941e+03 -3.786099018687624440e+00
1.832101499999999987e+03 -3.789237501579016065e+00
1.847994799999999941e+03 -3.787624782761528586e+00
1.856649400000000014e+03 -3.786997473460688379e+00
1.899806199999999990e+03 -3.787110960218045275e+00
1.905661299999999983e+03 -3.784975322355835115e+00
1.907341400000000021e+03 -3.788880504317270415e+00
1.928868500000000040e+03 -3.785920042005647357e+00
1.943368300000000090e+03 -3.787395427007811399e+00
1.953402700000000095e+03 -3.783695808618870782e+00
1.986635099999999966e+03 -3.783745930234621913e+00
1.995090899999999920e+03 -3.784132207839417728e+00
2.004756499999999960e+03 -3.782755016491836209e+00
2.044740399999999909e+03 -3.780776670017755414e+00
2.050199599999999919e+03 -3.783978893771445140e+00
2.056328199999999924e+03 -3.785762678792112812e+00
2.092605100000000220e+03 -3.781381514993387150e+00
2.096507999999999811e+03 -3.780292436168735115e+00
2.138742699999999786e+03 -3.779111160688082727e+00
2.144938299999999799e+03 -3.789482386632212485e+00
2.146376600000000053e+03 -3.778286232914823461e+00
2.160693499999999858e+03 -3.781189197235035326e+00
2.185627500000000055e+03 -3.777740668978221361e+00
2.212000300000000152e+03 -3.784846370691003159e+00
2.219633299999999963e+03 -3.783015969053001193e+00
2.235855799999999817e+03 -3.782512627328249444e+00
2.236138100000000122e+03 -3.778458648410426335e+00
2.255771600000000035e+03 -3.777762214777546035e+00
2.292312199999999848e+03 -3.779625286183809774e+00
2.295120399999999790e+03 -3.781551495865131507e+00
2.304245800000000145e+03 -3.776485852958290756e+00
2.335581200000000081e+03 -3.778868989947621326e+00
2.351205399999999827e+03 -3.775904849158424614e+00
2.370733299999999872e+03 -3.778060262983747641e+00
2.396336999999999989e+03 -3.773681669906490121e+00
2.409056799999999839e+03 -3.777969787903364018e+00
2.409800799999999981e+03 -3.778658055883174605e+00
2.446260200000000168e+03 -3.775461360793406218e+00
