1.008623800000000017e+02 -1.485352716730835132e+00
1.275384899999999959e+02 -1.485179054827169276e+00
1.500241599999999949e+02 -1.484788659221329299e+00
1.767143900000000087e+02 -1.484884625636282873e+00
1.996944100000000049e+02 -1.484442658291075912e+00
2.235959100000000035e+02 -1.483564985553682547e+00
2.487692999999999870e+02 -1.483613618141368384e+00
2.742587599999999952e+02 -1.482817846726299349e+00
3.023507999999999925e+02 -1.482503819356219443e+00
3.224059599999999932e+02 -1.480921787081210361e+00
3.454611100000000192e+02 -1.479491507755044788e+00
3.706358399999999733e+02 -1.478168107357821226e+00
4.006057000000000130e+02 -1.478324166450627697e+00
4.210287700000000086e+02 -1.474469904488951988e+00
4.504626999999999839e+02 -1.474382692841245124e+00
4.702819900000000075e+02 -1.471242227745603426e+00
4.980166100000000142e+02 -1.471033032023558729e+00
5.189566499999999678e+02 -1.465930878324559039e+00
5.489537299999999505e+02 -1.465920811292447556e+00
5.704891800000000330e+02 -1.462749450426868103e+00
5.958290899999999510e+02 -1.462076222325823460e+00
6.153995800000000145e+02 -1.457495139898968173e+00
6.534654600000000073e+02 -1.458348649084089566e+00
6.658532199999999648e+02 -1.453119572543161597e+00
7.010691199999999981e+02 -1.452726789587096778e+00
7.200442600000000084e+02 -1.449869061732987907e+00
7.512557900000000473e+02 -1.448035716264202799e+00
7.706104800000000523e+02 -1.446515220164656945e+00
8.088581900000000360e+02 -1.445983260958680683e+00
8.164928400000000011e+02 -1.442406593429922834e+00
8.503383700000000545e+02 -1.442222386022652625e+00
8.699785699999999906e+02 -1.440004887811244583e+00
9.015627399999999625e+02 -1.439280191469616721e+00
9.210243500000000267e+02 -1.436220371124359296e+00
9.574412600000000566e+02 -1.435793528079732928e+00
9.703357899999999745e+02 -1.432797741339280506e+00
1.002906399999999962e+03 -1.431276614231154598e+00
1.016668199999999956e+03 -1.428669292142960234e+00
1.039869999999999891e+03 -1.427221866752086621e+00
1.070441000000000031e+03 -1.427076381556520612e+00
1.089013500000000022e+03 -1.426256482643769363e+00
1.121106600000000071e+03 -1.423102139695932244e+00
1.135141399999999976e+03 -1.416948357108944068e+00
1.160980900000000020e+03 -1.418997250606118588e+00
1.186447899999999890e+03 -1.417351025978611512e+00
1.212684999999999945e+03 -1.417031151933595190e+00
1.247263099999999895e+03 -1.416373037187996564e+00
1.265938499999999976e+03 -1.414988960409460095e+00
1.296084599999999909e+03 -1.411803292225463968e+00
1.321732600000000048e+03 -1.411478590008833578e+00
1.354201099999999997e+03 -1.411470450737094762e+00
1.366324000000000069e+03 -1.409067773364137466e+00
1.402622200000000021e+03 -1.407796380236501443e+00
1.421266499999999951e+03 -1.407151413906055470e+00
1.448931900000000041e+03 -1.403966863635380591e+00
1.468077199999999948e+03 -1.406172512868697932e+00
1.504380300000000034e+03 -1.406592189053240460e+00
1.511741099999999960e+03 -1.400952358658312580e+00
1.547233699999999999e+03 -1.399840806919464331e+00
1.564343200000000024e+03 -1.397977010497696293e+00
1.603434600000000046e+03 -1.394183109032921974e+00
1.614158300000000054e+03 -1.399504554283324431e+00
1.657483799999999974e+03 -1.391277163221098956e+00
1.663258399999999938e+03 -1.398658369706702542e+00
1.701655199999999923e+03 -1.386989856551687605e+00
1.721606299999999919e+03 -1.393018109749700528e+00
1.757791300000000092e+03 -1.387145042235534476e+00
1.766312500000000000e+03 -1.392596669948953592e+00
1.797782300000000077e+03 -1.386412984743546684e+00
1.807112100000000055e+03 -1.382323804311601290e+00
1.862150399999999991e+03 -1.381503959483353805e+00
1.865358600000000024e+03 -1.389195901573624603e+00
1.899268600000000106e+03 -1.383693891170818757e+00
1.909683600000000069e+03 -1.377951102259569183e+00
1.951978000000000065e+03 -1.370851920299430038e+00
1.973487900000000081e+03 -1.381158383315919780e+00
2.018042599999999993e+03 -1.373629540419425421e+00
2.037697699999999941e+03 -1.383309594541390464e+00
2.050964899999999943e+03 -1.370124988599833893e+00
2.051850699999999961e+03 -1.367615790949433308e+00
2.080490499999999884e+03 -1.362994510277803162e+00
2.110603900000000067e+03 -1.364995432254231922e+00
2.149965599999999995e+03 -1.357814050691143137e+00
2.154949300000000221e+03 -1.367778041897958818e+00
2.186168500000000222e+03 -1.354698002297433312e+00
2.211930699999999888e+03 -1.352756527511972173e+00
2.213639000000000124e+03 -1.349218256807912741e+00
2.251190099999999802e+03 -1.347709548130765711e+00
2.301177799999999934e+03 -1.342712202988002090e+00
2.325413399999999911e+03 -1.360447718361202041e+00
2.327992000000000189e+03 -1.344844441604777785e+00
2.364518999999999778e+03 -1.342935016883816779e+00
2.401014200000000073e+03 -1.342255871127979061e+00
2.419033899999999903e+03 -1.333107178021174732e+00
2.425914999999999964e+03 -1.328075932817025073e+00
