1.008225599999999957e+02 -4.359743755665697940e+00
1.269894400000000019e+02 -4.359615681538096865e+00
1.510325599999999895e+02 -4.359624152244481188e+00
1.755482900000000086e+02 -4.359539047923338906e+00
2.004405800000000113e+02 -4.359683543029494679e+00
2.216090499999999963e+02 -4.358554752009492717e+00
2.506343200000000024e+02 -4.359127108352188529e+00
2.723097200000000271e+02 -4.358750679637716452e+00
2.999290700000000243e+02 -4.359003695317008820e+00
3.208530999999999835e+02 -4.358234823841886652e+00
3.515469100000000253e+02 -4.358805801500362342e+00
3.714922100000000000e+02 -4.358189160208612023e+00
4.037662300000000073e+02 -4.358769304945687040e+00
4.220908800000000269e+02 -4.357683622123845524e+00
4.516376099999999951e+02 -4.357134323811716392e+00
4.685086699999999951e+02 -4.355979799804739372e+00
4.989517299999999977e+02 -4.355996130677248779e+00
5.153534600000000410e+02 -4.354050521806744456e+00
5.528815299999999979e+02 -4.354606539245119201e+00
5.702197300000000268e+02 -4.354228184258555956e+00
5.952820699999999761e+02 -4.352430023537032788e+00
6.189132600000000366e+02 -4.352668100244363458e+00
6.583648200000000088e+02 -4.353405278000020751e+00
6.678440799999999626e+02 -4.350383282666477669e+00
6.954488300000000436e+02 -4.348717349927010645e+00
7.182343200000000252e+02 -4.347855257572621923e+00
7.448033699999999726e+02 -4.347134683844005032e+00
7.700055499999999711e+02 -4.343233146763123109e+00
8.062111800000000130e+02 -4.342920521409449286e+00
8.157588899999999512e+02 -4.336042977310186508e+00
8.521899799999999914e+02 -4.335918650067692504e+00
8.636754499999999553e+02 -4.327426850947960979e+00
9.042187500000000000e+02 -4.326917922057891275e+00
9.192963700000000244e+02 -4.319847997470267487e+00
9.436332700000000386e+02 -4.317166692565042041e+00
9.764912399999999479e+02 -4.310262495708249375e+00
1.010197900000000004e+03 -4.307446417765376623e+00
1.024341400000000021e+03 -4.299698204234691623e+00
1.036845100000000002e+03 -4.293332094589305648e+00
1.071108799999999974e+03 -4.291068683272654560e+00
1.109319500000000062e+03 -4.289321324777310984e+00
1.126054900000000089e+03 -4.284965690879487532e+00
1.159089300000000094e+03 -4.281151883847576833e+00
1.171547299999999950e+03 -4.276398985285053023e+00
1.193735200000000077e+03 -4.274907337867217549e+00
1.213855499999999893e+03 -4.269093519485044119e+00
1.258940200000000004e+03 -4.270845341641642534e+00
1.263615999999999985e+03 -4.262954037438413835e+00
1.315253600000000006e+03 -4.265095721749239566e+00
1.327856299999999919e+03 -4.261280190309221894e+00
1.340180399999999963e+03 -4.254347347211160368e+00
1.367111300000000028e+03 -4.253138088095413494e+00
1.398291500000000042e+03 -4.250872360682104834e+00
1.411517000000000053e+03 -4.246148936601601420e+00
1.438203800000000001e+03 -4.240338561377736681e+00
1.463898400000000038e+03 -4.242178460636250037e+00
1.510921100000000024e+03 -4.242345603352676520e+00
1.512531799999999976e+03 -4.236513324390659641e+00
1.543203099999999949e+03 -4.233066473810152885e+00
1.571475400000000036e+03 -4.234115859777034530e+00
1.597233999999999924e+03 -4.231633967244793126e+00
1.630810799999999972e+03 -4.230828537324409666e+00
1.636699599999999919e+03 -4.220966622777922339e+00
1.663589799999999968e+03 -4.221559787149181453e+00
1.700101899999999887e+03 -4.217619185018519623e+00
1.717938200000000052e+03 -4.217129419682001057e+00
1.728835800000000063e+03 -4.213171070883067415e+00
1.755725300000000061e+03 -4.212539242566394115e+00
1.799895600000000059e+03 -4.205228854863165111e+00
1.806183299999999917e+03 -4.215133456947254054e+00
1.844010099999999966e+03 -4.207263954226116098e+00
1.856702600000000075e+03 -4.203128212268391728e+00
1.904874099999999999e+03 -4.199094123645489951e+00
1.918709000000000060e+03 -4.200504783425333954e+00
1.949153900000000021e+03 -4.196107942508566779e+00
1.953423600000000079e+03 -4.192825168534144886e+00
1.987992099999999937e+03 -4.185638569554920529e+00
1.996000999999999976e+03 -4.191549096822846820e+00
2.034502099999999928e+03 -4.186484943996966024e+00
2.070888399999999820e+03 -4.185188087108362431e+00
2.109032600000000002e+03 -4.182377536631987525e+00
2.113860099999999875e+03 -4.187451411633128728e+00
2.146429599999999937e+03 -4.180472181569531820e+00
2.175365800000000036e+03 -4.180557080442772744e+00
2.210767800000000079e+03 -4.181756423918018939e+00
2.213751299999999901e+03 -4.174702305894730792e+00
2.241395799999999781e+03 -4.170336289052972489e+00
2.266501400000000103e+03 -4.172257331442707162e+00
2.303284500000000207e+03 -4.168445866163826174e+00
2.321411700000000110e+03 -4.168463982876609464e+00
2.367998000000000047e+03 -4.165609545037824546e+00
2.375992799999999988e+03 -4.169490679159564728e+00
2.408797199999999975e+03 -4.157614410309625974e+00
2.413102699999999913e+03 -4.162655108730400677e+00
2.469326500000000124e+03 -4.163074010778800016e+00
