9.917589999999999861e+01 -4.413376375947694719e+00
1.266721799999999973e+02 -4.412103885372139267e+00
1.511726500000000044e+02 -4.412383958772784887e+00
1.757351899999999887e+02 -4.410392728616129965e+00
1.992702899999999886e+02 -4.410273020933519028e+00
2.224437299999999880e+02 -4.407348489849229445e+00
2.503828800000000001e+02 -4.408091975839629306e+00
2.728673299999999813e+02 -4.404806750286274664e+00
2.999341499999999883e+02 -4.404896113829166460e+00
3.197551300000000083e+02 -4.400986087667586588e+00
3.488430000000000177e+02 -4.401508476328700681e+00
3.702817099999999755e+02 -4.397716594339939000e+00
4.008413499999999772e+02 -4.397827179075081361e+00
4.162203999999999837e+02 -4.393982442508780117e+00
4.518149900000000230e+02 -4.395062482128945902e+00
4.690126900000000205e+02 -4.392352211771333614e+00
5.012221000000000117e+02 -4.393335509022534779e+00
5.144428299999999581e+02 -4.388528366558833937e+00
5.527155599999999822e+02 -4.390456162718211708e+00
5.717709300000000212e+02 -4.389370448051553630e+00
5.982261700000000246e+02 -4.388458331268369150e+00
6.155303699999999480e+02 -4.385705167879071276e+00
6.471157500000000482e+02 -4.386603112862714760e+00
6.686299199999999701e+02 -4.385375517943624679e+00
6.986950199999999995e+02 -4.385213281721088485e+00
7.165784999999999627e+02 -4.383359670203051728e+00
7.610401000000000522e+02 -4.385421556579113478e+00
7.639072800000000143e+02 -4.380597849913661079e+00
8.023410999999999831e+02 -4.382786556259916644e+00
8.114475499999999784e+02 -4.380629865408331547e+00
8.420658899999999676e+02 -4.381785952964145636e+00
8.700680099999999584e+02 -4.381522768635080389e+00
9.018653399999999465e+02 -4.381437342858887973e+00
9.118474599999999555e+02 -4.378739271129299837e+00
9.490453499999999849e+02 -4.379891184280525707e+00
9.559365999999999985e+02 -4.376783843330269264e+00
9.871299800000000459e+02 -4.377353194286096816e+00
1.011014599999999973e+03 -4.377308273547823703e+00
1.042339999999999918e+03 -4.379124658841014650e+00
1.062723700000000008e+03 -4.377523550926910367e+00
1.105203700000000026e+03 -4.379851955391131035e+00
1.111047499999999900e+03 -4.377061655973061072e+00
1.157725799999999936e+03 -4.379573002780069224e+00
1.164891900000000078e+03 -4.378819486228308300e+00
1.200713600000000042e+03 -4.378493298349785512e+00
1.215781500000000051e+03 -4.377542426183737234e+00
1.258968100000000049e+03 -4.377796682171244846e+00
1.262626700000000028e+03 -4.376539826537952038e+00
1.289882900000000063e+03 -4.377253255440563429e+00
1.306337600000000066e+03 -4.375390798948919802e+00
1.355871300000000019e+03 -4.378947060731849916e+00
1.365452199999999948e+03 -4.377284589886181188e+00
1.402276200000000017e+03 -4.377961359378315542e+00
1.406630599999999959e+03 -4.376030524783925735e+00
1.451602000000000089e+03 -4.380084422399133537e+00
1.460082799999999907e+03 -4.377635467499924715e+00
1.505698399999999992e+03 -4.378861551920583572e+00
1.506278299999999945e+03 -4.376756837043861204e+00
1.543143199999999979e+03 -4.374037045866343121e+00
1.561344299999999976e+03 -4.378570145482510334e+00
1.600390100000000075e+03 -4.377442961514364406e+00
1.605356700000000046e+03 -4.377321471578873968e+00
1.651056199999999990e+03 -4.377261134686169619e+00
1.655596000000000004e+03 -4.378933389463083969e+00
1.696261299999999892e+03 -4.377457984532750146e+00
1.716756599999999935e+03 -4.381075377348896183e+00
1.753294000000000096e+03 -4.379354983592000927e+00
1.763336600000000089e+03 -4.381619117470139990e+00
1.796372900000000072e+03 -4.379777153142442536e+00
1.808111499999999978e+03 -4.380291511669209825e+00
1.847103499999999940e+03 -4.380424233699996783e+00
1.866294200000000046e+03 -4.381522700543207804e+00
1.908322899999999890e+03 -4.379394876657821456e+00
1.914781199999999899e+03 -4.383277736522936507e+00
1.962394500000000107e+03 -4.382270775019865283e+00
1.968117700000000013e+03 -4.384027152772050684e+00
2.012022799999999961e+03 -4.383103935285678432e+00
2.023097800000000007e+03 -4.387925164588661886e+00
2.051694500000000062e+03 -4.385636523512332907e+00
2.055037100000000009e+03 -4.381919744364511260e+00
2.093023000000000138e+03 -4.379814504666493136e+00
2.112746700000000146e+03 -4.384388285519633222e+00
2.152685300000000097e+03 -4.382898889603954018e+00
2.167709499999999935e+03 -4.386261623435610879e+00
2.199336099999999988e+03 -4.383754948811001917e+00
2.223734599999999773e+03 -4.390633075754357684e+00
2.241140800000000127e+03 -4.385413150925596248e+00
2.259408699999999953e+03 -4.386138667239364075e+00
2.286791400000000067e+03 -4.387168027080623922e+00
2.294385499999999865e+03 -4.385861967552662222e+00
2.360902900000000045e+03 -4.390223824400540487e+00
2.360916000000000167e+03 -4.388749956787859396e+00
2.386475500000000011e+03 -4.387969442524476626e+00
2.400347900000000209e+03 -4.389417682003433185e+00
2.449723300000000108e+03 -4.388200982633109426e+00
