1.030639500000000055e+02 -6.195584139966834769e+00
1.277510300000000001e+02 -6.195292620636415393e+00
1.516449900000000071e+02 -6.195021995198700004e+00
1.756531400000000076e+02 -6.194362612111535604e+00
2.001728400000000079e+02 -6.194089393060086657e+00
2.239344399999999951e+02 -6.193363727619054515e+00
2.485263400000000047e+02 -6.193086275272305485e+00
2.739341499999999883e+02 -6.192677801975748686e+00
2.981350499999999784e+02 -6.192087585055348065e+00
3.206082000000000107e+02 -6.191126529617210217e+00
3.483851999999999975e+02 -6.191397198985804096e+00
3.731456699999999955e+02 -6.190939938407487020e+00
3.978463100000000168e+02 -6.189817912801618860e+00
4.228582299999999918e+02 -6.189502494017579792e+00
4.477620699999999943e+02 -6.188666054817000273e+00
4.750484500000000025e+02 -6.188335128309248034e+00
4.926895400000000222e+02 -6.185687783521525596e+00
5.178397400000000061e+02 -6.184859059339055776e+00
5.467143499999999676e+02 -6.184654272486467264e+00
5.676818399999999656e+02 -6.182470471010790725e+00
5.947305400000000191e+02 -6.181398270466032407e+00
6.214708799999999655e+02 -6.181033549953967920e+00
6.451461199999999963e+02 -6.179327386537380562e+00
6.687109400000000505e+02 -6.177732103365060290e+00
7.001222800000000461e+02 -6.177752621185915949e+00
7.227367500000000291e+02 -6.175567668273075128e+00
7.458515800000000127e+02 -6.172712149798550207e+00
7.675478100000000268e+02 -6.171104488915578834e+00
7.995366299999999455e+02 -6.170103932473976371e+00
8.258953800000000456e+02 -6.169476203488244437e+00
8.502143099999999549e+02 -6.166149860144919614e+00
8.654004200000000537e+02 -6.163690162313019805e+00
8.967868499999999585e+02 -6.162294205800865399e+00
9.196999299999999948e+02 -6.160653577545732951e+00
9.429962600000000066e+02 -6.157408892504710352e+00
9.652285200000000032e+02 -6.155567324876159319e+00
9.993641199999999571e+02 -6.154136612343370949e+00
1.025575100000000020e+03 -6.153577032369363486e+00
1.048424600000000055e+03 -6.150617809877200415e+00
1.078679100000000062e+03 -6.150678158330923573e+00
1.091958300000000008e+03 -6.145368474290396676e+00
1.116925500000000056e+03 -6.142947051182368057e+00
1.146916799999999967e+03 -6.140937016467365339e+00
1.172185999999999922e+03 -6.140329367572750385e+00
1.195190599999999904e+03 -6.136544680761297776e+00
1.216561599999999999e+03 -6.134931813827723346e+00
1.247152199999999993e+03 -6.134211963503506837e+00
1.275314300000000003e+03 -6.132920780381014403e+00
1.299207499999999982e+03 -6.129084926919217580e+00
1.320893299999999954e+03 -6.127377887402070122e+00
1.356369099999999889e+03 -6.126210700039436574e+00
1.361948599999999942e+03 -6.120441632124093978e+00
1.397663199999999961e+03 -6.120599663948335767e+00
1.413105000000000018e+03 -6.115495401490855798e+00
1.450515900000000101e+03 -6.114635620315141296e+00
1.467018399999999929e+03 -6.113302415029960635e+00
1.508577199999999948e+03 -6.113748003744565729e+00
1.516256100000000060e+03 -6.108482999617567799e+00
1.547643100000000004e+03 -6.106557473384619961e+00
1.562548299999999927e+03 -6.102034517639797429e+00
1.596632299999999987e+03 -6.103213608162383785e+00
1.603970800000000054e+03 -6.098163880878512799e+00
1.652938300000000027e+03 -6.099001256985323138e+00
1.672551500000000033e+03 -6.098451875418644974e+00
1.691895099999999957e+03 -6.093187977018835966e+00
1.711687799999999925e+03 -6.091416935456668291e+00
1.748374600000000100e+03 -6.084498801863003514e+00
1.754373599999999897e+03 -6.090332178571570054e+00
1.793932800000000043e+03 -6.085965593750146674e+00
1.819116999999999962e+03 -6.086969392197971729e+00
1.854727100000000064e+03 -6.078638165663025283e+00
1.864616400000000112e+03 -6.084942965609887011e+00
1.901325499999999920e+03 -6.074434016509479228e+00
1.908132599999999911e+03 -6.079909439732938736e+00
1.958257200000000012e+03 -6.074532108396003771e+00
1.980079899999999952e+03 -6.081346619423949384e+00
2.010364800000000059e+03 -6.076162944122883047e+00
2.018183600000000069e+03 -6.071268424049004686e+00
2.047942500000000109e+03 -6.071709504096483911e+00
2.061571600000000217e+03 -6.068473789300550258e+00
2.107882799999999861e+03 -6.070411045580044629e+00
2.120973599999999806e+03 -6.065384938090270239e+00
2.150995899999999892e+03 -6.059298854801625112e+00
2.162982300000000123e+03 -6.063249399536399409e+00
2.187812199999999848e+03 -6.059646033446210112e+00
2.202393099999999777e+03 -6.057680701123761224e+00
2.237983099999999922e+03 -6.055142161505751908e+00
2.260134799999999814e+03 -6.055954813310198581e+00
2.312128099999999904e+03 -6.051986183663543351e+00
2.318100800000000163e+03 -6.057636188939456545e+00
2.365409500000000207e+03 -6.051045953470964633e+00
2.385380500000000211e+03 -6.059610035115023940e+00
2.396643399999999929e+03 -6.044901120585724819e+00
2.410157900000000154e+03 -6.050652673363032363e+00
2.449581099999999878e+03 -6.044334076587496440e+00
