1.212436100000000039e+02 -3.468003718084483822e+00
1.312811499999999967e+02 -3.467917215539243259e+00
1.683089099999999974e+02 -3.467475736969061639e+00
1.687360400000000027e+02 -3.467696121940300191e+00
1.796693899999999928e+02 -3.467695112113927891e+00
2.182137500000000045e+02 -3.467375757758557775e+00
2.184779800000000023e+02 -3.467335934986223389e+00
2.282390300000000138e+02 -3.467110836420743247e+00
2.663680100000000266e+02 -3.466483456909456251e+00
2.674611199999999940e+02 -3.466665650701016066e+00
2.745360800000000268e+02 -3.465769907877803035e+00
3.168489700000000084e+02 -3.466082741855524230e+00
3.173983299999999872e+02 -3.466123856592504104e+00
3.257570299999999861e+02 -3.465569501688204657e+00
3.660568499999999972e+02 -3.465040372111787725e+00
3.668820000000000050e+02 -3.465348947294853321e+00
3.730742099999999937e+02 -3.464017383565223263e+00
4.123664400000000114e+02 -3.463277741382452923e+00
4.141565100000000257e+02 -3.463662960757112330e+00
4.238305300000000102e+02 -3.463262045475477002e+00
4.631503400000000283e+02 -3.462203510475134305e+00
4.645466200000000185e+02 -3.462483619743434993e+00
4.745635500000000206e+02 -3.462176900033055560e+00
5.130190199999999550e+02 -3.460513173618264382e+00
5.130730800000000045e+02 -3.460598490543848715e+00
5.240687500000000227e+02 -3.460277798883578892e+00
5.658035099999999602e+02 -3.459270250667334956e+00
5.669941800000000285e+02 -3.459479955504490167e+00
5.756068699999999581e+02 -3.458664119796282410e+00
6.121910900000000311e+02 -3.455911305211218920e+00
6.144706200000000536e+02 -3.456577140750104249e+00
6.225702099999999746e+02 -3.455470099551289032e+00
6.616635599999999613e+02 -3.453593606332232113e+00
6.631281000000000176e+02 -3.453902607844261397e+00
6.757091400000000476e+02 -3.454027538332586467e+00
7.108661200000000235e+02 -3.450433435453501563e+00
7.127009299999999712e+02 -3.450971326239909764e+00
7.170969800000000305e+02 -3.448980731826923662e+00
7.607127199999999903e+02 -3.447375493469102992e+00
7.627081100000000333e+02 -3.447958408475517267e+00
7.704193199999999706e+02 -3.446569455071008203e+00
8.105817600000000311e+02 -3.444005318883552214e+00
8.113226100000000542e+02 -3.444263350583862682e+00
8.272884199999999737e+02 -3.444919224388758749e+00
8.625418799999999919e+02 -3.440989794835550342e+00
8.680653200000000425e+02 -3.442496433764900665e+00
8.707797699999999850e+02 -3.439893522205771603e+00
9.192825400000000400e+02 -3.438477589247598942e+00
9.216515900000000556e+02 -3.438966129874246214e+00
9.258226600000000417e+02 -3.436468564370635193e+00
9.627776400000000194e+02 -3.432371287208347610e+00
9.665307199999999739e+02 -3.429852168158284531e+00
9.686364200000000437e+02 -3.433964312891545134e+00
1.009555200000000013e+03 -3.428053165452592310e+00
1.015905899999999974e+03 -3.429759266991945665e+00
1.019861200000000053e+03 -3.427352775929474404e+00
1.063222299999999905e+03 -3.424431148322558904e+00
1.064170399999999972e+03 -3.424758176552047395e+00
1.070370799999999917e+03 -3.422764166697256361e+00
1.110301200000000108e+03 -3.420155003859499221e+00
1.115253099999999904e+03 -3.421511445820568653e+00
1.118785699999999906e+03 -3.418702018714159241e+00
1.158982700000000023e+03 -3.415054765275185922e+00
1.159196400000000040e+03 -3.415056479532558420e+00
1.163780999999999949e+03 -3.412898722270478302e+00
1.211785399999999981e+03 -3.410756403421830285e+00
1.216896999999999935e+03 -3.408350904877622600e+00
1.217185099999999920e+03 -3.412231918149544185e+00
1.255809799999999996e+03 -3.405036070918509683e+00
1.258742700000000013e+03 -3.402268790371176355e+00
1.264299800000000005e+03 -3.407165110115876416e+00
1.306878500000000031e+03 -3.401062181319458588e+00
1.307711499999999887e+03 -3.401234021381469130e+00
1.313099600000000009e+03 -3.398887078698959563e+00
1.351201900000000023e+03 -3.395390039816659211e+00
1.360038000000000011e+03 -3.397630179052109067e+00
1.369033799999999928e+03 -3.396333494818715604e+00
1.407334299999999985e+03 -3.392274271012258424e+00
1.408871399999999994e+03 -3.392618263173420079e+00
1.419858799999999974e+03 -3.392002638927001268e+00
1.445913000000000011e+03 -3.386093246703594239e+00
1.456109999999999900e+03 -3.388722606456660458e+00
1.461680900000000065e+03 -3.386311940142887167e+00
1.500790199999999913e+03 -3.383079657839277221e+00
1.512804599999999937e+03 -3.386126287050494010e+00
1.516466400000000021e+03 -3.382911424974418324e+00
1.542790999999999940e+03 -3.377740621655512143e+00
1.544538199999999961e+03 -3.378161725511471758e+00
1.556124299999999948e+03 -3.377822391484255782e+00
1.599346399999999903e+03 -3.375460087090143890e+00
1.602949000000000069e+03 -3.376379676385506290e+00
1.606553200000000061e+03 -3.373590285866763239e+00
1.644438900000000103e+03 -3.371745016685139262e+00
1.653858899999999949e+03 -3.374173201156476232e+00
1.667085700000000088e+03 -3.373583025832497029e+00
1.706756100000000060e+03 -3.367182141406838802e+00
1.706946400000000040e+03 -3.370950246762415503e+00
1.711085700000000088e+03 -3.372080128573866187e+00
1.751649899999999889e+03 -3.366153592369272030e+00
1.755423199999999952e+03 -3.367096346225801007e+00
1.764761199999999917e+03 -3.365626016778624496e+00
1.795037800000000061e+03 -3.360682613836809107e+00
1.806393499999999904e+03 -3.363617983055004146e+00
1.809844399999999951e+03 -3.360148873911312783e+00
1.849032600000000002e+03 -3.353684291902001569e+00
1.856991199999999935e+03 -3.359942287835073760e+00
1.858322200000000066e+03 -3.360243583207451756e+00
1.901353200000000015e+03 -3.356025036660155170e+00
1.908179699999999912e+03 -3.357825137290752604e+00
1.929101100000000088e+03 -3.358982718006783941e+00
1.956215300000000070e+03 -3.354185490410222403e+00
1.957237200000000030e+03 -3.350453793623120902e+00
1.964721199999999953e+03 -3.356317317053585381e+00
1.990221299999999928e+03 -3.347851845649191915e+00
1.997009199999999964e+03 -3.349576986747756280e+00
2.010255300000000034e+03 -3.349450990762356639e+00
2.041738000000000056e+03 -3.345627347160295528e+00
2.056069399999999860e+03 -3.345366748804043944e+00
2.057266700000000128e+03 -3.349623150327157184e+00
2.100503200000000106e+03 -3.344216888994252290e+00
2.104858700000000226e+03 -3.342547279134066684e+00
2.105417399999999816e+03 -3.345513259088153113e+00
2.131449200000000019e+03 -3.337505719006775617e+00
2.143823800000000119e+03 -3.340647553390863500e+00
2.157085000000000036e+03 -3.340175573003982823e+00
2.192090400000000045e+03 -3.336364998922359604e+00
2.205526199999999790e+03 -3.339833026862659260e+00
2.214751699999999801e+03 -3.337750110974365914e+00
2.236255099999999857e+03 -3.334413941036645568e+00
2.239141200000000026e+03 -3.335204172993069260e+00
2.269695000000000164e+03 -3.339016229856737628e+00
2.281857899999999972e+03 -3.329363614428114904e+00
2.290394899999999780e+03 -3.331488826043700779e+00
2.295924799999999777e+03 -3.329292372137655498e+00
2.357758899999999812e+03 -3.333277260074097637e+00
2.358223500000000058e+03 -3.333340071456589282e+00
2.380301800000000185e+03 -3.334508264488357465e+00
2.400099999999999909e+03 -3.328182009328738644e+00
2.404391799999999876e+03 -3.329261095601357745e+00
2.414011300000000119e+03 -3.327184575535431676e+00
2.467654500000000098e+03 -3.323624311796670838e+00
2.481362500000000182e+03 -3.327304322941280645e+00
