9.928370800000000429e+01 -3.489213120876862195e+00
1.266543800000000033e+02 -3.489203700571005040e+00
1.486411099999999976e+02 -3.489100154580136337e+00
1.762340700000000027e+02 -3.489042511159413440e+00
2.012594899999999996e+02 -3.488756991919893302e+00
2.235475399999999979e+02 -3.488209106225553136e+00
2.496416499999999985e+02 -3.487967165665645464e+00
2.723732699999999909e+02 -3.487493650405737000e+00
3.008077999999999861e+02 -3.487643341618211767e+00
3.231212899999999877e+02 -3.486659634950023623e+00
3.501668999999999983e+02 -3.486544400691710788e+00
3.738208799999999883e+02 -3.484628639778128978e+00
3.990332799999999907e+02 -3.483528442104322664e+00
4.223369900000000143e+02 -3.480715850163107028e+00
4.474256199999999808e+02 -3.479547883039699308e+00
4.697479400000000282e+02 -3.476155305021297437e+00
4.994201499999999783e+02 -3.475478920039335229e+00
5.158730699999999842e+02 -3.470316695423776299e+00
5.474877699999999550e+02 -3.470583557479623771e+00
5.711296399999999949e+02 -3.465349023716119525e+00
6.002735300000000507e+02 -3.464081192851014457e+00
6.176077099999999973e+02 -3.457833235618284817e+00
6.444086099999999533e+02 -3.456947431808729654e+00
6.697212700000000041e+02 -3.452007389042200280e+00
6.996736100000000533e+02 -3.450625996008477081e+00
7.207387899999999945e+02 -3.445828175986309638e+00
7.497851399999999558e+02 -3.444763960760357069e+00
7.621551200000000108e+02 -3.437374731049105403e+00
7.989820600000000468e+02 -3.437214127066466229e+00
8.140858699999999999e+02 -3.433176721130728026e+00
8.537188700000000381e+02 -3.433989809420132211e+00
8.715699200000000246e+02 -3.430623794154366912e+00
8.963933600000000297e+02 -3.426636405084388937e+00
9.192891899999999623e+02 -3.425247474494959476e+00
9.489311000000000149e+02 -3.422505399653057889e+00
9.670608899999999721e+02 -3.419138321898211430e+00
1.005181000000000040e+03 -3.419442192975009842e+00
1.011043599999999969e+03 -3.412193289452784661e+00
1.047791099999999915e+03 -3.412933886894045976e+00
1.062312300000000050e+03 -3.408316442732338469e+00
1.089580500000000029e+03 -3.406555617879556408e+00
1.118682600000000093e+03 -3.405848986317037141e+00
1.157297199999999975e+03 -3.405465508698466870e+00
1.167584100000000035e+03 -3.400388972407839105e+00
1.194676999999999907e+03 -3.397959737217737253e+00
1.212353900000000067e+03 -3.396434768285639283e+00
1.246320400000000063e+03 -3.394435304416454358e+00
1.265571699999999964e+03 -3.391604037606859468e+00
1.277847899999999981e+03 -3.388131842139941785e+00
1.317709000000000060e+03 -3.388050815164980190e+00
1.370215999999999894e+03 -3.389800322021550905e+00
1.370293499999999995e+03 -3.385617324544297091e+00
1.407391499999999951e+03 -3.385754252733304881e+00
1.419485300000000052e+03 -3.384132470912575297e+00
1.454494799999999941e+03 -3.381494135268583445e+00
1.463285100000000057e+03 -3.375856364680965616e+00
1.487711000000000013e+03 -3.372953003932030125e+00
1.521331300000000056e+03 -3.375999395650483681e+00
1.541953199999999924e+03 -3.371525611123340038e+00
1.560178599999999960e+03 -3.369650225828456414e+00
1.593534799999999905e+03 -3.366582291146454686e+00
1.613494999999999891e+03 -3.367727287268474257e+00
1.660069999999999936e+03 -3.368752230210487308e+00
1.663044900000000098e+03 -3.364605974403464650e+00
1.691576499999999896e+03 -3.358067957375339585e+00
1.718538099999999986e+03 -3.363176832256174809e+00
1.752910100000000057e+03 -3.360378371627553484e+00
1.755197899999999890e+03 -3.355669894892013616e+00
1.793455200000000104e+03 -3.354137412653006578e+00
1.811259999999999991e+03 -3.355729520222683782e+00
1.850277900000000045e+03 -3.354452186443437789e+00
1.856220000000000027e+03 -3.351409414329899139e+00
1.898662399999999934e+03 -3.351327223216556295e+00
1.920280600000000049e+03 -3.351690841276866450e+00
1.953589899999999943e+03 -3.347278958278178784e+00
1.971132100000000037e+03 -3.355457513956349391e+00
2.000868899999999940e+03 -3.348204604711396914e+00
2.003942900000000009e+03 -3.343954363098107674e+00
2.054328599999999824e+03 -3.346214651398970563e+00
2.072275099999999838e+03 -3.345377280920192931e+00
2.112624400000000151e+03 -3.344490853350557735e+00
2.125565500000000156e+03 -3.344537535355094349e+00
2.155028899999999794e+03 -3.340287476178786630e+00
2.163838600000000042e+03 -3.340040432255380054e+00
2.219616100000000188e+03 -3.336344923691107578e+00
2.220876000000000204e+03 -3.340203097813526423e+00
2.244161000000000058e+03 -3.338594807983742641e+00
2.272419899999999870e+03 -3.337998555959295732e+00
2.302665599999999813e+03 -3.333202263469980497e+00
2.314612500000000182e+03 -3.334097868396417752e+00
2.345531599999999798e+03 -3.331000291750358500e+00
2.373988299999999981e+03 -3.332780688906512800e+00
2.398252700000000004e+03 -3.330080743078697836e+00
2.407331299999999828e+03 -3.327232392850659082e+00
2.449372699999999895e+03 -3.326338770140842005e+00
