1.209321699999999993e+02 -4.890192286671299016e+00
1.317905199999999866e+02 -4.890309176677315683e+00
1.686111400000000060e+02 -4.889776340436477575e+00
1.695937800000000095e+02 -4.890143643353758840e+00
1.788980200000000025e+02 -4.889687688248807618e+00
2.180336299999999881e+02 -4.889509581917050873e+00
2.182289700000000039e+02 -4.889666584350969458e+00
2.285325100000000020e+02 -4.889344349831627135e+00
2.657715400000000159e+02 -4.888218429124924214e+00
2.669610599999999749e+02 -4.888619725530456428e+00
2.762474900000000275e+02 -4.888140440356494310e+00
3.150719799999999964e+02 -4.887346079984778768e+00
3.173028499999999781e+02 -4.888013889171026527e+00
3.267695600000000127e+02 -4.887554749555104827e+00
3.635099900000000162e+02 -4.886075933264273807e+00
3.659551399999999717e+02 -4.886790538462997269e+00
3.733825100000000248e+02 -4.885913745135114894e+00
4.095664400000000001e+02 -4.884447687794794213e+00
4.108454899999999839e+02 -4.884717386967933450e+00
4.226426099999999906e+02 -4.884980743406052817e+00
4.615819200000000251e+02 -4.884188079316952980e+00
4.623926500000000033e+02 -4.884465143211220273e+00
4.736677700000000186e+02 -4.884531370290629226e+00
5.093197299999999927e+02 -4.882400615307478375e+00
5.132412000000000489e+02 -4.883476371799612359e+00
5.192339200000000119e+02 -4.882132112383569478e+00
5.595326900000000023e+02 -4.881732367375902548e+00
5.601829699999999548e+02 -4.881955739253315052e+00
5.705982800000000452e+02 -4.881832153218836012e+00
6.071697400000000471e+02 -4.880653691049389842e+00
6.074998500000000377e+02 -4.880782080110082077e+00
6.197551899999999705e+02 -4.881165523873896461e+00
6.553574300000000221e+02 -4.879719503312624163e+00
6.564539200000000392e+02 -4.879966432086088268e+00
6.705506000000000313e+02 -4.880754404903619559e+00
7.110254300000000285e+02 -4.880014616189372489e+00
7.136132999999999811e+02 -4.880751513237967742e+00
7.205832799999999452e+02 -4.880148293115611935e+00
7.549238900000000285e+02 -4.878544801202654213e+00
7.554624900000000025e+02 -4.878652389303068659e+00
7.628455699999999524e+02 -4.878152859745350511e+00
8.038667599999999993e+02 -4.877263556758325791e+00
8.079252300000000560e+02 -4.878344402775978139e+00
8.223072200000000294e+02 -4.879384181944569576e+00
8.602287800000000288e+02 -4.878638097799399276e+00
8.614226300000000265e+02 -4.878883990087079958e+00
8.645962899999999536e+02 -4.876854047475309706e+00
9.119974899999999707e+02 -4.878723100632696763e+00
9.121699999999999591e+02 -4.878836698512822423e+00
9.138809700000000475e+02 -4.876572067375056108e+00
9.506890700000000152e+02 -4.875080773622293862e+00
9.513559999999999945e+02 -4.875244486900766283e+00
9.667795999999999594e+02 -4.876705385043471175e+00
1.000750800000000027e+03 -4.874579159421603691e+00
1.003379699999999957e+03 -4.875269824543488895e+00
1.008616599999999949e+03 -4.873848886262177160e+00
1.050413099999999986e+03 -4.873939173683475623e+00
1.051981800000000021e+03 -4.874351583394542331e+00
1.064056800000000067e+03 -4.874439932240151485e+00
1.106119400000000041e+03 -4.874979278448761555e+00
1.111066900000000032e+03 -4.876304560532652488e+00
1.111099600000000009e+03 -4.873149773751018543e+00
1.153239100000000008e+03 -4.873319828555041866e+00
1.155179100000000062e+03 -4.873793268434353898e+00
1.163944500000000062e+03 -4.873000882398538458e+00
1.204965500000000020e+03 -4.872836342016728217e+00
1.207811400000000049e+03 -4.873608294234871963e+00
1.214154299999999921e+03 -4.871865554568271861e+00
1.254940200000000004e+03 -4.871826425856650822e+00
1.256785599999999931e+03 -4.872337337291752668e+00
1.264027000000000044e+03 -4.871272175951870231e+00
1.301668599999999969e+03 -4.869527805724207958e+00
1.302586299999999937e+03 -4.869781129233014205e+00
1.320881499999999960e+03 -4.871295913602335936e+00
1.362980399999999918e+03 -4.868248572436990607e+00
1.364394999999999982e+03 -4.872108219336940493e+00
1.368327999999999975e+03 -4.873028753836168292e+00
1.399378099999999904e+03 -4.867462091944636526e+00
1.404684400000000096e+03 -4.868843951448163843e+00
1.411115600000000086e+03 -4.867406961947254196e+00
1.439030899999999974e+03 -4.862678222803670458e+00
1.444611599999999953e+03 -4.864076114817082797e+00
1.462048199999999952e+03 -4.865732713760499095e+00
1.500162399999999934e+03 -4.863871613060354093e+00
1.501072699999999941e+03 -4.864111930503311143e+00
1.525249099999999999e+03 -4.866143305755988635e+00
1.552176099999999906e+03 -4.863279517142497177e+00
1.558057499999999891e+03 -4.864824197588577093e+00
1.558126199999999926e+03 -4.861337988844653069e+00
1.609758499999999913e+03 -4.863549389912233067e+00
1.609800799999999981e+03 -4.863502112399845423e+00
1.617003699999999981e+03 -4.861670484711488882e+00
1.658490700000000061e+03 -4.860124837159685462e+00
1.659617299999999886e+03 -4.860358737836529386e+00
1.676662100000000009e+03 -4.861657230035186572e+00
1.701297399999999925e+03 -4.856432265516808400e+00
1.705567800000000034e+03 -4.857555788932131691e+00
1.714031700000000001e+03 -4.855890883528040547e+00
1.762488000000000056e+03 -4.857127347896693870e+00
1.765705799999999954e+03 -4.854614006665125103e+00
1.769749299999999948e+03 -4.859092672035221661e+00
1.808799400000000105e+03 -4.852504305788577277e+00
1.810150499999999965e+03 -4.850326419230788666e+00
1.814141499999999951e+03 -4.853948035814719120e+00
1.850401399999999967e+03 -4.846504264273001183e+00
1.851176600000000008e+03 -4.849633378452560706e+00
1.852551899999999932e+03 -4.849972179584812970e+00
1.890876600000000053e+03 -4.844850262234934313e+00
1.893666999999999916e+03 -4.845528892447912739e+00
1.901831599999999980e+03 -4.843515087508292183e+00
1.955673399999999901e+03 -4.844084732890424405e+00
1.957364600000000110e+03 -4.844480724581612385e+00
1.963399300000000039e+03 -4.841143196113457670e+00
2.014516699999999901e+03 -4.840137320818262090e+00
2.017624499999999898e+03 -4.840848290208631610e+00
2.041226100000000088e+03 -4.842389220059668098e+00
2.044508599999999888e+03 -4.831005875980113551e+00
2.060083599999999933e+03 -4.835036343509868217e+00
2.073211400000000140e+03 -4.834349131604781746e+00
2.100666200000000117e+03 -4.830623469017661265e+00
2.104723500000000058e+03 -4.827171852990385759e+00
2.113844999999999800e+03 -4.834061389521276730e+00
2.160979600000000119e+03 -4.828149939752504061e+00
2.169237900000000081e+03 -4.830365375429395591e+00
2.175054999999999836e+03 -4.816809573896129848e+00
2.175746200000000044e+03 -4.827144888137100409e+00
2.186515199999999822e+03 -4.819662554821773526e+00
2.219717599999999948e+03 -4.823493899061300993e+00
2.239563200000000052e+03 -4.816845936825361107e+00
2.248433899999999994e+03 -4.816210225408995349e+00
2.253953599999999824e+03 -4.820539172458619959e+00
2.295294600000000173e+03 -4.813075667016791570e+00
2.298186299999999846e+03 -4.813834169399951790e+00
2.303967599999999948e+03 -4.810142153765811557e+00
2.309620300000000043e+03 -4.806585017853014286e+00
2.322824700000000121e+03 -4.810158143887428572e+00
2.352839699999999993e+03 -4.813356709125003796e+00
2.413489799999999832e+03 -4.812575810730793435e+00
2.416396900000000187e+03 -4.813409737430667690e+00
2.420732399999999870e+03 -4.810132423079080510e+00
2.426327600000000075e+03 -4.808148810221851477e+00
2.434213999999999942e+03 -4.810276447551180112e+00
