1.228771100000000018e+02 1.759702065947486460e+01
1.329434200000000033e+02 1.761199114593934212e+01
1.712944400000000087e+02 1.765825106859352900e+01
1.717678200000000004e+02 1.765962497455729618e+01
1.805277299999999912e+02 1.766228322817016050e+01
2.201109600000000057e+02 1.771399501323020687e+01
2.201745400000000075e+02 1.771487024221453410e+01
2.284359699999999975e+02 1.772780836556075812e+01
2.668815500000000043e+02 1.779306279259108692e+01
2.686394000000000233e+02 1.779567932017097576e+01
2.779927999999999884e+02 1.781024730307347781e+01
3.171665699999999788e+02 1.784494300834520786e+01
3.186071200000000090e+02 1.784329533889680519e+01
3.287201999999999771e+02 1.785771015672704820e+01
3.692207099999999969e+02 1.791897771219214164e+01
3.704123399999999720e+02 1.792017606350498582e+01
3.765091699999999832e+02 1.792957154488092897e+01
4.146911900000000060e+02 1.799889934866680363e+01
4.152808200000000056e+02 1.799979391410543528e+01
4.240180399999999850e+02 1.803249542031345243e+01
4.675409000000000219e+02 1.809570781599837019e+01
4.697334500000000048e+02 1.809545542438428711e+01
4.771730999999999767e+02 1.811765672705068297e+01
5.149372600000000375e+02 1.818858080602483085e+01
5.196114599999999655e+02 1.818816201913291408e+01
5.255538599999999860e+02 1.819944636678200922e+01
5.661874000000000251e+02 1.828138560960716319e+01
5.667760100000000421e+02 1.828167718298391975e+01
5.714966600000000199e+02 1.830625025442703091e+01
6.158632300000000441e+02 1.836982597191125777e+01
6.220299499999999853e+02 1.837132454711988672e+01
6.237527599999999666e+02 1.841445094646855196e+01
6.630506800000000567e+02 1.847580856910238367e+01
6.725332100000000537e+02 1.847701760635049695e+01
6.733685100000000148e+02 1.851784042336657876e+01
7.122082900000000336e+02 1.859122684714023777e+01
7.175991299999999455e+02 1.859172094443313483e+01
7.213340299999999843e+02 1.862639782210461803e+01
7.635824999999999818e+02 1.868665937309179625e+01
7.666831899999999678e+02 1.868623295338896639e+01
7.719237299999999777e+02 1.871717077142275798e+01
8.105989600000000337e+02 1.879324292692855636e+01
8.106873500000000377e+02 1.879304243842865674e+01
8.189621499999999514e+02 1.882517911662935006e+01
8.653812799999999470e+02 1.889997048646447908e+01
8.657032400000000507e+02 1.889973844901282263e+01
8.691231099999999969e+02 1.893414308976185723e+01
9.146877100000000382e+02 1.901152300020354247e+01
9.150904000000000451e+02 1.901205475269692613e+01
9.193190799999999854e+02 1.902663393038876194e+01
9.599658799999999701e+02 1.913006920415224954e+01
9.615343000000000302e+02 1.912883116222267432e+01
9.664725899999999683e+02 1.911540911866476833e+01
1.006005899999999997e+03 1.921850702218603502e+01
1.007606999999999971e+03 1.921786993690209755e+01
1.016714500000000044e+03 1.921705119071850021e+01
1.052709700000000112e+03 1.930091949928760187e+01
1.060718000000000075e+03 1.932151027885202410e+01
1.064105099999999993e+03 1.930081263993486829e+01
1.103709700000000112e+03 1.938823173213922502e+01
1.108874600000000100e+03 1.938790962751882674e+01
1.120806100000000015e+03 1.939686545898636183e+01
1.147828999999999951e+03 1.946398839812741599e+01
1.161529700000000048e+03 1.946490738856095959e+01
1.173693700000000035e+03 1.951772287807856543e+01
1.202668200000000070e+03 1.958762721351516234e+01
1.206395099999999957e+03 1.958892530022389522e+01
1.218676099999999906e+03 1.957019387339710903e+01
1.251452600000000075e+03 1.965360319560350177e+01
1.254451000000000022e+03 1.965394158355383780e+01
1.264870400000000018e+03 1.968507327498473458e+01
1.299306700000000092e+03 1.974106808467331575e+01
1.303852699999999913e+03 1.974122837370242323e+01
1.316559700000000021e+03 1.975705577040504579e+01
1.345199699999999893e+03 1.982616731121514420e+01
1.347288199999999961e+03 1.982601211072664427e+01
1.363000999999999976e+03 1.983891105231019836e+01
1.398806100000000015e+03 1.992512568695298114e+01
1.400962299999999914e+03 1.992497252188072565e+01
1.420624700000000075e+03 1.992997761042132865e+01
1.453064100000000053e+03 1.999368206798290259e+01
1.455959399999999960e+03 1.999352635864034511e+01
1.463586499999999887e+03 2.002057754935884404e+01
1.506897999999999911e+03 2.011268827600244080e+01
1.507955999999999904e+03 2.007481070628943698e+01
1.515054000000000087e+03 2.007476083859149085e+01
1.548604199999999992e+03 2.018384083044982802e+01
1.551043699999999944e+03 2.016372277630775400e+01
1.552669699999999921e+03 2.016403317728475386e+01
1.600864900000000034e+03 2.025692143293303715e+01
1.604771400000000085e+03 2.025642021168328810e+01
1.630798800000000028e+03 2.025362049664156316e+01
1.637139599999999973e+03 2.032915072257276634e+01
1.637457499999999982e+03 2.032917260329737630e+01
1.660830699999999979e+03 2.032163291268064143e+01
1.699204199999999901e+03 2.040449877875025564e+01
1.704230000000000018e+03 2.040431508243435488e+01
1.717574800000000096e+03 2.042424740484429080e+01
1.742973899999999958e+03 2.049770506818644478e+01
1.758549999999999955e+03 2.048200844697740663e+01
1.760815200000000004e+03 2.049893293303480846e+01
1.785828099999999949e+03 2.057691532668430412e+01
1.791522600000000011e+03 2.057670669651943740e+01
1.805184199999999919e+03 2.058671789130877272e+01
1.832388899999999921e+03 2.067447740687970636e+01
1.851835800000000063e+03 2.067441278241400227e+01
1.859787299999999959e+03 2.066982190107877315e+01
1.889634900000000016e+03 2.075783635253409187e+01
1.891269099999999980e+03 2.075835182169753779e+01
1.904904899999999998e+03 2.075024221453287154e+01
1.936335199999999986e+03 2.084941278241400298e+01
1.942160800000000108e+03 2.084971147974761152e+01
1.953007399999999961e+03 2.084702727457765192e+01
1.987825900000000047e+03 2.091669550173010350e+01
1.994066199999999981e+03 2.091684103399145300e+01
2.022016699999999901e+03 2.094159423977203360e+01
2.051225500000000011e+03 2.101109301852228839e+01
2.057001000000000204e+03 2.101179218400162796e+01
2.059790399999999863e+03 2.102758090779564526e+01
2.089713799999999992e+03 2.107114746590677967e+01
2.091051699999999983e+03 2.107100346020761350e+01
2.096279399999999896e+03 2.106733920211683042e+01
2.149490200000000186e+03 2.116599124771015639e+01
2.150960700000000088e+03 2.116716517402808861e+01
2.158066600000000108e+03 2.116760278852025223e+01
2.191365600000000086e+03 2.125452778343171190e+01
2.198309999999999945e+03 2.125428556889883680e+01
2.214732199999999921e+03 2.125519641766741330e+01
2.230095600000000104e+03 2.134348310604518772e+01
2.239130400000000009e+03 2.134302157541217326e+01
2.247108700000000226e+03 2.132744453490738934e+01
2.293012499999999818e+03 2.142707968654589834e+01
2.299105900000000020e+03 2.142655404030124089e+01
2.301522800000000188e+03 2.138896702625686785e+01
2.347934600000000046e+03 2.151899399552208436e+01
2.348881100000000060e+03 2.151849480968858330e+01
2.354506400000000212e+03 2.150723234276409457e+01
2.418398799999999937e+03 2.163337624669244619e+01
2.421264000000000124e+03 2.163451811520456047e+01
2.447161399999999958e+03 2.159603348259719269e+01
2.455980199999999968e+03 2.158310095664563377e+01
2.458112999999999829e+03 2.158212548341135673e+01
