1.000103399999999993e+02 -3.309480656261277076e+00
1.276622200000000049e+02 -3.309363443286676087e+00
1.502675700000000063e+02 -3.309255310364102698e+00
1.755189200000000085e+02 -3.308151290324895744e+00
1.998497399999999971e+02 -3.308083770834175041e+00
2.246541400000000124e+02 -3.306301310959743667e+00
2.495510400000000004e+02 -3.305727325544694395e+00
2.754832700000000045e+02 -3.303030804253319630e+00
3.029019900000000121e+02 -3.302554515672318836e+00
3.252880700000000047e+02 -3.299036247058767746e+00
3.499637299999999982e+02 -3.297838406817105827e+00
3.722547799999999825e+02 -3.292847728597819934e+00
4.009963000000000193e+02 -3.292616931422544191e+00
4.230305000000000177e+02 -3.285263343103487887e+00
4.513039400000000114e+02 -3.284224381405698168e+00
4.709750500000000102e+02 -3.276706304942295755e+00
5.007666300000000206e+02 -3.276826910155593797e+00
5.212179200000000492e+02 -3.270739052113435186e+00
5.536141499999999951e+02 -3.271022070845405860e+00
5.725973099999999931e+02 -3.265352046282294474e+00
6.036618200000000343e+02 -3.263746060609119759e+00
6.203077799999999797e+02 -3.259360994900282638e+00
6.545694600000000491e+02 -3.258873572669976237e+00
6.654912699999999859e+02 -3.252716312680783872e+00
7.023683399999999892e+02 -3.253519767425954168e+00
7.195678900000000340e+02 -3.249095035374953255e+00
7.503982799999999997e+02 -3.248812099211605631e+00
7.716434799999999541e+02 -3.245841908926562880e+00
8.075306500000000369e+02 -3.245354038571192312e+00
8.197310899999999947e+02 -3.241012471354673963e+00
8.495414600000000291e+02 -3.240511127725146601e+00
8.705421900000000051e+02 -3.237403342614282309e+00
9.064910599999999476e+02 -3.235946230590462491e+00
9.218486100000000079e+02 -3.233681423328309101e+00
9.444103400000000192e+02 -3.231283314398284201e+00
9.618636400000000322e+02 -3.228973642388887733e+00
1.015925899999999956e+03 -3.232083997740216930e+00
1.024347600000000057e+03 -3.228521809907709983e+00
1.064065000000000055e+03 -3.223879310397726350e+00
1.064975599999999986e+03 -3.228900083984076907e+00
1.099004300000000057e+03 -3.223889018392332773e+00
1.107925500000000056e+03 -3.219352205911403253e+00
1.144739700000000084e+03 -3.220177673335256507e+00
1.165209800000000087e+03 -3.219212223340597312e+00
1.185818600000000060e+03 -3.215549015158070567e+00
1.218063900000000103e+03 -3.217506937727275140e+00
1.243101499999999987e+03 -3.213098727651046982e+00
1.258435799999999972e+03 -3.213000411327570749e+00
1.297761899999999969e+03 -3.214384068263171468e+00
1.324647699999999986e+03 -3.214081122624951270e+00
1.355283799999999928e+03 -3.212716104364286895e+00
1.364377199999999903e+03 -3.211009734108369429e+00
1.404749199999999973e+03 -3.207266463766234033e+00
1.408373199999999997e+03 -3.211518575007025422e+00
1.445935699999999997e+03 -3.206816751987270564e+00
1.465606600000000071e+03 -3.207845741120704197e+00
1.496144000000000005e+03 -3.208414549505575586e+00
1.507250199999999950e+03 -3.205309995657604549e+00
1.547117999999999938e+03 -3.206137834899964290e+00
1.561546499999999924e+03 -3.204911701741592900e+00
1.596501899999999978e+03 -3.204433662686298590e+00
1.611950299999999970e+03 -3.204622883378597908e+00
1.640237300000000005e+03 -3.199767408892028708e+00
1.666433800000000019e+03 -3.204704797945423511e+00
1.694166999999999916e+03 -3.199043525375463659e+00
1.713114700000000084e+03 -3.202282408192614227e+00
1.742500099999999975e+03 -3.201798821955771146e+00
1.765790700000000015e+03 -3.203001515762574858e+00
1.807240099999999984e+03 -3.200520542325860252e+00
1.809598899999999958e+03 -3.199199695895676321e+00
1.859676799999999957e+03 -3.199551335847524047e+00
1.867892599999999902e+03 -3.201882336433166998e+00
1.880538299999999936e+03 -3.196609114103155846e+00
1.909970499999999902e+03 -3.198352820980305378e+00
1.963131000000000085e+03 -3.200598616414627617e+00
1.975788700000000063e+03 -3.201816487367692865e+00
2.006470000000000027e+03 -3.196586602202029948e+00
2.012841300000000047e+03 -3.197865859497794006e+00
2.054698800000000119e+03 -3.202305521355706119e+00
2.059105900000000020e+03 -3.197079334574891796e+00
2.097802200000000084e+03 -3.196415380231136361e+00
2.124593499999999949e+03 -3.199230330942280709e+00
2.161269099999999980e+03 -3.200760909904466267e+00
2.163690099999999802e+03 -3.198357476610261596e+00
2.195928399999999783e+03 -3.195238787993187390e+00
2.210569199999999910e+03 -3.197606974801197488e+00
2.244860799999999927e+03 -3.191101692127316980e+00
2.249692700000000059e+03 -3.194756492932768310e+00
2.289355000000000018e+03 -3.196374173970710331e+00
2.293890199999999822e+03 -3.190634441672876243e+00
2.340217599999999948e+03 -3.196958289801480113e+00
2.358108299999999872e+03 -3.196349217298712908e+00
2.408093600000000151e+03 -3.197951648614334452e+00
2.416368699999999990e+03 -3.196650513523803028e+00
2.467508800000000065e+03 -3.200629134759994443e+00
