9.938177899999999454e+01 -6.196095689733438050e+00
1.268841500000000053e+02 -6.196022107407370250e+00
1.512143499999999960e+02 -6.196011317518286710e+00
1.512223500000000058e+02 -6.196013385677558105e+00
1.760938500000000033e+02 -6.195872839963069367e+00
2.018234300000000019e+02 -6.195728193809164175e+00
2.018838100000000111e+02 -6.195743803241270165e+00
2.255644800000000032e+02 -6.195571203164420560e+00
2.508081500000000119e+02 -6.195158969318610431e+00
2.508476200000000063e+02 -6.195169173099418281e+00
2.740356600000000071e+02 -6.194881939711316399e+00
3.029575100000000134e+02 -6.194724476269415803e+00
3.029840800000000058e+02 -6.194731345143397405e+00
3.226520600000000059e+02 -6.194153890410298402e+00
3.485070099999999798e+02 -6.193607093529584162e+00
3.485633399999999824e+02 -6.193621655956057737e+00
3.702403699999999844e+02 -6.192511270448700422e+00
3.976360599999999863e+02 -6.191450919055884405e+00
3.977338899999999740e+02 -6.191475701204521620e+00
4.204156399999999962e+02 -6.191027050528052023e+00
4.519381700000000137e+02 -6.190912462170058639e+00
4.519486999999999739e+02 -6.190915184384700787e+00
4.672868199999999774e+02 -6.188597572684418680e+00
4.978486500000000206e+02 -6.189266071430797211e+00
4.979206199999999853e+02 -6.189284677108648047e+00
5.210551500000000260e+02 -6.187218904437862044e+00
5.483421399999999721e+02 -6.185427215619111685e+00
5.484204600000000482e+02 -6.185447462898384430e+00
5.698555900000000065e+02 -6.183835909224755234e+00
6.016380000000000337e+02 -6.183471488940924132e+00
6.016890300000000025e+02 -6.183484681211880662e+00
6.210170900000000529e+02 -6.180766124256569682e+00
6.515356000000000449e+02 -6.179866839348944652e+00
6.519028700000000072e+02 -6.179961785955923936e+00
6.715649899999999661e+02 -6.177898489001225180e+00
7.012398500000000467e+02 -6.177344914071579929e+00
7.013081399999999803e+02 -6.177362568396165265e+00
7.174863000000000284e+02 -6.171178569923481128e+00
7.540301899999999478e+02 -6.170699676879581652e+00
7.543916600000000017e+02 -6.170793124071087377e+00
7.743981899999999996e+02 -6.167884099048825064e+00
7.999264600000000200e+02 -6.164894819167161977e+00
7.999779600000000528e+02 -6.164908132942475305e+00
8.158703500000000304e+02 -6.159725465865561134e+00
8.518074400000000423e+02 -6.159903360583869336e+00
8.520269600000000310e+02 -6.159960110874292738e+00
8.733611600000000408e+02 -6.154659733257649812e+00
9.035143299999999726e+02 -6.152871170643727794e+00
9.037099799999999732e+02 -6.152921750063923056e+00
9.243043000000000120e+02 -6.147448926337253816e+00
9.507187900000000127e+02 -6.144499967112841965e+00
9.510393400000000383e+02 -6.144582835669671894e+00
9.625336399999999912e+02 -6.137763988932680270e+00
1.005669599999999946e+03 -6.137439816610607224e+00
1.005841599999999971e+03 -6.137484790889016217e+00
1.015684899999999971e+03 -6.132321867452528608e+00
1.049388400000000047e+03 -6.131466910303006834e+00
1.049834700000000112e+03 -6.131582287738393866e+00
1.071441299999999956e+03 -6.127614797869448182e+00
1.102186400000000049e+03 -6.125049075722381886e+00
1.102189699999999903e+03 -6.125049928838081748e+00
1.114991299999999910e+03 -6.119519584563430037e+00
1.150110100000000102e+03 -6.118618338851985250e+00
1.150479599999999891e+03 -6.118713861958360312e+00
1.163801899999999932e+03 -6.114248823077264916e+00
1.203847600000000057e+03 -6.115026835791813831e+00
1.203959200000000010e+03 -6.115055686613658281e+00
1.210726200000000063e+03 -6.109259293972400862e+00
1.242740600000000086e+03 -6.107419126167201284e+00
1.243148200000000088e+03 -6.107523990028049354e+00
1.264883000000000038e+03 -6.105020031175940609e+00
1.311730499999999893e+03 -6.105646206463824832e+00
1.311807999999999993e+03 -6.105666750610833304e+00
1.317017700000000104e+03 -6.100538393858911057e+00
1.356801699999999983e+03 -6.099980178740060488e+00
1.357405299999999897e+03 -6.100136730211192848e+00
1.365367999999999938e+03 -6.097132657641127551e+00
1.398968100000000049e+03 -6.096641769451598414e+00
1.399034499999999980e+03 -6.096658935173556060e+00
1.423195200000000114e+03 -6.092642897297694482e+00
1.464363800000000083e+03 -6.092505726748367323e+00
1.465123900000000049e+03 -6.092701210023077074e+00
1.465627899999999954e+03 -6.086637223576854439e+00
1.491795399999999972e+03 -6.088067726177761152e+00
1.492123800000000074e+03 -6.088153132969937431e+00
1.526496599999999944e+03 -6.084973747465812544e+00
1.543004100000000108e+03 -6.078821969117649715e+00
1.543033899999999903e+03 -6.078830181864998572e+00
1.563431000000000040e+03 -6.079469613224534719e+00
1.600242199999999912e+03 -6.079065422532178076e+00
1.600417799999999943e+03 -6.079110818628198132e+00
1.624345600000000104e+03 -6.076142346755577961e+00
1.647261099999999942e+03 -6.072161106585548751e+00
1.647992600000000039e+03 -6.072350213898982219e+00
1.667394199999999955e+03 -6.074474604992793125e+00
1.703813699999999926e+03 -6.072065020157108250e+00
1.704624600000000100e+03 -6.072275162805377491e+00
1.722931900000000041e+03 -6.069781218965984770e+00
1.754380900000000111e+03 -6.066029160413760835e+00
1.754382499999999936e+03 -6.066029574045614936e+00
1.760139100000000099e+03 -6.063377733116272594e+00
1.807553000000000111e+03 -6.065160918245076971e+00
1.807886500000000069e+03 -6.065246625780668310e+00
1.813358899999999949e+03 -6.061613008994916285e+00
1.863712899999999991e+03 -6.060865000443853567e+00
1.863900499999999965e+03 -6.060914516486903381e+00
1.866875600000000077e+03 -6.055809427791961852e+00
1.894632900000000063e+03 -6.052850396135974975e+00
1.895150799999999890e+03 -6.052983774742785705e+00
1.916884499999999889e+03 -6.054122926593068499e+00
1.944535000000000082e+03 -6.049610231682894579e+00
1.945444199999999910e+03 -6.049845277984157832e+00
1.978471700000000055e+03 -6.052816680855085174e+00
2.006465699999999970e+03 -6.046915584195568627e+00
2.006789800000000014e+03 -6.046998861644014234e+00
2.010591100000000097e+03 -6.041700787703426556e+00
2.051829999999999927e+03 -6.039326041052817118e+00
2.067725199999999859e+03 -6.044748619040905879e+00
2.068351700000000164e+03 -6.044909564055772400e+00
2.102845899999999801e+03 -6.039087025925795160e+00
2.103445799999999963e+03 -6.039242112019204356e+00
2.117775000000000091e+03 -6.041292210948055796e+00
2.151375199999999950e+03 -6.035401389318842291e+00
2.152209699999999884e+03 -6.035617124182902415e+00
2.168621599999999944e+03 -6.038007189442574862e+00
2.181356299999999919e+03 -6.032602538177054718e+00
2.181895799999999781e+03 -6.032740991959839150e+00
2.202813599999999951e+03 -6.031923339134261042e+00
2.245901800000000094e+03 -6.031834122974812473e+00
2.246235700000000179e+03 -6.031919933918366894e+00
2.273497800000000097e+03 -6.031302860813863909e+00
2.296889999999999873e+03 -6.023812147945436735e+00
2.306005500000000211e+03 -6.031913648520725424e+00
2.307545700000000124e+03 -6.032311820884567410e+00
2.354402000000000044e+03 -6.023219632026950876e+00
2.370503600000000006e+03 -6.030522354602009472e+00
2.370594599999999900e+03 -6.030546897621850810e+00
2.388517800000000079e+03 -6.018356159847389364e+00
2.388847400000000107e+03 -6.018440859155335332e+00
2.394406500000000051e+03 -6.016000020385201985e+00
2.475146200000000135e+03 -6.022379150072241671e+00
2.475590499999999793e+03 -6.022492483905628191e+00
