1.001392000000000024e+02 -4.417565516053095998e+00
1.263850599999999957e+02 -4.416268006377878308e+00
1.496349600000000066e+02 -4.416395757500305663e+00
1.758357300000000123e+02 -4.414861168813521530e+00
1.992123599999999897e+02 -4.414766848050440728e+00
2.244763499999999965e+02 -4.412602081862052827e+00
2.488545799999999986e+02 -4.412552975934351807e+00
2.744111700000000269e+02 -4.409619256701462042e+00
3.014164799999999786e+02 -4.409251542214162711e+00
3.206968400000000088e+02 -4.404667610911909392e+00
3.502433399999999892e+02 -4.405274776649259927e+00
3.691789299999999798e+02 -4.401120390382008196e+00
3.980581799999999930e+02 -4.401771474342073276e+00
4.186600999999999999e+02 -4.397717061529952787e+00
4.490036699999999996e+02 -4.397944849134386658e+00
4.690774900000000116e+02 -4.393984829931048885e+00
4.998336199999999963e+02 -4.394460530396376186e+00
5.168749299999999494e+02 -4.391841572426500306e+00
5.478520700000000261e+02 -4.392181603573333426e+00
5.647022699999999986e+02 -4.389293669336474579e+00
5.996591799999999921e+02 -4.390663924167513166e+00
6.130606900000000223e+02 -4.386488749988119551e+00
6.523953099999999949e+02 -4.388412671797081721e+00
6.635844700000000103e+02 -4.385094779497174855e+00
7.043022399999999834e+02 -4.387061241569319314e+00
7.202412900000000491e+02 -4.385546855227979712e+00
7.463001199999999926e+02 -4.385504729562986981e+00
7.649237500000000409e+02 -4.382656271854801666e+00
8.001594300000000430e+02 -4.382936320720929757e+00
8.170099000000000160e+02 -4.382607636011701224e+00
8.484472299999999905e+02 -4.382134465681742697e+00
8.647976800000000139e+02 -4.381099678884456061e+00
9.057126500000000533e+02 -4.382596817805635148e+00
9.182507200000000012e+02 -4.380450564383068901e+00
9.596617400000000089e+02 -4.381881407197719014e+00
9.604382500000000391e+02 -4.378830369503043940e+00
9.974327500000000555e+02 -4.379405175524254012e+00
1.014480500000000006e+03 -4.379076504445795770e+00
1.050423199999999952e+03 -4.378815232729672324e+00
1.061545900000000074e+03 -4.377730871592298456e+00
1.094916099999999915e+03 -4.379518276115746289e+00
1.113878799999999956e+03 -4.379025131989011221e+00
1.150123599999999897e+03 -4.379958334061067937e+00
1.160205899999999929e+03 -4.376566335901760141e+00
1.201716100000000097e+03 -4.379169470461265590e+00
1.219147500000000036e+03 -4.379180973829020829e+00
1.244568400000000111e+03 -4.376951337438185874e+00
1.260033500000000004e+03 -4.376786235071016051e+00
1.295636799999999994e+03 -4.378201469611475716e+00
1.302202999999999975e+03 -4.375549380298281221e+00
1.346014100000000099e+03 -4.379134072402502298e+00
1.364302500000000009e+03 -4.377436942109392604e+00
1.399241899999999987e+03 -4.377577960303638882e+00
1.400855700000000070e+03 -4.376378886579924021e+00
1.443437699999999950e+03 -4.377180383054710688e+00
1.460823000000000093e+03 -4.377092954610289688e+00
1.493161000000000058e+03 -4.376409922374000061e+00
1.510513200000000097e+03 -4.376846910663720891e+00
1.556395700000000033e+03 -4.377599352077808703e+00
1.559820799999999963e+03 -4.382282590014419554e+00
1.607730299999999943e+03 -4.378106425597098728e+00
1.614102799999999888e+03 -4.379666371704173500e+00
1.633049800000000005e+03 -4.379842382737114903e+00
1.656576800000000048e+03 -4.378799656964266873e+00
1.701608799999999974e+03 -4.377341132141811642e+00
1.711375199999999950e+03 -4.380062104221451591e+00
1.742184700000000021e+03 -4.380460720559089971e+00
1.764464199999999892e+03 -4.379823610475156670e+00
1.793013200000000097e+03 -4.381703026763670294e+00
1.821523699999999963e+03 -4.382155077049731950e+00
1.839995899999999892e+03 -4.378904404299449382e+00
1.869907400000000052e+03 -4.382742913316713285e+00
1.903736100000000079e+03 -4.386154904581760938e+00
1.911663800000000037e+03 -4.382388578034296600e+00
1.952452299999999923e+03 -4.384024047792370204e+00
1.965871699999999919e+03 -4.385941530286642909e+00
2.000353000000000065e+03 -4.380475976810188854e+00
2.014003899999999931e+03 -4.384555281017149753e+00
2.045879500000000007e+03 -4.382834380251674489e+00
2.054882999999999811e+03 -4.382147716338657517e+00
2.096844900000000052e+03 -4.381169832767681349e+00
2.096977400000000216e+03 -4.382438006867307223e+00
2.140101700000000164e+03 -4.380896185560310130e+00
2.148569100000000162e+03 -4.382144712962873889e+00
2.203928899999999885e+03 -4.385919635043358689e+00
2.216413000000000011e+03 -4.388337691055832934e+00
2.233209299999999985e+03 -4.380579014128547222e+00
2.240300299999999879e+03 -4.385137601152137243e+00
2.300186299999999846e+03 -4.386297168916710731e+00
2.323304299999999785e+03 -4.386698830626055923e+00
2.335690999999999804e+03 -4.383797843579365860e+00
2.348765100000000075e+03 -4.386699283248387538e+00
2.400808399999999892e+03 -4.389687402108887859e+00
2.405956999999999880e+03 -4.386520809326450276e+00
2.467550900000000183e+03 -4.391685153803343233e+00
