9.912769099999999867e+01 -3.473139711862277323e+00
1.266203500000000020e+02 -3.473159690437505276e+00
1.501187099999999930e+02 -3.473240845002111943e+00
1.750260199999999884e+02 -3.472931050881086446e+00
2.002625700000000109e+02 -3.472836384067397031e+00
2.226641500000000065e+02 -3.472533907572480594e+00
2.479655400000000043e+02 -3.472607896126797211e+00
2.741303300000000149e+02 -3.472733861379132758e+00
2.992947199999999839e+02 -3.472255080782447934e+00
3.224761300000000119e+02 -3.471928274665236014e+00
3.507897500000000264e+02 -3.471330801457577220e+00
3.706185600000000022e+02 -3.470914148987853665e+00
4.023242000000000189e+02 -3.471740954794969358e+00
4.201861000000000104e+02 -3.470005365068629111e+00
4.464394800000000032e+02 -3.469542182935547281e+00
4.711254700000000071e+02 -3.468972394845090346e+00
4.950224499999999921e+02 -3.467016106009676690e+00
5.208924200000000155e+02 -3.466888620553115086e+00
5.559823000000000093e+02 -3.466526560363263343e+00
5.723794699999999693e+02 -3.465234973130475904e+00
5.989498099999999567e+02 -3.464106479279678297e+00
6.206810699999999770e+02 -3.461439738790396348e+00
6.480570900000000165e+02 -3.459957245522858216e+00
6.720096899999999778e+02 -3.458675573708482887e+00
7.037902599999999893e+02 -3.457307471967436818e+00
7.154791599999999789e+02 -3.453293054922628169e+00
7.463977599999999484e+02 -3.451958375680567404e+00
7.694567500000000564e+02 -3.448800460941400026e+00
7.999524199999999610e+02 -3.448123085402009735e+00
8.165869999999999891e+02 -3.443456632794617445e+00
8.491712099999999737e+02 -3.443450521659024766e+00
8.670330699999999524e+02 -3.438923348215133124e+00
9.075216900000000351e+02 -3.438585404563705428e+00
9.209682900000000245e+02 -3.434656112571128794e+00
9.501674299999999675e+02 -3.433425666905349338e+00
9.676286999999999807e+02 -3.429045594481390236e+00
9.925919199999999591e+02 -3.425793761230663037e+00
1.012791600000000017e+03 -3.421833661797783144e+00
1.053066000000000031e+03 -3.422824777254275475e+00
1.073868500000000040e+03 -3.419597559297722356e+00
1.096852499999999964e+03 -3.415847695561529118e+00
1.110041999999999916e+03 -3.411215666982905237e+00
1.154752300000000105e+03 -3.412026154201104333e+00
1.169434099999999944e+03 -3.408435522454429378e+00
1.200406099999999924e+03 -3.406724458881798867e+00
1.211079099999999926e+03 -3.401696699065751783e+00
1.261467399999999998e+03 -3.398847390843434901e+00
1.271016200000000026e+03 -3.403179318435207712e+00
1.301206200000000081e+03 -3.399490089851239905e+00
1.310944899999999961e+03 -3.393299921690646315e+00
1.356932299999999941e+03 -3.391807092264519596e+00
1.370219100000000026e+03 -3.390799291558650452e+00
1.401092200000000048e+03 -3.387186413674571295e+00
1.419431499999999915e+03 -3.385338438381080284e+00
1.448456899999999905e+03 -3.381053103926722869e+00
1.459793899999999894e+03 -3.379047449121825419e+00
1.505673199999999952e+03 -3.375820180715721985e+00
1.510452600000000075e+03 -3.381538297074516031e+00
1.542081100000000106e+03 -3.378060304152695092e+00
1.564806700000000092e+03 -3.371726083406924257e+00
1.586890599999999949e+03 -3.369914042896366091e+00
1.614037499999999909e+03 -3.369252380645180622e+00
1.648487900000000081e+03 -3.366431495121736006e+00
1.674785699999999906e+03 -3.365555157729394953e+00
1.693595600000000104e+03 -3.360287421184541934e+00
1.716057900000000018e+03 -3.359303766382432777e+00
1.743269900000000007e+03 -3.361901402737224931e+00
1.762043899999999894e+03 -3.358450815207549844e+00
1.794358600000000024e+03 -3.356566664810525236e+00
1.823600100000000111e+03 -3.357581497343023358e+00
1.862086499999999887e+03 -3.353886992269595524e+00
1.862247000000000071e+03 -3.349682708203693515e+00
1.912321599999999989e+03 -3.348837382684864306e+00
1.921705400000000054e+03 -3.351233462958984166e+00
1.958432700000000068e+03 -3.343120833006001824e+00
1.960762300000000096e+03 -3.349557499874670885e+00
2.005446899999999914e+03 -3.344473698107801596e+00
2.013577800000000025e+03 -3.343120069709978992e+00
2.059003499999999804e+03 -3.346559884322246603e+00
2.070777799999999843e+03 -3.342534316707506115e+00
2.100191899999999805e+03 -3.337997850785864085e+00
2.113295500000000175e+03 -3.336395467575837159e+00
2.147469599999999900e+03 -3.332892426357937143e+00
2.162925299999999879e+03 -3.330761124312741295e+00
2.185821300000000065e+03 -3.331873916890097043e+00
2.221222299999999905e+03 -3.333097732152781933e+00
2.246551300000000083e+03 -3.325551594041215697e+00
2.248981499999999869e+03 -3.326192468704771699e+00
2.290941400000000158e+03 -3.328328305830594580e+00
2.316954900000000180e+03 -3.325538760257231718e+00
2.358324900000000071e+03 -3.322771485863861507e+00
2.371149899999999889e+03 -3.325305607401244590e+00
2.388121799999999894e+03 -3.319740657528660766e+00
2.417795700000000124e+03 -3.321375364849374900e+00
2.450688000000000102e+03 -3.319538866510469699e+00
