1.050963500000000010e+02 3.419502493384897243e+05
1.139487500000000040e+02 3.338906370852839318e+05
1.513392599999999959e+02 3.104269082027274417e+05
1.522887599999999964e+02 3.102470944433136610e+05
1.606858799999999974e+02 3.027712243028699304e+05
1.990176400000000001e+02 2.809482902503561927e+05
2.003515099999999904e+02 2.807643089761856245e+05
2.080870799999999861e+02 2.738923315693059121e+05
2.481292200000000037e+02 2.538148890698147879e+05
2.487071100000000001e+02 2.536416089965397841e+05
2.572179300000000239e+02 2.473433696315896523e+05
2.960824600000000260e+02 2.289910390799918678e+05
2.965032800000000179e+02 2.288401689395481371e+05
3.057137700000000109e+02 2.231861235497659363e+05
3.457137799999999856e+02 2.064279055566863390e+05
3.459050500000000170e+02 2.062864593934459554e+05
3.527884199999999737e+02 2.011831365764298826e+05
3.934354400000000282e+02 1.859292896397313161e+05
3.940137700000000223e+02 1.858061876653775689e+05
4.023302699999999845e+02 1.811385864034194965e+05
4.447104800000000182e+02 1.673769692652147496e+05
4.448755100000000198e+02 1.672686444127824216e+05
4.513095299999999952e+02 1.630455933238347352e+05
4.942664500000000203e+02 1.505996794219417789e+05
4.954155600000000277e+02 1.505030073274984607e+05
5.005360900000000015e+02 1.466735955627925869e+05
5.458504299999999603e+02 1.354370293099939008e+05
5.472796799999999848e+02 1.353500407083248429e+05
5.497663000000000011e+02 1.319083146753511101e+05
5.959796800000000303e+02 1.217728984327294893e+05
5.970384199999999737e+02 1.216950946468552866e+05
6.005836500000000342e+02 1.185777681660899689e+05
6.442762999999999920e+02 1.094269183798086742e+05
6.446930200000000468e+02 1.093561113372684777e+05
6.515654799999999796e+02 1.065674638713616878e+05
6.985871499999999514e+02 9.833574190922043636e+04
6.989884100000000444e+02 9.827312232851618319e+04
6.995595399999999700e+02 9.573565031548951811e+04
7.384089800000000423e+02 8.826139324241806753e+04
7.389291699999999992e+02 8.831581009566456487e+04
7.579110399999999572e+02 8.598030225931202585e+04
7.966380500000000211e+02 7.720930185222877481e+04
7.988136799999999766e+02 7.930557704050478060e+04
7.996156999999999471e+02 7.925645735802971467e+04
8.453927800000000161e+02 6.929172094443313836e+04
8.467120599999999513e+02 7.119592916751475423e+04
8.471182700000000523e+02 7.115043761449216981e+04
8.944488400000000183e+02 6.216910238143700553e+04
8.975639099999999644e+02 6.388404742519845604e+04
8.979274199999999837e+02 6.384380215754122037e+04
9.416798599999999624e+02 5.577134642784449534e+04
9.451127699999999550e+02 5.730901689395481662e+04
9.455546600000000126e+02 5.727267453694280266e+04
9.970631399999999758e+02 5.139887543252595060e+04
9.980815499999999929e+02 5.001011856299613282e+04
9.987732700000000250e+02 5.136541318949725246e+04
1.041169200000000046e+03 4.608820221860370657e+04
1.042439000000000078e+03 4.605801139833095658e+04
1.052165099999999939e+03 4.483370394870750897e+04
1.085215599999999995e+03 4.132001119478933106e+04
1.086485599999999977e+03 4.129321748422552628e+04
1.105961800000000039e+03 4.019236108284143847e+04
1.131634399999999914e+03 3.703930134337471827e+04
1.132883700000000090e+03 3.701528190514960443e+04
1.156991999999999962e+03 3.602714481986566534e+04
1.233847299999999905e+03 2.968800223895786621e+04
1.234782400000000052e+03 2.966791624262161713e+04
1.244786399999999958e+03 3.319161001424791175e+04
1.248592799999999897e+03 3.316854620394871017e+04
1.255909200000000055e+03 2.887294321188683170e+04
1.282632299999999987e+03 2.660134642784449534e+04
1.285530799999999999e+03 2.658321901078770679e+04
1.306218699999999899e+03 2.586952625686952888e+04
1.330791899999999941e+03 2.383226541827803885e+04
1.330978599999999915e+03 2.381599633625076240e+04
1.370903499999999894e+03 2.317316761652757850e+04
1.385083599999999933e+03 2.134609098310604531e+04
1.385856700000000046e+03 2.133152249134948215e+04
1.388834800000000087e+03 3.222548849989823066e+04
1.405575700000000097e+03 2.075728424587828340e+04
1.434714899999999943e+03 1.910863932424180894e+04
1.434787600000000111e+03 1.912172755953592423e+04
1.456331300000000056e+03 1.859206136779971348e+04
1.480866800000000012e+03 1.665538571137797771e+04
1.484827500000000100e+03 1.712693568084673461e+04
1.486348300000000108e+03 1.711521219214329176e+04
1.506826900000000023e+03 1.491270201506208105e+04
1.526178100000000086e+03 1.533285568898839847e+04
1.526707200000000057e+03 1.532258039894158355e+04
1.600672399999999925e+03 1.306243842865866100e+04
1.636822300000000041e+03 1.203224862609403681e+04
1.637464199999999892e+03 1.202409678404233637e+04
1.654531899999999951e+03 1.169829737431304784e+04
1.673786100000000033e+03 9.379279971504172863e+03
1.677342000000000098e+03 1.047875381640545493e+04
1.683275499999999965e+03 1.077567524933849018e+04
1.684190200000000004e+03 1.076841288418481599e+04
1.713948000000000093e+03 9.635507836352533559e+03
1.714501999999999953e+03 9.641877671483818631e+03
2.065721700000000055e+03 5.666915326684306820e+03
2.088637299999999868e+03 5.670905251373906140e+03
2.142744799999999941e+03 4.323767555465092300e+03
2.214111699999999928e+03 7.478508548748219255e+03
2.233557099999999991e+03 7.472612965601465476e+03
2.234209699999999884e+03 3.960599480968858188e+03
2.241907400000000052e+03 3.957849379198045881e+03
2.252828500000000076e+03 4.454395125178099079e+03
2.263391599999999926e+03 4.451160848768573487e+03
2.347091899999999896e+03 5.501000407083248319e+03
2.432260200000000168e+03 4.859904335436596739e+03
2.491406199999999899e+03 1.570183441888866355e+03
2.495444700000000012e+03 1.569229289639731405e+03
2.548970600000000104e+03 3.841099888052106508e+03
2.640340099999999893e+03 6.480313962955424358e+03
2.655733000000000175e+03 6.486160187258294172e+03
2.668703300000000127e+03 5.042108487685732143e+03
2.700892699999999877e+03 5.037762975778547116e+03
2.760714899999999943e+03 3.098208477508650503e+03
2.787220800000000054e+03 3.095713057195196598e+03
2.790543099999999868e+03 7.227786993690209783e+03
2.795630900000000111e+03 3.525690922043557748e+03
2.827240800000000036e+03 3.522762008955831334e+03
2.961294899999999870e+03 1.984676928556889834e+03
2.968511700000000019e+03 2.625833299409729079e+03
3.019956999999999880e+03 6.252920313454101233e+03
3.178039999999999964e+03 3.399323122328516092e+03
3.233888600000000224e+03 2.051112049664156530e+03
3.276507599999999911e+03 2.049318695298188686e+03
3.482175499999999829e+03 8.556661408508040040e+03
3.510960799999999836e+03 1.727764095257480221e+03
3.560633299999999963e+03 8.546145430490534636e+03
3.588593899999999849e+03 2.990277834317118050e+03
3.598778999999999996e+03 1.790976796254834198e+03
3.628665599999999813e+03 2.270443568084673188e+03
3.715548600000000079e+03 2.721552666395277811e+03
3.739963999999999942e+03 2.362121921432933050e+03
3.782948100000000068e+03 2.364563657642987891e+03
3.784782600000000002e+03 2.718668685121107046e+03
4.090533899999999903e+03 8.155077345817219793e+03
4.339649500000000444e+03 1.351395990230002099e+04
4.370586699999999837e+03 1.792839100346020814e+03
4.486206799999999930e+03 1.349113983309586729e+04
