1.000429199999999952e+02 -1.485190686818744110e+00
1.268579900000000009e+02 -1.484893830176865714e+00
1.511949600000000089e+02 -1.484943817538602495e+00
1.765497900000000016e+02 -1.484657410120649335e+00
2.018192799999999920e+02 -1.484378861232429125e+00
2.250221899999999948e+02 -1.483794332202277300e+00
2.505452200000000005e+02 -1.483465411496767583e+00
2.736305100000000152e+02 -1.482531372973482364e+00
3.006900099999999725e+02 -1.482269464952594262e+00
3.239935500000000275e+02 -1.481131264234986755e+00
3.503048000000000002e+02 -1.480766850912828669e+00
3.709032199999999762e+02 -1.477973644007670284e+00
3.990348299999999995e+02 -1.477709486001714145e+00
4.211332899999999881e+02 -1.475177619066779133e+00
4.505044399999999882e+02 -1.474823363372688378e+00
4.689828099999999722e+02 -1.470666032077381224e+00
4.984281300000000101e+02 -1.470011441340255631e+00
5.210073899999999867e+02 -1.466061330578096733e+00
5.464807600000000321e+02 -1.465143854289680636e+00
5.756153699999999844e+02 -1.463458602987949275e+00
6.055387100000000373e+02 -1.462326684177495784e+00
6.170620400000000245e+02 -1.457719036553942971e+00
6.500668600000000197e+02 -1.457449078534063247e+00
6.658915600000000268e+02 -1.452949604286030816e+00
7.017343100000000504e+02 -1.452451573496860382e+00
7.200444599999999582e+02 -1.449927682539351226e+00
7.509827699999999595e+02 -1.449459232451544066e+00
7.700939200000000255e+02 -1.446339800431272193e+00
8.082262699999999995e+02 -1.447532394513515230e+00
8.172017799999999852e+02 -1.442680597213223948e+00
8.521643800000000510e+02 -1.441095422961482297e+00
8.556903200000000425e+02 -1.436379989561288095e+00
8.998606300000000147e+02 -1.439198293635198134e+00
9.146194100000000162e+02 -1.433916439201351922e+00
9.551303299999999581e+02 -1.435129752096917732e+00
9.712060199999999668e+02 -1.433449234593330956e+00
9.900332899999999654e+02 -1.429192705412897890e+00
1.021660899999999970e+03 -1.430456747826636343e+00
1.048068600000000060e+03 -1.428576763966473262e+00
1.063741999999999962e+03 -1.424949940362091549e+00
1.094760099999999966e+03 -1.423746876380998616e+00
1.121978200000000015e+03 -1.424280752845848541e+00
1.158625800000000027e+03 -1.423859049489133000e+00
1.179399499999999989e+03 -1.423007756808498669e+00
1.208323499999999967e+03 -1.419884586208622901e+00
1.218855299999999943e+03 -1.418916395028077204e+00
1.233623499999999922e+03 -1.414159874284503182e+00
1.270597800000000007e+03 -1.415347563231030392e+00
1.306677100000000110e+03 -1.416429716468202482e+00
1.310319899999999961e+03 -1.410891908725945942e+00
1.347707200000000057e+03 -1.408513661326703303e+00
1.362413399999999911e+03 -1.408941651734075595e+00
1.393228200000000015e+03 -1.406861534421003368e+00
1.415400200000000041e+03 -1.406896002467816986e+00
1.442033500000000004e+03 -1.405116219388315990e+00
1.461528499999999894e+03 -1.403812893835765241e+00
1.499745599999999968e+03 -1.404678170938468362e+00
1.503248199999999997e+03 -1.399120300264098837e+00
1.551644099999999980e+03 -1.404314994931532112e+00
1.557390000000000100e+03 -1.396193972207166123e+00
1.606169799999999896e+03 -1.398875455920259636e+00
1.621475200000000086e+03 -1.397953873541371017e+00
1.643994799999999941e+03 -1.394055050248793171e+00
1.659088500000000067e+03 -1.393535588380825807e+00
1.698811899999999923e+03 -1.386941403678470408e+00
1.702191199999999981e+03 -1.394106084529648903e+00
1.739395199999999932e+03 -1.391561734778735682e+00
1.758629500000000007e+03 -1.386000141927756557e+00
1.797409799999999905e+03 -1.386454331100851478e+00
1.800363499999999931e+03 -1.382080123676439287e+00
1.839683999999999969e+03 -1.382277466220313222e+00
1.859223099999999931e+03 -1.379525435554104673e+00
1.900162700000000086e+03 -1.378635750287973138e+00
1.911124900000000025e+03 -1.377642402302599489e+00
1.950789899999999989e+03 -1.375849067523819080e+00
1.952179900000000089e+03 -1.372381013494703650e+00
2.015656999999999925e+03 -1.378900460347922241e+00
2.025019700000000057e+03 -1.373886445102928899e+00
2.050004699999999957e+03 -1.370670163034586109e+00
2.061231200000000172e+03 -1.369046688777505683e+00
2.106507099999999809e+03 -1.362900148367327979e+00
2.107418900000000122e+03 -1.372542135902381499e+00
2.154683599999999842e+03 -1.365436810923250199e+00
2.168019699999999830e+03 -1.360480479042911028e+00
2.204293500000000222e+03 -1.353790809781988624e+00
2.229743100000000140e+03 -1.364226134129721490e+00
2.264022100000000137e+03 -1.348801605910401769e+00
2.266478000000000065e+03 -1.355680551362405506e+00
2.292701500000000124e+03 -1.341761853081065770e+00
2.332401699999999892e+03 -1.353230467785822011e+00
2.341643099999999777e+03 -1.337922932463817327e+00
2.362788700000000063e+03 -1.348972230721830368e+00
2.390806500000000142e+03 -1.344052810955831179e+00
2.410360700000000179e+03 -1.337301630815884490e+00
2.438926199999999881e+03 -1.332288762713427666e+00
