1.001861600000000010e+02 -4.269520868034852867e+00
1.268876800000000031e+02 -4.268850314914461208e+00
1.497715499999999906e+02 -4.268530040849474183e+00
1.497720600000000104e+02 -4.268530172694627645e+00
1.760957600000000127e+02 -4.268343056919486678e+00
1.989037099999999896e+02 -4.267802006012828997e+00
1.989893500000000017e+02 -4.267824196543242188e+00
2.227292300000000012e+02 -4.267070119387868843e+00
2.500045700000000011e+02 -4.267489035746842241e+00
2.500512300000000039e+02 -4.267501098285796601e+00
2.742730999999999995e+02 -4.266123406130574836e+00
3.005022399999999720e+02 -4.265963137202152922e+00
3.006439500000000180e+02 -4.265999772058457040e+00
3.204073200000000270e+02 -4.263118563128731608e+00
3.519692800000000261e+02 -4.263438145414086833e+00
3.521267799999999966e+02 -4.263478760528943035e+00
3.729656299999999760e+02 -4.261883624485106381e+00
3.989289899999999989e+02 -4.260782368504494322e+00
3.989614500000000135e+02 -4.260790810946146756e+00
4.206710800000000177e+02 -4.259734344740844669e+00
4.497105000000000246e+02 -4.259196782913914348e+00
4.500343500000000176e+02 -4.259280555471850249e+00
4.720368700000000217e+02 -4.258249735923127055e+00
4.995366300000000024e+02 -4.257838464557204716e+00
4.996534800000000018e+02 -4.257868672608570826e+00
5.225255300000000034e+02 -4.256124062561442045e+00
5.544554000000000542e+02 -4.255291708260069861e+00
5.544777199999999766e+02 -4.255297732851468950e+00
5.688957599999999957e+02 -4.252534242613318582e+00
5.982411100000000488e+02 -4.251318544054487170e+00
5.982563499999999976e+02 -4.251322534783305684e+00
6.167946500000000469e+02 -4.249013741568843372e+00
6.502735699999999497e+02 -4.248292004259559995e+00
6.505553999999999633e+02 -4.248364913810918075e+00
6.724507800000000088e+02 -4.246945415368516663e+00
6.984687000000000126e+02 -4.245041553466788464e+00
6.986261200000000144e+02 -4.245082351441674895e+00
7.143488899999999830e+02 -4.240804032874420315e+00
7.451494599999999764e+02 -4.240803129149524509e+00
7.451673600000000306e+02 -4.240807502228864934e+00
7.702360300000000279e+02 -4.237941570244491807e+00
8.009367099999999482e+02 -4.235919015569182378e+00
8.009993600000000242e+02 -4.235935160956074697e+00
8.129853799999999637e+02 -4.232718957748420330e+00
8.530005800000000136e+02 -4.233370064640957331e+00
8.531460299999999961e+02 -4.233407462820097500e+00
8.604613000000000511e+02 -4.227725330770073064e+00
8.969751599999999598e+02 -4.228722391043366002e+00
8.971999299999999948e+02 -4.228780651219530284e+00
9.137273400000000265e+02 -4.223608933497565943e+00
9.493158200000000306e+02 -4.222540996247835743e+00
9.493923200000000406e+02 -4.222560722135468403e+00
9.721249800000000505e+02 -4.220747408567530279e+00
9.946466900000000351e+02 -4.218190622712065796e+00
9.949390100000000530e+02 -4.218266447678894693e+00
1.015965100000000007e+03 -4.214539073711286221e+00
1.055747599999999920e+03 -4.215118879117071948e+00
1.055882499999999936e+03 -4.215153448140359416e+00
1.072832699999999932e+03 -4.213029764021817947e+00
1.098693500000000085e+03 -4.210750915468731037e+00
1.099057399999999916e+03 -4.210845041749021966e+00
1.119013599999999997e+03 -4.207245110040133795e+00
1.155292999999999893e+03 -4.206302563231187008e+00
1.155417799999999943e+03 -4.206334521203393351e+00
1.176643499999999904e+03 -4.203079572702982603e+00
1.202639300000000048e+03 -4.199631065005227981e+00
1.202907600000000002e+03 -4.199700578553030361e+00
1.210493799999999965e+03 -4.194865558337978584e+00
1.254863299999999981e+03 -4.195276116202820482e+00
1.254927200000000084e+03 -4.195292940937442872e+00
1.259114299999999957e+03 -4.190878086574937988e+00
1.290967499999999973e+03 -4.189427295635187676e+00
1.291531300000000101e+03 -4.189572642076633713e+00
1.308774799999999914e+03 -4.185605893184670911e+00
1.333955300000000079e+03 -4.182821181679155842e+00
1.333967900000000100e+03 -4.182825202311099666e+00
1.363192000000000007e+03 -4.183138355648677198e+00
1.404177599999999984e+03 -4.176565365880692937e+00
1.411068099999999959e+03 -4.183128907775696348e+00
1.411469299999999976e+03 -4.183232015338314902e+00
1.452549600000000055e+03 -4.170151551370702592e+00
1.464210100000000011e+03 -4.179635695067582368e+00
1.464462899999999991e+03 -4.179700285619486699e+00
1.499516399999999976e+03 -4.174875024424054004e+00
1.499684199999999919e+03 -4.174918404064783317e+00
1.519774400000000014e+03 -4.173246305556370217e+00
1.544650399999999991e+03 -4.168781053041028528e+00
1.544868999999999915e+03 -4.168837311066105222e+00
1.568263400000000047e+03 -4.167909043595253493e+00
1.604344299999999976e+03 -4.164559949564625718e+00
1.604634299999999939e+03 -4.164634665911205680e+00
1.622549199999999928e+03 -4.164146239983071318e+00
1.654203400000000101e+03 -4.162832584896309029e+00
1.654490600000000086e+03 -4.162907035355797980e+00
1.673196099999999888e+03 -4.162275702371322161e+00
1.705469499999999925e+03 -4.158682829101648437e+00
1.705814000000000078e+03 -4.158772194522735610e+00
1.714711600000000089e+03 -4.155867841932670892e+00
1.748700100000000020e+03 -4.147414570284712276e+00
1.754647500000000036e+03 -4.157492647260133012e+00
1.754769199999999955e+03 -4.157524363560088254e+00
1.795773599999999988e+03 -4.144926008035190179e+00
1.802935400000000072e+03 -4.148857366006989622e+00
1.803199599999999919e+03 -4.148925514310728424e+00
1.843765300000000025e+03 -4.144390674658641416e+00
1.843799400000000105e+03 -4.144399795499975170e+00
1.858691700000000083e+03 -4.143205226810468211e+00
1.906975599999999986e+03 -4.145427348278014179e+00
1.907636600000000044e+03 -4.145598586135705865e+00
1.927934700000000021e+03 -4.141979114437440046e+00
1.962161399999999958e+03 -4.138843579365938830e+00
1.964427899999999909e+03 -4.141267037638120208e+00
1.964434299999999894e+03 -4.141269455446629166e+00
2.002604199999999992e+03 -4.136513330328210891e+00
2.003275799999999890e+03 -4.136686799642877332e+00
2.006483799999999974e+03 -4.136624720967493118e+00
2.040144500000000107e+03 -4.134124463464664778e+00
2.040638799999999947e+03 -4.134251791887028737e+00
2.042998499999999922e+03 -4.129615332409314554e+00
2.097213099999999940e+03 -4.132643149250648129e+00
2.097467500000000200e+03 -4.132709120257121782e+00
2.116338499999999840e+03 -4.132412654548401676e+00
2.153477899999999863e+03 -4.131264692137807337e+00
2.153913199999999961e+03 -4.131377022312570091e+00
2.156768900000000031e+03 -4.125301670859119696e+00
2.221120100000000093e+03 -4.130714553836156711e+00
2.221228200000000015e+03 -4.124896784389510351e+00
2.221728999999999814e+03 -4.130873136973086446e+00
2.221922399999999925e+03 -4.122269664338793049e+00
2.223131800000000112e+03 -4.122583743108108045e+00
2.268069899999999961e+03 -4.115532807707475982e+00
2.268087700000000041e+03 -4.115539037694850855e+00
2.269617299999999886e+03 -4.125657754909472175e+00
2.305206799999999930e+03 -4.118853311555627172e+00
2.344902199999999993e+03 -4.115921489354236407e+00
2.344969999999999800e+03 -4.115938813462442170e+00
2.345090299999999843e+03 -4.117057945159988464e+00
2.392867299999999886e+03 -4.118670649183239441e+00
2.393281500000000051e+03 -4.118778135212796343e+00
2.398319700000000012e+03 -4.113060764909954869e+00
2.451898099999999886e+03 -4.113099258952859216e+00
2.452207499999999982e+03 -4.113179092356485711e+00
