1.221876000000000033e+02 3.276266435986158854e+01
1.316142199999999889e+02 3.277927030327701630e+01
1.692565099999999916e+02 3.281684052513739402e+01
1.696630700000000047e+02 3.281715296153063122e+01
1.791321199999999862e+02 3.281847699979645938e+01
2.173431699999999864e+02 3.285677691837980774e+01
2.184954799999999864e+02 3.285863016486872112e+01
2.277675000000000125e+02 3.286847445552615454e+01
2.669517700000000104e+02 3.291928404233665617e+01
2.680722999999999843e+02 3.291761550987176577e+01
2.767627200000000016e+02 3.293661357622633545e+01
3.170937000000000126e+02 3.295806838998574761e+01
3.174227599999999825e+02 3.295872023203745016e+01
3.229477699999999913e+02 3.297026104213311015e+01
3.631111700000000155e+02 3.300414512517809840e+01
3.633005600000000186e+02 3.300433594545084048e+01
3.711173800000000256e+02 3.303770608589456259e+01
4.132266099999999938e+02 3.306610421331161831e+01
4.143214100000000144e+02 3.306548392021168326e+01
4.229388400000000274e+02 3.306517759006716517e+01
4.609234000000000151e+02 3.311918176267046476e+01
4.612631299999999896e+02 3.311933136576429604e+01
4.735630300000000261e+02 3.312543659678404140e+01
5.068123499999999808e+02 3.319251831874618119e+01
5.090265499999999861e+02 3.319078210869123069e+01
5.245466000000000122e+02 3.315437868919193676e+01
5.607707000000000335e+02 3.322702116832892472e+01
5.634378600000000006e+02 3.322706849175656174e+01
5.683693899999999530e+02 3.323576328109098199e+01
6.067547299999999950e+02 3.330408355383676167e+01
6.077290600000000040e+02 3.330218654589863547e+01
6.228984699999999748e+02 3.327077294931813611e+01
6.570629599999999755e+02 3.334349938937512547e+01
6.611443299999999681e+02 3.334286484836148645e+01
6.647873700000000099e+02 3.335148738041930017e+01
7.106684400000000323e+02 3.338351211072664171e+01
7.115217300000000478e+02 3.338438784856503361e+01
7.173557299999999941e+02 3.342040555668634738e+01
7.567226600000000190e+02 3.346796763688174536e+01
7.599140899999999874e+02 3.346726185629961492e+01
7.699203700000000481e+02 3.346097852635864456e+01
8.119103699999999435e+02 3.352867189090168409e+01
8.162259699999999611e+02 3.352781294524729816e+01
8.195482200000000148e+02 3.351785518013434029e+01
8.575443199999999706e+02 3.359357469977610577e+01
8.582099799999999732e+02 3.359274933848971756e+01
8.644706400000000031e+02 3.357969570527173175e+01
9.081206899999999678e+02 3.365797069000610264e+01
9.083933799999999792e+02 3.365880063097903729e+01
9.188716699999999946e+02 3.364629503358436580e+01
9.584282600000000230e+02 3.370585385711378024e+01
9.666551399999999603e+02 3.371824394463668284e+01
9.673548100000000431e+02 3.371765469163443640e+01
1.014133400000000051e+03 3.380181610014248150e+01
1.015168499999999995e+03 3.380305465092611428e+01
1.019462099999999964e+03 3.376832688784856629e+01
1.056614000000000033e+03 3.384780582129045001e+01
1.057788800000000037e+03 3.384844799511500213e+01
1.071116600000000062e+03 3.385593272949318333e+01
1.108704600000000028e+03 3.390169346631385849e+01
1.109932700000000068e+03 3.390245878282108549e+01
1.113522099999999909e+03 3.394556126602890345e+01
1.151733799999999974e+03 3.398757887237940167e+01
1.157244400000000041e+03 3.398739212293914136e+01
1.158557099999999991e+03 3.400624211276205955e+01
1.201150799999999890e+03 3.408175859963362342e+01
1.204151399999999967e+03 3.408276663952778307e+01
1.231192399999999907e+03 3.406645481375941387e+01
1.256241500000000087e+03 3.411516588642377457e+01
1.257103699999999890e+03 3.411529615306330498e+01
1.266865999999999985e+03 3.411690667616527151e+01
1.309084200000000010e+03 3.418998117239975443e+01
1.311113599999999906e+03 3.419019438225117113e+01
1.313849799999999959e+03 3.424381335233055523e+01
1.353780500000000075e+03 3.428475066151028017e+01
1.354802300000000059e+03 3.428743842865866043e+01
1.359196500000000015e+03 3.428724404640749412e+01
1.406749499999999898e+03 3.437569000610625380e+01
1.408756599999999935e+03 3.437626552004884672e+01
1.420398999999999887e+03 3.435842865866069218e+01
1.458911700000000110e+03 3.442066710767351623e+01
1.462463299999999890e+03 3.442113881538774223e+01
1.464661299999999983e+03 3.449302971707714249e+01
1.511940000000000055e+03 3.453340016283330272e+01
1.516149499999999989e+03 3.453514197028292187e+01
1.517243799999999965e+03 3.453282464889069558e+01
1.555787399999999934e+03 3.458258904946061563e+01
1.558050400000000081e+03 3.462631233462243330e+01
1.559688699999999926e+03 3.458291115408101035e+01
1.604033500000000004e+03 3.467907744758802835e+01
1.609447200000000066e+03 3.467878078567066780e+01
1.612080600000000004e+03 3.465416802361082915e+01
1.653722099999999955e+03 3.473470232037451666e+01
1.658961600000000089e+03 3.473473386932627704e+01
1.675812400000000025e+03 3.472588896804396796e+01
1.705396700000000010e+03 3.480575870140443584e+01
1.707120699999999943e+03 3.480592458782821552e+01
1.708573200000000043e+03 3.486222979849379300e+01
1.758574000000000069e+03 3.489953999592916745e+01
1.759308099999999968e+03 3.489920109912476676e+01
1.768316600000000108e+03 3.490256309790352418e+01
1.791204700000000003e+03 3.496758141664970765e+01
1.793726699999999937e+03 3.496757938123346321e+01
1.812103499999999940e+03 3.499498626094035814e+01
1.844030799999999999e+03 3.507662527986973089e+01
1.844650000000000091e+03 3.507735345003053595e+01
1.877074200000000019e+03 3.507285568898839756e+01
1.897358999999999924e+03 3.514192906574394470e+01
1.902728800000000092e+03 3.514196315896600709e+01
1.911364800000000059e+03 3.512015469163443981e+01
1.939587099999999964e+03 3.521549257073071715e+01
1.940343499999999949e+03 3.521592967636881610e+01
1.956368300000000090e+03 3.523117799715041798e+01
1.992834100000000035e+03 3.530757022186037375e+01
2.001570200000000114e+03 3.530682525951556983e+01
2.009567600000000084e+03 3.527996997761042053e+01
2.046410200000000032e+03 3.535263026663952957e+01
2.049403099999999995e+03 3.536144718094850248e+01
2.051264799999999923e+03 3.535295745980052828e+01
2.089191699999999855e+03 3.545508396092001391e+01
2.093282200000000103e+03 3.545440158762467320e+01
2.109978099999999813e+03 3.541542998168125678e+01
2.152297199999999975e+03 3.553574190922043385e+01
2.153579299999999876e+03 3.553574699776104495e+01
2.161093899999999849e+03 3.551447842458782844e+01
2.204900399999999991e+03 3.558436240586200228e+01
2.211500700000000052e+03 3.558412578872379584e+01
2.218928300000000036e+03 3.556359352737634794e+01
2.239834699999999884e+03 3.567720282922857677e+01
2.242154399999999896e+03 3.567751424791369885e+01
2.272458399999999983e+03 3.564952116832892415e+01
2.290242699999999786e+03 3.575029106452269190e+01
2.302323199999999815e+03 3.575000865051903531e+01
2.310568600000000060e+03 3.569843832688784602e+01
2.336379699999999957e+03 3.582979340525137246e+01
2.347931500000000142e+03 3.583025748015469247e+01
2.361862099999999828e+03 3.584371412578872906e+01
2.398407499999999800e+03 3.585773407286789904e+01
2.402649699999999939e+03 3.587832688784856572e+01
2.403999800000000050e+03 3.587845511907185170e+01
2.439786599999999908e+03 3.607822918786892075e+01
2.444967299999999796e+03 3.608021270099735034e+01
