9.924186699999999917e+01 -3.378633252649319019e+00
1.003884199999999964e+02 -3.378797001172929804e+00
1.279142300000000034e+02 -3.378555297550046355e+00
1.498600900000000138e+02 -3.378082138425298364e+00
1.508508899999999926e+02 -3.378333445837558902e+00
1.761219199999999887e+02 -3.377859640683676279e+00
1.991232100000000003e+02 -3.377581883638452798e+00
1.992069700000000125e+02 -3.377005786400978593e+00
2.233444200000000137e+02 -3.376489131790276321e+00
2.494710699999999974e+02 -3.376137193128292413e+00
2.505275599999999940e+02 -3.376660215056139336e+00
2.721817699999999718e+02 -3.375112930735082895e+00
2.980523900000000026e+02 -3.374877787141009389e+00
2.996871300000000247e+02 -3.374955040726081545e+00
3.246011899999999741e+02 -3.373745963729239072e+00
3.465274000000000001e+02 -3.371988312923572817e+00
3.516947299999999927e+02 -3.372672481209464834e+00
3.738251000000000204e+02 -3.370844314489523708e+00
3.988058800000000019e+02 -3.369278020237772786e+00
3.995002400000000193e+02 -3.370303292456001909e+00
4.228338800000000219e+02 -3.366427351103388865e+00
4.460686499999999910e+02 -3.363764553327226459e+00
4.535053800000000024e+02 -3.366580643820594965e+00
4.726329700000000003e+02 -3.360215970721687651e+00
4.977357299999999896e+02 -3.359052063567842694e+00
4.996192500000000223e+02 -3.358207421680919236e+00
5.224593800000000101e+02 -3.355345614023908407e+00
5.539704100000000153e+02 -3.354414598585597318e+00
5.572010999999999967e+02 -3.355031192565946618e+00
5.711581899999999905e+02 -3.349787709161332838e+00
5.954402499999999918e+02 -3.348353778011474713e+00
6.010376700000000483e+02 -3.348491897220286173e+00
6.133850099999999657e+02 -3.342445939389309117e+00
6.478475899999999683e+02 -3.343102403737481243e+00
6.510627100000000382e+02 -3.343768605780840453e+00
6.662262699999999995e+02 -3.338491812296088934e+00
6.944682000000000244e+02 -3.338101686113679634e+00
7.040564100000000280e+02 -3.339485070039385217e+00
7.187238399999999956e+02 -3.334321417438556256e+00
7.516597199999999930e+02 -3.334346836730483155e+00
7.538133100000000013e+02 -3.333944647144001738e+00
7.701256700000000137e+02 -3.330159325352691546e+00
7.981345599999999649e+02 -3.328396161099603123e+00
8.044418500000000449e+02 -3.328350504975235324e+00
8.180895600000000059e+02 -3.325935803148099001e+00
8.476488000000000511e+02 -3.324775704725039915e+00
8.531363000000000056e+02 -3.325945553975422797e+00
8.648107599999999593e+02 -3.321805482470195248e+00
8.971757400000000189e+02 -3.320683770714728755e+00
9.006728500000000395e+02 -3.321148549563127439e+00
9.148909999999999627e+02 -3.318086131592294930e+00
9.560151299999999992e+02 -3.319978223872873446e+00
9.599238900000000285e+02 -3.319340028995852787e+00
9.674670300000000225e+02 -3.315563997003077468e+00
1.002144999999999982e+03 -3.314227751933280341e+00
1.002206099999999992e+03 -3.315500773227381792e+00
1.019208399999999983e+03 -3.312435795122091520e+00
1.039178300000000036e+03 -3.310208171673713728e+00
1.052106399999999894e+03 -3.311999610159409801e+00
1.070733099999999922e+03 -3.310778803424667238e+00
1.091436500000000024e+03 -3.306869289979856852e+00
1.096677500000000009e+03 -3.307492867766951505e+00
1.113327700000000050e+03 -3.305195810456088790e+00
1.140744799999999941e+03 -3.304160279543423506e+00
1.163563100000000077e+03 -3.306538808449720701e+00
1.166341599999999971e+03 -3.302914036609182702e+00
1.206409400000000005e+03 -3.302292816552251153e+00
1.208258800000000065e+03 -3.304043160194406692e+00
1.215800999999999931e+03 -3.300549960706860020e+00
1.240347299999999905e+03 -3.297123838109944138e+00
1.258643499999999904e+03 -3.295040773936280587e+00
1.259119200000000092e+03 -3.300309538545370014e+00
1.283899300000000039e+03 -3.295469147949993349e+00
1.307309099999999944e+03 -3.297978710657854862e+00
1.313756399999999985e+03 -3.293973015425994522e+00
1.350085900000000038e+03 -3.291858553784252184e+00
1.359897899999999936e+03 -3.295433315185908985e+00
1.367573499999999967e+03 -3.291977400951556554e+00
1.396713799999999992e+03 -3.291279830683063512e+00
1.414154399999999896e+03 -3.292398587255882969e+00
1.423647799999999961e+03 -3.291226827894565332e+00
1.441585000000000036e+03 -3.288786554503654536e+00
1.462629300000000057e+03 -3.291657568216155738e+00
1.463941199999999981e+03 -3.286693290808404111e+00
1.504494200000000092e+03 -3.286583521301732702e+00
1.504785499999999956e+03 -3.287876566803778378e+00
1.520600799999999936e+03 -3.287413488033429587e+00
1.556014100000000099e+03 -3.286355321275404862e+00
1.562052300000000059e+03 -3.283211705972139072e+00
1.564483400000000074e+03 -3.286724073226267251e+00
1.603079300000000103e+03 -3.282646162262398803e+00
1.606169499999999971e+03 -3.285579276186391784e+00
1.617411499999999933e+03 -3.281598369948616867e+00
1.646771400000000085e+03 -3.279953194507218672e+00
1.660664299999999912e+03 -3.283134903805107196e+00
1.662764799999999923e+03 -3.279561651721101700e+00
1.686094599999999900e+03 -3.275651336825659232e+00
1.689062899999999900e+03 -3.279581840083390265e+00
1.708576700000000073e+03 -3.278017600229248263e+00
1.753685099999999920e+03 -3.276854523457903845e+00
1.759922700000000077e+03 -3.277204651203202257e+00
1.762525699999999915e+03 -3.278255351780959614e+00
1.790074000000000069e+03 -3.273756537377689124e+00
1.802725100000000111e+03 -3.274921613151665412e+00
1.810717399999999998e+03 -3.271969870157430904e+00
1.837027700000000095e+03 -3.272547049222226168e+00
1.861637799999999970e+03 -3.275917391699677772e+00
1.863057900000000018e+03 -3.274558381077893543e+00
1.896876999999999953e+03 -3.267992977057003756e+00
1.917927300000000059e+03 -3.276319541481876207e+00
1.920202700000000050e+03 -3.273204846683425373e+00
1.947994200000000092e+03 -3.270634159766761861e+00
1.960882100000000037e+03 -3.272621546073711585e+00
1.969648599999999988e+03 -3.273166000485514093e+00
1.996384499999999889e+03 -3.268482251013362205e+00
2.002707499999999982e+03 -3.269967014877106060e+00
2.011124499999999898e+03 -3.267716353706705767e+00
2.040246300000000019e+03 -3.263443524532495754e+00
2.062877399999999852e+03 -3.266857619431835502e+00
2.066012499999999818e+03 -3.268512904710041411e+00
2.093470899999999801e+03 -3.263505555249304635e+00
2.102059699999999793e+03 -3.265082790396461654e+00
2.132282900000000154e+03 -3.269313960264760954e+00
2.164342099999999846e+03 -3.264159096927791381e+00
2.169442199999999957e+03 -3.268954319685110299e+00
2.170235099999999875e+03 -3.267113147057654654e+00
2.193929399999999987e+03 -3.264213101749034784e+00
2.216208399999999983e+03 -3.264716509667511701e+00
2.225833000000000084e+03 -3.268520913182370258e+00
2.244652199999999993e+03 -3.258942330312931901e+00
2.267784700000000157e+03 -3.255567005775694689e+00
2.267891900000000078e+03 -3.261219133927769853e+00
2.268095899999999801e+03 -3.260624304311615429e+00
2.309223800000000210e+03 -3.257858608745325846e+00
2.309888300000000072e+03 -3.267634761192696136e+00
2.337873300000000199e+03 -3.260443733538917144e+00
2.340607599999999820e+03 -3.265922892333953165e+00
2.375154399999999896e+03 -3.263104945634315079e+00
2.409341100000000097e+03 -3.258602821038589337e+00
2.412272800000000188e+03 -3.258620442968362951e+00
2.419518300000000181e+03 -3.263940068407248152e+00
2.457145700000000033e+03 -3.260112798619633878e+00
