1.001609299999999934e+02 1.763246336250763235e+01
1.002707000000000050e+02 1.763516690413189281e+01
1.271179199999999980e+02 1.766437919804599943e+01
1.506940400000000011e+02 1.768347394667209471e+01
1.511023700000000076e+02 1.769276205984123607e+01
1.770152999999999963e+02 1.771591491960105813e+01
1.980910700000000020e+02 1.775045949521677358e+01
1.996020399999999881e+02 1.774296254834113640e+01
2.226339299999999923e+02 1.777318847954406777e+01
2.486651099999999985e+02 1.780745929167514774e+01
2.529833999999999889e+02 1.779935579075921126e+01
2.738830600000000004e+02 1.782906879706899872e+01
2.981022500000000264e+02 1.786473132505597405e+01
3.029845799999999940e+02 1.787420211683289395e+01
3.235368599999999901e+02 1.788826684306940606e+01
3.445271399999999744e+02 1.791953796051292613e+01
3.475278900000000135e+02 1.793671331162222415e+01
3.709556600000000230e+02 1.795737278648483581e+01
3.980808799999999792e+02 1.798011042133116177e+01
4.029626400000000217e+02 1.799109912477101503e+01
4.211023599999999760e+02 1.802482444534907202e+01
4.482907299999999964e+02 1.805992876043150730e+01
4.524820100000000025e+02 1.807168888662731732e+01
4.726519299999999930e+02 1.811730663545695208e+01
4.931504299999999716e+02 1.815255342967636665e+01
5.003170499999999947e+02 1.815190056991654899e+01
5.207707299999999577e+02 1.821934205169957366e+01
5.473007300000000441e+02 1.824777478119275642e+01
5.521683699999999817e+02 1.827871819662120956e+01
5.695081900000000132e+02 1.834233411357622501e+01
5.993214000000000397e+02 1.839232495420313285e+01
6.064733899999999949e+02 1.836429371056381044e+01
6.208801099999999451e+02 1.844251730103806253e+01
6.485442799999999579e+02 1.850159881945857876e+01
6.520786500000000387e+02 1.848360930185222983e+01
6.726270700000000033e+02 1.857017759006716773e+01
6.952451800000000048e+02 1.860408508039894215e+01
7.056897099999999909e+02 1.858754783228170027e+01
7.189425099999999702e+02 1.867036230409118858e+01
7.458135200000000395e+02 1.874016486871565235e+01
7.475146600000000490e+02 1.871227864848361477e+01
7.760680300000000216e+02 1.876552462853653580e+01
8.035217800000000352e+02 1.884082027274577698e+01
8.048260400000000345e+02 1.886242519845308507e+01
8.151974500000000035e+02 1.889732139222470764e+01
8.522772499999999809e+02 1.896778750254427237e+01
8.542041199999999890e+02 1.895874974557296966e+01
8.742991799999999785e+02 1.899965550580093421e+01
8.937900700000000143e+02 1.903630775493588700e+01
8.999780100000000402e+02 1.906724251984530838e+01
9.119510299999999461e+02 1.910203897822104580e+01
9.481240999999999985e+02 1.915985701200895619e+01
9.514276599999999462e+02 1.917169346631386162e+01
9.696886399999999639e+02 1.921549307958477470e+01
9.976602000000000317e+02 1.925330653368613909e+01
1.000983399999999961e+03 1.925739619377162626e+01
1.019034800000000018e+03 1.930743690209648022e+01
1.054208100000000059e+03 1.939285823325870339e+01
1.057058500000000095e+03 1.936841949928760442e+01
1.069249800000000050e+03 1.940277529004681512e+01
1.096554300000000012e+03 1.947745318542641968e+01
1.097128999999999905e+03 1.943073529411764611e+01
1.109843699999999899e+03 1.950361744351720006e+01
1.145425899999999956e+03 1.954781040097699929e+01
1.153661599999999908e+03 1.952904996946875826e+01
1.164288900000000012e+03 1.958634286586606876e+01
1.192055800000000090e+03 1.962509820883370537e+01
1.202898100000000113e+03 1.963710970893547625e+01
1.216851000000000113e+03 1.967015723590474252e+01
1.246270500000000084e+03 1.975008548748218828e+01
1.251551999999999907e+03 1.975014247913698284e+01
1.259109999999999900e+03 1.978321443110115752e+01
1.295863299999999981e+03 1.983819051496030994e+01
1.304237100000000055e+03 1.984119428048035871e+01
1.321126199999999926e+03 1.985076277223692287e+01
1.355133399999999938e+03 1.993457256258904664e+01
1.357352000000000089e+03 1.990517606350498880e+01
1.369621100000000069e+03 1.994304549155302198e+01
1.394107700000000023e+03 1.999289334418888942e+01
1.409978599999999915e+03 2.002960716466517610e+01
1.415024899999999889e+03 1.999028190514960457e+01
1.452513200000000097e+03 2.008261601872582958e+01
1.462424199999999928e+03 2.009711123549766043e+01
1.465191000000000031e+03 2.009585640138408280e+01
1.502071699999999964e+03 2.015198860166904282e+01
1.502766499999999951e+03 2.014464990840626868e+01
1.516383100000000013e+03 2.019567779360879456e+01
1.543867199999999912e+03 2.023339456543862980e+01
1.546164099999999962e+03 2.024828617952371346e+01
1.565353000000000065e+03 2.027832688784856430e+01
1.584970700000000079e+03 2.035372379401587750e+01
1.609242999999999938e+03 2.035583044982699263e+01
1.618961000000000013e+03 2.037277376348463420e+01
1.653865700000000061e+03 2.040287400773458160e+01
1.660446899999999914e+03 2.041684917565642010e+01
1.663283599999999979e+03 2.042977610421331391e+01
1.687246100000000069e+03 2.049862151434968283e+01
1.709580600000000004e+03 2.051431202930999476e+01
1.709746300000000019e+03 2.049626908202727549e+01
1.749519999999999982e+03 2.056461785060044889e+01
1.755324800000000096e+03 2.059988245471198809e+01
1.755592300000000023e+03 2.055998422552411853e+01
1.800013999999999896e+03 2.066317728475473459e+01
1.808970900000000029e+03 2.066732749847343698e+01
1.823508299999999963e+03 2.069279259108487778e+01
1.833685099999999920e+03 2.079698961937716106e+01
1.847568899999999985e+03 2.076341644616323734e+01
1.856227499999999964e+03 2.077927182983920318e+01
1.891430299999999988e+03 2.084291268064319169e+01
1.903065000000000055e+03 2.085433034805617680e+01
1.911385099999999966e+03 2.081757225727661265e+01
1.939476599999999962e+03 2.092262670466110563e+01
1.947893900000000031e+03 2.093638764502340877e+01
1.972761700000000019e+03 2.094017911662935205e+01
2.006148400000000038e+03 2.105383828617952346e+01
2.006698300000000017e+03 2.096401994707917638e+01
2.008870799999999917e+03 2.100313759413799986e+01
2.038820699999999988e+03 2.103261601872582887e+01
2.046004799999999932e+03 2.109621463464278435e+01
2.051414699999999812e+03 2.109012365153673940e+01
2.091521600000000035e+03 2.118654335436596980e+01
2.109612599999999929e+03 2.117086301648686941e+01
2.119380900000000111e+03 2.122827702015062101e+01
2.127151400000000194e+03 2.122520405047832526e+01
2.167358000000000175e+03 2.129181762670465972e+01
2.170790800000000218e+03 2.129197944229594697e+01
2.180782200000000103e+03 2.139135558721758557e+01
2.206001299999999901e+03 2.138581671076735091e+01
2.231400099999999838e+03 2.137977610421330965e+01
2.236373099999999795e+03 2.140048239364950433e+01
2.254791799999999967e+03 2.142305566863423749e+01
2.264815900000000056e+03 2.144661815591288345e+01
2.268500599999999849e+03 2.154210563810299206e+01
2.298405999999999949e+03 2.153983207815998568e+01
2.308809900000000198e+03 2.151734887034398369e+01
2.338888300000000072e+03 2.167469468756360484e+01
2.344259799999999814e+03 2.160196977406879526e+01
2.361831000000000131e+03 2.158952473030734964e+01
2.380948199999999815e+03 2.166614339507429321e+01
2.404222800000000007e+03 2.169730917972725592e+01
2.410773400000000038e+03 2.167610879299816773e+01
2.454130500000000211e+03 2.176328974150213469e+01
