1.028778300000000030e+02 1.204613983309586800e+01
1.271307500000000061e+02 1.206711174435172040e+01
1.513322200000000066e+02 1.208328109098310676e+01
1.759508399999999995e+02 1.209631487889273416e+01
2.003801799999999957e+02 1.210962344799511570e+01
2.233309500000000014e+02 1.213975625890494570e+01
2.489074799999999925e+02 1.215841491960105891e+01
2.737656400000000190e+02 1.217089405658457224e+01
2.957572400000000243e+02 1.219034805617748773e+01
3.221636599999999930e+02 1.220879147160594336e+01
3.479890399999999886e+02 1.223329075921025932e+01
3.729865699999999720e+02 1.224905302259312023e+01
3.991516199999999799e+02 1.227223488703439891e+01
4.215477500000000077e+02 1.229906319967433426e+01
4.496436299999999733e+02 1.231993181355587197e+01
4.745562400000000025e+02 1.233714125788723770e+01
4.993029500000000098e+02 1.236742112762059875e+01
5.180404800000000023e+02 1.238596020761245775e+01
5.501301700000000210e+02 1.241075055973946739e+01
5.703550300000000561e+02 1.243722674536942741e+01
5.970602699999999459e+02 1.245722725422348809e+01
6.189082300000000032e+02 1.248309179727254303e+01
6.487670000000000528e+02 1.251619326277223720e+01
6.670058999999999969e+02 1.254962599226541897e+01
6.990659399999999550e+02 1.255434408711581540e+01
7.219260799999999563e+02 1.261030327702015086e+01
7.509174699999999802e+02 1.261112202320374465e+01
7.698052400000000262e+02 1.266565184205169992e+01
7.985921899999999596e+02 1.268138917158558954e+01
8.202078299999999444e+02 1.271619122735599383e+01
8.463415099999999711e+02 1.275194382251170389e+01
8.709998500000000377e+02 1.275553633217993088e+01
8.968828700000000254e+02 1.280427895379605197e+01
9.156600499999999556e+02 1.283306330144514540e+01
9.517870900000000347e+02 1.286386423773661747e+01
9.665818799999999555e+02 1.289289690616731043e+01
9.953527299999999514e+02 1.291954304905353013e+01
1.017672500000000014e+03 1.296273152859759925e+01
1.052620699999999943e+03 1.300268318746183560e+01
1.069231700000000046e+03 1.302950437614492252e+01
1.092841699999999946e+03 1.307199725218807274e+01
1.131098099999999931e+03 1.309405556686342464e+01
1.147098199999999906e+03 1.313115204559332305e+01
1.167667599999999993e+03 1.315172501526562243e+01
1.194110100000000102e+03 1.320311418685121119e+01
1.212256800000000112e+03 1.321167667412986013e+01
1.244479000000000042e+03 1.326565082434357912e+01
1.258920100000000048e+03 1.329148076531650702e+01
1.300387699999999995e+03 1.332873956849175734e+01
1.323111900000000105e+03 1.335217840423366553e+01
1.337439399999999978e+03 1.339329228577243924e+01
1.372893199999999979e+03 1.340574089151231441e+01
1.391929799999999886e+03 1.343911306737227740e+01
1.413649799999999914e+03 1.347018064319153297e+01
1.451895500000000084e+03 1.351641563199674145e+01
1.459472199999999930e+03 1.354540301241604006e+01
1.492669399999999996e+03 1.358757073071443067e+01
1.516912600000000111e+03 1.362349277427233929e+01
1.553201099999999997e+03 1.366889120700183113e+01
1.563639699999999948e+03 1.366985599430083553e+01
1.607536200000000008e+03 1.372098259719112612e+01
1.608930100000000039e+03 1.373300020354162321e+01
1.644185600000000022e+03 1.377670211683289203e+01
1.660309500000000071e+03 1.380355434561367822e+01
1.695060699999999997e+03 1.383782261347445619e+01
1.718732500000000073e+03 1.387395837573783908e+01
1.743204500000000053e+03 1.389704101363729016e+01
1.760196799999999939e+03 1.392994606146957004e+01
1.783686400000000049e+03 1.396648941583553949e+01
1.818037700000000086e+03 1.399774221453287204e+01
1.856479499999999916e+03 1.403665174028088813e+01
1.878576700000000073e+03 1.404959291675147526e+01
1.904967799999999897e+03 1.408335436596784085e+01
1.915884399999999914e+03 1.413742112762059655e+01
1.960128600000000006e+03 1.417702930999389288e+01
1.964334900000000061e+03 1.418218705475269736e+01
1.985555399999999963e+03 1.424946672094443478e+01
2.029169399999999996e+03 1.425676165275798901e+01
2.042240000000000009e+03 1.434344646855281802e+01
2.082647399999999834e+03 1.427572308162019254e+01
2.092531199999999899e+03 1.436059892122939097e+01
2.111242299999999886e+03 1.439359912477101666e+01
2.146145700000000033e+03 1.442895125178098858e+01
2.171023999999999887e+03 1.445766028902910705e+01
2.216519600000000082e+03 1.452661968247506685e+01
2.216583799999999883e+03 1.449078617952371140e+01
2.267848199999999906e+03 1.462003918176267092e+01
2.273576199999999972e+03 1.454857317321392252e+01
2.301576199999999972e+03 1.467204661103195562e+01
2.313788399999999911e+03 1.466606045186240515e+01
2.343045000000000073e+03 1.469922654182780519e+01
2.369242900000000191e+03 1.474264349684510478e+01
2.407344700000000103e+03 1.481630724608182348e+01
2.415654700000000048e+03 1.478259769997964490e+01
2.466652700000000095e+03 1.486571850193364419e+01
