9.956368299999999749e+01 -3.378476778229784649e+00
9.995669700000000546e+01 -3.378539249296035774e+00
1.262862499999999955e+02 -3.378041617327928847e+00
1.491686599999999885e+02 -3.377972899469303236e+00
1.493029899999999941e+02 -3.377931908964454166e+00
1.760260700000000043e+02 -3.377758838753736725e+00
1.983500500000000102e+02 -3.377014562868410508e+00
2.000888799999999890e+02 -3.377573234237787769e+00
2.247963499999999897e+02 -3.376834869295420205e+00
2.476376799999999889e+02 -3.376383966203842846e+00
2.520687800000000038e+02 -3.376542825749001775e+00
2.720157600000000002e+02 -3.375011597398826169e+00
2.989290599999999927e+02 -3.374199630384381532e+00
2.994127700000000232e+02 -3.374931640173113312e+00
3.211257100000000264e+02 -3.372980090324114499e+00
3.471761799999999880e+02 -3.371944962805774271e+00
3.508578499999999849e+02 -3.373602426610459393e+00
3.747442100000000096e+02 -3.370966972590782262e+00
4.023935999999999922e+02 -3.369046042423081477e+00
4.030905700000000138e+02 -3.369980751845196743e+00
4.245261399999999981e+02 -3.366451135653280247e+00
4.469460100000000011e+02 -3.364242945802174756e+00
4.524532100000000128e+02 -3.364588252234272936e+00
4.712477799999999775e+02 -3.360863977777667433e+00
4.974378899999999817e+02 -3.359744198910826984e+00
5.045313100000000190e+02 -3.359512448800713535e+00
5.191960500000000138e+02 -3.354426922275325129e+00
5.461956599999999753e+02 -3.351605210308403748e+00
5.542458199999999806e+02 -3.353798081290759292e+00
5.765083200000000261e+02 -3.350820681802933798e+00
6.009601099999999860e+02 -3.347815628219522832e+00
6.010617799999999988e+02 -3.347818402881068245e+00
6.134704500000000280e+02 -3.342510516644399576e+00
6.531389199999999846e+02 -3.343285960061394668e+00
6.551366299999999683e+02 -3.344381483789828913e+00
6.640895100000000184e+02 -3.337805181594133419e+00
6.902236100000000079e+02 -3.336696060417786214e+00
6.962085499999999456e+02 -3.336621365129023076e+00
7.207083499999999958e+02 -3.334942635156461499e+00
7.463591599999999744e+02 -3.332245618468909321e+00
7.548266099999999597e+02 -3.333764105876645623e+00
7.695913399999999456e+02 -3.330251243330538014e+00
8.000182600000000548e+02 -3.329532076635740800e+00
8.003572199999999839e+02 -3.330539356487917768e+00
8.188328400000000329e+02 -3.326557835736502433e+00
8.573232400000000553e+02 -3.327792718090970325e+00
8.574987800000000107e+02 -3.325692006674981993e+00
8.679556499999999915e+02 -3.322565781866126500e+00
9.011385900000000220e+02 -3.321374590728537690e+00
9.032817900000000009e+02 -3.321000348134652391e+00
9.156200700000000552e+02 -3.318419990307479583e+00
9.421761800000000449e+02 -3.316874831762748776e+00
9.481770699999999579e+02 -3.318006682011863440e+00
9.769747399999999971e+02 -3.317766433703221107e+00
9.942105699999999615e+02 -3.312914076887227388e+00
1.004379999999999995e+03 -3.315004454982205750e+00
1.013740599999999972e+03 -3.311412805455214325e+00
1.052848500000000058e+03 -3.310799283959331429e+00
1.060901100000000042e+03 -3.313408773924850337e+00
1.070431900000000041e+03 -3.310360768288528099e+00
1.093110599999999977e+03 -3.308119806634986837e+00
1.096340599999999995e+03 -3.308827205342644184e+00
1.119920200000000023e+03 -3.306954702996879547e+00
1.147429900000000089e+03 -3.306059893034708708e+00
1.152156199999999899e+03 -3.306053361978193106e+00
1.168371200000000044e+03 -3.304258441622799136e+00
1.201888099999999895e+03 -3.302506984939144630e+00
1.203939100000000053e+03 -3.303009069642949935e+00
1.218603100000000040e+03 -3.301715790241487092e+00
1.238154099999999971e+03 -3.297589215363783577e+00
1.244083499999999958e+03 -3.299386534767530410e+00
1.263215500000000020e+03 -3.297520813668960660e+00
1.296574000000000069e+03 -3.294625975109311433e+00
1.300414299999999912e+03 -3.296724610760460195e+00
1.319579500000000053e+03 -3.295561753003227512e+00
1.354709299999999985e+03 -3.295885720235288030e+00
1.355845499999999902e+03 -3.296324830161023289e+00
1.363134700000000066e+03 -3.292102577670592556e+00
1.392714999999999918e+03 -3.289636810304132020e+00
1.398603100000000040e+03 -3.292501561933947940e+00
1.411562799999999925e+03 -3.289290890796742861e+00
1.429344200000000001e+03 -3.288598860256401579e+00
1.449377999999999929e+03 -3.289222175118871494e+00
1.475719299999999976e+03 -3.291463840924497397e+00
1.497638599999999997e+03 -3.285027118991528106e+00
1.506512500000000045e+03 -3.289120455885075067e+00
1.519341200000000072e+03 -3.287438660345469277e+00
1.549476599999999962e+03 -3.285462112829304004e+00
1.554875999999999976e+03 -3.282054026695528925e+00
1.558000299999999925e+03 -3.287904260646688392e+00
1.594370400000000018e+03 -3.283722796439813241e+00
1.594510700000000043e+03 -3.283641012640973855e+00
1.615874700000000075e+03 -3.282186981294985539e+00
1.629246699999999919e+03 -3.279055267140767338e+00
1.652722299999999905e+03 -3.281792302498128588e+00
1.662691000000000031e+03 -3.278063537739116740e+00
1.716030199999999923e+03 -3.280091689850727299e+00
1.717329099999999926e+03 -3.279053677167569791e+00
1.718050500000000056e+03 -3.282189186253044788e+00
1.752761700000000019e+03 -3.279231774014356837e+00
1.762804200000000037e+03 -3.276107779048443192e+00
1.768278000000000020e+03 -3.277212362578515670e+00
1.802770500000000084e+03 -3.275844147838701037e+00
1.808092799999999897e+03 -3.272020495787782313e+00
1.822090999999999894e+03 -3.275332317523153236e+00
1.842350899999999911e+03 -3.273183328597621955e+00
1.860436200000000099e+03 -3.275490124826321292e+00
1.863896999999999935e+03 -3.271248335868320201e+00
1.891666799999999967e+03 -3.272536887431121588e+00
1.894075199999999995e+03 -3.274414951518406447e+00
1.914974899999999934e+03 -3.272663299311500573e+00
1.931793899999999894e+03 -3.269363523556350959e+00
1.963086999999999989e+03 -3.269976820207468826e+00
1.964099799999999959e+03 -3.269422498143419453e+00
1.997985500000000002e+03 -3.267260735322131016e+00
2.006063000000000102e+03 -3.268037511201957290e+00
2.027790700000000015e+03 -3.272500625875388369e+00
2.054142899999999827e+03 -3.267727808509960141e+00
2.054426300000000083e+03 -3.269636000794894137e+00
2.060867900000000191e+03 -3.265848046328882592e+00
2.096612599999999929e+03 -3.267373772079488425e+00
2.112225300000000061e+03 -3.266852109156036299e+00
2.115140300000000025e+03 -3.268408106659018486e+00
2.140000100000000202e+03 -3.263667701333851312e+00
2.144329200000000128e+03 -3.263183969580838450e+00
2.163936799999999948e+03 -3.265757911318341478e+00
2.178867099999999937e+03 -3.262100084765185315e+00
2.184967399999999998e+03 -3.263967333236850177e+00
2.220457899999999881e+03 -3.264787357474501661e+00
2.258216399999999794e+03 -3.266020948912172095e+00
2.259125900000000001e+03 -3.266381810607795977e+00
2.260450200000000223e+03 -3.262373059221432392e+00
2.272337199999999939e+03 -3.253187383975277847e+00
2.286618399999999838e+03 -3.260585597050472462e+00
2.313267899999999827e+03 -3.260037765071046589e+00
2.360314899999999852e+03 -3.263767316424151854e+00
2.368701300000000174e+03 -3.260811614481438081e+00
2.371708000000000084e+03 -3.262952991372227718e+00
2.391650700000000143e+03 -3.257565476422504158e+00
2.395929299999999785e+03 -3.255093114408998733e+00
2.411345800000000054e+03 -3.260257906757071833e+00
2.432020199999999932e+03 -3.256153943253015548e+00
