9.946858100000000036e+01 -1.526631919723622666e+00
1.263812599999999975e+02 -1.526277964364527673e+00
1.472495600000000024e+02 -1.525808648530301292e+00
1.752045500000000118e+02 -1.525546357707282974e+00
1.990584100000000092e+02 -1.525313961184009859e+00
2.251092600000000061e+02 -1.524740564307061730e+00
2.479837899999999991e+02 -1.524163652177419781e+00
2.740068699999999922e+02 -1.523149329001296071e+00
2.990369999999999777e+02 -1.523024909336405663e+00
3.235322899999999890e+02 -1.521315906986784761e+00
3.534983899999999721e+02 -1.521216363472781552e+00
3.739366299999999796e+02 -1.518831421182000430e+00
4.018698800000000233e+02 -1.518436805475057438e+00
4.212170699999999783e+02 -1.515046876073588900e+00
4.500726799999999912e+02 -1.515383737489280236e+00
4.711279200000000174e+02 -1.511177231353408201e+00
4.977873200000000224e+02 -1.510762276246015778e+00
5.205427899999999681e+02 -1.507195954571139529e+00
5.462995899999999665e+02 -1.505240820395308043e+00
5.670736200000000053e+02 -1.501902487033978550e+00
5.993401599999999689e+02 -1.501692279560554510e+00
6.212515899999999647e+02 -1.499001538545065015e+00
6.517165199999999459e+02 -1.497687832224168236e+00
6.710748399999999947e+02 -1.495046912858426058e+00
7.044823599999999715e+02 -1.493740057345692263e+00
7.201206200000000308e+02 -1.490993270051891750e+00
7.527616699999999810e+02 -1.491856524468203382e+00
7.657574200000000246e+02 -1.486422474011779959e+00
7.908397599999999557e+02 -1.484635691707975713e+00
8.179587299999999459e+02 -1.484483092325673104e+00
8.537363199999999779e+02 -1.483882932438666646e+00
8.690235400000000254e+02 -1.480635410599340451e+00
8.934587800000000470e+02 -1.478915463815730025e+00
9.163872199999999566e+02 -1.476780740071829801e+00
9.575299099999999726e+02 -1.478450630685460343e+00
9.641822399999999789e+02 -1.474239289271511044e+00
9.964797700000000304e+02 -1.473215650219951156e+00
1.015501700000000028e+03 -1.471023743324108679e+00
1.055748900000000049e+03 -1.472334104262768006e+00
1.068294599999999946e+03 -1.470422166111203355e+00
1.096227599999999939e+03 -1.468010133850814469e+00
1.116004500000000007e+03 -1.468642905089106554e+00
1.145815499999999929e+03 -1.466571502466751387e+00
1.171003300000000081e+03 -1.467318700546151211e+00
1.194534300000000030e+03 -1.463742864745469330e+00
1.220889699999999948e+03 -1.464467414436137149e+00
1.258933299999999917e+03 -1.463012700944032574e+00
1.273348999999999933e+03 -1.463896020790667496e+00
1.298960399999999936e+03 -1.462010106287399136e+00
1.320225300000000061e+03 -1.460295721240248534e+00
1.357234099999999899e+03 -1.461089469363815008e+00
1.358061400000000049e+03 -1.456895699896539664e+00
1.386856299999999919e+03 -1.455467986047489060e+00
1.410855399999999918e+03 -1.455494946440838655e+00
1.444403499999999894e+03 -1.452871848678284117e+00
1.465886899999999969e+03 -1.453577475572182420e+00
1.501152299999999968e+03 -1.453580198490632025e+00
1.505259800000000041e+03 -1.451870340948459459e+00
1.536515699999999924e+03 -1.451055539079479706e+00
1.566453099999999949e+03 -1.452126522309099332e+00
1.607076099999999997e+03 -1.449897509485086999e+00
1.608059700000000021e+03 -1.447360216290824120e+00
1.643159400000000005e+03 -1.446835469852984168e+00
1.674557000000000016e+03 -1.450202985172675429e+00
1.698811500000000024e+03 -1.447443946311621987e+00
1.720604599999999891e+03 -1.448110412314925544e+00
1.742778099999999995e+03 -1.442798585870078476e+00
1.750462099999999964e+03 -1.438473277967870834e+00
1.795551799999999957e+03 -1.437860882852245670e+00
1.806449800000000096e+03 -1.447447721931050868e+00
1.836346000000000004e+03 -1.438928062282084808e+00
1.861532099999999900e+03 -1.437910776505564980e+00
1.885758299999999963e+03 -1.436319212900922349e+00
1.916283500000000004e+03 -1.438258518879642622e+00
1.956897600000000011e+03 -1.433617730365830845e+00
1.964616099999999960e+03 -1.437143901954117009e+00
2.011727499999999964e+03 -1.437957728694022830e+00
2.025299400000000105e+03 -1.435047039301000193e+00
2.053020199999999932e+03 -1.430840326197134527e+00
2.057447500000000218e+03 -1.429608675583208033e+00
2.102636700000000019e+03 -1.431239538309458492e+00
2.109950200000000223e+03 -1.427648644180925519e+00
2.147174300000000130e+03 -1.430798377307498814e+00
2.161912499999999909e+03 -1.425767919407525897e+00
2.205971500000000106e+03 -1.421503916183184391e+00
2.211567100000000210e+03 -1.432362305777273193e+00
2.258605599999999868e+03 -1.420363474081190569e+00
2.273245699999999943e+03 -1.426990232215108012e+00
2.301494999999999891e+03 -1.418899029439631976e+00
2.327963499999999840e+03 -1.421387145026939969e+00
2.336580899999999929e+03 -1.410812909605757337e+00
2.352549700000000030e+03 -1.409430374622510751e+00
2.383273299999999836e+03 -1.409095406123169525e+00
2.425055199999999786e+03 -1.410137038225645956e+00
2.455945700000000215e+03 -1.412772704995473472e+00
