9.964601999999999293e+01 -1.491412525615935847e+00
1.262700899999999962e+02 -1.490954089351064216e+00
1.493975299999999891e+02 -1.490837532013488120e+00
1.494304799999999886e+02 -1.490846050244489795e+00
1.765776400000000024e+02 -1.490596779653829751e+00
1.988355200000000025e+02 -1.489945633392056656e+00
1.990699400000000026e+02 -1.490006184743718487e+00
2.247238600000000019e+02 -1.489175787237287940e+00
2.483608900000000119e+02 -1.488703792182467733e+00
2.484614200000000039e+02 -1.488729730303513410e+00
2.752013999999999783e+02 -1.487841102354243050e+00
3.015848100000000045e+02 -1.487053811160288008e+00
3.016999900000000139e+02 -1.487083485712594300e+00
3.203344999999999914e+02 -1.484745880595178313e+00
3.504907799999999725e+02 -1.484982445202272183e+00
3.505680699999999774e+02 -1.485002375320632728e+00
3.725543099999999868e+02 -1.482516400599238171e+00
3.981712699999999927e+02 -1.482022621614435209e+00
3.983894799999999918e+02 -1.482078931472965877e+00
4.215002400000000193e+02 -1.479170457708225195e+00
4.474516100000000165e+02 -1.477373348155728738e+00
4.475431899999999814e+02 -1.477397176065213369e+00
4.712354000000000269e+02 -1.475063860956801864e+00
5.010415800000000104e+02 -1.474531208197652710e+00
5.011923699999999826e+02 -1.474570292185543030e+00
5.183787399999999934e+02 -1.470354294100028492e+00
5.479967599999999948e+02 -1.469877771285890811e+00
5.483392999999999802e+02 -1.469966426466331910e+00
5.696077999999999975e+02 -1.466973356784523563e+00
5.988650199999999586e+02 -1.466675288055608650e+00
5.991351300000000037e+02 -1.466745116868228838e+00
6.204869899999999916e+02 -1.463625368218165690e+00
6.431597900000000436e+02 -1.461138682233452446e+00
6.433817400000000362e+02 -1.461196416925097719e+00
6.667234799999999950e+02 -1.459216066428852265e+00
7.069943799999999783e+02 -1.458860256304417069e+00
7.075393900000000258e+02 -1.459000796042178694e+00
7.223724399999999832e+02 -1.456517400990461564e+00
7.440240599999999631e+02 -1.454168968780023885e+00
7.446457299999999577e+02 -1.454330039049694268e+00
7.672620399999999563e+02 -1.453771045224843350e+00
8.018920600000000150e+02 -1.453060812429908033e+00
8.025864500000000135e+02 -1.453240275184112473e+00
8.213007800000000316e+02 -1.450950935901326400e+00
8.552547799999999825e+02 -1.450470324799511657e+00
8.555794100000000526e+02 -1.450554451659194388e+00
8.738884600000000091e+02 -1.448803276533327189e+00
9.067460099999999557e+02 -1.447233797070083705e+00
9.068843900000000531e+02 -1.447269163971842687e+00
9.257500400000000127e+02 -1.446598172498930523e+00
9.454309399999999641e+02 -1.445399439483601389e+00
9.457359900000000152e+02 -1.445478148325623824e+00
9.668354100000000244e+02 -1.441926051590375790e+00
1.001124000000000024e+03 -1.441760312367335484e+00
1.001544200000000046e+03 -1.441868840662285045e+00
1.017668900000000008e+03 -1.438965292018542730e+00
1.038274300000000039e+03 -1.438617457667022315e+00
1.039085399999999936e+03 -1.438827753790084873e+00
1.063047299999999950e+03 -1.436708826125375982e+00
1.094460800000000063e+03 -1.434855843729247127e+00
1.094475599999999986e+03 -1.434859415396870119e+00
1.118450900000000047e+03 -1.435280436735090870e+00
1.149098199999999906e+03 -1.433797868141250209e+00
1.149276499999999942e+03 -1.433843911355618950e+00
1.165609999999999900e+03 -1.433145013356235342e+00
1.199539899999999989e+03 -1.433000579822028886e+00
1.200051400000000058e+03 -1.433132914526294543e+00
1.221446899999999914e+03 -1.432781164558660558e+00
1.250480299999999943e+03 -1.430519524561153055e+00
1.250668300000000045e+03 -1.430568177189451173e+00
1.268556000000000040e+03 -1.429942452880264447e+00
1.300178300000000036e+03 -1.428491810931059147e+00
1.301751299999999901e+03 -1.428898513633322098e+00
1.319288800000000037e+03 -1.428412613885262417e+00
1.354283799999999928e+03 -1.426685347532836268e+00
1.355426200000000108e+03 -1.426980578906065666e+00
1.361211199999999963e+03 -1.424583637442647044e+00
1.395742299999999886e+03 -1.425226979018907825e+00
1.397407500000000027e+03 -1.425657771683811026e+00
1.414017200000000003e+03 -1.422240535381156246e+00
1.459937500000000000e+03 -1.424740485464942585e+00
1.460232799999999997e+03 -1.424817335248131034e+00
1.464876800000000003e+03 -1.422163179539844169e+00
1.492457200000000057e+03 -1.419724414083621156e+00
1.493451099999999997e+03 -1.419981102594145783e+00
1.522261799999999994e+03 -1.421879883292488600e+00
1.550358300000000099e+03 -1.418708724777095309e+00
1.550910200000000032e+03 -1.418851401914872357e+00
1.564874700000000075e+03 -1.419951733186138210e+00
1.586048600000000079e+03 -1.414860016598894710e+00
1.586221399999999903e+03 -1.414905604776479198e+00
1.609857400000000098e+03 -1.417320276073875229e+00
1.648946300000000065e+03 -1.418756951594490001e+00
1.649963899999999967e+03 -1.419019970568482503e+00
1.666515200000000050e+03 -1.416164524551707160e+00
1.710941100000000006e+03 -1.413355386529891344e+00
1.713798900000000003e+03 -1.417420563720336091e+00
1.715837099999999964e+03 -1.417948496706981310e+00
1.759459700000000112e+03 -1.416585516224801777e+00
1.759477599999999939e+03 -1.416589634877112314e+00
1.765665600000000040e+03 -1.413492276896312516e+00
1.799618099999999913e+03 -1.410654367776490448e+00
1.799640900000000101e+03 -1.410660160259603613e+00
1.817402299999999968e+03 -1.412931054171478795e+00
1.855520299999999907e+03 -1.412935835093882986e+00
1.856190900000000056e+03 -1.413108944117827948e+00
1.875905799999999999e+03 -1.411865367561411677e+00
1.903722299999999905e+03 -1.405158511849271541e+00
1.910515400000000000e+03 -1.407210511193964564e+00
1.910939599999999928e+03 -1.407319666485301601e+00
1.942705400000000054e+03 -1.407682022814725542e+00
1.942846999999999980e+03 -1.407718985431682501e+00
1.973896999999999935e+03 -1.407721908923657228e+00
2.006144600000000082e+03 -1.400743829304610166e+00
2.009153299999999945e+03 -1.402187829891028636e+00
2.009270199999999932e+03 -1.402218661493263463e+00
2.053975300000000061e+03 -1.398848128039118732e+00
2.058431300000000192e+03 -1.399312987115519658e+00
2.059312699999999950e+03 -1.399541508073590901e+00
2.110314499999999953e+03 -1.398084213173067969e+00
2.110527900000000045e+03 -1.398139076009212278e+00
2.111438599999999951e+03 -1.397151428470146950e+00
2.148693999999999960e+03 -1.399523938798062694e+00
2.149212300000000141e+03 -1.399658031437709393e+00
2.174153200000000197e+03 -1.396790464660105258e+00
2.176933100000000195e+03 -1.386525203943451245e+00
2.177273499999999785e+03 -1.386612237297759620e+00
2.225846900000000005e+03 -1.394941614282624531e+00
2.259418299999999817e+03 -1.386410739911825063e+00
2.275281399999999849e+03 -1.393159845382745843e+00
2.277558899999999994e+03 -1.393747504996559972e+00
2.280222699999999804e+03 -1.387074253322216011e+00
2.280808300000000145e+03 -1.387226812945266063e+00
2.306583099999999831e+03 -1.383837191073451045e+00
2.338803600000000188e+03 -1.381129074830084846e+00
2.340312699999999950e+03 -1.381519970505847628e+00
2.359689199999999801e+03 -1.380645047592197416e+00
2.387386599999999817e+03 -1.376451112722705705e+00
2.388803600000000188e+03 -1.376818147829443895e+00
2.405085000000000036e+03 -1.376289986112758879e+00
2.434458599999999933e+03 -1.376891584635107302e+00
2.434539000000000215e+03 -1.376913234687694221e+00
