9.888646500000000117e+01 -3.300136631636774620e+00
1.270521600000000007e+02 -3.299760686869542159e+00
1.492431300000000078e+02 -3.299458719735142154e+00
1.747788299999999992e+02 -3.298303387930980435e+00
1.999543700000000115e+02 -3.298283270413409962e+00
2.229603700000000117e+02 -3.296411931485456748e+00
2.513889900000000068e+02 -3.296454507627683217e+00
2.745583599999999933e+02 -3.294754550257858572e+00
2.992616699999999810e+02 -3.293904027031228310e+00
3.226173999999999751e+02 -3.291157855003393085e+00
3.526871100000000183e+02 -3.291209613325803751e+00
3.734818999999999960e+02 -3.287732234055370739e+00
3.994251100000000179e+02 -3.286833635782370866e+00
4.213049800000000005e+02 -3.283256402884455749e+00
4.508107200000000034e+02 -3.282907784047241595e+00
4.745825300000000198e+02 -3.279913742421775247e+00
5.001380100000000084e+02 -3.278179563221405690e+00
5.228239099999999553e+02 -3.274950843534046196e+00
5.464695900000000393e+02 -3.272919360678881340e+00
5.664586399999999458e+02 -3.268673229714565309e+00
6.056915500000000065e+02 -3.269859530372192680e+00
6.168387400000000298e+02 -3.265347244332026833e+00
6.476985499999999547e+02 -3.264579648406123802e+00
6.689342900000000327e+02 -3.262292846025693471e+00
7.051876700000000255e+02 -3.262738748592218130e+00
7.203181700000000092e+02 -3.259277853788349333e+00
7.497611100000000306e+02 -3.257171701305287659e+00
7.698708000000000311e+02 -3.256932434958693889e+00
7.976373099999999567e+02 -3.255069108105791642e+00
8.213894800000000487e+02 -3.253245849112675003e+00
8.444191200000000208e+02 -3.250583959678009283e+00
8.632771999999999935e+02 -3.249047842066295821e+00
8.966018900000000258e+02 -3.248852384259331316e+00
9.200037600000000566e+02 -3.247277360775675970e+00
9.458092100000000073e+02 -3.245444512528894876e+00
9.730159800000000132e+02 -3.245245610583977758e+00
1.008438200000000052e+03 -3.244235801116030160e+00
1.022047800000000052e+03 -3.243226879091905435e+00
1.039605900000000020e+03 -3.238880947638420604e+00
1.071336900000000014e+03 -3.240124802081157718e+00
1.108787499999999909e+03 -3.239428042134838037e+00
1.116552300000000059e+03 -3.236855609207530016e+00
1.118713099999999940e+03 -3.231771892546132285e+00
1.168446999999999889e+03 -3.235832484816391297e+00
1.201839300000000094e+03 -3.233560265768440356e+00
1.207701099999999997e+03 -3.229510473565846862e+00
1.249663600000000088e+03 -3.231225702566615787e+00
1.254731299999999919e+03 -3.227208610748454110e+00
1.297125000000000000e+03 -3.228809229674834747e+00
1.321019900000000007e+03 -3.229162498782573998e+00
1.360656899999999951e+03 -3.228883806170950166e+00
1.370853800000000092e+03 -3.227326746829607185e+00
1.398794200000000046e+03 -3.226002216869547023e+00
1.429725500000000011e+03 -3.226539129399433214e+00
1.454097700000000032e+03 -3.220352295250049401e+00
1.463092599999999948e+03 -3.225587690581589229e+00
1.497527599999999893e+03 -3.221224201828341904e+00
1.517869500000000016e+03 -3.221137068974795792e+00
1.554825199999999995e+03 -3.220027205709920182e+00
1.560782799999999952e+03 -3.217302149183364879e+00
1.605783699999999953e+03 -3.217206793428987854e+00
1.607347700000000032e+03 -3.216252071141465496e+00
1.648433399999999892e+03 -3.220346471530640464e+00
1.666394800000000032e+03 -3.217095997981205269e+00
1.704278399999999920e+03 -3.213170855559715822e+00
1.704658899999999903e+03 -3.218112444449002574e+00
1.738160300000000007e+03 -3.209632219868167713e+00
1.761450100000000020e+03 -3.214061655770096060e+00
1.792210800000000063e+03 -3.213282940276740884e+00
1.812941299999999956e+03 -3.212036040293212658e+00
1.862530700000000024e+03 -3.212873341162857610e+00
1.863221600000000080e+03 -3.210823629750970021e+00
1.889278999999999996e+03 -3.210037037109611191e+00
1.901638999999999896e+03 -3.208179473247948721e+00
1.944480499999999893e+03 -3.210023834185834701e+00
1.967689200000000028e+03 -3.210526136811927778e+00
1.998503400000000056e+03 -3.205506519790940700e+00
2.003992099999999937e+03 -3.205319107516791721e+00
2.046864900000000034e+03 -3.203670338878083612e+00
2.054069800000000214e+03 -3.204950870810454155e+00
2.100095600000000104e+03 -3.206509389269370569e+00
2.108993699999999990e+03 -3.203475255497573837e+00
2.148857100000000173e+03 -3.206880066350645375e+00
2.169940799999999854e+03 -3.206005464811269690e+00
2.188811599999999999e+03 -3.202620610333637430e+00
2.223261300000000119e+03 -3.207141188462580672e+00
2.238116700000000037e+03 -3.201339889262846405e+00
2.270439100000000053e+03 -3.204505510865416795e+00
2.300497499999999945e+03 -3.201668532178867821e+00
2.307536599999999908e+03 -3.205335419910488870e+00
2.356478999999999814e+03 -3.200281715268540772e+00
2.369904599999999846e+03 -3.204484435839657586e+00
2.412271000000000186e+03 -3.198650915959415197e+00
2.412818999999999960e+03 -3.200136366672925448e+00
2.469155499999999847e+03 -3.199365342241956789e+00
