9.940316599999999880e+01 -4.493640654888432451e+00
9.966506699999999341e+01 -4.493463246510102316e+00
1.268570699999999931e+02 -4.493475517842314915e+00
1.499112299999999891e+02 -4.493388102874538603e+00
1.502229299999999910e+02 -4.493433521714583101e+00
1.759898499999999899e+02 -4.493426556375741399e+00
2.000749000000000137e+02 -4.493336412313461814e+00
2.026512999999999920e+02 -4.493462059994593361e+00
2.249866499999999974e+02 -4.493461513222134940e+00
2.493060999999999865e+02 -4.493236057413172446e+00
2.529905200000000036e+02 -4.493474020464318208e+00
2.720333099999999718e+02 -4.492693978917428055e+00
2.969084100000000035e+02 -4.492349702771416098e+00
2.988630299999999806e+02 -4.492480189054867346e+00
3.199444899999999734e+02 -4.492140475558923818e+00
3.501150099999999838e+02 -4.492898582267050855e+00
3.513737800000000107e+02 -4.492483362287618576e+00
3.724143000000000256e+02 -4.492404080659304633e+00
4.023172599999999761e+02 -4.492462394943209425e+00
4.055820499999999811e+02 -4.492844470440650717e+00
4.239496700000000260e+02 -4.492559943033873182e+00
4.475785300000000007e+02 -4.491047977129283275e+00
4.484871699999999919e+02 -4.491150322176597598e+00
4.704950499999999920e+02 -4.491392209279727155e+00
4.947888199999999870e+02 -4.490631822393729600e+00
5.002939099999999826e+02 -4.490910992060400453e+00
5.210711800000000267e+02 -4.490677302531949522e+00
5.470457599999999729e+02 -4.489703005764705601e+00
5.496600899999999683e+02 -4.489216639443863954e+00
5.680842900000000100e+02 -4.488533498710880032e+00
6.020847599999999602e+02 -4.488148149553559563e+00
6.096283300000000054e+02 -4.490510280831000678e+00
6.146098500000000513e+02 -4.486261007467061468e+00
6.421942400000000362e+02 -4.486689801085164575e+00
6.434438199999999597e+02 -4.484993862136590792e+00
6.670477399999999761e+02 -4.484091925439954274e+00
7.009318899999999530e+02 -4.483136305776027619e+00
7.053003800000000183e+02 -4.484340092762369778e+00
7.194488499999999931e+02 -4.481138350316217434e+00
7.499819899999999961e+02 -4.476680004078370523e+00
7.516199100000000044e+02 -4.480570923233243796e+00
7.686171299999999746e+02 -4.471934969725912090e+00
7.910270500000000311e+02 -4.469360885802403871e+00
7.938745099999999866e+02 -4.459077979760616373e+00
8.142880900000000111e+02 -4.450562909061328121e+00
8.461560200000000123e+02 -4.441264104422300463e+00
8.511006700000000365e+02 -4.450532930204809112e+00
8.687753400000000283e+02 -4.436966625563056432e+00
8.902090299999999843e+02 -4.431462678452427362e+00
9.067371000000000549e+02 -4.435634404302921219e+00
9.183908800000000383e+02 -4.428374799754764446e+00
9.526825000000000045e+02 -4.427695799474974159e+00
9.585449700000000348e+02 -4.419879133869688559e+00
9.591409300000000258e+02 -4.429562765815579617e+00
1.003876099999999951e+03 -4.422024858487420218e+00
1.005755599999999959e+03 -4.423150986835502785e+00
1.012072499999999991e+03 -4.415539577757925827e+00
1.049845199999999977e+03 -4.415159956400572128e+00
1.052112300000000005e+03 -4.417525305994753460e+00
1.074059400000000096e+03 -4.413718048546029671e+00
1.097277900000000045e+03 -4.410317938605762045e+00
1.111376199999999926e+03 -4.411577834398149101e+00
1.114198799999999892e+03 -4.405126685960135902e+00
1.144551600000000008e+03 -4.404072054085578891e+00
1.155437100000000100e+03 -4.407954053686690798e+00
1.168939599999999928e+03 -4.402152280329303835e+00
1.192683299999999917e+03 -4.397401226136226526e+00
1.202937899999999900e+03 -4.401083030065727542e+00
1.214591899999999896e+03 -4.396129100140781176e+00
1.249029199999999946e+03 -4.393181074698976118e+00
1.259388799999999947e+03 -4.396942791385012761e+00
1.260509099999999989e+03 -4.388022610709857219e+00
1.295056499999999915e+03 -4.387458839069243943e+00
1.296505300000000034e+03 -4.388168056029096320e+00
1.311637899999999945e+03 -4.383649745639527140e+00
1.355405099999999948e+03 -4.383366941762690594e+00
1.355415400000000091e+03 -4.385725344391556924e+00
1.365093599999999924e+03 -4.381401685176022021e+00
1.389832900000000109e+03 -4.378280341920525842e+00
1.393755300000000034e+03 -4.376429155852255448e+00
1.403397300000000087e+03 -4.373280699583812492e+00
1.447190800000000081e+03 -4.372164118757786433e+00
1.454399300000000039e+03 -4.372554374359997276e+00
1.467788600000000088e+03 -4.371855587719275960e+00
1.504633499999999913e+03 -4.368619176927214021e+00
1.513583300000000008e+03 -4.367445497989487002e+00
1.524036000000000058e+03 -4.375870607120858402e+00
1.546657699999999977e+03 -4.365581579891530062e+00
1.550558800000000019e+03 -4.365655683196948189e+00
1.577688799999999901e+03 -4.365603889695918838e+00
1.595582300000000032e+03 -4.361276428490377555e+00
1.608490099999999984e+03 -4.360811346886769968e+00
1.623660300000000007e+03 -4.359416078645086401e+00
1.630074800000000096e+03 -4.353087483036132355e+00
1.644811699999999973e+03 -4.361023969744176831e+00
1.652541999999999916e+03 -4.352323037175755083e+00
1.691694400000000087e+03 -4.353281776990665541e+00
1.708478900000000067e+03 -4.354719571205636797e+00
1.724525599999999940e+03 -4.351001689476526657e+00
1.741182800000000043e+03 -4.349769387052329961e+00
1.758633700000000090e+03 -4.349831372225927417e+00
1.759885899999999992e+03 -4.345814413062369042e+00
1.790197200000000066e+03 -4.344109015974096266e+00
1.802015900000000101e+03 -4.345266868430411655e+00
1.816570699999999988e+03 -4.343922053138907557e+00
1.848824800000000096e+03 -4.341090880848180511e+00
1.849393000000000029e+03 -4.340478765143600981e+00
1.872507700000000114e+03 -4.342140157901708264e+00
1.900010399999999890e+03 -4.335477305855639507e+00
1.901730199999999968e+03 -4.338958545887504847e+00
1.917806700000000092e+03 -4.338752845967416505e+00
1.935731800000000021e+03 -4.331611754683042825e+00
1.957555499999999938e+03 -4.333431103917441796e+00
1.961544300000000021e+03 -4.331745567186028545e+00
1.991124299999999948e+03 -4.328426017806033421e+00
1.997836000000000013e+03 -4.327162194472796486e+00
2.007718800000000101e+03 -4.334085607140188756e+00
2.040028600000000097e+03 -4.326767053419179554e+00
2.044210600000000113e+03 -4.326342331856920076e+00
2.063623599999999897e+03 -4.326727608201038855e+00
2.091417899999999918e+03 -4.322324193074173593e+00
2.092231099999999969e+03 -4.324882528527067116e+00
2.122280299999999897e+03 -4.326630389043351954e+00
2.138411700000000110e+03 -4.324147562916542675e+00
2.161078599999999824e+03 -4.321059718039290232e+00
2.179241899999999987e+03 -4.328019591501535146e+00
2.209003099999999904e+03 -4.321779808786774701e+00
2.218126499999999851e+03 -4.322675739212597179e+00
2.219779399999999896e+03 -4.320841953751660469e+00
2.258283100000000104e+03 -4.318035189951144659e+00
2.259271600000000035e+03 -4.316637317381903927e+00
2.259895500000000084e+03 -4.321738308746940760e+00
2.305294899999999870e+03 -4.313944884228611443e+00
2.306180699999999888e+03 -4.316869688206542932e+00
2.317280200000000150e+03 -4.314408934536529294e+00
2.326272300000000087e+03 -4.311452887510390575e+00
2.341223300000000108e+03 -4.307129335584159335e+00
2.341832399999999780e+03 -4.311578627864516733e+00
2.391712899999999991e+03 -4.308566545166054418e+00
2.416633699999999862e+03 -4.312730470516052961e+00
2.418367999999999938e+03 -4.299557154588328878e+00
2.421595800000000054e+03 -4.312099777346813489e+00
