1.206766300000000030e+02 -4.328423395265176055e+00
1.313495900000000063e+02 -4.328498922482645561e+00
1.685782399999999939e+02 -4.328047908406455591e+00
1.701132499999999936e+02 -4.328558060851277034e+00
1.794887300000000039e+02 -4.328163317331144455e+00
2.179021299999999997e+02 -4.327900123491821738e+00
2.181216499999999883e+02 -4.327850777710598784e+00
2.275969299999999862e+02 -4.327597293463746553e+00
2.664595199999999977e+02 -4.327181651009134100e+00
2.671954499999999939e+02 -4.327470977451373102e+00
2.762599999999999909e+02 -4.327001195303571635e+00
3.116213399999999751e+02 -4.325456819543321174e+00
3.162141599999999926e+02 -4.326716056030544877e+00
3.236104000000000269e+02 -4.325837372112028234e+00
3.630928200000000174e+02 -4.325283118062786869e+00
3.666170599999999808e+02 -4.326278368728514678e+00
3.773426799999999730e+02 -4.326172872926191459e+00
4.102457299999999805e+02 -4.323731785469510314e+00
4.140586999999999875e+02 -4.324784224894282048e+00
4.236329900000000066e+02 -4.324323637741682269e+00
4.641247399999999743e+02 -4.323708312742609472e+00
4.645726799999999912e+02 -4.323733741669474995e+00
4.741186900000000151e+02 -4.323323547624326579e+00
5.108215500000000020e+02 -4.321378373106481874e+00
5.114444399999999860e+02 -4.321605248288047818e+00
5.216987000000000307e+02 -4.321269408855687111e+00
5.585767200000000230e+02 -4.319202459896989588e+00
5.619710700000000543e+02 -4.320019464202291992e+00
5.692662500000000136e+02 -4.318984285851432681e+00
6.103730000000000473e+02 -4.317948772904557586e+00
6.144953799999999546e+02 -4.318934549234091591e+00
6.171130500000000438e+02 -4.316599972484136849e+00
6.624806800000000067e+02 -4.316270754898209994e+00
6.627868499999999585e+02 -4.316279429651348032e+00
6.640227899999999863e+02 -4.313752516903183398e+00
7.115304899999999861e+02 -4.314085037704641579e+00
7.171703499999999849e+02 -4.315458736680763963e+00
7.179421300000000201e+02 -4.312744253512382109e+00
7.640800500000000284e+02 -4.312040947127831814e+00
7.647347300000000132e+02 -4.312295631538640706e+00
7.671161700000000110e+02 -4.309928785770415161e+00
8.074794699999999921e+02 -4.307520585661879231e+00
8.089821100000000342e+02 -4.307956422330986079e+00
8.171599800000000187e+02 -4.306659054260348007e+00
8.532673099999999522e+02 -4.303131468262025194e+00
8.597377900000000182e+02 -4.304840039488682102e+00
8.741080200000000104e+02 -4.305409497779242756e+00
9.093139599999999518e+02 -4.300969717005389548e+00
9.110289999999999964e+02 -4.301353349523399316e+00
9.162354800000000523e+02 -4.299362924839710054e+00
9.525995400000000473e+02 -4.295760908739041817e+00
9.632797399999999470e+02 -4.298561999885716745e+00
9.763056000000000267e+02 -4.298491473337556990e+00
1.016206599999999980e+03 -4.295164655058236747e+00
1.018015499999999975e+03 -4.295726429722849460e+00
1.019502899999999954e+03 -4.292548668498470832e+00
1.063227300000000014e+03 -4.287537570171035206e+00
1.064757000000000062e+03 -4.290957554841556387e+00
1.065489800000000059e+03 -4.291058101426474813e+00
1.104747000000000071e+03 -4.284140616399373158e+00
1.111928799999999910e+03 -4.286043407745129485e+00
1.114813799999999901e+03 -4.283447185983022543e+00
1.152845000000000027e+03 -4.278811625891471238e+00
1.160381699999999910e+03 -4.280785506478070879e+00
1.171796199999999999e+03 -4.280034112490240794e+00
1.206792400000000043e+03 -4.274695971749451928e+00
1.219299700000000030e+03 -4.278000648261185646e+00
1.227015799999999899e+03 -4.276205468687258815e+00
1.259727900000000091e+03 -4.271349557867591074e+00
1.268942099999999982e+03 -4.273640578021647762e+00
1.273277199999999993e+03 -4.271341025110458212e+00
1.305486400000000003e+03 -4.265759643606775064e+00
1.306417500000000018e+03 -4.265957251555107632e+00
1.318356099999999969e+03 -4.265821400772407124e+00
1.350134999999999991e+03 -4.259879388776754539e+00
1.352912399999999934e+03 -4.257084477078869611e+00
1.355673299999999927e+03 -4.261310182766053778e+00
1.410412299999999959e+03 -4.257175938707589147e+00
1.413168300000000045e+03 -4.257968309664316386e+00
1.420863800000000083e+03 -4.256260823102551605e+00
1.442261500000000069e+03 -4.248146716985577775e+00
1.450772699999999986e+03 -4.250315838881140174e+00
1.467317900000000009e+03 -4.250387576324428096e+00
1.504343699999999899e+03 -4.245090207379262459e+00
1.512898599999999988e+03 -4.243669110209747686e+00
1.516356299999999919e+03 -4.248249387741515726e+00
1.554821500000000015e+03 -4.241308561419107725e+00
1.563321799999999939e+03 -4.243442247902374120e+00
1.563964099999999917e+03 -4.239091401285111971e+00
1.602170900000000074e+03 -4.232273881295280482e+00
1.610421299999999974e+03 -4.238321947980582927e+00
1.625296100000000024e+03 -4.242276223806549673e+00
1.659894999999999982e+03 -4.232011334840090733e+00
1.665254100000000108e+03 -4.233447857832102201e+00
1.671378400000000056e+03 -4.230593140620785064e+00
1.706739299999999957e+03 -4.227645536924922176e+00
1.707884800000000041e+03 -4.227973423974066947e+00
1.711692500000000109e+03 -4.225201989295274352e+00
1.752224600000000009e+03 -4.222599538074021552e+00
1.752999600000000100e+03 -4.222777043456173551e+00
1.765603699999999890e+03 -4.222395977343174067e+00
1.806162499999999909e+03 -4.214289233814156432e+00
1.817304100000000062e+03 -4.220796670976622700e+00
1.823068400000000111e+03 -4.222409694658313839e+00
1.855089400000000069e+03 -4.213374662760881684e+00
1.860279899999999998e+03 -4.214655854944515667e+00
1.869699800000000096e+03 -4.212633219751526603e+00
1.888361000000000104e+03 -4.206612559309639288e+00
1.891814900000000080e+03 -4.207557059025085699e+00
1.917591100000000097e+03 -4.209481863807378765e+00
1.949894800000000032e+03 -4.205802227721073372e+00
1.957970700000000079e+03 -4.207849860068780146e+00
1.959296100000000024e+03 -4.203603045812306149e+00
1.997165099999999939e+03 -4.200823172354510859e+00
2.003472299999999905e+03 -4.202447602875827748e+00
2.012578400000000101e+03 -4.200557613726276784e+00
2.033622399999999971e+03 -4.191623390102630076e+00
2.048927400000000034e+03 -4.195611280949199440e+00
2.059464699999999993e+03 -4.196053782949138444e+00
2.100484500000000025e+03 -4.192096086831530677e+00
2.106609100000000126e+03 -4.190077799710278939e+00
2.107856200000000172e+03 -4.193965791177211244e+00
2.119073199999999815e+03 -4.181648633625000500e+00
2.133143000000000029e+03 -4.185137168113313599e+00
2.176595499999999902e+03 -4.191809340201045231e+00
2.187213799999999992e+03 -4.182002275494967947e+00
2.194625199999999950e+03 -4.183942694943443286e+00
2.206585599999999886e+03 -4.183229740224495785e+00
2.237498399999999947e+03 -4.176733221652449757e+00
2.244835799999999836e+03 -4.178572228926049625e+00
2.263737900000000081e+03 -4.178740092622690305e+00
2.292508400000000165e+03 -4.170846880983523519e+00
2.303915199999999913e+03 -4.176797852183153026e+00
2.304849299999999857e+03 -4.177069256248916673e+00
2.358955699999999979e+03 -4.173820627798278338e+00
2.360748099999999795e+03 -4.174357528294934561e+00
2.368142899999999827e+03 -4.172019587515849892e+00
2.388084199999999782e+03 -4.167037012897566228e+00
2.390792399999999816e+03 -4.167678363871114122e+00
2.413372800000000097e+03 -4.168680868196169342e+00
2.463469599999999900e+03 -4.170004623972790370e+00
2.476719599999999900e+03 -4.173559312583853043e+00
