9.970390399999999431e+01 -4.359157339161546574e+00
1.262635300000000029e+02 -4.358812662135405525e+00
1.498962400000000059e+02 -4.358887331670874055e+00
1.747156999999999982e+02 -4.358538594131307953e+00
1.986436999999999955e+02 -4.358301397247830167e+00
2.258897200000000112e+02 -4.358785856131587977e+00
2.512616299999999967e+02 -4.358295488495842918e+00
2.750886499999999728e+02 -4.358363908234096584e+00
3.000158799999999815e+02 -4.357476473273989015e+00
3.200355799999999817e+02 -4.356843496964627249e+00
3.526328500000000190e+02 -4.357313792833831023e+00
3.701909899999999993e+02 -4.356284735144712705e+00
4.003116699999999923e+02 -4.356025479304840964e+00
4.198607700000000023e+02 -4.355197466770757586e+00
4.541144300000000271e+02 -4.355306383586110996e+00
4.693011700000000133e+02 -4.354273573637018835e+00
5.014632799999999975e+02 -4.353614376256997431e+00
5.207776099999999815e+02 -4.353567162963982717e+00
5.513894299999999475e+02 -4.352589161143408880e+00
5.703940400000000182e+02 -4.352313548105497532e+00
5.948308899999999539e+02 -4.351373327532835233e+00
6.185423500000000558e+02 -4.349784557424428044e+00
6.471363400000000183e+02 -4.348250914924625121e+00
6.663920600000000150e+02 -4.346825075324217913e+00
7.076462000000000216e+02 -4.347645648529233853e+00
7.218586500000000115e+02 -4.345652487709351419e+00
7.542853499999999940e+02 -4.345312302736924259e+00
7.670232099999999491e+02 -4.341776420765577349e+00
7.937059699999999793e+02 -4.339862670569682557e+00
8.177534600000000182e+02 -4.338528794517126030e+00
8.562001800000000458e+02 -4.339386620423169916e+00
8.617334399999999732e+02 -4.333755201641067423e+00
8.936932299999999714e+02 -4.333921779080122327e+00
9.262615600000000313e+02 -4.333381387602578627e+00
9.551415200000000141e+02 -4.329921012530872915e+00
9.636018000000000256e+02 -4.326387676882105460e+00
9.976947800000000370e+02 -4.325127403588824748e+00
1.014786600000000021e+03 -4.321164084367347336e+00
1.051788500000000113e+03 -4.321569217846631616e+00
1.054501099999999951e+03 -4.314212622245088724e+00
1.102873800000000074e+03 -4.316021408808947690e+00
1.115888200000000097e+03 -4.312941864259309810e+00
1.157504300000000057e+03 -4.314369903046442190e+00
1.166779600000000073e+03 -4.308411707572149751e+00
1.209939399999999978e+03 -4.307824972535275521e+00
1.220554300000000012e+03 -4.304088828169467362e+00
1.249498499999999922e+03 -4.303326823087181729e+00
1.271190299999999979e+03 -4.299019818304387286e+00
1.297733300000000099e+03 -4.295858203191372127e+00
1.311803799999999910e+03 -4.291548577507859008e+00
1.363273200000000088e+03 -4.294270124994293170e+00
1.369400699999999915e+03 -4.289747142842328387e+00
1.388566600000000108e+03 -4.285588791308548196e+00
1.425542099999999891e+03 -4.285562919117271719e+00
1.453957100000000082e+03 -4.281874465567819144e+00
1.464061099999999897e+03 -4.278266573117933014e+00
1.506621599999999944e+03 -4.278938554565502095e+00
1.508212800000000016e+03 -4.270471832877635876e+00
1.554277000000000044e+03 -4.269394390041867382e+00
1.571786299999999983e+03 -4.270335710514768124e+00
1.609100200000000086e+03 -4.264025654454795422e+00
1.612876199999999926e+03 -4.270545179997146334e+00
1.660918400000000020e+03 -4.259787760414574187e+00
1.663186300000000074e+03 -4.267822154602008311e+00
1.718248000000000047e+03 -4.260964648575821023e+00
1.727193400000000111e+03 -4.260723172268548353e+00
1.756285000000000082e+03 -4.257847481854556193e+00
1.762009900000000016e+03 -4.254531125876664710e+00
1.815172499999999900e+03 -4.254811506539453170e+00
1.816260600000000068e+03 -4.250166992974479641e+00
1.856542899999999918e+03 -4.246113641477108125e+00
1.880911000000000058e+03 -4.240163789325672283e+00
1.884914600000000064e+03 -4.254314563932143578e+00
1.898964400000000069e+03 -4.239161249821584043e+00
1.952290500000000065e+03 -4.240769263846710047e+00
1.969111000000000104e+03 -4.240501628364809150e+00
2.009460399999999936e+03 -4.239311898741608076e+00
2.016793200000000070e+03 -4.237248129198958324e+00
2.047594200000000001e+03 -4.227937037431433787e+00
2.069530999999999949e+03 -4.240114599417755592e+00
2.074564899999999852e+03 -4.223176597837538182e+00
2.114484500000000025e+03 -4.228938192750692160e+00
2.140809499999999844e+03 -4.227249988260062707e+00
2.148065200000000004e+03 -4.224733913537090046e+00
2.190689400000000205e+03 -4.223935287596002119e+00
2.219537899999999809e+03 -4.225199274908272074e+00
2.233528099999999995e+03 -4.220066020139164209e+00
2.245094300000000203e+03 -4.217014946817132959e+00
2.301120899999999892e+03 -4.220417165503165258e+00
2.313604800000000068e+03 -4.221959533744081838e+00
2.344577000000000226e+03 -4.215124768567880764e+00
2.377547599999999875e+03 -4.215681807676748605e+00
2.390386300000000119e+03 -4.215299666336843387e+00
2.397788199999999961e+03 -4.211851867582798725e+00
2.467277399999999943e+03 -4.216021938940005320e+00
