1.000645099999999985e+02 -3.309809793604511885e+00
1.270553400000000011e+02 -3.309229960011092153e+00
1.488906100000000094e+02 -3.308814970786949416e+00
1.770744599999999878e+02 -3.308539536668285930e+00
2.017849999999999966e+02 -3.308315755327082552e+00
2.241926300000000083e+02 -3.306532398342707957e+00
2.512785700000000020e+02 -3.306630521191714855e+00
2.747007300000000214e+02 -3.304591935830932137e+00
2.993158000000000243e+02 -3.303299050634521006e+00
3.216076600000000099e+02 -3.300702689286338920e+00
3.491332400000000007e+02 -3.300426222356940276e+00
3.714006400000000099e+02 -3.296366077811254236e+00
3.963357500000000186e+02 -3.295396464640992118e+00
4.204957299999999805e+02 -3.290379884432954150e+00
4.527947399999999902e+02 -3.290511879364765413e+00
4.732306699999999751e+02 -3.285376696090836823e+00
4.999872199999999793e+02 -3.284270338789794685e+00
5.240798099999999522e+02 -3.279348437474651767e+00
5.499224000000000387e+02 -3.277458785202374436e+00
5.705933700000000499e+02 -3.271896068091252996e+00
6.065079899999999498e+02 -3.271983989405573112e+00
6.169378699999999753e+02 -3.267330890950602029e+00
6.463569999999999709e+02 -3.266345694852858195e+00
6.659033699999999953e+02 -3.260852616697830886e+00
7.039250500000000557e+02 -3.260491615647367336e+00
7.256452100000000200e+02 -3.259371160889354968e+00
7.436047999999999547e+02 -3.255383093426619912e+00
7.729470099999999775e+02 -3.253858064898298430e+00
7.937582300000000259e+02 -3.250752631054199870e+00
8.171907099999999673e+02 -3.248531948709453498e+00
8.450829599999999573e+02 -3.246603071972421262e+00
8.757609200000000556e+02 -3.245707301978391968e+00
9.075358199999999442e+02 -3.244459808518613375e+00
9.167437099999999646e+02 -3.240564228960995496e+00
9.572577800000000252e+02 -3.240412083041415148e+00
9.708895099999999729e+02 -3.238684782734563949e+00
1.002223499999999945e+03 -3.236209321952121076e+00
1.018025099999999952e+03 -3.234702298446602953e+00
1.053265799999999899e+03 -3.233533868978459846e+00
1.075361699999999928e+03 -3.233189870662030785e+00
1.104358500000000049e+03 -3.229873887907704244e+00
1.119068800000000010e+03 -3.228977831387350506e+00
1.162661399999999958e+03 -3.226330533125934430e+00
1.167847600000000057e+03 -3.229825197431339223e+00
1.199942999999999984e+03 -3.226474369901600525e+00
1.215040700000000015e+03 -3.224265070955117274e+00
1.245081699999999955e+03 -3.223612175337030372e+00
1.271622800000000097e+03 -3.223224544916505785e+00
1.312524599999999964e+03 -3.223306463539194144e+00
1.315818700000000035e+03 -3.220576026696853056e+00
1.341269999999999982e+03 -3.219257109071073764e+00
1.365777399999999943e+03 -3.218153567949148641e+00
1.400361900000000105e+03 -3.217346537814420149e+00
1.426036399999999958e+03 -3.219134935103242778e+00
1.447268000000000029e+03 -3.216733028255396309e+00
1.468503200000000106e+03 -3.214571060831511673e+00
1.502003099999999904e+03 -3.216402528666212568e+00
1.517645899999999983e+03 -3.212868750998250089e+00
1.558169799999999896e+03 -3.211993825751316756e+00
1.566094900000000052e+03 -3.214578139895566622e+00
1.592813300000000027e+03 -3.208345545136324084e+00
1.614188900000000103e+03 -3.212245113069071678e+00
1.641180599999999913e+03 -3.206893725434176723e+00
1.666063400000000001e+03 -3.208981472458123818e+00
1.712972199999999930e+03 -3.208749334625630389e+00
1.719954999999999927e+03 -3.211464307621241687e+00
1.745338199999999915e+03 -3.206112366511621126e+00
1.773239800000000059e+03 -3.209803961077809742e+00
1.789429100000000062e+03 -3.206379203192669447e+00
1.809558899999999994e+03 -3.207432689111122670e+00
1.852125800000000027e+03 -3.208215677823742951e+00
1.867224600000000009e+03 -3.207731474973157137e+00
1.900451499999999896e+03 -3.204157795327820857e+00
1.925078400000000101e+03 -3.207509531621607568e+00
1.948614199999999983e+03 -3.206050446588258218e+00
1.956260700000000043e+03 -3.202794927193736818e+00
2.008685999999999922e+03 -3.204858495143496189e+00
2.008855000000000018e+03 -3.203642058812310012e+00
2.058680299999999988e+03 -3.201920967365858850e+00
2.073920099999999820e+03 -3.204367781261074022e+00
2.086233400000000074e+03 -3.202145864853470414e+00
2.115866899999999987e+03 -3.204844268006497465e+00
2.163922399999999925e+03 -3.205124583502402924e+00
2.167008299999999963e+03 -3.201962498674971513e+00
2.199487599999999929e+03 -3.204494552191708312e+00
2.210373700000000099e+03 -3.201070274989437969e+00
2.242149699999999939e+03 -3.200061667570599955e+00
2.265725500000000011e+03 -3.201393047494001109e+00
2.311004699999999957e+03 -3.202208432863883125e+00
2.330450600000000122e+03 -3.205327026237006383e+00
2.336966300000000047e+03 -3.198840692985321255e+00
2.348127899999999954e+03 -3.198653778868784769e+00
2.387918599999999969e+03 -3.200908358320603497e+00
2.415890400000000227e+03 -3.201905450872456260e+00
2.445731000000000222e+03 -3.201488555721312412e+00
