1.023342999999999989e+02 -3.890056512340024586e+00
1.263703000000000003e+02 -3.889752792293062367e+00
1.515454799999999977e+02 -3.889994234466313650e+00
1.756374500000000012e+02 -3.889612982964491206e+00
2.002871800000000064e+02 -3.889532497921576848e+00
2.238687799999999868e+02 -3.888838204453610281e+00
2.493512599999999964e+02 -3.888827520488974177e+00
2.718404100000000199e+02 -3.887817934974102663e+00
2.969345700000000079e+02 -3.887393611998663623e+00
3.215478600000000142e+02 -3.886998495824683708e+00
3.488812300000000164e+02 -3.887092957550113859e+00
3.745615500000000111e+02 -3.886787958142494226e+00
3.981709000000000174e+02 -3.885659305933573116e+00
4.227516699999999901e+02 -3.885174620469477702e+00
4.475067199999999730e+02 -3.884089610249993552e+00
4.705810799999999858e+02 -3.883429308286069581e+00
4.979049099999999726e+02 -3.882457137234519351e+00
5.180729599999999664e+02 -3.880711179156018265e+00
5.467770500000000311e+02 -3.880324817121358461e+00
5.707046699999999646e+02 -3.879328566168848802e+00
6.004324599999999919e+02 -3.878708326641807869e+00
6.239449600000000373e+02 -3.877215332892054889e+00
6.462693500000000313e+02 -3.875156945617436399e+00
6.710128300000000081e+02 -3.874169341228772989e+00
7.041736200000000281e+02 -3.874261860064900365e+00
7.179073200000000270e+02 -3.870401802368403033e+00
7.441065599999999449e+02 -3.868419026572780695e+00
7.720043299999999817e+02 -3.867804013258887785e+00
8.028034800000000359e+02 -3.866357342476429260e+00
8.258061699999999519e+02 -3.864659532134164355e+00
8.499207099999999855e+02 -3.861912448420786070e+00
8.676740099999999529e+02 -3.858707708732552089e+00
8.936197100000000546e+02 -3.856184270762768040e+00
9.259800099999999929e+02 -3.857160931873797605e+00
9.504324599999999919e+02 -3.853071070285396971e+00
9.624007400000000416e+02 -3.848142566706996615e+00
1.000639900000000011e+03 -3.848213068436074913e+00
1.012703399999999988e+03 -3.844544780553492469e+00
1.053347600000000057e+03 -3.844933145359489490e+00
1.075024699999999939e+03 -3.841159842878303365e+00
1.096612599999999929e+03 -3.837407445412075901e+00
1.117109200000000101e+03 -3.834717877336873304e+00
1.149589099999999917e+03 -3.832897500986927497e+00
1.155539199999999937e+03 -3.827128626871862949e+00
1.190680000000000064e+03 -3.826889337680442260e+00
1.209689200000000028e+03 -3.823897477908796194e+00
1.258717200000000048e+03 -3.818506600718829969e+00
1.263051899999999932e+03 -3.827255692618687810e+00
1.305155400000000100e+03 -3.819054543698048310e+00
1.313671599999999899e+03 -3.814702263302050866e+00
1.339254200000000083e+03 -3.812028524837982602e+00
1.369436899999999923e+03 -3.812631526705736906e+00
1.400905199999999923e+03 -3.810222438454844873e+00
1.423844000000000051e+03 -3.808426185771828454e+00
1.439664500000000089e+03 -3.801490097549663272e+00
1.458171399999999949e+03 -3.799715574353311531e+00
1.491198300000000017e+03 -3.796887514153816312e+00
1.502776599999999917e+03 -3.793593537984357056e+00
1.555316900000000032e+03 -3.794843257461896879e+00
1.571412800000000061e+03 -3.791745412233702428e+00
1.589024799999999914e+03 -3.786185244842514397e+00
1.613027299999999968e+03 -3.784590043291688133e+00
1.642551400000000058e+03 -3.782738741610717881e+00
1.667199699999999893e+03 -3.783686688024166855e+00
1.697300899999999956e+03 -3.780596576961429811e+00
1.705674600000000055e+03 -3.775712546019006410e+00
1.740521700000000010e+03 -3.776197706082318195e+00
1.757571599999999989e+03 -3.772635823266198507e+00
1.800654600000000073e+03 -3.772310426654230664e+00
1.816156500000000051e+03 -3.770881939386982573e+00
1.843237599999999929e+03 -3.765897496120737209e+00
1.859614299999999957e+03 -3.762537213769454159e+00
1.903458399999999983e+03 -3.765971013053468930e+00
1.905799800000000005e+03 -3.759197317064025157e+00
1.950135500000000093e+03 -3.760226757554355981e+00
1.966292200000000093e+03 -3.757241312608153638e+00
1.987221500000000106e+03 -3.753413097243515129e+00
2.017523100000000113e+03 -3.752830370611047517e+00
2.044229599999999891e+03 -3.741700897307346896e+00
2.050018000000000029e+03 -3.751749166177383188e+00
2.082055800000000090e+03 -3.741924766850611483e+00
2.111621099999999842e+03 -3.746551447759198350e+00
2.146427799999999934e+03 -3.744018836119713090e+00
2.161919100000000071e+03 -3.742855876402206405e+00
2.200064899999999852e+03 -3.740415014949503458e+00
2.207780799999999999e+03 -3.735440412615213646e+00
2.230327400000000125e+03 -3.732420999647172888e+00
2.261665500000000065e+03 -3.732790841153589056e+00
2.287066600000000108e+03 -3.727017972899413945e+00
2.317862900000000081e+03 -3.730421318439223644e+00
2.372956799999999930e+03 -3.731061399933426337e+00
2.377535400000000209e+03 -3.726911098268765876e+00
2.403836200000000190e+03 -3.726510551701773366e+00
2.416184499999999844e+03 -3.720632102379647144e+00
2.474910100000000057e+03 -3.721209371408964905e+00
