1.031055999999999955e+02 -3.815088444874474849e+00
1.271122600000000062e+02 -3.814708342784381756e+00
1.504279999999999973e+02 -3.814473306186744850e+00
1.755214100000000030e+02 -3.814298738435968339e+00
1.999139000000000124e+02 -3.814114198301986391e+00
2.243733799999999974e+02 -3.813690412199325142e+00
2.507614800000000059e+02 -3.813852633891180233e+00
2.722359599999999773e+02 -3.812570355357406626e+00
2.988456899999999905e+02 -3.812603072491027145e+00
3.196369100000000003e+02 -3.811161509567698058e+00
3.497048800000000028e+02 -3.811784973571268331e+00
3.710638400000000274e+02 -3.810685430044149058e+00
4.012042200000000207e+02 -3.810751692448479666e+00
4.210258200000000102e+02 -3.808724484822857193e+00
4.488798699999999826e+02 -3.808673530304925947e+00
4.653844500000000153e+02 -3.805572187797131356e+00
4.985844399999999723e+02 -3.806413289626514374e+00
5.223214600000000019e+02 -3.805528562662516379e+00
5.431447100000000319e+02 -3.803329251228962704e+00
5.690236400000000003e+02 -3.802699502424239597e+00
6.008300400000000536e+02 -3.802554442999034556e+00
6.163419300000000476e+02 -3.799507227537615606e+00
6.454155899999999519e+02 -3.799094994126853031e+00
6.737821000000000140e+02 -3.798781141116359450e+00
7.031666800000000421e+02 -3.798104029235548129e+00
7.181669200000000046e+02 -3.793971356636270720e+00
7.480201600000000326e+02 -3.792315107560656262e+00
7.656522300000000314e+02 -3.789987332002125342e+00
7.955671899999999823e+02 -3.788495929473441493e+00
8.184228500000000395e+02 -3.786926300685166336e+00
8.542877799999999979e+02 -3.786145178302749770e+00
8.650521099999999706e+02 -3.781530302466393323e+00
9.033936499999999796e+02 -3.781275704193248544e+00
9.178182699999999841e+02 -3.777231958981091431e+00
9.465490200000000414e+02 -3.775501888639413828e+00
9.615367300000000341e+02 -3.770866282098112698e+00
1.001055700000000002e+03 -3.771263925557285734e+00
1.015929700000000025e+03 -3.767084573032622341e+00
1.053914999999999964e+03 -3.766590006637068999e+00
1.073914199999999937e+03 -3.763983839360800054e+00
1.092573399999999992e+03 -3.759352952943617598e+00
1.114267399999999952e+03 -3.757104780694567658e+00
1.146943800000000010e+03 -3.755462111709467088e+00
1.168052699999999959e+03 -3.752591989455556387e+00
1.203165099999999939e+03 -3.752095409184126318e+00
1.210036200000000008e+03 -3.745514611551088446e+00
1.243963099999999940e+03 -3.745274195862406064e+00
1.271288099999999986e+03 -3.745286145720019721e+00
1.299819099999999935e+03 -3.743011610868775652e+00
1.307559899999999971e+03 -3.737247699700167125e+00
1.335978000000000065e+03 -3.733679068527219425e+00
1.362632200000000012e+03 -3.733147666327779390e+00
1.390637300000000096e+03 -3.730123039890586689e+00
1.418929900000000089e+03 -3.728899635952877656e+00
1.436965999999999894e+03 -3.725630767754750661e+00
1.474827299999999923e+03 -3.725474794188262884e+00
1.489166099999999915e+03 -3.721075817814815778e+00
1.523303100000000086e+03 -3.722225611724452765e+00
1.541275200000000041e+03 -3.717898014250521577e+00
1.560398200000000088e+03 -3.714567570787853601e+00
1.600500600000000077e+03 -3.714725802338417981e+00
1.618215500000000020e+03 -3.712460046537989555e+00
1.643872900000000072e+03 -3.707692272678399625e+00
1.661670299999999997e+03 -3.703589458855543359e+00
1.698454500000000053e+03 -3.704200219735657829e+00
1.719018499999999904e+03 -3.702345499065359924e+00
1.761514300000000048e+03 -3.697213353501357602e+00
1.768121100000000069e+03 -3.696279423438622036e+00
1.776539199999999937e+03 -3.690438317961106662e+00
1.813830799999999954e+03 -3.693158422003845587e+00
1.833012300000000096e+03 -3.689541911237352423e+00
1.867143800000000056e+03 -3.689821058781078467e+00
1.878666300000000092e+03 -3.684060642138616615e+00
1.915929599999999937e+03 -3.684051824124515040e+00
1.953423299999999927e+03 -3.685177879498424680e+00
1.972553300000000036e+03 -3.685012486057777981e+00
2.001546700000000101e+03 -3.678864970967146597e+00
2.015552100000000110e+03 -3.675779000066622615e+00
2.053273200000000088e+03 -3.669883749238691095e+00
2.053546800000000076e+03 -3.671246206318767413e+00
2.086094099999999798e+03 -3.666995513522716799e+00
2.117919100000000071e+03 -3.668608570119212597e+00
2.149014799999999923e+03 -3.664596236935001805e+00
2.154112799999999879e+03 -3.664012889118851479e+00
2.193007300000000214e+03 -3.660937319767487708e+00
2.233723300000000108e+03 -3.662853558332260562e+00
2.244287600000000111e+03 -3.661351025307662432e+00
2.261601599999999962e+03 -3.655061722504862498e+00
2.318667600000000220e+03 -3.654362302798964013e+00
2.323280900000000202e+03 -3.657372050545754760e+00
2.353381199999999808e+03 -3.650505042862321581e+00
2.358071100000000115e+03 -3.647877255558586551e+00
2.405608600000000024e+03 -3.642604158454025853e+00
2.408985799999999927e+03 -3.644710745019135167e+00
2.458083799999999883e+03 -3.642273492413313551e+00
