1.031055999999999955e+02 1.548400213718705487e+01
1.271122600000000062e+02 1.549755190311418751e+01
1.504279999999999973e+02 1.551065998371666943e+01
1.755214100000000030e+02 1.552962802768166028e+01
1.999139000000000124e+02 1.554700742926928392e+01
2.243733799999999974e+02 1.555820679829025011e+01
2.507614800000000059e+02 1.557071036026867361e+01
2.722359599999999773e+02 1.558510787706085843e+01
2.988456899999999905e+02 1.560336708731935573e+01
3.196369100000000003e+02 1.562625279869733319e+01
3.497048800000000028e+02 1.564324292692855778e+01
3.710638400000000274e+02 1.566271982495420367e+01
4.012042200000000207e+02 1.567448046000407125e+01
4.210258200000000102e+02 1.569871463464278527e+01
4.488798699999999826e+02 1.571489415835538317e+01
4.653844500000000153e+02 1.574418328923264809e+01
4.985844399999999723e+02 1.575306330144514533e+01
5.223214600000000019e+02 1.578104925707307160e+01
5.431447100000000319e+02 1.579114237736617277e+01
5.690236400000000003e+02 1.582493791980459896e+01
6.008300400000000536e+02 1.584348565031548972e+01
6.163419300000000476e+02 1.586397313250559726e+01
6.454155899999999519e+02 1.589020150620801886e+01
6.737821000000000140e+02 1.590545237125992273e+01
7.031666800000000421e+02 1.593239517606350475e+01
7.181669200000000046e+02 1.594741553022593017e+01
7.480201600000000326e+02 1.598011194789334333e+01
7.656522300000000314e+02 1.600933085691023905e+01
7.955671899999999823e+02 1.603318389985751935e+01
8.184228500000000395e+02 1.605822002849582830e+01
8.542877799999999979e+02 1.609721504172603090e+01
8.650521099999999706e+02 1.611622633828617879e+01
9.033936499999999796e+02 1.615319509464685765e+01
9.178182699999999841e+02 1.617969723183390940e+01
9.465490200000000414e+02 1.620479391410543357e+01
9.615367300000000341e+02 1.625188683085691110e+01
1.001055700000000002e+03 1.627346529615306281e+01
1.015929700000000025e+03 1.631640494606146774e+01
1.053914999999999964e+03 1.633398127417056855e+01
1.073914199999999937e+03 1.637205475269692556e+01
1.092573399999999992e+03 1.640597140240179286e+01
1.114267399999999952e+03 1.641462446570323763e+01
1.146943800000000010e+03 1.647319407693873572e+01
1.168052699999999959e+03 1.648715805007124047e+01
1.203165099999999939e+03 1.653229391410543414e+01
1.210036200000000008e+03 1.656179371056380845e+01
1.243963099999999940e+03 1.660954304905353140e+01
1.271288099999999986e+03 1.660543710563810293e+01
1.299819099999999935e+03 1.665398788927335616e+01
1.307559899999999971e+03 1.669066303684103403e+01
1.335978000000000065e+03 1.672408202727457649e+01
1.362632200000000012e+03 1.675795796865459053e+01
1.390637300000000096e+03 1.680888052106655906e+01
1.418929900000000089e+03 1.681873702422145200e+01
1.436965999999999894e+03 1.687240382658253424e+01
1.474827299999999923e+03 1.688323325870140224e+01
1.489166099999999915e+03 1.694933798086708876e+01
1.523303100000000086e+03 1.695372786484836070e+01
1.541275200000000041e+03 1.700983360472216432e+01
1.560398200000000088e+03 1.703280938326888005e+01
1.600500600000000077e+03 1.707374058619987878e+01
1.618215500000000020e+03 1.709664003663749199e+01
1.643872900000000072e+03 1.716524526765723735e+01
1.661670299999999997e+03 1.718689395481376181e+01
1.698454500000000053e+03 1.723682220639120999e+01
1.719018499999999904e+03 1.725685273763484417e+01
1.761514300000000048e+03 1.733989008752289962e+01
1.768121100000000069e+03 1.734362762059841145e+01
1.776539199999999937e+03 1.738578414410746831e+01
1.813830799999999954e+03 1.739212751882759989e+01
1.833012300000000096e+03 1.744395532261347270e+01
1.867143800000000056e+03 1.745616883777732653e+01
1.878666300000000092e+03 1.751877162629757834e+01
1.915929599999999937e+03 1.755033737024221452e+01
1.953423299999999927e+03 1.758812894361896895e+01
1.972553300000000036e+03 1.760962853653571969e+01
2.001546700000000101e+03 1.771201862405862215e+01
2.015552100000000110e+03 1.771803938530429434e+01
2.053273200000000088e+03 1.778365306330144335e+01
2.053546800000000076e+03 1.780657490331772763e+01
2.086094099999999798e+03 1.785638102992061604e+01
2.117919100000000071e+03 1.786188021575411966e+01
2.149014799999999923e+03 1.792406574394463448e+01
2.154112799999999879e+03 1.792672908609810634e+01
2.193007300000000214e+03 1.799726847140240338e+01
2.233723300000000108e+03 1.803957408915123395e+01
2.244287600000000111e+03 1.804497201302666198e+01
2.261601599999999962e+03 1.810467891308772792e+01
2.318667600000000220e+03 1.817113932424180689e+01
2.323280900000000202e+03 1.817370343985345116e+01
2.353381199999999808e+03 1.824547934052513654e+01
2.358071100000000115e+03 1.827079940972928895e+01
2.405608600000000024e+03 1.841474302869936963e+01
2.408985799999999927e+03 1.836960462039487041e+01
2.458083799999999883e+03 1.847307958477508905e+01
