1.206747500000000031e+02 -4.308529310631830533e+00
1.321679599999999937e+02 -4.308817906512778073e+00
1.682583199999999977e+02 -4.308166301841939827e+00
1.695749900000000139e+02 -4.308617719206558228e+00
1.794566399999999931e+02 -4.308381563255069047e+00
2.175501099999999894e+02 -4.308189436838389064e+00
2.184886300000000006e+02 -4.308322252237094752e+00
2.287387699999999882e+02 -4.308268067018809155e+00
2.657373600000000238e+02 -4.307442597188809508e+00
2.672545099999999820e+02 -4.307932765075424442e+00
2.740211800000000153e+02 -4.306833926039757010e+00
3.153451299999999833e+02 -4.307005693273130653e+00
3.156700399999999718e+02 -4.306999062068561201e+00
3.245301999999999794e+02 -4.306567322371792628e+00
3.637125500000000216e+02 -4.305891580148022868e+00
3.648787800000000061e+02 -4.306277034741504472e+00
3.747776400000000194e+02 -4.305968389183679079e+00
4.107624799999999823e+02 -4.304181577545777238e+00
4.140605800000000158e+02 -4.304960977958321777e+00
4.216113100000000031e+02 -4.304128084602244719e+00
4.609182200000000194e+02 -4.303090894117017839e+00
4.642291799999999853e+02 -4.304018846044502133e+00
4.736067100000000210e+02 -4.303517009856355102e+00
5.120947400000000016e+02 -4.302123608034819746e+00
5.122685900000000174e+02 -4.302100110849840675e+00
5.207870799999999463e+02 -4.301472369136529750e+00
5.618528400000000147e+02 -4.300591637028297498e+00
5.658228100000000040e+02 -4.301535010099543754e+00
5.700672299999999950e+02 -4.299728603245383418e+00
6.101604499999999689e+02 -4.298409904286215166e+00
6.129732400000000325e+02 -4.299199757321324533e+00
6.238467699999999923e+02 -4.299063142390274983e+00
6.574646199999999681e+02 -4.295483569979812621e+00
6.663034900000000107e+02 -4.297821260243152253e+00
6.692441800000000285e+02 -4.295725034884860349e+00
7.087754200000000537e+02 -4.294006727647717625e+00
7.106619699999999966e+02 -4.294541151184810168e+00
7.236535000000000082e+02 -4.294870563000505292e+00
7.659447499999999991e+02 -4.293257845351136304e+00
7.679480499999999665e+02 -4.293880816648361076e+00
7.692108399999999619e+02 -4.290974116073654976e+00
8.053162600000000566e+02 -4.287956162498112178e+00
8.075515599999999949e+02 -4.288567311106267432e+00
8.218036499999999478e+02 -4.289248757877169638e+00
8.574641199999999799e+02 -4.284983931781001232e+00
8.626659600000000410e+02 -4.286386109722475801e+00
8.679164299999999912e+02 -4.284711301172450248e+00
9.038587199999999484e+02 -4.280943155704155956e+00
9.108468599999999924e+02 -4.282781532399826396e+00
9.201828100000000177e+02 -4.281915191610894844e+00
9.613352399999999989e+02 -4.279312564588654944e+00
9.673270800000000236e+02 -4.280941362836907516e+00
9.691981600000000299e+02 -4.278036207995086215e+00
1.011787199999999984e+03 -4.275244419626097248e+00
1.014751800000000003e+03 -4.272841735543962294e+00
1.019212099999999964e+03 -4.277065491723100799e+00
1.056308299999999917e+03 -4.269546041692087179e+00
1.059234099999999899e+03 -4.270340379754764548e+00
1.068941700000000083e+03 -4.269256918215678986e+00
1.105916099999999915e+03 -4.265464071239313704e+00
1.110608899999999949e+03 -4.266719895438551902e+00
1.113998100000000022e+03 -4.263618409807397036e+00
1.158357700000000023e+03 -4.260560654203422892e+00
1.162911499999999933e+03 -4.258188390664924938e+00
1.165367400000000089e+03 -4.262296269558818018e+00
1.207667300000000068e+03 -4.256005551998377712e+00
1.208922700000000077e+03 -4.253288575400786975e+00
1.209325700000000097e+03 -4.256479314999831232e+00
1.251278999999999996e+03 -4.250710789676057644e+00
1.266945200000000114e+03 -4.250668101064581705e+00
1.268274200000000064e+03 -4.255137564518249427e+00
1.310554699999999912e+03 -4.247394192754415876e+00
1.317178200000000061e+03 -4.249010071527183463e+00
1.320041999999999916e+03 -4.246050899165394021e+00
1.365139200000000073e+03 -4.243639913740864245e+00
1.369723999999999933e+03 -4.244718520008533780e+00
1.371065299999999979e+03 -4.241105726660297393e+00
1.403910399999999981e+03 -4.234775344927871110e+00
1.406819799999999987e+03 -4.231933192093676688e+00
1.415039199999999937e+03 -4.237577305317203447e+00
1.453832599999999957e+03 -4.231017325636013737e+00
1.454765799999999899e+03 -4.231231759806096449e+00
1.466343800000000101e+03 -4.231024516583412165e+00
1.501040600000000040e+03 -4.226446090797052690e+00
1.504192199999999957e+03 -4.227272901983494258e+00
1.515150300000000016e+03 -4.226528595837306668e+00
1.553771799999999985e+03 -4.222740887351111638e+00
1.557582100000000082e+03 -4.219979640395017384e+00
1.566675099999999929e+03 -4.226006832515788680e+00
1.599344800000000077e+03 -4.216287782556600305e+00
1.604925500000000056e+03 -4.217733863049556220e+00
1.625187200000000075e+03 -4.219059184361144688e+00
1.651236799999999903e+03 -4.211927098773553091e+00
1.655242299999999886e+03 -4.212983107087696411e+00
1.659524899999999889e+03 -4.210059204352281093e+00
1.699864399999999932e+03 -4.206959933904268034e+00
1.711386400000000094e+03 -4.205995897262996053e+00
1.713431800000000067e+03 -4.210495872745031676e+00
1.729138300000000072e+03 -4.197591731938361548e+00
1.742447400000000016e+03 -4.201095700704378544e+00
1.763686699999999973e+03 -4.202359584581956575e+00
1.793642000000000053e+03 -4.195090344921041492e+00
1.812037299999999959e+03 -4.199839433756498153e+00
1.826997200000000021e+03 -4.199440633298612724e+00
1.840805399999999963e+03 -4.191072153674435974e+00
1.845670800000000099e+03 -4.192288535719147724e+00
1.868227100000000064e+03 -4.193721050300594833e+00
1.901505799999999908e+03 -4.190181421461406153e+00
1.903114800000000059e+03 -4.190599924265290710e+00
1.924467799999999897e+03 -4.191918695444960541e+00
1.945975300000000061e+03 -4.185172482243263659e+00
1.961154899999999998e+03 -4.189106226624854656e+00
1.964849200000000110e+03 -4.186329799012480812e+00
1.985654299999999921e+03 -4.178235962346710686e+00
2.008083300000000008e+03 -4.184031964656992564e+00
2.009321200000000090e+03 -4.179958387836427036e+00
2.063574200000000019e+03 -4.180235598563209365e+00
2.071588000000000193e+03 -4.182407213462060014e+00
2.077969999999999800e+03 -4.179628428860603151e+00
2.091970800000000054e+03 -4.169116426513255647e+00
2.096438400000000001e+03 -4.170248389855163218e+00
2.114809000000000196e+03 -4.171908251807794343e+00
2.146996000000000095e+03 -4.167844792875952109e+00
2.152867099999999937e+03 -4.169373987444639162e+00
2.162945499999999811e+03 -4.167908520239450354e+00
2.200192700000000059e+03 -4.164798705127070733e+00
2.200631899999999860e+03 -4.161396370824411051e+00
2.209891099999999824e+03 -4.167342012365416792e+00
2.247077099999999973e+03 -4.158902870847837718e+00
2.252727600000000166e+03 -4.160347048951265059e+00
2.266390400000000227e+03 -4.160907599705939930e+00
2.302400799999999890e+03 -4.157135944585132137e+00
2.313488699999999881e+03 -4.160034903258608807e+00
2.330617000000000189e+03 -4.159213266013775723e+00
2.332677099999999882e+03 -4.151397939357036826e+00
2.339631600000000162e+03 -4.153263290112620076e+00
2.344248399999999947e+03 -4.149890164946545390e+00
2.400930199999999786e+03 -4.150200621973025861e+00
2.413758100000000013e+03 -4.153563602316455494e+00
2.422728599999999915e+03 -4.152127821046563305e+00
2.433819500000000062e+03 -4.146906346242519525e+00
2.445203199999999924e+03 -4.149794710175299883e+00
