9.901034699999999589e+01 -6.239050247260228055e+00
1.271155200000000036e+02 -6.239142678333557512e+00
1.504345600000000047e+02 -6.239101503196827103e+00
1.752366800000000069e+02 -6.238807666190917089e+00
2.002351999999999919e+02 -6.238744736832606996e+00
2.241837299999999971e+02 -6.238568617767909608e+00
2.476416199999999890e+02 -6.238364376182827797e+00
2.709751899999999978e+02 -6.237478697621262391e+00
2.985556100000000015e+02 -6.237616112788318290e+00
3.226469200000000228e+02 -6.237467745823136234e+00
3.508620599999999854e+02 -6.237203911885442764e+00
3.738986300000000256e+02 -6.237261196448458556e+00
4.004372099999999932e+02 -6.236419932672967015e+00
4.219968200000000138e+02 -6.235863865073588030e+00
4.491082499999999982e+02 -6.234747327849502696e+00
4.724191900000000146e+02 -6.235182381518526107e+00
5.021841600000000199e+02 -6.234089818080854606e+00
5.184372499999999491e+02 -6.232733352524084225e+00
5.529409000000000560e+02 -6.232905013971464570e+00
5.713545800000000554e+02 -6.231390637427478119e+00
6.003779399999999669e+02 -6.230690517501727754e+00
6.210211199999999963e+02 -6.229578483006110723e+00
6.520002299999999877e+02 -6.228938207235252378e+00
6.626812499999999773e+02 -6.224368911955878048e+00
7.043342199999999593e+02 -6.224599175227745640e+00
7.192866999999999962e+02 -6.221679628951889640e+00
7.487591300000000274e+02 -6.218862242089456593e+00
7.700299800000000232e+02 -6.216854565193020932e+00
8.029445899999999483e+02 -6.215345328428807825e+00
8.210126199999999699e+02 -6.211025840356557914e+00
8.534432799999999588e+02 -6.209991940673956989e+00
8.671271299999999655e+02 -6.202824216602658147e+00
9.016089899999999489e+02 -6.201140051536678577e+00
9.178712500000000318e+02 -6.193648158927848257e+00
9.547573399999999992e+02 -6.193375785538880685e+00
9.690287700000000086e+02 -6.183962751115965162e+00
1.008329100000000039e+03 -6.184110456353779206e+00
1.014060200000000009e+03 -6.175901951927189160e+00
1.058317900000000009e+03 -6.177263049562154329e+00
1.061578899999999976e+03 -6.168927373439300865e+00
1.096331699999999955e+03 -6.168558926497949457e+00
1.117347400000000107e+03 -6.163109550408344184e+00
1.141989000000000033e+03 -6.161313804632561286e+00
1.171048600000000079e+03 -6.159060871502100021e+00
1.214961199999999963e+03 -6.159288076529944256e+00
1.220298399999999901e+03 -6.152462577260189747e+00
1.257093499999999949e+03 -6.150471179414599199e+00
1.275748900000000049e+03 -6.148980619394406766e+00
1.318118099999999913e+03 -6.144344648120569907e+00
1.323646400000000085e+03 -6.148936860574528929e+00
1.336359999999999900e+03 -6.139949001638462356e+00
1.354108899999999949e+03 -6.133268872478097045e+00
1.405096000000000004e+03 -6.135124488102264628e+00
1.410020700000000033e+03 -6.129745880817229597e+00
1.440571699999999964e+03 -6.129904761148580405e+00
1.457679900000000089e+03 -6.125167689509876112e+00
1.496426799999999957e+03 -6.124588666466880937e+00
1.516731299999999919e+03 -6.121248836269368887e+00
1.532753099999999904e+03 -6.118137075912741807e+00
1.557693400000000111e+03 -6.115874585042936573e+00
1.587371000000000095e+03 -6.113648606306406386e+00
1.614415899999999965e+03 -6.113392643007404814e+00
1.648254200000000083e+03 -6.110617517040577873e+00
1.651174899999999980e+03 -6.104582427553409296e+00
1.696261799999999994e+03 -6.105677531663658009e+00
1.719306100000000015e+03 -6.108265310412966720e+00
1.747267200000000003e+03 -6.101250477428701302e+00
1.764896199999999908e+03 -6.098959766956162376e+00
1.782455699999999979e+03 -6.095558070827658881e+00
1.802253500000000031e+03 -6.092425127688532172e+00
1.849627099999999928e+03 -6.091126451354887728e+00
1.865928400000000011e+03 -6.091434189323817527e+00
1.907144299999999930e+03 -6.085772914586256022e+00
1.919697599999999966e+03 -6.092221428871731348e+00
1.940573200000000043e+03 -6.085885539007518830e+00
1.965103200000000015e+03 -6.083396379006676291e+00
2.001308099999999968e+03 -6.080980674642402661e+00
2.023524799999999914e+03 -6.080019981655548023e+00
2.042443700000000035e+03 -6.077117794022991681e+00
2.070114399999999932e+03 -6.075347956061304622e+00
2.091073699999999917e+03 -6.071687887093855096e+00
2.104557600000000093e+03 -6.071267779925229036e+00
2.148752100000000155e+03 -6.070564910361868627e+00
2.156930800000000090e+03 -6.069025694986101449e+00
2.200882500000000164e+03 -6.066399177489019579e+00
2.207904500000000098e+03 -6.064116702539559256e+00
2.233004800000000159e+03 -6.061109395331479632e+00
2.276357899999999972e+03 -6.066184325659330412e+00
2.301391399999999976e+03 -6.062584744232789369e+00
2.315781300000000101e+03 -6.058822629763430889e+00
2.345767600000000130e+03 -6.059008025428732402e+00
2.357262600000000020e+03 -6.056804157131761457e+00
2.391120899999999892e+03 -6.047733061730018456e+00
2.414135600000000068e+03 -6.058527110537120564e+00
2.436948199999999815e+03 -6.049936528998193452e+00
