9.951885099999999795e+01 -4.266561107255657959e+00
1.266831200000000024e+02 -4.266301248487331499e+00
1.516927699999999959e+02 -4.266594086746673398e+00
1.743654600000000130e+02 -4.265691791213432893e+00
2.003616499999999974e+02 -4.265985497100501789e+00
2.252276400000000081e+02 -4.265356909803108998e+00
2.506173000000000002e+02 -4.264921914531002223e+00
2.711771499999999833e+02 -4.263650692547963139e+00
3.012082800000000020e+02 -4.264384722236399305e+00
3.214706300000000283e+02 -4.262457158461564255e+00
3.486775499999999965e+02 -4.262167719271836575e+00
3.698357599999999934e+02 -4.260662776957047981e+00
3.990594199999999887e+02 -4.260419486401350930e+00
4.177196000000000140e+02 -4.258609533162704075e+00
4.515564800000000218e+02 -4.259938202523821715e+00
4.678077999999999861e+02 -4.257523575336334964e+00
4.927885499999999865e+02 -4.257150332559600514e+00
5.177726900000000114e+02 -4.255949042900549095e+00
5.519191499999999451e+02 -4.256859627615119379e+00
5.697885300000000370e+02 -4.253943903634796797e+00
5.977056999999999789e+02 -4.253011190361871030e+00
6.247683500000000549e+02 -4.252733151838477887e+00
6.516989499999999680e+02 -4.250263281887701972e+00
6.722582400000000007e+02 -4.248541833716863003e+00
6.959685600000000250e+02 -4.246157379113550512e+00
7.220457900000000109e+02 -4.244595788761595934e+00
7.494510500000000093e+02 -4.243471047980739819e+00
7.729816700000000083e+02 -4.240623385874102702e+00
7.950226400000000240e+02 -4.237503585186488841e+00
8.126649599999999509e+02 -4.233575874478396450e+00
8.406968100000000277e+02 -4.232537453088499824e+00
8.686607299999999441e+02 -4.230319145995837360e+00
9.083748500000000377e+02 -4.229893893390949344e+00
9.183301000000000158e+02 -4.226309168331344956e+00
9.509964099999999689e+02 -4.225497393831717297e+00
9.694258700000000317e+02 -4.221823398380580628e+00
1.008051900000000046e+03 -4.222102096080149636e+00
1.023063800000000015e+03 -4.217981851623133771e+00
1.049682800000000043e+03 -4.216760044821085351e+00
1.065250199999999950e+03 -4.210249518493078824e+00
1.093292999999999893e+03 -4.208295090118861381e+00
1.122913299999999936e+03 -4.206542543662743938e+00
1.153693800000000010e+03 -4.203603009554407244e+00
1.165979299999999967e+03 -4.200882353270739777e+00
1.189017000000000053e+03 -4.198515800101696449e+00
1.217543300000000045e+03 -4.196453310943700110e+00
1.258481600000000071e+03 -4.197814052882777425e+00
1.277785599999999931e+03 -4.194412907121033207e+00
1.299621399999999994e+03 -4.192087358800087316e+00
1.314488000000000056e+03 -4.188077271734101714e+00
1.352404500000000098e+03 -4.187438926903390701e+00
1.361768499999999904e+03 -4.183534193388665834e+00
1.393321400000000040e+03 -4.181987093976216485e+00
1.419523699999999963e+03 -4.178980073631731962e+00
1.465042099999999891e+03 -4.174214665170644878e+00
1.467096999999999980e+03 -4.178012028405372114e+00
1.495119999999999891e+03 -4.171864561532355964e+00
1.511190599999999904e+03 -4.170423823216371062e+00
1.540506499999999960e+03 -4.169642501883304320e+00
1.545887799999999970e+03 -4.161452360190712518e+00
1.595807600000000093e+03 -4.162967941904360814e+00
1.622911000000000058e+03 -4.165990942850486434e+00
1.646306900000000041e+03 -4.161240704112072919e+00
1.649675600000000031e+03 -4.154659921265283273e+00
1.682020700000000033e+03 -4.156112349596676303e+00
1.715922499999999900e+03 -4.154080232357280522e+00
1.753346299999999928e+03 -4.150027113993947303e+00
1.781755499999999984e+03 -4.158508441305839298e+00
1.804156600000000026e+03 -4.152827100644020497e+00
1.810832499999999982e+03 -4.148257716578521048e+00
1.833408899999999903e+03 -4.143405329710159180e+00
1.858010099999999966e+03 -4.146458594238499273e+00
1.907015799999999899e+03 -4.140054013931216303e+00
1.909118899999999940e+03 -4.147093331006912464e+00
1.970168799999999919e+03 -4.142706497197172766e+00
1.973502999999999929e+03 -4.144287973919528412e+00
1.982721700000000055e+03 -4.134383027350076567e+00
2.008723099999999931e+03 -4.134580431031631420e+00
2.074197200000000066e+03 -4.140285285232885748e+00
2.084228200000000015e+03 -4.138852445112158662e+00
2.092473700000000008e+03 -4.127977913887685091e+00
2.106196100000000115e+03 -4.129935920057675958e+00
2.120231000000000222e+03 -4.125896401059296892e+00
2.155810100000000148e+03 -4.127753374532959540e+00
2.200172799999999825e+03 -4.127571547554217624e+00
2.218341300000000047e+03 -4.127636775089987609e+00
2.256439300000000003e+03 -4.122920733263304882e+00
2.256483600000000024e+03 -4.123530852497634847e+00
2.300243399999999838e+03 -4.116873349088635337e+00
2.313667699999999968e+03 -4.124722181782527031e+00
2.378707100000000082e+03 -4.120502882496374752e+00
2.383982899999999972e+03 -4.117963107905959319e+00
2.388986300000000028e+03 -4.123711247521845813e+00
2.405856699999999819e+03 -4.114865325535734364e+00
2.453062899999999900e+03 -4.114241467819720555e+00
