1.239444199999999938e+02 -3.291772203985686041e+00
1.347836499999999944e+02 -3.291681474518683981e+00
1.720946999999999889e+02 -3.290614219230400206e+00
1.726763100000000009e+02 -3.290629476241570206e+00
1.831408700000000067e+02 -3.290356094325636249e+00
2.210226000000000113e+02 -3.288909859882460651e+00
2.230493600000000072e+02 -3.289300905012582099e+00
2.315861400000000003e+02 -3.288421836265084330e+00
2.713411300000000210e+02 -3.286887823091653171e+00
2.721559100000000058e+02 -3.287226792937205655e+00
2.800205399999999827e+02 -3.286064607295238638e+00
3.183754700000000071e+02 -3.283691905368584685e+00
3.212936100000000010e+02 -3.284558962944863048e+00
3.302182500000000118e+02 -3.283507163525728245e+00
3.684827799999999911e+02 -3.280800690422301269e+00
3.702495599999999740e+02 -3.281143811115380338e+00
3.778089299999999753e+02 -3.279823481108747885e+00
4.169560999999999922e+02 -3.276738684862904982e+00
4.230258699999999976e+02 -3.278418466123742103e+00
4.305446900000000028e+02 -3.276723975137649791e+00
4.695828500000000076e+02 -3.273250983388613200e+00
4.723618599999999788e+02 -3.273847694909614692e+00
4.772387200000000007e+02 -3.271583780891078153e+00
5.195627399999999625e+02 -3.268659465734975456e+00
5.219714300000000549e+02 -3.269401588102620160e+00
5.283291799999999512e+02 -3.267406021468475696e+00
5.655980799999999817e+02 -3.263051103842437684e+00
5.685360699999999952e+02 -3.263716749175689102e+00
5.784556499999999915e+02 -3.262563928296113858e+00
6.147448299999999790e+02 -3.258264709730459785e+00
6.159357199999999466e+02 -3.258659236351418187e+00
6.254434599999999591e+02 -3.257467471566368733e+00
6.683764800000000150e+02 -3.254728124039528492e+00
6.691112299999999777e+02 -3.254809075002873531e+00
6.794552800000000161e+02 -3.253873152734245267e+00
7.106732899999999518e+02 -3.248517922531462432e+00
7.176653199999999515e+02 -3.247235129009615306e+00
7.181174600000000510e+02 -3.250519276531008028e+00
7.622968299999999999e+02 -3.245149255178765735e+00
7.688191699999999855e+02 -3.246918302248514188e+00
7.719459299999999757e+02 -3.244545479913585329e+00
8.164171400000000176e+02 -3.242429003932815412e+00
8.169955099999999675e+02 -3.242671339073247339e+00
8.190906300000000329e+02 -3.239945566496116758e+00
8.607908599999999524e+02 -3.237838617335431213e+00
8.647799499999999853e+02 -3.238791970962537903e+00
8.670358499999999822e+02 -3.236348603843284710e+00
9.092632099999999582e+02 -3.233569155638224224e+00
9.152333399999999983e+02 -3.235044366658414550e+00
9.229403399999999920e+02 -3.233346671720016996e+00
9.581840499999999565e+02 -3.230033844333295434e+00
9.605321300000000520e+02 -3.230684987408278808e+00
9.676570199999999886e+02 -3.230023300458882751e+00
1.005419499999999971e+03 -3.226790894548921873e+00
1.012438300000000027e+03 -3.228548148004387386e+00
1.020917299999999955e+03 -3.227745074197187147e+00
1.060003300000000081e+03 -3.225880623458061258e+00
1.062632000000000062e+03 -3.226494094600369955e+00
1.063075299999999970e+03 -3.223955582289178334e+00
1.105299400000000105e+03 -3.221710707551836528e+00
1.106062300000000050e+03 -3.221873177658070020e+00
1.117186999999999898e+03 -3.221641918539142058e+00
1.155986499999999978e+03 -3.218917731176435648e+00
1.158396799999999985e+03 -3.219579870819550216e+00
1.159841499999999996e+03 -3.216929489276638243e+00
1.203580799999999954e+03 -3.216651481650171895e+00
1.210632900000000063e+03 -3.218509446403585272e+00
1.213294599999999946e+03 -3.216207217072523328e+00
1.247718499999999949e+03 -3.213740868925367256e+00
1.250537299999999959e+03 -3.214465463126965350e+00
1.263999800000000050e+03 -3.214991686038149332e+00
1.292387600000000020e+03 -3.210323475324821985e+00
1.303660599999999931e+03 -3.213221792241474528e+00
1.321469200000000001e+03 -3.214904389616075164e+00
1.354928699999999935e+03 -3.211215643248488405e+00
1.363633700000000090e+03 -3.213410441307503529e+00
1.370525000000000091e+03 -3.211661092114914240e+00
1.401057299999999941e+03 -3.209878948423173117e+00
1.401997200000000021e+03 -3.210127681336527594e+00
1.412994699999999966e+03 -3.209616846036569271e+00
1.443997299999999996e+03 -3.206007322320314046e+00
1.452061200000000099e+03 -3.208086301849020217e+00
1.452992299999999886e+03 -3.205689466483694794e+00
1.502105399999999918e+03 -3.207805985226443557e+00
1.503100500000000011e+03 -3.208051789171524781e+00
1.503895299999999907e+03 -3.204838117705435696e+00
1.543645500000000084e+03 -3.203815892885593541e+00
1.555234699999999975e+03 -3.203503311827188504e+00
1.558865500000000111e+03 -3.207742882204257295e+00
1.603540500000000065e+03 -3.204824571371684083e+00
1.604140699999999924e+03 -3.204957040129960522e+00
1.629890100000000075e+03 -3.208228315723818724e+00
1.638523100000000113e+03 -3.200035428499192314e+00
1.642605600000000095e+03 -3.201033030206394958e+00
1.662132599999999911e+03 -3.203746526039150666e+00
1.696873499999999922e+03 -3.201919120357941573e+00
1.701701600000000099e+03 -3.203172623298221389e+00
1.718915899999999965e+03 -3.203856273925342002e+00
1.749921700000000101e+03 -3.201375656039863404e+00
1.752133399999999938e+03 -3.201940147909531298e+00
1.768586700000000064e+03 -3.202134372030215115e+00
1.793432299999999941e+03 -3.199920725195167126e+00
1.803677799999999934e+03 -3.202554939467503914e+00
1.821942800000000034e+03 -3.203831761843939585e+00
1.839614900000000034e+03 -3.198234515989410998e+00
1.844340799999999945e+03 -3.199400841020148434e+00
1.853968299999999999e+03 -3.197647119827925710e+00
1.892070999999999913e+03 -3.197603573321632364e+00
1.892971500000000106e+03 -3.197804312693866002e+00
1.903279600000000073e+03 -3.197217279007804613e+00
1.943847899999999981e+03 -3.197194866036282335e+00
1.946441299999999956e+03 -3.197872689952162339e+00
1.961277900000000045e+03 -3.198113446922531189e+00
1.990338199999999915e+03 -3.196458700048088630e+00
1.992313200000000052e+03 -3.197015735244101542e+00
2.013044300000000021e+03 -3.198333411296597539e+00
2.038350899999999911e+03 -3.194978256204324740e+00
2.044594599999999900e+03 -3.196541695095707070e+00
2.063606299999999919e+03 -3.197667060089129265e+00
2.091928499999999985e+03 -3.194388821062078776e+00
2.097291200000000117e+03 -3.195802918324378794e+00
2.101650999999999840e+03 -3.193778629340591646e+00
2.127924199999999928e+03 -3.194157228918635738e+00
2.132214100000000144e+03 -3.195145298866036931e+00
2.156312199999999848e+03 -3.197411520550446973e+00
2.179087500000000091e+03 -3.191747180607271250e+00
2.195220800000000054e+03 -3.195818173573846899e+00
2.208488699999999881e+03 -3.196665144891768229e+00
2.240304500000000189e+03 -3.195306456119553218e+00
2.247012499999999818e+03 -3.197012875122819509e+00
2.260099400000000060e+03 -3.196940725821030949e+00
2.282913799999999810e+03 -3.190640045807640490e+00
2.300434900000000198e+03 -3.195113574153142011e+00
2.314627199999999903e+03 -3.194420618364298470e+00
2.333234800000000178e+03 -3.193295932315740604e+00
2.339289999999999964e+03 -3.194934291741015731e+00
2.348800499999999829e+03 -3.193972123027398524e+00
2.384658500000000004e+03 -3.191054871629999123e+00
2.392426100000000133e+03 -3.193105796387054607e+00
2.420943499999999858e+03 -3.194983709434637831e+00
2.452270799999999781e+03 -3.197658259434891459e+00
2.457127599999999802e+03 -3.198874097426785745e+00
