9.962413599999999292e+01 -1.530020393507179666e+00
1.002649700000000053e+02 -1.530118994889349215e+00
1.273884000000000043e+02 -1.529922056952818243e+00
1.499683300000000088e+02 -1.529697490862462761e+00
1.512330699999999979e+02 -1.529886755423358169e+00
1.757111299999999972e+02 -1.529237159960317616e+00
1.992685600000000079e+02 -1.528818523215754288e+00
2.007256899999999860e+02 -1.529077420615713612e+00
2.254575900000000104e+02 -1.528515175914763269e+00
2.488220499999999902e+02 -1.527673204588245293e+00
2.511343599999999867e+02 -1.527909645490553636e+00
2.744465200000000209e+02 -1.527089518930010659e+00
3.014833699999999794e+02 -1.526906632290501165e+00
3.017925599999999804e+02 -1.526611487733055661e+00
3.226341600000000085e+02 -1.524810162557906246e+00
3.505313400000000001e+02 -1.524234636448592584e+00
3.557349199999999882e+02 -1.524336429694049366e+00
3.740499100000000112e+02 -1.521284937947660287e+00
4.026277799999999729e+02 -1.520819894237597669e+00
4.049193000000000211e+02 -1.520936570118162523e+00
4.208304400000000101e+02 -1.515587470012725202e+00
4.470639800000000150e+02 -1.514437752372025159e+00
4.496613199999999892e+02 -1.515131453394917838e+00
4.707281899999999837e+02 -1.511157548797755545e+00
5.014076699999999960e+02 -1.511387197196691234e+00
5.017433300000000145e+02 -1.510801317806565791e+00
5.230062400000000480e+02 -1.507581024451753127e+00
5.515471400000000131e+02 -1.506878711068511345e+00
5.533289499999999634e+02 -1.507413942432858756e+00
5.773185600000000477e+02 -1.504257551853708907e+00
6.007585900000000265e+02 -1.501868558765580453e+00
6.031190800000000536e+02 -1.502866386563576739e+00
6.214596099999999979e+02 -1.498881440424009170e+00
6.502463999999999942e+02 -1.497729566066426488e+00
6.535016299999999774e+02 -1.498217199830614632e+00
6.698925900000000411e+02 -1.494491990091695532e+00
6.939583199999999579e+02 -1.491833092010974138e+00
6.972376100000000179e+02 -1.492101116332054112e+00
7.212868399999999838e+02 -1.491395972212830046e+00
7.453070300000000543e+02 -1.488629992769892274e+00
7.494045200000000477e+02 -1.489837555585095785e+00
7.663509800000000496e+02 -1.486845359314083126e+00
7.915694399999999860e+02 -1.486458513330969788e+00
7.966516000000000304e+02 -1.485501846053048691e+00
8.172778399999999692e+02 -1.483600524841613977e+00
8.537416299999999865e+02 -1.483663615173277162e+00
8.550137799999999970e+02 -1.482951986492283325e+00
8.603297400000000152e+02 -1.479594128765259642e+00
8.971500800000000027e+02 -1.480476546823153328e+00
8.975203599999999824e+02 -1.479670989262824810e+00
9.160088500000000522e+02 -1.477632191144014007e+00
9.448342599999999720e+02 -1.475464756351472229e+00
9.479719000000000051e+02 -1.477412729615657394e+00
9.635793200000000525e+02 -1.473558539484410845e+00
9.958214500000000271e+02 -1.474413159337687906e+00
1.008888100000000009e+03 -1.475590456465100342e+00
1.021561400000000049e+03 -1.473394285832511530e+00
1.050613900000000058e+03 -1.470283268482831307e+00
1.055370799999999917e+03 -1.472853445204531875e+00
1.068192800000000034e+03 -1.471157298000831837e+00
1.096341400000000021e+03 -1.468328735179129207e+00
1.103097500000000082e+03 -1.470341604866265195e+00
1.118361000000000104e+03 -1.468646570922484962e+00
1.147052300000000059e+03 -1.465734665495739053e+00
1.147602900000000091e+03 -1.467244297418615506e+00
1.159660499999999956e+03 -1.462936279505696158e+00
1.199951099999999997e+03 -1.465943286628108799e+00
1.209297800000000052e+03 -1.466337306853702671e+00
1.219114800000000059e+03 -1.464886086277253474e+00
1.248935999999999922e+03 -1.460421890067434614e+00
1.251001400000000103e+03 -1.463953801671240784e+00
1.260628400000000056e+03 -1.460686313930237512e+00
1.302038099999999986e+03 -1.460264281405385001e+00
1.310772400000000061e+03 -1.463525986481206465e+00
1.312344200000000001e+03 -1.458427341304378455e+00
1.345493300000000090e+03 -1.457756966273993093e+00
1.347534499999999980e+03 -1.455902456827285585e+00
1.349021199999999908e+03 -1.454707773340376153e+00
1.383914700000000039e+03 -1.453924346598419959e+00
1.397795100000000048e+03 -1.455670501987512910e+00
1.420388999999999896e+03 -1.457268242718474660e+00
1.447738000000000056e+03 -1.455725639879062117e+00
1.453150799999999890e+03 -1.452490161001829705e+00
1.456888099999999895e+03 -1.455883866639497981e+00
1.502227799999999888e+03 -1.455067579213314977e+00
1.506494899999999916e+03 -1.454934652118270888e+00
1.512311799999999948e+03 -1.453118418258186884e+00
1.545828299999999899e+03 -1.451505877095940145e+00
1.554849099999999908e+03 -1.455639378636579773e+00
1.567004899999999907e+03 -1.451725463031075192e+00
1.588891800000000103e+03 -1.450344378893884789e+00
1.600993199999999888e+03 -1.448514201555788583e+00
1.613780600000000049e+03 -1.448804428105879172e+00
1.643314599999999928e+03 -1.446792038306101258e+00
1.661401000000000067e+03 -1.450527574025771926e+00
1.662733699999999999e+03 -1.446990310306786487e+00
1.683692700000000059e+03 -1.446072480087048362e+00
1.695982500000000073e+03 -1.444608532833656867e+00
1.717646999999999935e+03 -1.447408097569091501e+00
1.739533599999999979e+03 -1.441789504571226566e+00
1.750487699999999904e+03 -1.444924634526554064e+00
1.755850400000000036e+03 -1.442097280537073090e+00
1.796980199999999968e+03 -1.440128483648942304e+00
1.802529999999999973e+03 -1.443658678461689604e+00
1.811403700000000072e+03 -1.440310685409853964e+00
1.852227100000000064e+03 -1.439048246920445528e+00
1.857286399999999958e+03 -1.444366709975104524e+00
1.858386899999999969e+03 -1.439144290719734265e+00
1.905506900000000087e+03 -1.441012600042886893e+00
1.907303100000000086e+03 -1.440704411268545648e+00
1.908121900000000096e+03 -1.436521572816808812e+00
1.942921399999999949e+03 -1.438849353039759027e+00
1.947557499999999891e+03 -1.437573676090749153e+00
1.950091599999999971e+03 -1.432557816427765918e+00
2.000107500000000073e+03 -1.435685306834447061e+00
2.001836199999999963e+03 -1.439600152395314137e+00
2.008932000000000016e+03 -1.433995823994499208e+00
2.032602100000000064e+03 -1.429715870967342095e+00
2.034787000000000035e+03 -1.433627240731822905e+00
2.073369400000000041e+03 -1.434964830182726025e+00
2.099827499999999873e+03 -1.430834085780932741e+00
2.103427400000000034e+03 -1.431757811186116669e+00
2.110037600000000111e+03 -1.428043872649590096e+00
2.124944700000000012e+03 -1.425226730706069977e+00
2.156509300000000167e+03 -1.423337958235868506e+00
2.174665300000000116e+03 -1.435789024087551935e+00
2.179462799999999788e+03 -1.420586061464148564e+00
2.195773599999999988e+03 -1.424404804120433132e+00
2.196777799999999843e+03 -1.418335181235806930e+00
2.237163100000000213e+03 -1.423226379129079344e+00
2.260626600000000053e+03 -1.421020483830917058e+00
2.261427900000000136e+03 -1.424923951730599381e+00
2.274991300000000138e+03 -1.417846806827570472e+00
2.295591199999999844e+03 -1.419749382491168888e+00
2.314384599999999864e+03 -1.417675070170381968e+00
2.351258200000000215e+03 -1.412492893473287880e+00
2.361856499999999869e+03 -1.417231340233472636e+00
2.366893099999999777e+03 -1.418672420536513101e+00
2.381836099999999988e+03 -1.409663358562142754e+00
2.407880799999999908e+03 -1.412268709666850697e+00
2.419030600000000049e+03 -1.408198122178017320e+00
2.424253999999999905e+03 -1.414293335644675409e+00
