1.214502700000000033e+02 1.114879452473030597e+01
1.324618399999999951e+02 1.115114695705271686e+01
1.690675899999999956e+02 1.117593883574190805e+01
1.706005000000000109e+02 1.117444433136576443e+01
1.782837800000000072e+02 1.117749389375127222e+01
2.169276099999999872e+02 1.119703032770201467e+01
2.173038799999999924e+02 1.119659932831264015e+01
2.282776599999999974e+02 1.120158355383675897e+01
2.676086099999999988e+02 1.122354620394870750e+01
2.690156700000000001e+02 1.122316710767351822e+01
2.767254599999999982e+02 1.123102737634846271e+01
3.145526800000000094e+02 1.124896804396499128e+01
3.145931800000000180e+02 1.124889731325055919e+01
3.223509500000000116e+02 1.125389273356401354e+01
3.621116400000000226e+02 1.127930134337471912e+01
3.644515299999999911e+02 1.127849735395888509e+01
3.733453400000000215e+02 1.128482240993283092e+01
4.149592999999999847e+02 1.130299409729289728e+01
4.157650399999999991e+02 1.130310757174842351e+01
4.215119100000000003e+02 1.130736973336047235e+01
4.626922099999999887e+02 1.133062029309993868e+01
4.637710799999999836e+02 1.133083808263790004e+01
4.736997299999999882e+02 1.133709698758396200e+01
5.108909800000000132e+02 1.136096580500712427e+01
5.123083500000000186e+02 1.136081569305923011e+01
5.210347600000000057e+02 1.136793456136780023e+01
5.585757800000000088e+02 1.139147364135965823e+01
5.625902800000000070e+02 1.139175554650926081e+01
5.709070100000000139e+02 1.139936444127824089e+01
6.119554900000000544e+02 1.142258955831467659e+01
6.126715299999999615e+02 1.142262466924486120e+01
6.229459299999999757e+02 1.142473895786688409e+01
6.577165700000000470e+02 1.145671687360065150e+01
6.622688699999999926e+02 1.145684663138611903e+01
6.692857900000000200e+02 1.145682983920211662e+01
7.092959499999999480e+02 1.148819102381436963e+01
7.124795299999999543e+02 1.148802971707714349e+01
7.188329499999999825e+02 1.150279360879299873e+01
7.590630700000000388e+02 1.152584215347038565e+01
7.641648500000000013e+02 1.152578414410746888e+01
7.779155299999999897e+02 1.152991603907999263e+01
8.136977399999999534e+02 1.155724709953185325e+01
8.154352699999999459e+02 1.155703134541013632e+01
8.224148800000000392e+02 1.157211276205984163e+01
8.578102400000000216e+02 1.159615611642581001e+01
8.648337400000000343e+02 1.159651892937105622e+01
8.675454499999999598e+02 1.160549765927131993e+01
9.064225400000000263e+02 1.164066812538164086e+01
9.098727199999999584e+02 1.164071036026867390e+01
9.168392400000000180e+02 1.164509769997964561e+01
9.538723199999999451e+02 1.167861337268471367e+01
9.589825899999999592e+02 1.167843578261754445e+01
9.706842799999999443e+02 1.168845410136372820e+01
1.008338700000000017e+03 1.172327956442092400e+01
1.013619299999999953e+03 1.172314929778139536e+01
1.027535000000000082e+03 1.172945807042540167e+01
1.059274400000000014e+03 1.176556431915326684e+01
1.061362699999999904e+03 1.176579228577244152e+01
1.072423399999999901e+03 1.178269997964583737e+01
1.102599099999999908e+03 1.181295389782210492e+01
1.103773300000000063e+03 1.181285263586403467e+01
1.112892499999999927e+03 1.182008345206594768e+01
1.163128099999999904e+03 1.185557653165072267e+01
1.166950299999999970e+03 1.186459953185426386e+01
1.172176200000000108e+03 1.185584011805414129e+01
1.205782300000000077e+03 1.192251068593527386e+01
1.210931800000000067e+03 1.189602737634846363e+01
1.213840799999999945e+03 1.189652300020354225e+01
1.262068999999999960e+03 1.193561927539181866e+01
1.263900599999999940e+03 1.196940056991654799e+01
1.265234099999999899e+03 1.193617799715041627e+01
1.304917099999999891e+03 1.199417972725422388e+01
1.307471199999999953e+03 1.199461581518420594e+01
1.311617899999999963e+03 1.200619224506411520e+01
1.354370699999999943e+03 1.204333248524323174e+01
1.366519500000000107e+03 1.204319865662528066e+01
1.370655600000000049e+03 1.206374414817830321e+01
1.404038299999999936e+03 1.207763230205577010e+01
1.411957400000000007e+03 1.207834215347038409e+01
1.412735799999999927e+03 1.210833095868105147e+01
1.447609200000000101e+03 1.213277121921433022e+01
1.457017399999999952e+03 1.213296967229798540e+01
1.472896899999999960e+03 1.214344087115815185e+01
1.495289199999999937e+03 1.217835589253002126e+01
1.500984099999999899e+03 1.217833401180541308e+01
1.524725400000000036e+03 1.219077498473437693e+01
1.553969299999999976e+03 1.224042540199470785e+01
1.559950299999999970e+03 1.222884286586606883e+01
1.570834399999999960e+03 1.222914766944840181e+01
1.605271700000000010e+03 1.227798392021168361e+01
1.618487800000000107e+03 1.227763637288825471e+01
1.622109799999999950e+03 1.228579381233462264e+01
1.651121300000000019e+03 1.231896549969468779e+01
1.658557299999999941e+03 1.231939242825157876e+01
1.667524499999999989e+03 1.234764095257480143e+01
1.699786000000000058e+03 1.236998219010787814e+01
1.703799199999999928e+03 1.237033126399348681e+01
1.713889699999999948e+03 1.239882912680643301e+01
1.748121599999999944e+03 1.242855129248931512e+01
1.750999499999999898e+03 1.242823732953388927e+01
1.763575299999999970e+03 1.242603348259719098e+01
1.799796700000000101e+03 1.246194941990637162e+01
1.809647200000000112e+03 1.246208731935680802e+01
1.817232400000000098e+03 1.248482291878689132e+01
1.840876400000000103e+03 1.252603093832688685e+01
1.848804900000000089e+03 1.251059535925096711e+01
1.857630799999999908e+03 1.251061215143496774e+01
1.896234400000000051e+03 1.255843222063912101e+01
1.901147099999999909e+03 1.255859403623040826e+01
1.907818700000000035e+03 1.256892021168328988e+01
1.950232700000000023e+03 1.261032363118257571e+01
1.957044799999999896e+03 1.262035263586403566e+01
1.960475899999999911e+03 1.261064115611642578e+01
2.005142800000000079e+03 1.266358742112762137e+01
2.005486799999999903e+03 1.266294372074089303e+01
2.020250099999999975e+03 1.266083604722165745e+01
2.033892900000000054e+03 1.269517962548341217e+01
2.037607600000000048e+03 1.269527478119275443e+01
2.070327800000000025e+03 1.269422145328719687e+01
2.079200600000000122e+03 1.274688581314878810e+01
2.103152599999999893e+03 1.274685426419702772e+01
2.115917600000000220e+03 1.274502951353551872e+01
2.135590599999999995e+03 1.278385711377976719e+01
2.138154700000000048e+03 1.278376246692448603e+01
2.148855599999999868e+03 1.278524323224099390e+01
2.183575899999999820e+03 1.284358436800325620e+01
2.189361600000000180e+03 1.284330449826989629e+01
2.212554599999999937e+03 1.282770608589456529e+01
2.252328300000000127e+03 1.287294015876246611e+01
2.255581400000000031e+03 1.287307398738041897e+01
2.273809200000000146e+03 1.290950692041522530e+01
2.290306000000000040e+03 1.293850549562385588e+01
2.302726400000000012e+03 1.293775086505190330e+01
2.310535199999999804e+03 1.290869020964787239e+01
2.361241100000000188e+03 1.298864288622023189e+01
2.365265499999999975e+03 1.296156676165275812e+01
2.366121000000000095e+03 1.296187105638102999e+01
2.379840099999999893e+03 1.301553327905556756e+01
2.395789299999999912e+03 1.301527732546305849e+01
2.397788199999999961e+03 1.300249643802157529e+01
2.464446100000000115e+03 1.303133421534703906e+01
2.467277399999999943e+03 1.303073885609607174e+01
