9.981082200000000171e+01 -6.200112060806285186e+00
1.267078400000000045e+02 -6.200021917544424888e+00
1.487042999999999893e+02 -6.199953300955933777e+00
1.762254100000000108e+02 -6.199973612495055519e+00
1.998977700000000084e+02 -6.199791740160914166e+00
2.242925700000000120e+02 -6.199277092953901835e+00
2.490298799999999915e+02 -6.198768557043094596e+00
2.735056700000000092e+02 -6.198828989435566150e+00
3.001100599999999758e+02 -6.198752245470388722e+00
3.217115099999999757e+02 -6.197678803829042238e+00
3.516421000000000276e+02 -6.197523113043271081e+00
3.716897299999999973e+02 -6.197249891288189261e+00
4.007874199999999973e+02 -6.197450322380328558e+00
4.207780700000000138e+02 -6.195888708447012228e+00
4.527293999999999983e+02 -6.196161790034994787e+00
4.712567999999999984e+02 -6.195247237777053329e+00
4.981098600000000260e+02 -6.194166186430272170e+00
5.192926400000000058e+02 -6.193163118033913506e+00
5.459077499999999645e+02 -6.192082123216123613e+00
5.673563799999999446e+02 -6.190748331899959211e+00
6.004098400000000311e+02 -6.191455939129078878e+00
6.226281599999999798e+02 -6.189522227126443177e+00
6.481355099999999538e+02 -6.187354426856849443e+00
6.711482300000000123e+02 -6.184957448834221161e+00
6.942733399999999619e+02 -6.182507091506340480e+00
7.175875300000000152e+02 -6.178090553042657973e+00
7.439525999999999613e+02 -6.176502214874052044e+00
7.707916500000000042e+02 -6.172755217217995138e+00
8.011897400000000289e+02 -6.172201353347814390e+00
8.174869999999999663e+02 -6.165831372766452212e+00
8.533016599999999698e+02 -6.164611852593501418e+00
8.636098500000000513e+02 -6.158749348585793371e+00
9.039461700000000519e+02 -6.158153275991550046e+00
9.116518999999999551e+02 -6.151392561912595092e+00
9.560058199999999715e+02 -6.150355371296363671e+00
9.644345100000000457e+02 -6.143952531735199507e+00
9.995697300000000496e+02 -6.143773524000245345e+00
1.013230199999999968e+03 -6.137407307127733525e+00
1.031696500000000015e+03 -6.133105801151511827e+00
1.062780099999999948e+03 -6.130965467089917631e+00
1.093527499999999918e+03 -6.130679496876317636e+00
1.113832300000000032e+03 -6.124918616614178468e+00
1.145207000000000107e+03 -6.123140022534244054e+00
1.173364499999999907e+03 -6.121894464793751212e+00
1.194574599999999919e+03 -6.118856427815896559e+00
1.221540700000000015e+03 -6.116440870677070762e+00
1.247041400000000067e+03 -6.112755983857450559e+00
1.271850699999999961e+03 -6.112531680614554652e+00
1.291885899999999992e+03 -6.106997765302312864e+00
1.313049600000000055e+03 -6.103968596017167236e+00
1.345382800000000088e+03 -6.101255725287106024e+00
1.366620899999999892e+03 -6.098087536270326403e+00
1.406121799999999894e+03 -6.094635047252964455e+00
1.408631699999999910e+03 -6.092575785061755234e+00
1.443844299999999976e+03 -6.091918613471977828e+00
1.455750099999999975e+03 -6.087308223802107676e+00
1.496662800000000061e+03 -6.089329607961252222e+00
1.512200299999999970e+03 -6.084311148346342790e+00
1.558749299999999948e+03 -6.082708211618879091e+00
1.570967300000000023e+03 -6.080870369845466250e+00
1.592539800000000014e+03 -6.075695204280720851e+00
1.610131599999999935e+03 -6.074403934469845723e+00
1.648442999999999984e+03 -6.072325698691193985e+00
1.665192900000000009e+03 -6.071449286566327430e+00
1.688429699999999912e+03 -6.067462059382445538e+00
1.727117400000000089e+03 -6.068487414435903560e+00
1.748202900000000000e+03 -6.064784660279993744e+00
1.766999099999999999e+03 -6.062181507394027058e+00
1.812331100000000106e+03 -6.061052166877266778e+00
1.817147300000000087e+03 -6.059069080302194266e+00
1.843756000000000085e+03 -6.053730373008466614e+00
1.859833599999999933e+03 -6.052824672502005399e+00
1.908622699999999895e+03 -6.045466122021593947e+00
1.912116899999999987e+03 -6.052784565430304298e+00
1.948210100000000011e+03 -6.047352502202088864e+00
1.965700499999999920e+03 -6.045858954967454402e+00
1.994914899999999989e+03 -6.041333807867287575e+00
2.031702299999999923e+03 -6.046594642907101580e+00
2.033427200000000084e+03 -6.043447545375847163e+00
2.062074599999999919e+03 -6.038602807106655312e+00
2.102048200000000179e+03 -6.037133399750094220e+00
2.119628000000000156e+03 -6.035696039709268490e+00
2.164561599999999999e+03 -6.032905084872974832e+00
2.167214699999999993e+03 -6.035000489791558564e+00
2.204009199999999964e+03 -6.031502219960421129e+00
2.217047900000000027e+03 -6.027816195384730236e+00
2.264625300000000152e+03 -6.026348853892154800e+00
2.274256400000000212e+03 -6.025565226815527531e+00
2.286037600000000111e+03 -6.017837443395243291e+00
2.325426399999999830e+03 -6.019507612806158647e+00
2.348859899999999925e+03 -6.022716056354038727e+00
2.370235599999999977e+03 -6.020686635280239507e+00
2.384860900000000129e+03 -6.016005323476637301e+00
2.428155600000000049e+03 -6.018023226667202685e+00
2.445209100000000035e+03 -6.007352005847811149e+00
