9.908549999999999613e+01 -3.464439358282014325e+00
1.263266299999999944e+02 -3.464169041910398761e+00
1.504030400000000043e+02 -3.464410218072865533e+00
1.751891099999999994e+02 -3.463754965386430129e+00
1.988984299999999905e+02 -3.463601373777557502e+00
2.229743300000000090e+02 -3.462733930409138683e+00
2.500859900000000096e+02 -3.462781558079193633e+00
2.739588400000000092e+02 -3.462480337895603277e+00
3.000807699999999727e+02 -3.462118579386023409e+00
3.240028199999999856e+02 -3.461190855910960984e+00
3.523780899999999860e+02 -3.460992029594710750e+00
3.707574200000000246e+02 -3.458888526606485048e+00
4.035012399999999957e+02 -3.458827606186915649e+00
4.239629199999999969e+02 -3.458271438848069312e+00
4.468245800000000258e+02 -3.456801264700518406e+00
4.735447199999999839e+02 -3.455806296643589182e+00
4.984550600000000031e+02 -3.454228305581425129e+00
5.188797299999999950e+02 -3.451693356091416476e+00
5.590226300000000492e+02 -3.452257742615861158e+00
5.699692900000000009e+02 -3.448837061538041926e+00
5.931676200000000563e+02 -3.446783304521716662e+00
6.189426300000000083e+02 -3.444196352448954279e+00
6.497932799999999816e+02 -3.444701882069123755e+00
6.709519099999999980e+02 -3.440149063394776885e+00
6.964744399999999587e+02 -3.439000911047875420e+00
7.188811899999999468e+02 -3.434334617426962222e+00
7.571273400000000038e+02 -3.434005796554189693e+00
7.677871199999999590e+02 -3.429970395616243284e+00
8.028571399999999585e+02 -3.429245324160139941e+00
8.192767300000000432e+02 -3.424908800193864788e+00
8.499865399999999909e+02 -3.423363875497976050e+00
8.703792600000000448e+02 -3.421030873909331582e+00
8.951654399999999896e+02 -3.418396868874415517e+00
9.221657099999999900e+02 -3.415856469399146889e+00
9.491020499999999629e+02 -3.413601751172718579e+00
9.647377099999999928e+02 -3.409967867953493048e+00
1.000199399999999969e+03 -3.408309448914023321e+00
1.018372499999999945e+03 -3.406837599816012307e+00
1.049932299999999941e+03 -3.404866729540009462e+00
1.072333900000000085e+03 -3.400605628050622720e+00
1.113461700000000064e+03 -3.396616875897556564e+00
1.114759099999999989e+03 -3.400555017262339774e+00
1.147145700000000033e+03 -3.395773110054344013e+00
1.161808999999999969e+03 -3.392343276800689367e+00
1.194685099999999920e+03 -3.391222771591304586e+00
1.215801200000000108e+03 -3.390113466512205243e+00
1.254910200000000032e+03 -3.390803557293779136e+00
1.257178000000000111e+03 -3.384857821822993884e+00
1.298425500000000056e+03 -3.385665025697824682e+00
1.325442700000000059e+03 -3.385324453809313017e+00
1.349777599999999893e+03 -3.382414410818065598e+00
1.362992400000000089e+03 -3.379213103538101670e+00
1.385268800000000056e+03 -3.375568475168849503e+00
1.403928200000000061e+03 -3.373878460728394035e+00
1.456799600000000055e+03 -3.377553538004103295e+00
1.459634000000000015e+03 -3.371006569757030835e+00
1.492697400000000016e+03 -3.369688657929899023e+00
1.510587500000000091e+03 -3.369627415253106051e+00
1.537924500000000080e+03 -3.365743118682825497e+00
1.576914999999999964e+03 -3.369758518270610903e+00
1.611460199999999986e+03 -3.362448604916525863e+00
1.612297299999999950e+03 -3.369207552131820549e+00
1.633971800000000030e+03 -3.362340813403613904e+00
1.669510700000000043e+03 -3.363037333314447430e+00
1.708242999999999938e+03 -3.359803965964232475e+00
1.714897400000000061e+03 -3.361604608902859948e+00
1.739731800000000021e+03 -3.352987954696938111e+00
1.749094499999999925e+03 -3.360858480465581888e+00
1.801638699999999972e+03 -3.357253875380211472e+00
1.803767700000000104e+03 -3.353443944706122615e+00
1.829243199999999888e+03 -3.352499693602054798e+00
1.856414700000000039e+03 -3.352282514286855530e+00
1.915252899999999954e+03 -3.355064141996416005e+00
1.921189900000000080e+03 -3.355504378726272829e+00
1.955538800000000037e+03 -3.350323241626650628e+00
1.958759099999999989e+03 -3.350717019318506296e+00
1.999606600000000071e+03 -3.347164759866415373e+00
2.015673099999999977e+03 -3.347877449711618159e+00
2.056264099999999871e+03 -3.347233996939302347e+00
2.058948400000000220e+03 -3.344572710911287938e+00
2.107251999999999953e+03 -3.343807558031950400e+00
2.130046699999999873e+03 -3.351394925823615978e+00
2.152317000000000007e+03 -3.341597489056091774e+00
2.160366199999999935e+03 -3.343891017619562867e+00
2.198527500000000146e+03 -3.341951262757302921e+00
2.211922099999999773e+03 -3.341878261089930469e+00
2.252037800000000061e+03 -3.338682206550643627e+00
2.255516700000000128e+03 -3.343759059758420360e+00
2.302065900000000056e+03 -3.341123048335590706e+00
2.312821500000000015e+03 -3.339021130356842448e+00
2.350256499999999960e+03 -3.338084280101203838e+00
2.371107100000000173e+03 -3.339471878389277837e+00
2.388224499999999807e+03 -3.335872387657652816e+00
2.409117600000000039e+03 -3.335966780084398842e+00
2.447824099999999817e+03 -3.335368662318049182e+00
