9.987061500000000080e+01 -2.822196162899986316e+00
1.004460200000000043e+02 -2.822381910238434433e+00
1.270600400000000008e+02 -2.822112713829344255e+00
1.500877399999999966e+02 -2.822173455371651762e+00
1.501825200000000109e+02 -2.822041383494163114e+00
1.754239900000000034e+02 -2.821596523098731879e+00
2.007390300000000138e+02 -2.821711034140015339e+00
2.024487900000000025e+02 -2.821891083069201223e+00
2.241120300000000043e+02 -2.821197547797212657e+00
2.459970000000000141e+02 -2.820614814706420503e+00
2.514706899999999905e+02 -2.821025903485441688e+00
2.740595299999999952e+02 -2.820585393300860222e+00
2.994478199999999788e+02 -2.820025527267834953e+00
3.031332400000000007e+02 -2.820531151647764023e+00
3.229829100000000039e+02 -2.819317683476719960e+00
3.502060200000000236e+02 -2.818985971348581199e+00
3.514155700000000024e+02 -2.818034009107564852e+00
3.714594500000000039e+02 -2.816944989895497020e+00
3.957688099999999736e+02 -2.814177998285012805e+00
3.977655599999999936e+02 -2.815947709006326960e+00
4.205271299999999997e+02 -2.813018115941406272e+00
4.470957300000000032e+02 -2.812852433002787311e+00
4.477964699999999993e+02 -2.808957209249315579e+00
4.693406600000000140e+02 -2.806896595533472372e+00
4.965224900000000048e+02 -2.800262078587268277e+00
5.044631400000000099e+02 -2.806980475814006226e+00
5.215202699999999822e+02 -2.798068793055509484e+00
5.459834200000000237e+02 -2.796868884684887924e+00
5.531592399999999543e+02 -2.792352513554010152e+00
5.735000599999999622e+02 -2.789729685256340019e+00
5.975623199999999997e+02 -2.787631817650716215e+00
5.998410800000000336e+02 -2.785044604546532021e+00
6.150746000000000322e+02 -2.779355050381457026e+00
6.475387399999999616e+02 -2.779040115328679228e+00
6.504961299999999937e+02 -2.778651189137662847e+00
6.725683699999999590e+02 -2.777051888406683489e+00
7.003758199999999761e+02 -2.776659352971313055e+00
7.015497400000000425e+02 -2.774691513677745025e+00
7.238103599999999460e+02 -2.771614910484723637e+00
7.470655000000000427e+02 -2.767916110694788934e+00
7.506518300000000181e+02 -2.769298774555130738e+00
7.670025100000000293e+02 -2.764210261343213126e+00
8.029932599999999638e+02 -2.765048272896869719e+00
8.033907199999999875e+02 -2.762996332585462067e+00
8.226247200000000248e+02 -2.762338234334015930e+00
8.390155399999999872e+02 -2.757964708329033954e+00
8.531975800000000163e+02 -2.760249458359183450e+00
8.661081400000000485e+02 -2.755518908711394044e+00
9.020148299999999608e+02 -2.755716676970774603e+00
9.027892500000000382e+02 -2.755332461070039596e+00
9.142895200000000386e+02 -2.751272383424566481e+00
9.456640300000000252e+02 -2.750876703791897082e+00
9.529909300000000485e+02 -2.751147252661815923e+00
9.665258099999999786e+02 -2.745277929153233654e+00
9.980680499999999711e+02 -2.745741812978192531e+00
1.016300799999999981e+03 -2.748196996642418011e+00
1.023050299999999993e+03 -2.744007162744195316e+00
1.051587099999999964e+03 -2.741957463355644276e+00
1.065825499999999920e+03 -2.744003933985124544e+00
1.073095000000000027e+03 -2.739226822725354893e+00
1.101620799999999917e+03 -2.737579378335492919e+00
1.107774400000000014e+03 -2.737902905409452803e+00
1.121289899999999989e+03 -2.735232673148762839e+00
1.143301400000000058e+03 -2.733006790618694115e+00
1.154252300000000105e+03 -2.735633256957779036e+00
1.163898999999999887e+03 -2.730044483064478555e+00
1.194486599999999953e+03 -2.727810219891708687e+00
1.203850100000000111e+03 -2.729730362205569527e+00
1.229868500000000040e+03 -2.729394149327246222e+00
1.239670399999999972e+03 -2.725893075578494695e+00
1.247730900000000020e+03 -2.725795061749116677e+00
1.263312300000000050e+03 -2.723627865670729786e+00
1.290335900000000038e+03 -2.721573499500353766e+00
1.300674500000000080e+03 -2.720907540168769234e+00
1.317801400000000058e+03 -2.719793306109029363e+00
1.345521300000000110e+03 -2.718334579348033575e+00
1.353135099999999966e+03 -2.719666576228328303e+00
1.366903199999999970e+03 -2.716660516440636997e+00
1.402335700000000088e+03 -2.716480354176731282e+00
1.407783500000000004e+03 -2.716299211507712030e+00
1.407810600000000022e+03 -2.709145114201642723e+00
1.452678400000000011e+03 -2.710873633591485365e+00
1.453921900000000051e+03 -2.713849896503578218e+00
1.465283699999999953e+03 -2.711116783666146723e+00
1.487096399999999903e+03 -2.706478271880509823e+00
1.503479599999999891e+03 -2.708666331825997808e+00
1.508038399999999911e+03 -2.705028466932231090e+00
1.532419399999999996e+03 -2.701604186610071956e+00
1.545427799999999934e+03 -2.705304232809491616e+00
1.562528600000000097e+03 -2.702167273362622524e+00
1.596004400000000032e+03 -2.698962335821719627e+00
1.597203899999999976e+03 -2.701786729251669961e+00
1.605582000000000107e+03 -2.697894625538347579e+00
1.663780400000000100e+03 -2.703175670040376843e+00
1.663788500000000113e+03 -2.696595991204092435e+00
1.667366700000000037e+03 -2.701194393720941722e+00
1.690110699999999952e+03 -2.696409098273961025e+00
1.703235500000000002e+03 -2.698209661592783526e+00
1.705732299999999896e+03 -2.691679426794430174e+00
1.750365600000000086e+03 -2.693388133361276804e+00
1.759331200000000081e+03 -2.696928288681913699e+00
1.762309899999999971e+03 -2.690295787487467116e+00
1.793645099999999957e+03 -2.690923377148960682e+00
1.812290299999999888e+03 -2.689418883665549487e+00
1.823932900000000018e+03 -2.690281312536701108e+00
1.842326800000000048e+03 -2.688547696680190668e+00
1.851881499999999960e+03 -2.692719944573011226e+00
1.869268299999999954e+03 -2.679654174008188505e+00
1.883959499999999935e+03 -2.688007912100336849e+00
1.893105099999999993e+03 -2.675181869475995899e+00
1.900819799999999987e+03 -2.689205125043197864e+00
1.927362300000000005e+03 -2.679104036074257955e+00
1.952516300000000001e+03 -2.684525225673914939e+00
1.976031600000000026e+03 -2.681272473386256738e+00
1.988000900000000001e+03 -2.678383059062991567e+00
1.995375299999999925e+03 -2.677262213702270355e+00
2.006560400000000072e+03 -2.675267106535733852e+00
2.049264900000000125e+03 -2.679162911634241251e+00
2.054615099999999984e+03 -2.673045027143251318e+00
2.055655099999999948e+03 -2.675434435375580566e+00
2.078970400000000154e+03 -2.671079144585463361e+00
2.098421800000000076e+03 -2.669853393483870629e+00
2.109971599999999853e+03 -2.672020144347401871e+00
2.149559200000000146e+03 -2.669019236520907334e+00
2.149675900000000183e+03 -2.664113470520524274e+00
2.164841600000000199e+03 -2.672904653431414701e+00
2.195240200000000186e+03 -2.662177402171703289e+00
2.202310199999999895e+03 -2.665841490462426577e+00
2.206704099999999926e+03 -2.667331309089767455e+00
2.240126499999999851e+03 -2.661915996262093742e+00
2.240938099999999849e+03 -2.663344669151725519e+00
2.255041799999999967e+03 -2.660097870172057455e+00
2.274188099999999849e+03 -2.659097946457748662e+00
2.300753499999999804e+03 -2.658566689664743077e+00
2.310850500000000011e+03 -2.658278125373174650e+00
2.343184499999999844e+03 -2.654414891542492327e+00
2.354529899999999998e+03 -2.654098005088873169e+00
2.371409400000000005e+03 -2.663500720999290916e+00
2.406219399999999951e+03 -2.659338492294352818e+00
2.417998999999999796e+03 -2.652501553129451128e+00
2.423750799999999799e+03 -2.653058628031595756e+00
2.453465799999999945e+03 -2.654687880732252925e+00
