9.807751100000000122e+01 -3.328358245884655009e+00
1.268852300000000071e+02 -3.328237428334904102e+00
1.517808899999999994e+02 -3.328589491172591508e+00
1.750540900000000022e+02 -3.327372665361107540e+00
1.978403900000000135e+02 -3.326879854258038005e+00
2.238779000000000110e+02 -3.326265607952045844e+00
2.487863600000000019e+02 -3.325894285360545766e+00
2.741599100000000249e+02 -3.325212758143614611e+00
2.974202099999999973e+02 -3.324327677824245875e+00
3.260307599999999866e+02 -3.324132582646579959e+00
3.484363999999999919e+02 -3.322365605162400648e+00
3.771267199999999775e+02 -3.322051909646880574e+00
3.991938900000000103e+02 -3.319757475708258632e+00
4.236091700000000060e+02 -3.318282063554828021e+00
4.515883400000000165e+02 -3.317500530154771088e+00
4.743561500000000137e+02 -3.314987113657297702e+00
5.024752500000000168e+02 -3.313182066366791911e+00
5.218812299999999595e+02 -3.310642415749714740e+00
5.578344299999999976e+02 -3.310881568649362450e+00
5.721566800000000512e+02 -3.306878222177690230e+00
6.024597700000000486e+02 -3.305361472028305325e+00
6.131400599999999486e+02 -3.301416301076415039e+00
6.513875100000000202e+02 -3.302055758473703584e+00
6.667767199999999548e+02 -3.298525219811018427e+00
6.970914199999999710e+02 -3.298259384776127678e+00
7.193772999999999911e+02 -3.295553447761812915e+00
7.550281199999999444e+02 -3.295285211011214077e+00
7.693442499999999882e+02 -3.291281707189068761e+00
8.074270099999999957e+02 -3.290900571437964217e+00
8.180510199999999941e+02 -3.288297659452927402e+00
8.446990899999999556e+02 -3.287009634871244312e+00
8.709751700000000483e+02 -3.285446072412232077e+00
8.978243499999999813e+02 -3.284930219921494476e+00
9.102979000000000269e+02 -3.279873077553610461e+00
9.452456100000000561e+02 -3.278985865460879445e+00
9.661690999999999576e+02 -3.279075342070738142e+00
1.000831000000000017e+03 -3.278410548122335566e+00
1.018253900000000044e+03 -3.276178046621240458e+00
1.053761899999999969e+03 -3.275494809490171466e+00
1.066736100000000079e+03 -3.273471125238888835e+00
1.089904600000000073e+03 -3.270600527731829299e+00
1.118326999999999998e+03 -3.272002426065444336e+00
1.151249900000000025e+03 -3.273113335687943604e+00
1.166918899999999894e+03 -3.270783512190099884e+00
1.194885500000000093e+03 -3.266994607476895407e+00
1.220452299999999923e+03 -3.268460739212023736e+00
1.254770899999999983e+03 -3.267548890880591639e+00
1.263731199999999944e+03 -3.265735956118985595e+00
1.307995300000000043e+03 -3.265354102134411907e+00
1.316740000000000009e+03 -3.264936478719790536e+00
1.356934999999999945e+03 -3.259871447911261821e+00
1.363310999999999922e+03 -3.267381413431953874e+00
1.396265200000000050e+03 -3.260848623561310333e+00
1.400842100000000073e+03 -3.258398320027296791e+00
1.461201299999999947e+03 -3.264622108279081392e+00
1.472377199999999903e+03 -3.260880881634328432e+00
1.506950599999999895e+03 -3.258968295179170305e+00
1.527232799999999997e+03 -3.260196229399451973e+00
1.564585800000000063e+03 -3.256388750427823275e+00
1.565790299999999888e+03 -3.260115769654956974e+00
1.601953700000000026e+03 -3.255717425458608982e+00
1.605267200000000003e+03 -3.251754267285364541e+00
1.654758900000000040e+03 -3.256620758144390670e+00
1.659039899999999989e+03 -3.251208247191327061e+00
1.706324100000000044e+03 -3.252693501718017632e+00
1.709490700000000061e+03 -3.251610543237187567e+00
1.748588299999999890e+03 -3.250625694219297035e+00
1.758279399999999896e+03 -3.248298602151580727e+00
1.806488700000000108e+03 -3.249083210881462236e+00
1.809740500000000111e+03 -3.249097181614607699e+00
1.848882000000000062e+03 -3.246827070588766073e+00
1.867127199999999903e+03 -3.248804453082320798e+00
1.908993199999999888e+03 -3.245995243765932070e+00
1.915252300000000105e+03 -3.250537679129534840e+00
1.956261199999999917e+03 -3.250303096347849863e+00
1.968038800000000037e+03 -3.246813543664400115e+00
2.002128099999999904e+03 -3.245852441142829115e+00
2.006009199999999964e+03 -3.243033423714224206e+00
2.051270599999999831e+03 -3.245356623468805601e+00
2.060681999999999789e+03 -3.243451676873280842e+00
2.102367900000000191e+03 -3.244412618888633304e+00
2.136138399999999820e+03 -3.247201941661148172e+00
2.160257200000000012e+03 -3.244040683443680351e+00
2.165224299999999857e+03 -3.242796638054119995e+00
2.192128499999999804e+03 -3.236495396057861740e+00
2.196851400000000012e+03 -3.241801134822583030e+00
2.243531300000000101e+03 -3.232709445230914636e+00
2.265175400000000081e+03 -3.243292358183409441e+00
2.283539299999999912e+03 -3.238502950906303468e+00
2.307548999999999978e+03 -3.236408745646918383e+00
2.365241100000000188e+03 -3.236177413629747868e+00
2.385036599999999908e+03 -3.241540212145593181e+00
2.385095600000000104e+03 -3.233318593254988826e+00
2.408660300000000007e+03 -3.234879293715276827e+00
2.426091100000000097e+03 -3.229774165276602549e+00
