1.025665500000000065e+02 -1.505374593483048473e+00
1.279970399999999984e+02 -1.505303450953138666e+00
1.510286199999999894e+02 -1.504818686291549579e+00
1.760775199999999927e+02 -1.504437364516549858e+00
1.984335399999999936e+02 -1.503614001366893715e+00
2.247112999999999943e+02 -1.503337612484507479e+00
2.505318300000000136e+02 -1.503127327484899078e+00
2.741069800000000214e+02 -1.501969225305632705e+00
2.994162099999999782e+02 -1.501383984804213867e+00
3.234602100000000178e+02 -1.500127926240357956e+00
3.480852399999999989e+02 -1.499054591273704329e+00
3.714673999999999978e+02 -1.497425266174977621e+00
4.009615999999999758e+02 -1.497285499963464606e+00
4.235679400000000214e+02 -1.495315115342790380e+00
4.472887699999999995e+02 -1.493721999806924661e+00
4.751829700000000116e+02 -1.492973252667125994e+00
4.983609099999999899e+02 -1.490727220562564792e+00
5.221458000000000084e+02 -1.489156975602421884e+00
5.499439499999999725e+02 -1.487856733672585197e+00
5.710594499999999698e+02 -1.485749308897783560e+00
5.981604800000000068e+02 -1.483874078588728551e+00
6.215667300000000068e+02 -1.482137506779083402e+00
6.522941299999999956e+02 -1.481096111740273225e+00
6.676826700000000301e+02 -1.477114860483944359e+00
6.951011999999999489e+02 -1.475709457040216055e+00
7.200116600000000062e+02 -1.474104120651978045e+00
7.531209099999999808e+02 -1.474383345903239828e+00
7.675251700000000028e+02 -1.469982719069821808e+00
8.017758999999999787e+02 -1.469537499630879207e+00
8.241708700000000363e+02 -1.467909377824350825e+00
8.466816499999999905e+02 -1.465261836364600612e+00
8.688938799999999674e+02 -1.463116138821637602e+00
9.082727999999999611e+02 -1.464369037996417822e+00
9.215640100000000530e+02 -1.460883087723616081e+00
9.456540499999999838e+02 -1.457689409739187703e+00
9.693893000000000484e+02 -1.456666783713167490e+00
9.938816100000000233e+02 -1.454504436172670889e+00
1.020259999999999991e+03 -1.453855985617076740e+00
1.047649799999999914e+03 -1.451587720334995613e+00
1.061156799999999976e+03 -1.447186662525626444e+00
1.097503300000000081e+03 -1.449824763847718412e+00
1.118220100000000002e+03 -1.447809005634211221e+00
1.145262899999999945e+03 -1.446327229750749233e+00
1.163204700000000003e+03 -1.442615857743563268e+00
1.196384299999999939e+03 -1.443975400951228671e+00
1.224219700000000103e+03 -1.442816378548088085e+00
1.241078500000000076e+03 -1.438761677148903351e+00
1.264409100000000080e+03 -1.436971607742296708e+00
1.299896899999999960e+03 -1.438638023330966575e+00
1.309314699999999903e+03 -1.433674533827483888e+00
1.353259199999999964e+03 -1.436736873488990263e+00
1.376598199999999906e+03 -1.434856720408422381e+00
1.387552100000000110e+03 -1.430977550746070026e+00
1.411212199999999939e+03 -1.429225747305086225e+00
1.452911100000000033e+03 -1.429407279877749515e+00
1.458791300000000092e+03 -1.426657583338285740e+00
1.499079899999999952e+03 -1.421347973278401344e+00
1.499424400000000105e+03 -1.428199958280192527e+00
1.548897500000000036e+03 -1.426254343701681249e+00
1.570829899999999952e+03 -1.422313172026985706e+00
1.605471299999999928e+03 -1.422942437264331783e+00
1.609861300000000028e+03 -1.420217732500176799e+00
1.640440499999999929e+03 -1.419036304884127908e+00
1.681041300000000092e+03 -1.421441386014003827e+00
1.694834399999999960e+03 -1.416036690506349727e+00
1.719097500000000082e+03 -1.415870450939310521e+00
1.753286299999999983e+03 -1.417024680348766497e+00
1.764250199999999950e+03 -1.411365173027779418e+00
1.805430299999999988e+03 -1.413858239857975541e+00
1.808736699999999928e+03 -1.405788880225536941e+00
1.849246300000000019e+03 -1.410518440517200434e+00
1.872898300000000063e+03 -1.407078251593347762e+00
1.901147400000000061e+03 -1.399952242381547141e+00
1.912730800000000045e+03 -1.409471613973618087e+00
1.958058500000000095e+03 -1.398796077351474043e+00
1.960965400000000045e+03 -1.405176970462570951e+00
2.004789800000000014e+03 -1.401090258626340512e+00
2.012169799999999896e+03 -1.394249051492069569e+00
2.058285300000000007e+03 -1.391705224890059434e+00
2.059083000000000084e+03 -1.398918366636693555e+00
2.090762600000000020e+03 -1.391084970200684001e+00
2.106969900000000052e+03 -1.387006103206981589e+00
2.163175699999999779e+03 -1.385273038646458676e+00
2.173467599999999948e+03 -1.390885307676727356e+00
2.216260600000000068e+03 -1.382328213240468173e+00
2.216614300000000185e+03 -1.387181558917300661e+00
2.257896499999999833e+03 -1.379985724477142295e+00
2.268196100000000115e+03 -1.377918832065117005e+00
2.297224099999999908e+03 -1.375040642386174294e+00
2.324407900000000154e+03 -1.371597353226124305e+00
2.337286200000000008e+03 -1.367017735047056259e+00
2.357468199999999797e+03 -1.363024162071540424e+00
2.410831499999999778e+03 -1.356119250802393816e+00
2.420347999999999956e+03 -1.367804928750668836e+00
2.430218699999999899e+03 -1.350374765535588439e+00
