9.932980100000000334e+01 -3.315062101764806091e+00
1.274709600000000052e+02 -3.314711769988095025e+00
1.512376899999999864e+02 -3.314730561224377592e+00
1.751065499999999986e+02 -3.313690064075150321e+00
2.019024000000000001e+02 -3.313978051422327376e+00
2.250856799999999964e+02 -3.312920708993807306e+00
2.501210900000000095e+02 -3.312269056715827720e+00
2.746821699999999851e+02 -3.311649574094663429e+00
3.006853800000000092e+02 -3.311247455874334999e+00
3.236536300000000210e+02 -3.309780666796002802e+00
3.511397099999999796e+02 -3.309178651468809740e+00
3.721759000000000128e+02 -3.307654224395963016e+00
4.010289500000000089e+02 -3.307246530249415173e+00
4.217381399999999871e+02 -3.304241627821728589e+00
4.491763000000000261e+02 -3.303440220353206058e+00
4.742509600000000205e+02 -3.301322834664129680e+00
4.971824700000000234e+02 -3.299171043798820868e+00
5.215994899999999461e+02 -3.296585609253463556e+00
5.553317200000000184e+02 -3.296707395481069724e+00
5.656057399999999689e+02 -3.291512986404960373e+00
5.996451499999999442e+02 -3.292371166255925186e+00
6.213786499999999933e+02 -3.289015507599052146e+00
6.518973600000000488e+02 -3.287720945675685957e+00
6.701471099999999979e+02 -3.284556312902158659e+00
7.006444800000000441e+02 -3.282726669743010639e+00
7.201360899999999674e+02 -3.280551106114501181e+00
7.502494100000000117e+02 -3.279395280358655906e+00
7.668162899999999809e+02 -3.277504832975610682e+00
7.927730900000000247e+02 -3.275994492543435666e+00
8.148884600000000091e+02 -3.273802332006133131e+00
8.531074899999999843e+02 -3.273590558693416863e+00
8.730078499999999622e+02 -3.272782317835700727e+00
8.955995699999999715e+02 -3.270204958050455968e+00
9.186898300000000290e+02 -3.268539505409180812e+00
9.539165299999999661e+02 -3.267692003782198373e+00
9.619478000000000293e+02 -3.264100528673360202e+00
1.008998100000000022e+03 -3.263737812849065723e+00
1.014802000000000021e+03 -3.262029250186199381e+00
1.047950399999999945e+03 -3.260101315807998112e+00
1.063467100000000073e+03 -3.259637065789483756e+00
1.092165400000000091e+03 -3.258316782743805984e+00
1.110568999999999960e+03 -3.257520490325243046e+00
1.144910699999999906e+03 -3.256042712724938060e+00
1.169562500000000000e+03 -3.256467647817217426e+00
1.187117500000000064e+03 -3.253595624905199379e+00
1.216068500000000085e+03 -3.253969613459496646e+00
1.251350699999999961e+03 -3.253392209738349194e+00
1.277807800000000043e+03 -3.254611858149844217e+00
1.306862000000000080e+03 -3.247951310815252679e+00
1.328205400000000054e+03 -3.255043195563046776e+00
1.350152800000000070e+03 -3.249603866270743602e+00
1.358844900000000052e+03 -3.247890434246869074e+00
1.405194999999999936e+03 -3.246767168892612077e+00
1.412163500000000113e+03 -3.246881508354969803e+00
1.446035599999999931e+03 -3.244783093086489156e+00
1.462955500000000029e+03 -3.245234722568215879e+00
1.503336199999999963e+03 -3.244905262513546607e+00
1.508173600000000079e+03 -3.242982002174223055e+00
1.534918599999999969e+03 -3.240427666092188907e+00
1.562279500000000098e+03 -3.241485432536090894e+00
1.602673000000000002e+03 -3.240751791204483201e+00
1.607428400000000011e+03 -3.238723523968832563e+00
1.655413800000000037e+03 -3.242482765865565053e+00
1.658573100000000068e+03 -3.237891559513641493e+00
1.690259999999999991e+03 -3.238410752491571287e+00
1.714623800000000074e+03 -3.237332320762331683e+00
1.730018800000000056e+03 -3.236354215221390884e+00
1.755349600000000009e+03 -3.235160160601573409e+00
1.802301899999999932e+03 -3.234110446891126589e+00
1.804020999999999958e+03 -3.233115015016657878e+00
1.845101000000000113e+03 -3.236078845567162521e+00
1.856468299999999999e+03 -3.232403586504557502e+00
1.893402299999999968e+03 -3.232247863001458832e+00
1.916792099999999891e+03 -3.234085452950057782e+00
1.950971099999999979e+03 -3.232308337547491028e+00
1.958928400000000011e+03 -3.230718093883410802e+00
1.998232400000000098e+03 -3.225267724889087528e+00
2.010503699999999981e+03 -3.233180839104495607e+00
2.037590799999999945e+03 -3.233284910116670297e+00
2.055865800000000036e+03 -3.226787297541575228e+00
2.064186099999999897e+03 -3.227712329537497205e+00
2.117802400000000034e+03 -3.226506703308686053e+00
2.145206999999999880e+03 -3.228099327015619746e+00
2.167124899999999798e+03 -3.226474425120990031e+00
2.208101099999999860e+03 -3.231577053301683655e+00
2.225581099999999878e+03 -3.224945971133922562e+00
2.254392199999999775e+03 -3.223783080357264907e+00
2.256765199999999822e+03 -3.230871817793974365e+00
2.306655200000000150e+03 -3.224981466426465548e+00
2.308282200000000103e+03 -3.222692074247575977e+00
2.351690300000000207e+03 -3.219875615598671637e+00
2.357972900000000209e+03 -3.225464427421739444e+00
2.408089899999999943e+03 -3.222177641001723547e+00
2.411768999999999778e+03 -3.224002769333507157e+00
2.442519099999999980e+03 -3.219623817091095130e+00
