9.962395100000000525e+01 -3.306646999456693603e+00
1.002019899999999950e+02 -3.306711913386897184e+00
1.263238099999999946e+02 -3.306344783472490612e+00
1.495606200000000001e+02 -3.306472356349892561e+00
1.504851299999999981e+02 -3.306175486379685502e+00
1.755165100000000109e+02 -3.305924430776547407e+00
2.004126799999999946e+02 -3.305829088313041897e+00
2.013513399999999933e+02 -3.306031194942189888e+00
2.240534199999999885e+02 -3.305213894011700404e+00
2.485661000000000058e+02 -3.304656853230075075e+00
2.528992299999999886e+02 -3.305548730786343814e+00
2.724708499999999844e+02 -3.304083195931724060e+00
2.976840399999999818e+02 -3.303283324613620842e+00
2.986876199999999812e+02 -3.303926038902380569e+00
3.227524500000000103e+02 -3.302205540354025359e+00
3.507604699999999980e+02 -3.301872794380149578e+00
3.515692999999999984e+02 -3.301331536840303116e+00
3.716881900000000201e+02 -3.299002800718923822e+00
3.997670299999999770e+02 -3.298634170167543012e+00
4.001807299999999827e+02 -3.298411127995561465e+00
4.228355599999999868e+02 -3.295481113322392908e+00
4.436579800000000091e+02 -3.293768916851203432e+00
4.475001800000000003e+02 -3.292886006238521013e+00
4.678679300000000012e+02 -3.289702156979496639e+00
4.962048199999999838e+02 -3.289573960266941377e+00
5.060080899999999815e+02 -3.291249202424639364e+00
5.182260400000000118e+02 -3.285413026943631021e+00
5.488610099999999647e+02 -3.284692281994101570e+00
5.523279700000000503e+02 -3.285981191971009796e+00
5.721561900000000378e+02 -3.282866646286569878e+00
5.952133499999999913e+02 -3.280350381395110038e+00
6.011971899999999778e+02 -3.280495175803245012e+00
6.164552599999999529e+02 -3.276388245525628129e+00
6.488525200000000268e+02 -3.277186287300863921e+00
6.539677799999999479e+02 -3.277394954968019025e+00
6.656988800000000310e+02 -3.272623026946374303e+00
7.009382500000000391e+02 -3.273141308399449390e+00
7.031259900000000016e+02 -3.273498049038672253e+00
7.160751999999999953e+02 -3.268487749683229193e+00
7.473355800000000499e+02 -3.268325846264329204e+00
7.508589500000000498e+02 -3.268362852477738834e+00
7.671349500000000035e+02 -3.265754015290895040e+00
7.982976700000000392e+02 -3.265551802737487019e+00
8.118536500000000160e+02 -3.267139236665379531e+00
8.168740299999999479e+02 -3.262402197457564323e+00
8.520767700000000104e+02 -3.261891978184503493e+00
8.524619500000000016e+02 -3.260934766769883808e+00
8.648206199999999626e+02 -3.258594719854270849e+00
8.842375200000000177e+02 -3.255865240127236326e+00
9.025589300000000321e+02 -3.258590545469259858e+00
9.169909800000000359e+02 -3.255868026983087304e+00
9.443452800000000025e+02 -3.255151595846108581e+00
9.484775600000000395e+02 -3.255174482713460993e+00
9.629096799999999803e+02 -3.252317492195450299e+00
9.986652299999999514e+02 -3.251719114684341161e+00
1.006178599999999960e+03 -3.248680806867329629e+00
1.007523099999999999e+03 -3.254184808623225678e+00
1.042802300000000059e+03 -3.247732163639114322e+00
1.052677300000000059e+03 -3.250887887146147737e+00
1.064145600000000059e+03 -3.247817814515377322e+00
1.099961499999999887e+03 -3.247795490543182062e+00
1.112846900000000005e+03 -3.249525717218382681e+00
1.117499800000000050e+03 -3.246073384014469099e+00
1.155189800000000105e+03 -3.245743062889665964e+00
1.156313799999999901e+03 -3.246510740834652076e+00
1.169445999999999913e+03 -3.244448725037153203e+00
1.204964199999999892e+03 -3.244591552450108551e+00
1.206844200000000001e+03 -3.242489181928692510e+00
1.217501800000000003e+03 -3.242283107504866813e+00
1.247661000000000058e+03 -3.242205039243300835e+00
1.250042200000000093e+03 -3.241790858888063731e+00
1.273793400000000020e+03 -3.242543219271078581e+00
1.289761799999999994e+03 -3.237469913263340882e+00
1.303976599999999962e+03 -3.241162786384947481e+00
1.313720800000000054e+03 -3.238897915516379289e+00
1.338839600000000019e+03 -3.236435132428754358e+00
1.347587099999999964e+03 -3.234663917787444110e+00
1.374129899999999907e+03 -3.238540822108244566e+00
1.411443500000000085e+03 -3.236376627836895281e+00
1.412807199999999966e+03 -3.236477848416240644e+00
1.418013400000000047e+03 -3.235970762704600379e+00
1.439428200000000061e+03 -3.232320114526186394e+00
1.457233099999999922e+03 -3.235977177725994469e+00
1.470118300000000090e+03 -3.232995771178793110e+00
1.499545399999999972e+03 -3.232342220259810439e+00
1.505989000000000033e+03 -3.232075645850104095e+00
1.515695099999999911e+03 -3.231615091870051693e+00
1.538604900000000043e+03 -3.228956874371021524e+00
1.573818800000000010e+03 -3.231165650499706388e+00
1.576762199999999893e+03 -3.234257384024688875e+00
1.591955300000000079e+03 -3.230227185084932895e+00
1.593074800000000096e+03 -3.228796925825073494e+00
1.613041199999999890e+03 -3.228601422185551684e+00
1.654261299999999892e+03 -3.230023413162402601e+00
1.662292799999999943e+03 -3.227942378135981283e+00
1.666924400000000105e+03 -3.228355391297411892e+00
1.691633900000000040e+03 -3.225609460370895132e+00
1.699038500000000113e+03 -3.225274918138821612e+00
1.704424299999999903e+03 -3.224103088167665110e+00
1.746831799999999930e+03 -3.227508007418637526e+00
1.763767000000000053e+03 -3.225198428403964535e+00
1.768360599999999977e+03 -3.226936952634824607e+00
1.804492099999999937e+03 -3.220813335396510269e+00
1.805619300000000067e+03 -3.225819678993156359e+00
1.825928900000000112e+03 -3.228155805960796432e+00
1.845532200000000103e+03 -3.222608342962751671e+00
1.855368300000000090e+03 -3.221175392092954226e+00
1.859291699999999992e+03 -3.224650538226660146e+00
1.897609899999999925e+03 -3.222079759548869937e+00
1.903024799999999914e+03 -3.224694508073928656e+00
1.923243899999999940e+03 -3.223679435203930854e+00
1.949322899999999890e+03 -3.219927889242718333e+00
1.956341599999999971e+03 -3.219035920835608522e+00
1.957913500000000113e+03 -3.218143947144803452e+00
1.984099899999999934e+03 -3.216092057123506542e+00
2.008942299999999932e+03 -3.222401855363443701e+00
2.009283899999999903e+03 -3.217830029391469893e+00
2.014301899999999932e+03 -3.211962159152148999e+00
2.041737699999999904e+03 -3.216683803290461441e+00
2.055861300000000028e+03 -3.215796413054010205e+00
2.096648499999999785e+03 -3.216623282946256879e+00
2.112830300000000079e+03 -3.216236225893124523e+00
2.132228900000000067e+03 -3.218792469149577062e+00
2.150210199999999986e+03 -3.219944606053109393e+00
2.158675799999999981e+03 -3.217386337975321808e+00
2.194874499999999898e+03 -3.209103266488813944e+00
2.201061000000000149e+03 -3.218734555940852449e+00
2.201256199999999808e+03 -3.218549012513756580e+00
2.228345699999999852e+03 -3.210965936825330935e+00
2.229104699999999866e+03 -3.218449706865938786e+00
2.259273900000000140e+03 -3.213087382769471034e+00
2.262530400000000100e+03 -3.213776698405744980e+00
2.293897500000000036e+03 -3.213629255796768724e+00
2.298901100000000042e+03 -3.208944768508861234e+00
2.313577299999999923e+03 -3.212509670528407746e+00
2.329792600000000220e+03 -3.208831355308876532e+00
2.349247100000000046e+03 -3.208271834074120754e+00
2.368134799999999814e+03 -3.217831812657854229e+00
2.391697400000000016e+03 -3.215484225467529988e+00
2.402528200000000197e+03 -3.209699580467640700e+00
2.417507300000000214e+03 -3.210901713467847252e+00
2.454979600000000119e+03 -3.210760481986902448e+00
