9.928249599999999475e+01 -3.318512726134082769e+00
9.990873100000000306e+01 -3.318794353709767719e+00
1.268746199999999931e+02 -3.318575261461466752e+00
1.490214799999999968e+02 -3.318428846031181489e+00
1.500440900000000113e+02 -3.318369071038686613e+00
1.752108100000000093e+02 -3.317999075166684797e+00
1.996736799999999903e+02 -3.317765001188424101e+00
2.005393699999999910e+02 -3.318070826563023878e+00
2.258143699999999967e+02 -3.317856138512744746e+00
2.478403999999999883e+02 -3.316740718973473445e+00
2.531171500000000094e+02 -3.316966862682039441e+00
2.722739100000000008e+02 -3.316060778848242574e+00
2.983948399999999879e+02 -3.315612612826285055e+00
3.005355700000000070e+02 -3.316235390959545892e+00
3.213727700000000027e+02 -3.314204249281938353e+00
3.501061500000000137e+02 -3.313203843174917118e+00
3.522495200000000182e+02 -3.314441337995730485e+00
3.709713199999999915e+02 -3.310842918254791822e+00
4.014033900000000017e+02 -3.310987743226554869e+00
4.040982500000000073e+02 -3.311705535632039510e+00
4.200131299999999896e+02 -3.306816795837021594e+00
4.512370500000000106e+02 -3.307873229859789266e+00
4.515944099999999821e+02 -3.307110332629319416e+00
4.701014799999999809e+02 -3.302627528528920386e+00
4.974855099999999766e+02 -3.301409980013587209e+00
4.992418700000000058e+02 -3.301893700232694684e+00
5.200205700000000206e+02 -3.297672796426793784e+00
5.466266200000000026e+02 -3.296418484454248343e+00
5.522150199999999813e+02 -3.297243921721886739e+00
5.680703800000000001e+02 -3.292858622422128789e+00
5.919962600000000066e+02 -3.291722750059387970e+00
6.004955599999999549e+02 -3.292864981197995089e+00
6.202573499999999740e+02 -3.289153321063071012e+00
6.440577200000000175e+02 -3.287161523340193181e+00
6.446096199999999499e+02 -3.288068651933293118e+00
6.711767999999999574e+02 -3.285533580931616182e+00
7.014682599999999866e+02 -3.285172688433426025e+00
7.056495599999999513e+02 -3.285031624702264175e+00
7.197618099999999686e+02 -3.281228212538405575e+00
7.421400200000000495e+02 -3.279363262517889233e+00
7.483671600000000126e+02 -3.281738316920432830e+00
7.607269800000000259e+02 -3.275579159608842605e+00
8.017177299999999605e+02 -3.276785030223070549e+00
8.024606400000000122e+02 -3.276442688714165996e+00
8.126084799999999859e+02 -3.273561934784214866e+00
8.515456599999999980e+02 -3.273511443434641510e+00
8.577186100000000124e+02 -3.274527790902628688e+00
8.702259400000000369e+02 -3.271974852536130740e+00
8.973440799999999626e+02 -3.268469657145299578e+00
9.056897500000000036e+02 -3.270830109993632995e+00
9.152880699999999479e+02 -3.267646699861745496e+00
9.434339499999999816e+02 -3.267188795559357040e+00
9.492368699999999535e+02 -3.269616454206047962e+00
9.653877199999999448e+02 -3.265515106525542777e+00
1.001067599999999970e+03 -3.265342668543022686e+00
1.001473899999999958e+03 -3.264397379515450393e+00
1.015435699999999997e+03 -3.262078480318073126e+00
1.052054799999999886e+03 -3.260687471427688333e+00
1.053962600000000066e+03 -3.260537484177409961e+00
1.067914899999999989e+03 -3.261164378582928514e+00
1.104944600000000037e+03 -3.260113387293456011e+00
1.110278700000000072e+03 -3.257113363835676623e+00
1.110553499999999985e+03 -3.261980812597002011e+00
1.136622299999999996e+03 -3.256541152427608665e+00
1.154069999999999936e+03 -3.257424109645455701e+00
1.170976400000000012e+03 -3.257048414384209334e+00
1.191364399999999932e+03 -3.254458238989085039e+00
1.196196599999999989e+03 -3.255904283644015962e+00
1.214724799999999959e+03 -3.253392899732635790e+00
1.243483400000000074e+03 -3.253310014922510707e+00
1.260201999999999998e+03 -3.250623608010305254e+00
1.266038900000000012e+03 -3.255900372759270134e+00
1.298797700000000077e+03 -3.249093935592811011e+00
1.301726599999999962e+03 -3.251253770772477125e+00
1.318678799999999910e+03 -3.250464208415919654e+00
1.346806199999999990e+03 -3.249599531957695131e+00
1.357666999999999916e+03 -3.250059005266249912e+00
1.369729299999999967e+03 -3.249856110396088571e+00
1.397090099999999893e+03 -3.247053226115213409e+00
1.400525399999999991e+03 -3.246613210460290500e+00
1.419892000000000053e+03 -3.248639453011265221e+00
1.448416199999999890e+03 -3.246595757415764893e+00
1.450425700000000006e+03 -3.245555971674833895e+00
1.481566000000000031e+03 -3.248625135911904493e+00
1.496893299999999954e+03 -3.243275722344750811e+00
1.507290999999999940e+03 -3.244905267470990839e+00
1.516853399999999965e+03 -3.243923084228865328e+00
1.542375600000000077e+03 -3.242846798534570585e+00
1.553866099999999960e+03 -3.240454203291251556e+00
1.557048700000000053e+03 -3.244808924788644244e+00
1.603800700000000006e+03 -3.243924913765948048e+00
1.609610400000000027e+03 -3.240855597312774172e+00
1.622408300000000054e+03 -3.241821141619283253e+00
1.638185999999999922e+03 -3.240020894912324589e+00
1.642704600000000028e+03 -3.238838849608588699e+00
1.665201099999999997e+03 -3.240027174799212872e+00
1.694355299999999943e+03 -3.239741756882755119e+00
1.705306399999999940e+03 -3.236113542583058056e+00
1.714045900000000074e+03 -3.241067768432994711e+00
1.741598899999999958e+03 -3.235540197569123588e+00
1.765274499999999989e+03 -3.237372087732627968e+00
1.767314200000000028e+03 -3.242193152240231857e+00
1.793326299999999947e+03 -3.234776794504922837e+00
1.803681900000000041e+03 -3.236272007947879281e+00
1.822057399999999916e+03 -3.236708172267847683e+00
1.847041199999999890e+03 -3.231470971386157576e+00
1.855280299999999897e+03 -3.232395467498706765e+00
1.875569999999999936e+03 -3.239609769684050011e+00
1.891401499999999942e+03 -3.232540457605064699e+00
1.904867299999999886e+03 -3.230968917714992727e+00
1.907153199999999970e+03 -3.235679245537605997e+00
1.929381900000000087e+03 -3.228931048235619272e+00
1.963342100000000073e+03 -3.232684586262959403e+00
1.972363299999999981e+03 -3.235103912766620571e+00
1.999169200000000046e+03 -3.227200421300148392e+00
2.000122100000000046e+03 -3.232499889285366912e+00
2.013639899999999898e+03 -3.230402559782486804e+00
2.022962299999999914e+03 -3.237175296956583903e+00
2.059577600000000075e+03 -3.229778980431028845e+00
2.063070000000000164e+03 -3.232112885636001742e+00
2.079958700000000135e+03 -3.223859624545905689e+00
2.098054200000000037e+03 -3.230928573248611269e+00
2.116532900000000154e+03 -3.230102336831330412e+00
2.144630700000000161e+03 -3.227258453125789739e+00
2.157491500000000087e+03 -3.227800353999138672e+00
2.168994400000000041e+03 -3.225671446796340547e+00
2.206666200000000117e+03 -3.229337336546502790e+00
2.215628099999999904e+03 -3.222627909249439870e+00
2.225773299999999836e+03 -3.231624144310748292e+00
2.255825400000000172e+03 -3.220443587020011655e+00
2.258153099999999995e+03 -3.226967489140910583e+00
2.269266900000000078e+03 -3.232947995912353711e+00
2.293654399999999896e+03 -3.227423676042877165e+00
2.293819399999999860e+03 -3.220397331217237369e+00
2.308655099999999948e+03 -3.225281250593980964e+00
2.344548400000000129e+03 -3.222958459775341566e+00
2.360749800000000050e+03 -3.221903255790178555e+00
2.378223899999999958e+03 -3.227731364821471161e+00
2.396640600000000177e+03 -3.225259393269771291e+00
2.406558199999999943e+03 -3.226251389240498924e+00
2.407835500000000138e+03 -3.221389148114525369e+00
2.423748700000000099e+03 -3.217245954058980839e+00
