1.000375599999999991e+02 -3.302711741616106700e+00
1.266779599999999988e+02 -3.302244754744426913e+00
1.497432100000000048e+02 -3.302108863387721804e+00
1.499382999999999981e+02 -3.302159298036768664e+00
1.774705099999999902e+02 -3.301959855495342655e+00
2.011491300000000138e+02 -3.301348754762674531e+00
2.012894799999999975e+02 -3.301384987146497085e+00
2.251096599999999910e+02 -3.300438713715432737e+00
2.498274399999999957e+02 -3.300065776173167542e+00
2.500783800000000099e+02 -3.300130649159132012e+00
2.732403400000000033e+02 -3.298538535977664665e+00
3.006523500000000126e+02 -3.298297740491152208e+00
3.008224999999999909e+02 -3.298341829424480842e+00
3.231104500000000144e+02 -3.295968251279330907e+00
3.489132500000000050e+02 -3.295113804052898221e+00
3.492378400000000056e+02 -3.295197717030160511e+00
3.741248299999999745e+02 -3.292341554376482904e+00
4.017750399999999900e+02 -3.291658521926839498e+00
4.020244099999999889e+02 -3.291723141692764365e+00
4.210356199999999944e+02 -3.287567543455355512e+00
4.487613400000000183e+02 -3.286193366262929239e+00
4.490281200000000013e+02 -3.286262385089658622e+00
4.691250600000000190e+02 -3.281141336963909527e+00
4.994980400000000031e+02 -3.280898455707256023e+00
4.996585200000000100e+02 -3.280939892096846222e+00
5.183246699999999691e+02 -3.274386214564819930e+00
5.583613699999999653e+02 -3.275552954945801787e+00
5.590571099999999660e+02 -3.275733326441350624e+00
5.747385900000000447e+02 -3.270476645819905048e+00
5.971541799999999967e+02 -3.267515721170595633e+00
5.972448299999999790e+02 -3.267539054229533946e+00
6.197446599999999535e+02 -3.265233634144498520e+00
6.569655400000000327e+02 -3.265959677112559856e+00
6.570508499999999685e+02 -3.265981375248154350e+00
6.656905799999999545e+02 -3.259092639830763360e+00
7.086072599999999966e+02 -3.260722159885881766e+00
7.087969799999999623e+02 -3.260770697428956755e+00
7.234042799999999716e+02 -3.256881903038415960e+00
7.521981399999999667e+02 -3.255166723096825976e+00
7.526570100000000139e+02 -3.255285248356656780e+00
7.665761099999999715e+02 -3.250801280235004587e+00
8.077589299999999639e+02 -3.251344256427018298e+00
8.077599199999999655e+02 -3.251344054393073613e+00
8.222581000000000131e+02 -3.248061896636136314e+00
8.460736200000000053e+02 -3.246141998392383154e+00
8.465077400000000125e+02 -3.246254481482308663e+00
8.637572800000000370e+02 -3.242918542982002439e+00
8.956868799999999737e+02 -3.242539202535862142e+00
8.961811699999999519e+02 -3.242666884570869712e+00
9.142052300000000287e+02 -3.239934441753551386e+00
9.380988200000000461e+02 -3.237782538086633188e+00
9.385834700000000339e+02 -3.237907320906469710e+00
9.644298700000000508e+02 -3.235443597621099787e+00
1.005139800000000037e+03 -3.235367629884740470e+00
1.005418300000000045e+03 -3.235439373252367190e+00
1.009253199999999993e+03 -3.231695629789962165e+00
1.039719900000000052e+03 -3.230297249764956913e+00
1.039804699999999912e+03 -3.230318612513773058e+00
1.067709000000000060e+03 -3.230876058757642166e+00
1.097191199999999981e+03 -3.227771914101237094e+00
1.099022999999999911e+03 -3.228245521755949365e+00
1.119455400000000054e+03 -3.229161990531208559e+00
1.155661100000000033e+03 -3.227507840428415431e+00
1.155951199999999972e+03 -3.227583142366452940e+00
1.161492400000000089e+03 -3.224855211200878813e+00
1.197452800000000025e+03 -3.225091289559482988e+00
1.198142800000000079e+03 -3.225269719182098704e+00
1.213525799999999890e+03 -3.222750347347700384e+00
1.242194600000000037e+03 -3.222431444681581603e+00
1.242241999999999962e+03 -3.222443902066892019e+00
1.267386600000000044e+03 -3.220626451524447820e+00
1.293897899999999936e+03 -3.218000962519000474e+00
1.294925899999999956e+03 -3.218267077183295299e+00
1.312458000000000084e+03 -3.218304715276699035e+00
1.351727900000000091e+03 -3.217280193892090523e+00
1.351897400000000061e+03 -3.214276944016055459e+00
1.351938799999999901e+03 -3.217334766626303910e+00
1.398197499999999991e+03 -3.214746136342309768e+00
1.398609099999999899e+03 -3.214852543136854202e+00
1.420153199999999970e+03 -3.214401513318884351e+00
1.466051899999999932e+03 -3.214326929647417508e+00
1.466408200000000079e+03 -3.214419854457491343e+00
1.471504899999999907e+03 -3.213230888660309592e+00
1.504179499999999962e+03 -3.210338314078839073e+00
1.505146300000000110e+03 -3.210588709095515192e+00
1.517265400000000000e+03 -3.212512395164123014e+00
1.549318199999999933e+03 -3.210024969504091885e+00
1.549941900000000032e+03 -3.210186310142147725e+00
1.566400499999999965e+03 -3.209037919073345346e+00
1.598870200000000068e+03 -3.208376365213773340e+00
1.599775699999999915e+03 -3.208610302335154429e+00
1.618818999999999960e+03 -3.208883109914102860e+00
1.651564499999999953e+03 -3.206996957209161447e+00
1.651672700000000077e+03 -3.207025030834127488e+00
1.670566900000000032e+03 -3.207423856497859216e+00
1.702600500000000011e+03 -3.204099541751809888e+00
1.703093599999999924e+03 -3.204227374116780158e+00
1.719411599999999908e+03 -3.203988798389155512e+00
1.762182600000000093e+03 -3.203217488120841505e+00
1.775557700000000068e+03 -3.205577823088497702e+00
1.776348899999999958e+03 -3.205781346332376991e+00
1.800133100000000013e+03 -3.197360933170577901e+00
1.802072799999999916e+03 -3.200871085642502223e+00
1.802565800000000081e+03 -3.200998586843045945e+00
1.845952800000000025e+03 -3.198910339208714149e+00
1.846009900000000016e+03 -3.198925507778766608e+00
1.865728299999999990e+03 -3.200566868201608628e+00
1.918399400000000014e+03 -3.201038067460815650e+00
1.918560099999999920e+03 -3.201078644787476168e+00
1.918584599999999909e+03 -3.199634235598318277e+00
1.970587500000000091e+03 -3.203074153283193670e+00
1.971161200000000008e+03 -3.203221346676053294e+00
1.982034400000000005e+03 -3.192926850789224336e+00
1.983160300000000007e+03 -3.193219343146137312e+00
1.983452600000000075e+03 -3.201710184314438656e+00
2.012538399999999911e+03 -3.195403521657780743e+00
2.016385399999999890e+03 -3.193168554566348405e+00
2.017911499999999933e+03 -3.193565218986528453e+00
2.047851300000000037e+03 -3.190501365712983262e+00
2.093331799999999930e+03 -3.195916318109811805e+00
2.093931799999999839e+03 -3.196071226513587327e+00
2.103227100000000064e+03 -3.190784698486121229e+00
2.138921100000000024e+03 -3.194210964743247061e+00
2.141003000000000156e+03 -3.194748872029358644e+00
2.169057999999999993e+03 -3.195889751068415219e+00
2.188694399999999860e+03 -3.193359800910825719e+00
2.190742600000000039e+03 -3.193888996076003295e+00
2.205125399999999900e+03 -3.193176898344071812e+00
2.232637400000000071e+03 -3.186636794518501681e+00
2.233114700000000084e+03 -3.186761152893782700e+00
2.272223599999999806e+03 -3.191673943245713740e+00
2.309354200000000219e+03 -3.187569706267003866e+00
2.322712500000000091e+03 -3.195060951509510971e+00
2.324726200000000063e+03 -3.195580718883767712e+00
2.361983799999999974e+03 -3.194929983585443889e+00
2.364346799999999803e+03 -3.195541629411501550e+00
2.371337399999999889e+03 -3.192525767244247081e+00
2.392665899999999965e+03 -3.183357541140451108e+00
2.393157200000000103e+03 -3.183484094003087961e+00
2.415405999999999949e+03 -3.190570423299328162e+00
2.453331599999999980e+03 -3.189307980765716533e+00
2.454940500000000156e+03 -3.189724778499209545e+00
