1.002609800000000035e+02 -4.417392795473072731e+00
1.263241000000000014e+02 -4.416107020055314081e+00
1.489123600000000067e+02 -4.416222130334233498e+00
1.760080000000000098e+02 -4.414642270291043502e+00
2.004438399999999945e+02 -4.414687337157948477e+00
2.250512500000000102e+02 -4.412738238033250937e+00
2.502778600000000040e+02 -4.412574239878908067e+00
2.735527799999999843e+02 -4.409383606737137917e+00
3.011902999999999793e+02 -4.409555526928549796e+00
3.210590599999999881e+02 -4.405242678820133762e+00
3.491982899999999859e+02 -4.405131518621087316e+00
3.714145500000000197e+02 -4.401919287094102629e+00
3.965065599999999790e+02 -4.401627015669066445e+00
4.201552399999999921e+02 -4.398168107681587280e+00
4.473128399999999942e+02 -4.398198708845615812e+00
4.708727499999999964e+02 -4.395022673336268504e+00
5.009657500000000141e+02 -4.395072718005638812e+00
5.166295499999999947e+02 -4.391829734612978875e+00
5.470105600000000550e+02 -4.392133657543127789e+00
5.675616899999999987e+02 -4.389496757696361051e+00
5.998919399999999769e+02 -4.390069252970874025e+00
6.144029000000000451e+02 -4.387303578418545236e+00
6.454877300000000560e+02 -4.387700505141241436e+00
6.668906299999999874e+02 -4.386526986152952112e+00
7.024874899999999798e+02 -4.388320517152289213e+00
7.185785399999999754e+02 -4.385304259543611138e+00
7.491521300000000565e+02 -4.385646620792281070e+00
7.640803899999999658e+02 -4.382549329345789779e+00
8.058041200000000117e+02 -4.384065135639072963e+00
8.146207100000000310e+02 -4.382178818572227463e+00
8.546735099999999647e+02 -4.383584048418674328e+00
8.622334700000000112e+02 -4.380676348040356771e+00
9.028317899999999554e+02 -4.382776849510428896e+00
9.151236000000000104e+02 -4.380896823062595757e+00
9.562423999999999751e+02 -4.382916481051028157e+00
9.655214700000000221e+02 -4.380234092274952751e+00
1.002724000000000046e+03 -4.381746506810785036e+00
1.012363200000000006e+03 -4.378690345208886114e+00
1.045760899999999992e+03 -4.379711044659793551e+00
1.065302699999999959e+03 -4.378702842467520284e+00
1.104340699999999970e+03 -4.380535223562503688e+00
1.109724799999999959e+03 -4.377345195100785347e+00
1.155916799999999967e+03 -4.381619130209732482e+00
1.156640499999999975e+03 -4.375913182191426110e+00
1.207150100000000066e+03 -4.378035696508973729e+00
1.207728100000000040e+03 -4.377235701110004484e+00
1.233604000000000042e+03 -4.375714827040028787e+00
1.251862599999999929e+03 -4.375842427211457775e+00
1.290691399999999931e+03 -4.376949598320879709e+00
1.316881100000000060e+03 -4.377677871409176191e+00
1.360030999999999949e+03 -4.376565118853005920e+00
1.374274300000000039e+03 -4.381530167445184532e+00
1.393286900000000060e+03 -4.376385818027347163e+00
1.397590500000000020e+03 -4.374021486282073212e+00
1.449480999999999995e+03 -4.378715828926369014e+00
1.458098600000000033e+03 -4.376626939326814458e+00
1.500281300000000101e+03 -4.374953847108471905e+00
1.514251500000000078e+03 -4.381042523508455133e+00
1.542509999999999991e+03 -4.377146860117565375e+00
1.561612499999999955e+03 -4.378602181519458902e+00
1.600448499999999967e+03 -4.378870790605646768e+00
1.624490800000000036e+03 -4.380929171450679505e+00
1.658024300000000039e+03 -4.379745867382126789e+00
1.666583900000000085e+03 -4.380622392746516880e+00
1.693476699999999937e+03 -4.378789148056432268e+00
1.709828700000000026e+03 -4.379769671388981322e+00
1.738091899999999896e+03 -4.377855988358172468e+00
1.760337600000000066e+03 -4.380831705536405885e+00
1.799105999999999995e+03 -4.381691479018695823e+00
1.820002899999999954e+03 -4.380733067946885662e+00
1.834490199999999959e+03 -4.379750356805367950e+00
1.866806000000000040e+03 -4.382342371097768030e+00
1.875307600000000093e+03 -4.379560201920706497e+00
1.897364199999999983e+03 -4.377885160401204345e+00
1.922638799999999947e+03 -4.380573177817375985e+00
1.954672499999999900e+03 -4.381499753975219846e+00
1.995157200000000103e+03 -4.383375736880970486e+00
1.996619400000000041e+03 -4.378943699912752230e+00
2.055069700000000012e+03 -4.382505110847516150e+00
2.062055499999999938e+03 -4.385211903571386571e+00
2.090602800000000116e+03 -4.382408150882873166e+00
2.096306599999999889e+03 -4.381458566880271910e+00
2.151093600000000151e+03 -4.383081846778456914e+00
2.186434699999999793e+03 -4.388003437435413545e+00
2.203342200000000048e+03 -4.385199367885372013e+00
2.220510999999999967e+03 -4.388180181156856818e+00
2.260108900000000176e+03 -4.386988876854813313e+00
2.269775500000000193e+03 -4.388193411562251178e+00
2.302391200000000026e+03 -4.385512711725411350e+00
2.305140499999999975e+03 -4.387098943922582706e+00
2.347015699999999924e+03 -4.389326918607105554e+00
2.372142100000000028e+03 -4.390517637010052709e+00
2.383717200000000048e+03 -4.384690674000252031e+00
2.423361100000000079e+03 -4.391210986832828844e+00
2.441023099999999886e+03 -4.387151583825041001e+00
