1.000935300000000012e+02 -4.417785136275637292e+00
1.001561599999999999e+02 -4.417675640424556072e+00
1.265575599999999952e+02 -4.416413913905657296e+00
1.498858199999999954e+02 -4.416853597795721953e+00
1.515445899999999995e+02 -4.416752451361000809e+00
1.755658500000000117e+02 -4.415167544382116560e+00
1.997720500000000072e+02 -4.415310327985644712e+00
2.004228300000000047e+02 -4.415390790246560115e+00
2.243202699999999936e+02 -4.412918438771175289e+00
2.505734600000000114e+02 -4.413269577557984213e+00
2.506362300000000118e+02 -4.413171007376588406e+00
2.720668999999999755e+02 -4.408360152932945475e+00
3.002998699999999985e+02 -4.409094720385690280e+00
3.013299799999999777e+02 -4.408829882460637783e+00
3.234136300000000119e+02 -4.403596446157879818e+00
3.481256900000000201e+02 -4.403138323388757769e+00
3.505376499999999851e+02 -4.403423831315976145e+00
3.720987200000000144e+02 -4.399939278953342914e+00
4.000819200000000251e+02 -4.399117264897169477e+00
4.006959100000000262e+02 -4.398843111386696592e+00
4.190360499999999888e+02 -4.395157372382842098e+00
4.465180100000000039e+02 -4.395154129120324882e+00
4.515788000000000011e+02 -4.396296354125195371e+00
4.670325700000000211e+02 -4.392243069318134019e+00
4.958670399999999745e+02 -4.392891125504894134e+00
5.061626600000000167e+02 -4.394237920243065254e+00
5.188419300000000476e+02 -4.390440606224894182e+00
5.466362299999999550e+02 -4.389389267222594704e+00
5.483129699999999502e+02 -4.390790018578711873e+00
5.645691000000000486e+02 -4.386896073097103610e+00
5.999415599999999813e+02 -4.388857574317197141e+00
6.012902100000000019e+02 -4.388407936942114063e+00
6.165054000000000087e+02 -4.385994633319401537e+00
6.469879899999999679e+02 -4.385505561664249541e+00
6.524031899999999951e+02 -4.385837057804309325e+00
6.640986699999999701e+02 -4.384399703106883983e+00
6.959981000000000222e+02 -4.384520552123842840e+00
7.002788500000000340e+02 -4.385048033532457090e+00
7.161168599999999742e+02 -4.383187813333202065e+00
7.452830999999999904e+02 -4.384017812087635413e+00
7.469163300000000163e+02 -4.383560734741799081e+00
7.620457599999999729e+02 -4.381173601587453170e+00
7.992155800000000454e+02 -4.381917840824502974e+00
8.030281800000000203e+02 -4.382762368598537073e+00
8.189239700000000539e+02 -4.381785343363320706e+00
8.456766499999999951e+02 -4.381352827845470976e+00
8.461961300000000392e+02 -4.381836452080437816e+00
8.621668899999999667e+02 -4.379500729515733326e+00
8.937541400000000067e+02 -4.379947193754933465e+00
9.080775999999999613e+02 -4.382542318040650642e+00
9.127105999999999995e+02 -4.378551255922545238e+00
9.524212999999999738e+02 -4.380156413704297869e+00
9.530028999999999542e+02 -4.381064757892125350e+00
9.615831899999999450e+02 -4.377123865902757593e+00
9.953337699999999586e+02 -4.379225716548750924e+00
9.997451600000000553e+02 -4.380067858439758766e+00
1.014197700000000054e+03 -4.378615749992123440e+00
1.048288900000000012e+03 -4.379545124410466173e+00
1.049579500000000053e+03 -4.380576968861646492e+00
1.072663199999999961e+03 -4.379763575672736664e+00
1.105222199999999930e+03 -4.378893884355875343e+00
1.107072799999999916e+03 -4.380606730365214752e+00
1.109235699999999952e+03 -4.376735494311888353e+00
1.150725200000000086e+03 -4.380065264075529541e+00
1.155855000000000018e+03 -4.379569162228104773e+00
1.166659799999999905e+03 -4.377684726302887519e+00
1.194438699999999926e+03 -4.376425915355134144e+00
1.207206599999999980e+03 -4.378902989633273179e+00
1.207758599999999888e+03 -4.375650770986565519e+00
1.248138300000000072e+03 -4.377966177590085550e+00
1.253017200000000003e+03 -4.379271995104413229e+00
1.256329899999999952e+03 -4.376099643752531243e+00
1.297457699999999932e+03 -4.377187474135594059e+00
1.299816700000000083e+03 -4.378723742303754385e+00
1.308751099999999951e+03 -4.376592387878947221e+00
1.345809700000000021e+03 -4.378393972638781939e+00
1.351833499999999958e+03 -4.378134686755482008e+00
1.367022300000000087e+03 -4.379052032805398120e+00
1.401334499999999935e+03 -4.378127131615588752e+00
1.404616800000000012e+03 -4.379091130499261908e+00
1.408626999999999953e+03 -4.376902526460275666e+00
1.453410599999999931e+03 -4.379410163879846607e+00
1.453864000000000033e+03 -4.377980511347600689e+00
1.471221999999999980e+03 -4.378844044849659056e+00
1.487876400000000103e+03 -4.376603182217182919e+00
1.490984099999999899e+03 -4.378499399519045987e+00
1.507569999999999936e+03 -4.377358170019189920e+00
1.552828700000000026e+03 -4.378589027153694246e+00
1.557414999999999964e+03 -4.376917919430415083e+00
1.562608099999999922e+03 -4.380677750384986524e+00
1.571944899999999961e+03 -4.373549620382145342e+00
1.587809099999999944e+03 -4.376992934507482502e+00
1.604068700000000035e+03 -4.377343067445545799e+00
1.644841599999999971e+03 -4.379785821207348384e+00
1.645749299999999948e+03 -4.377625405436054606e+00
1.659732600000000048e+03 -4.380336692953256339e+00
1.694324900000000071e+03 -4.380575338952221287e+00
1.701499000000000024e+03 -4.377483721620183843e+00
1.712521799999999985e+03 -4.381217468803497717e+00
1.740130900000000111e+03 -4.378220633351055824e+00
1.762157099999999900e+03 -4.380663775977144958e+00
1.763840500000000020e+03 -4.380244042684648065e+00
1.792322599999999966e+03 -4.379022813696114902e+00
1.801040899999999965e+03 -4.379677288620703379e+00
1.808761899999999969e+03 -4.381385869179228010e+00
1.848214799999999968e+03 -4.380570014560600356e+00
1.848631000000000085e+03 -4.382914583882774551e+00
1.859894000000000005e+03 -4.381030903835630319e+00
1.881610300000000052e+03 -4.380547757724455593e+00
1.894420000000000073e+03 -4.378960887473279939e+00
1.916011700000000019e+03 -4.382174666764957038e+00
1.955079500000000053e+03 -4.379752641026585458e+00
1.956201700000000073e+03 -4.382477567863294787e+00
1.959184899999999971e+03 -4.384926883377053386e+00
1.994314599999999928e+03 -4.383853206194125995e+00
2.008609799999999950e+03 -4.383389579561684180e+00
2.028290099999999939e+03 -4.383543785267097981e+00
2.033847600000000057e+03 -4.384251067365417143e+00
2.058625100000000202e+03 -4.387857999733276948e+00
2.064398400000000038e+03 -4.385467803584888635e+00
2.082398900000000140e+03 -4.381488429411604990e+00
2.096676500000000033e+03 -4.383288113606293557e+00
2.110118699999999990e+03 -4.388201669471120780e+00
2.149698300000000017e+03 -4.385660987399459643e+00
2.157523700000000190e+03 -4.385202684039374077e+00
2.161166400000000067e+03 -4.384794404688969749e+00
2.173409099999999853e+03 -4.380661961180430275e+00
2.175464800000000196e+03 -4.384380557080871377e+00
2.197869299999999839e+03 -4.382569370778560902e+00
2.243147300000000087e+03 -4.387480415800391498e+00
2.255677200000000084e+03 -4.388670947074565731e+00
2.265394899999999780e+03 -4.385662506519392601e+00
2.292658100000000104e+03 -4.386854337774576784e+00
2.296536599999999908e+03 -4.388869474166119389e+00
2.305739199999999983e+03 -4.388694998033501271e+00
2.335510099999999966e+03 -4.387922154063019775e+00
2.368492799999999988e+03 -4.388303204633434262e+00
2.370670900000000074e+03 -4.391211493441975477e+00
2.397912899999999809e+03 -4.386596755127399661e+00
2.401052900000000136e+03 -4.386832281303372660e+00
2.413522800000000188e+03 -4.392947205718443549e+00
2.437502300000000105e+03 -4.386304993687015319e+00
