1.000935300000000012e+02 3.794111540810095562e+01
1.001561599999999999e+02 3.794024628536535459e+01
1.265575599999999952e+02 3.799900213718705544e+01
1.498858199999999954e+02 3.801927691837980916e+01
1.515445899999999995e+02 3.804504681457358117e+01
1.755658500000000117e+02 3.808522389578668310e+01
1.997720500000000072e+02 3.812261245674740451e+01
2.004228300000000047e+02 3.812694738449012988e+01
2.243202699999999936e+02 3.819025646244656969e+01
2.505734600000000114e+02 3.822718603704457507e+01
2.506362300000000118e+02 3.822364085080398866e+01
2.720668999999999755e+02 3.832119020964787381e+01
3.002998699999999985e+02 3.835089151231426996e+01
3.013299799999999777e+02 3.836028495827396512e+01
3.234136300000000119e+02 3.844797883167107955e+01
3.481256900000000201e+02 3.849706696519438509e+01
3.505376499999999851e+02 3.851387746794219424e+01
3.720987200000000144e+02 3.858165988194586049e+01
4.000819200000000251e+02 3.865196722979849397e+01
4.006959100000000262e+02 3.860558772644005643e+01
4.190360499999999888e+02 3.870384744555261847e+01
4.465180100000000039e+02 3.874164970486464910e+01
4.515788000000000011e+02 3.872761703643394782e+01
4.670325700000000211e+02 3.879586708731935829e+01
4.958670399999999745e+02 3.885340270710359789e+01
5.061626600000000167e+02 3.882542947282718870e+01
5.188419300000000476e+02 3.885707765112965717e+01
5.466362299999999550e+02 3.894265418278038027e+01
5.483129699999999502e+02 3.896261856299613413e+01
5.645691000000000486e+02 3.899969468756360413e+01
5.999415599999999813e+02 3.904207968654589678e+01
6.012902100000000019e+02 3.901547476083859323e+01
6.165054000000000087e+02 3.911008599633625238e+01
6.469879899999999679e+02 3.913840983106045002e+01
6.524031899999999951e+02 3.911455984123752927e+01
6.640986699999999701e+02 3.919029666191735828e+01
6.959981000000000222e+02 3.921189191939751595e+01
7.002788500000000340e+02 3.920892428251577400e+01
7.161168599999999742e+02 3.932976083859148986e+01
7.452830999999999904e+02 3.933436952981885071e+01
7.469163300000000163e+02 3.931194382251170083e+01
7.620457599999999729e+02 3.939523254630572069e+01
7.992155800000000454e+02 3.944375025442703020e+01
8.030281800000000203e+02 3.944162477101567532e+01
8.189239700000000539e+02 3.943329432118868283e+01
8.456766499999999951e+02 3.951844494199063718e+01
8.461961300000000392e+02 3.951801496030938665e+01
8.621668899999999667e+02 3.958528037858742721e+01
8.937541400000000067e+02 3.959983258701404907e+01
9.080775999999999613e+02 3.959300987176877129e+01
9.127105999999999995e+02 3.965460563810299277e+01
9.524212999999999738e+02 3.963918786891919410e+01
9.530028999999999542e+02 3.971718451048239018e+01
9.615831899999999450e+02 3.974501933645430540e+01
9.953337699999999586e+02 3.975693618970079513e+01
9.997451600000000553e+02 3.980409016893954544e+01
1.014197700000000054e+03 3.985151689395481611e+01
1.048288900000000012e+03 3.990740993283126414e+01
1.049579500000000053e+03 3.986812029309994188e+01
1.072663199999999961e+03 3.993176216161204906e+01
1.105222199999999930e+03 3.999090118054142096e+01
1.107072799999999916e+03 3.998649450437614661e+01
1.109235699999999952e+03 4.001388611846122956e+01
1.150725200000000086e+03 4.005077294931813725e+01
1.155855000000000018e+03 4.005635456950946605e+01
1.166659799999999905e+03 4.007981426826786020e+01
1.194438699999999926e+03 4.017943873397109655e+01
1.207206599999999980e+03 4.012662527986972805e+01
1.207758599999999888e+03 4.020182882149399717e+01
1.248138300000000072e+03 4.024181355587217723e+01
1.253017200000000003e+03 4.020877976796254671e+01
1.256329899999999952e+03 4.028735141461429237e+01
1.297457699999999932e+03 4.033853755342967418e+01
1.299816700000000083e+03 4.040157948300426938e+01
1.308751099999999951e+03 4.036327294931813725e+01
1.345809700000000021e+03 4.041980460004070608e+01
1.351833499999999958e+03 4.045922959495216986e+01
1.367022300000000087e+03 4.044705984123753240e+01
1.401334499999999935e+03 4.046163545695095110e+01
1.404616800000000012e+03 4.050378638306533929e+01
1.408626999999999953e+03 4.056188225117036694e+01
1.453410599999999931e+03 4.063652147364135914e+01
1.453864000000000033e+03 4.062413443924282319e+01
1.471221999999999980e+03 4.066478068389985623e+01
1.487876400000000103e+03 4.070346580500712719e+01
1.490984099999999899e+03 4.070327905556685977e+01
1.507569999999999936e+03 4.075927030327702028e+01
1.552828700000000026e+03 4.084736718909016417e+01
1.557414999999999964e+03 4.084865001017708153e+01
1.562608099999999922e+03 4.078592204355790329e+01
1.571944899999999961e+03 4.094980409118664966e+01
1.587809099999999944e+03 4.091507022186036835e+01
1.604068700000000035e+03 4.101902808874414319e+01
1.644841599999999971e+03 4.095645939344596087e+01
1.645749299999999948e+03 4.104526104213311299e+01
1.659732600000000048e+03 4.107673621005496045e+01
1.694324900000000071e+03 4.108351160187258699e+01
1.701499000000000024e+03 4.109347445552615596e+01
1.712521799999999985e+03 4.104101567270507189e+01
1.740130900000000111e+03 4.120989772033380660e+01
1.762157099999999900e+03 4.118287960512924428e+01
1.763840500000000020e+03 4.117858131487889040e+01
1.792322599999999966e+03 4.126726490942397874e+01
1.801040899999999965e+03 4.128598768573173317e+01
1.808761899999999969e+03 4.123730968858131263e+01
1.848214799999999968e+03 4.133086759617341244e+01
1.848631000000000085e+03 4.133306228373702140e+01
1.859894000000000005e+03 4.140628943618970226e+01
1.881610300000000052e+03 4.144970740891512406e+01
1.894420000000000073e+03 4.150147364135965944e+01
1.916011700000000019e+03 4.152727559535924939e+01
1.955079500000000053e+03 4.157088591491960017e+01
1.956201700000000073e+03 4.165857571748422572e+01
1.959184899999999971e+03 4.152086708731935261e+01
1.994314599999999928e+03 4.152019132912680988e+01
2.008609799999999950e+03 4.165405963769590869e+01
2.028290099999999939e+03 4.174434306940769090e+01
2.033847600000000057e+03 4.169834368003256486e+01
2.058625100000000202e+03 4.166781243639324117e+01
2.064398400000000038e+03 4.177900976999796256e+01
2.082398900000000140e+03 4.188569305923061137e+01
2.096676500000000033e+03 4.187173061266028640e+01
2.110118699999999990e+03 4.182816100142478888e+01
2.149698300000000017e+03 4.188128841848157435e+01
2.157523700000000190e+03 4.205304294728271941e+01
2.161166400000000067e+03 4.196514807653164780e+01
2.173409099999999853e+03 4.202746438021575415e+01
2.175464800000000196e+03 4.202060197435375244e+01
2.197869299999999839e+03 4.210376399348667320e+01
2.243147300000000087e+03 4.209952880113983298e+01
2.255677200000000084e+03 4.212613525340932341e+01
2.265394899999999780e+03 4.227081671076734892e+01
2.292658100000000104e+03 4.218533940565846052e+01
2.296536599999999908e+03 4.230725880317525167e+01
2.305739199999999983e+03 4.217927997150417241e+01
2.335510099999999966e+03 4.231407235904742947e+01
2.368492799999999988e+03 4.239239161408508494e+01
2.370670900000000074e+03 4.235288214939954798e+01
2.397912899999999809e+03 4.250345308365560726e+01
2.401052900000000136e+03 4.240799053531446816e+01
2.413522800000000188e+03 4.237816659881945469e+01
2.437502300000000105e+03 4.254614034194992911e+01
