1.009234799999999979e+02 -3.331709393632507954e+00
1.261804499999999933e+02 -3.331317186743864678e+00
1.480531200000000069e+02 -3.331062894049521717e+00
1.754634200000000135e+02 -3.331087787167687164e+00
2.006047399999999925e+02 -3.331346681840943180e+00
2.229339899999999943e+02 -3.329870865851975559e+00
2.503847600000000000e+02 -3.330016184633366016e+00
2.734198299999999904e+02 -3.329155668430562542e+00
2.999030300000000011e+02 -3.328948062583349188e+00
3.216789200000000051e+02 -3.327102853731358056e+00
3.507932400000000257e+02 -3.326994180793626743e+00
3.731115699999999720e+02 -3.325124538307045352e+00
4.029360800000000040e+02 -3.324471904087561658e+00
4.224202000000000226e+02 -3.321237208948516262e+00
4.484109300000000076e+02 -3.320145725584335850e+00
4.717900399999999763e+02 -3.317034388714724891e+00
4.970741499999999746e+02 -3.316197030338113638e+00
5.174205200000000104e+02 -3.310870975722743026e+00
5.531115999999999531e+02 -3.311673904158522586e+00
5.744445200000000114e+02 -3.308092867934381509e+00
6.049760599999999613e+02 -3.307381105825722312e+00
6.192233199999999442e+02 -3.302478360733577034e+00
6.547135399999999663e+02 -3.302539000556343751e+00
6.720626399999999876e+02 -3.299982820245256576e+00
6.959272999999999456e+02 -3.297750162612636426e+00
7.194446199999999862e+02 -3.295775817737718771e+00
7.504342599999999948e+02 -3.294913045374255667e+00
7.701339799999999514e+02 -3.292161778965572161e+00
8.021825400000000172e+02 -3.289768769088311284e+00
8.132705099999999447e+02 -3.286721786159423342e+00
8.476442399999999679e+02 -3.286296559255081018e+00
8.693772599999999784e+02 -3.285221663950133042e+00
8.972927300000000059e+02 -3.284676461529206115e+00
9.114510599999999840e+02 -3.280782580525750447e+00
9.495470500000000129e+02 -3.280897435723756139e+00
9.689134099999999989e+02 -3.279442392944790896e+00
1.006993399999999951e+03 -3.278461874291177303e+00
1.015825500000000034e+03 -3.276250745374123419e+00
1.061361799999999903e+03 -3.273231517442001248e+00
1.062231199999999944e+03 -3.276185106321962692e+00
1.097628300000000081e+03 -3.273332501185214127e+00
1.111581200000000081e+03 -3.270659428577702865e+00
1.153292599999999993e+03 -3.271139378889814875e+00
1.167153800000000047e+03 -3.269468449792930276e+00
1.218160900000000083e+03 -3.270837530136465610e+00
1.219073799999999892e+03 -3.268462093922108291e+00
1.261036800000000085e+03 -3.270000727167566179e+00
1.264910499999999956e+03 -3.266090899887238219e+00
1.300432299999999941e+03 -3.266342331491100204e+00
1.320678100000000086e+03 -3.265379042030822188e+00
1.347340599999999995e+03 -3.260904945326802196e+00
1.376034599999999955e+03 -3.264423363387221055e+00
1.416212399999999889e+03 -3.260772978240614073e+00
1.417357299999999896e+03 -3.263048603522001656e+00
1.451049800000000005e+03 -3.260416632085599620e+00
1.475720499999999902e+03 -3.260490764215760784e+00
1.505492700000000013e+03 -3.257965762936263054e+00
1.510735100000000102e+03 -3.257425597216669466e+00
1.549990099999999984e+03 -3.258612876236322897e+00
1.566606199999999944e+03 -3.256802932564077491e+00
1.601565399999999954e+03 -3.258203191170413238e+00
1.604450000000000045e+03 -3.254108239906305933e+00
1.652755100000000084e+03 -3.256722774623645567e+00
1.660749000000000024e+03 -3.251047244162140526e+00
1.705955699999999979e+03 -3.255283434976214529e+00
1.712461499999999887e+03 -3.252685444066826026e+00
1.748952700000000050e+03 -3.249290222505319292e+00
1.766792699999999968e+03 -3.251168144813977534e+00
1.791019199999999955e+03 -3.248132887139009828e+00
1.793631200000000035e+03 -3.244611977900935251e+00
1.855206100000000106e+03 -3.250767746750320875e+00
1.867071300000000065e+03 -3.250168640125941533e+00
1.884740700000000061e+03 -3.244796016845716835e+00
1.896848799999999983e+03 -3.244690144357141648e+00
1.935852100000000064e+03 -3.241243098878044737e+00
1.951646899999999960e+03 -3.241292988310338963e+00
1.975348400000000083e+03 -3.242567509413250004e+00
2.008006000000000085e+03 -3.242903646038513443e+00
2.042897500000000036e+03 -3.240649164906850732e+00
2.058655799999999999e+03 -3.240883797072012573e+00
2.105766299999999774e+03 -3.244084425542534955e+00
2.114989599999999882e+03 -3.243245241744962648e+00
2.152880299999999806e+03 -3.241446095205627209e+00
2.165680100000000039e+03 -3.241988153496625280e+00
2.208446199999999862e+03 -3.242119453948699270e+00
2.227496099999999842e+03 -3.243801254549195434e+00
2.250375300000000152e+03 -3.241921916489535871e+00
2.271946199999999862e+03 -3.240166803403254026e+00
2.306116799999999785e+03 -3.235982875684419557e+00
2.313257000000000062e+03 -3.235861733281791608e+00
2.355518199999999979e+03 -3.233621768175715339e+00
2.357170399999999972e+03 -3.240439033177669792e+00
2.382870499999999993e+03 -3.238423036974290348e+00
2.437811599999999999e+03 -3.236477768875532846e+00
2.449057400000000143e+03 -3.237545880836738554e+00
