1.002139499999999970e+02 -4.408752507829279743e+00
1.272697399999999988e+02 -4.408714096225684997e+00
1.492293999999999983e+02 -4.408458477808185449e+00
1.766227700000000027e+02 -4.408772450321071901e+00
1.981590099999999950e+02 -4.408121698734053240e+00
2.248948000000000036e+02 -4.408308621007898331e+00
2.505948899999999924e+02 -4.408036261543561984e+00
2.739223499999999945e+02 -4.407937472792338163e+00
2.985561299999999960e+02 -4.407089939463734396e+00
3.236207200000000057e+02 -4.407608053471236076e+00
3.499800200000000245e+02 -4.406442048189875393e+00
3.701827700000000050e+02 -4.406437199974687857e+00
3.988588599999999929e+02 -4.406714472576144459e+00
4.212481799999999907e+02 -4.406080513987208569e+00
4.528694600000000037e+02 -4.406004989988241860e+00
4.725221099999999979e+02 -4.405661003449640845e+00
4.986773900000000026e+02 -4.404963525036180272e+00
5.202728700000000117e+02 -4.403907469402032149e+00
5.473328199999999697e+02 -4.402234320092469844e+00
5.687811699999999746e+02 -4.402285506258428072e+00
6.002020800000000236e+02 -4.402545522336266615e+00
6.230472600000000511e+02 -4.401471250613913533e+00
6.484132799999999861e+02 -4.399729818264559000e+00
6.688528700000000526e+02 -4.398181984592996585e+00
7.015378200000000106e+02 -4.397695657848091244e+00
7.196965300000000525e+02 -4.395685842770307161e+00
7.497903999999999769e+02 -4.394832641967303388e+00
7.671869699999999739e+02 -4.392115010819989784e+00
8.033043099999999868e+02 -4.391345610000621846e+00
8.203024699999999712e+02 -4.389167664614970654e+00
8.415921700000000101e+02 -4.387974193202291318e+00
8.694264299999999821e+02 -4.384662372524475771e+00
8.872539299999999685e+02 -4.381381201335492470e+00
9.250760599999999840e+02 -4.380768225908101776e+00
9.438088000000000193e+02 -4.378408182919645952e+00
9.662822300000000268e+02 -4.374362984520044684e+00
9.922431500000000142e+02 -4.373252956085884158e+00
1.023572400000000016e+03 -4.371640507655690122e+00
1.043818500000000085e+03 -4.368582547125291704e+00
1.063395400000000109e+03 -4.362819425495155556e+00
1.104079899999999952e+03 -4.356923531266959415e+00
1.106939100000000053e+03 -4.363598423122911463e+00
1.144519299999999930e+03 -4.357150921478515571e+00
1.160373299999999972e+03 -4.351904238635646571e+00
1.209155899999999974e+03 -4.354298536576966860e+00
1.213401900000000069e+03 -4.348125145552470094e+00
1.258234400000000051e+03 -4.350736814784883499e+00
1.264583699999999908e+03 -4.343799108436665612e+00
1.294884600000000091e+03 -4.343572042484877826e+00
1.307926200000000108e+03 -4.337267136027263881e+00
1.338175500000000056e+03 -4.334449995255823751e+00
1.361287600000000111e+03 -4.332866822110895910e+00
1.389135399999999890e+03 -4.329822647935534619e+00
1.419900200000000041e+03 -4.330663351828314411e+00
1.454398500000000013e+03 -4.329725244279261531e+00
1.468716899999999896e+03 -4.326824403421878351e+00
1.498645899999999983e+03 -4.323261574538770802e+00
1.508777900000000045e+03 -4.320972237560646079e+00
1.530739199999999983e+03 -4.314440379163020367e+00
1.562063499999999976e+03 -4.315116443446819439e+00
1.604311699999999973e+03 -4.315448835066152178e+00
1.618271199999999908e+03 -4.312769988535348986e+00
1.650349699999999984e+03 -4.312550452511719534e+00
1.662692399999999907e+03 -4.307955564637475199e+00
1.693656600000000026e+03 -4.305709561751830172e+00
1.714395099999999957e+03 -4.303863976823564030e+00
1.752687699999999950e+03 -4.302843673461708818e+00
1.756585700000000088e+03 -4.298835151622456330e+00
1.815542500000000018e+03 -4.297321315225750560e+00
1.816534300000000030e+03 -4.299793418507809051e+00
1.855178100000000086e+03 -4.297137721708033098e+00
1.866371000000000095e+03 -4.293497724829475892e+00
1.912442900000000009e+03 -4.288479416908018038e+00
1.919155700000000024e+03 -4.294630543120709909e+00
1.937260500000000093e+03 -4.284803412443668691e+00
1.951707799999999907e+03 -4.283154651163230575e+00
1.999214799999999968e+03 -4.282783500261897025e+00
2.015511400000000094e+03 -4.282560865849578846e+00
2.048937699999999950e+03 -4.285193375823130424e+00
2.085391900000000078e+03 -4.280311029489065611e+00
2.086455199999999877e+03 -4.282034519448178145e+00
2.111002300000000105e+03 -4.275805784615694272e+00
2.142616700000000037e+03 -4.268023006730061297e+00
2.144804900000000089e+03 -4.274585188901916410e+00
2.224869499999999789e+03 -4.272021116854364031e+00
2.229377300000000105e+03 -4.275833684379901634e+00
2.266885800000000017e+03 -4.273064166296255628e+00
2.269726099999999860e+03 -4.269325206117378535e+00
2.293611899999999878e+03 -4.265837327660361389e+00
2.317180499999999938e+03 -4.267558511210904015e+00
2.352335399999999936e+03 -4.267278698617735344e+00
2.373082100000000082e+03 -4.268871016170269428e+00
2.392046200000000226e+03 -4.261630829127115661e+00
2.437880500000000211e+03 -4.265927140026104958e+00
2.466615299999999934e+03 -4.261268592977460301e+00
