1.028868999999999971e+02 -4.452087778746236069e+00
1.264330900000000071e+02 -4.451702670188638855e+00
1.511592100000000016e+02 -4.451853057031337713e+00
1.745252800000000093e+02 -4.451328467116256071e+00
1.996080599999999947e+02 -4.451367414274625567e+00
2.240415999999999883e+02 -4.451082861510121447e+00
2.501327599999999904e+02 -4.451193557461606609e+00
2.724186000000000263e+02 -4.450299435874865317e+00
2.967334200000000237e+02 -4.449887153157397357e+00
3.238482200000000262e+02 -4.450281969539054749e+00
3.495529399999999782e+02 -4.449832708100666778e+00
3.704416899999999941e+02 -4.448667274561372231e+00
3.977418499999999995e+02 -4.448500352143290648e+00
4.192450200000000109e+02 -4.447314641777132316e+00
4.463103300000000218e+02 -4.446916946931350978e+00
4.700961500000000228e+02 -4.446507842048702308e+00
4.972353499999999826e+02 -4.446180032874250898e+00
5.190178100000000541e+02 -4.444951167317928054e+00
5.480121900000000323e+02 -4.444331587237706493e+00
5.673752500000000509e+02 -4.442861290773124416e+00
6.022283599999999524e+02 -4.443890850052996555e+00
6.191543900000000349e+02 -4.441128971650326385e+00
6.452498000000000502e+02 -4.440274503335646550e+00
6.685561099999999897e+02 -4.439007311818126134e+00
6.957950299999999970e+02 -4.437660910174909823e+00
7.211935099999999466e+02 -4.437017783894319223e+00
7.469731100000000197e+02 -4.435347955737118930e+00
7.679702200000000403e+02 -4.433002973843821692e+00
7.955615900000000238e+02 -4.431478147546604518e+00
8.176059699999999566e+02 -4.429978503803698509e+00
8.503105799999999590e+02 -4.429452887486113433e+00
8.685224200000000110e+02 -4.426371625401341880e+00
9.057703400000000329e+02 -4.427093616614626193e+00
9.211468099999999595e+02 -4.423308868470989808e+00
9.483318900000000440e+02 -4.421478621390859232e+00
9.605336899999999787e+02 -4.417014263078738345e+00
9.985271400000000313e+02 -4.417535084711426308e+00
1.011335500000000025e+03 -4.412082205515585720e+00
1.045663399999999911e+03 -4.410646758976807469e+00
1.055827199999999948e+03 -4.405474893898611910e+00
1.096467699999999923e+03 -4.405982391739260429e+00
1.111172000000000025e+03 -4.402963982145452704e+00
1.151194400000000087e+03 -4.402665800371157623e+00
1.169281799999999976e+03 -4.400138822373815373e+00
1.190491700000000037e+03 -4.395307226669793010e+00
1.214301400000000058e+03 -4.393227722883523256e+00
1.237480900000000020e+03 -4.389983976830045265e+00
1.272205699999999979e+03 -4.390705991310887235e+00
1.291981500000000096e+03 -4.386482687418069126e+00
1.316593299999999999e+03 -4.385547342776475510e+00
1.347328600000000051e+03 -4.382322818052275082e+00
1.380032400000000052e+03 -4.383643776375900636e+00
1.393755100000000084e+03 -4.377540848499992698e+00
1.413405899999999974e+03 -4.375714956872773342e+00
1.448723400000000083e+03 -4.375184741188149928e+00
1.464150699999999915e+03 -4.371087670554294036e+00
1.505037900000000036e+03 -4.365428281710796554e+00
1.510763200000000097e+03 -4.370756492808689053e+00
1.551080200000000104e+03 -4.364828435990425248e+00
1.564866500000000087e+03 -4.363797618614966289e+00
1.593187699999999950e+03 -4.360944472177308739e+00
1.607951499999999896e+03 -4.355573237719796431e+00
1.653736000000000104e+03 -4.356180661707736768e+00
1.656045499999999947e+03 -4.353521607188843845e+00
1.714036900000000060e+03 -4.355472117919089392e+00
1.727990500000000111e+03 -4.352603164805944225e+00
1.751320400000000063e+03 -4.342886494732571379e+00
1.752383299999999963e+03 -4.351201118816796942e+00
1.787679699999999912e+03 -4.344240097252792587e+00
1.795901800000000094e+03 -4.339219327368737389e+00
1.836608300000000099e+03 -4.339762715123623771e+00
1.852669200000000046e+03 -4.336740342358089251e+00
1.896194799999999987e+03 -4.332556335923059443e+00
1.911034799999999905e+03 -4.339133968197369740e+00
1.931834100000000035e+03 -4.331955230935585099e+00
1.977610500000000002e+03 -4.334663552974139300e+00
1.999000099999999975e+03 -4.332751454209630815e+00
2.018628300000000081e+03 -4.330608861086813199e+00
2.057466199999999844e+03 -4.326481767589202221e+00
2.065687600000000202e+03 -4.330146853785786121e+00
2.104714100000000144e+03 -4.327375864995649302e+00
2.112836499999999887e+03 -4.324353542129952821e+00
2.126696699999999964e+03 -4.319705914456168472e+00
2.159319199999999910e+03 -4.318990335062341757e+00
2.192853300000000218e+03 -4.320568584436693449e+00
2.233766799999999876e+03 -4.322354881294118378e+00
2.244554299999999785e+03 -4.310919921681986011e+00
2.249309999999999945e+03 -4.317592576700048035e+00
2.304511599999999817e+03 -4.312314693745910255e+00
2.318686900000000151e+03 -4.321506565589609217e+00
2.347720600000000104e+03 -4.309339293805513726e+00
2.370874600000000100e+03 -4.312787968317477905e+00
2.399890800000000127e+03 -4.309622075142078401e+00
2.409413000000000011e+03 -4.307776252910704429e+00
2.421588099999999940e+03 -4.304859083303660405e+00
