1.028868999999999971e+02 1.131726847140240189e+01
1.264330900000000071e+02 1.133528801139832964e+01
1.511592100000000016e+02 1.134390240179116560e+01
1.745252800000000093e+02 1.135721504172603247e+01
1.996080599999999947e+02 1.136538622023203793e+01
2.240415999999999883e+02 1.137747862812945243e+01
2.501327599999999904e+02 1.139997913698351439e+01
2.724186000000000263e+02 1.140717484225524103e+01
2.967334200000000237e+02 1.141593476490942471e+01
3.238482200000000262e+02 1.142873091797272522e+01
3.495529399999999782e+02 1.144251984530836452e+01
3.704416899999999941e+02 1.145632810909831178e+01
3.977418499999999995e+02 1.148066659881945917e+01
4.192450200000000109e+02 1.148682322409932688e+01
4.463103300000000218e+02 1.151045033584368049e+01
4.700961500000000228e+02 1.151325157744758876e+01
4.972353499999999826e+02 1.153564217382454693e+01
5.190178100000000541e+02 1.154461377976796221e+01
5.480121900000000323e+02 1.156172654182780235e+01
5.673752500000000509e+02 1.157751170364339544e+01
6.022283599999999524e+02 1.159766435986159117e+01
6.191543900000000349e+02 1.161541268064319077e+01
6.452498000000000502e+02 1.163051139833095782e+01
6.685561099999999897e+02 1.164904131894972394e+01
6.957950299999999970e+02 1.166294015876246704e+01
7.211935099999999466e+02 1.168232546305719488e+01
7.469731100000000197e+02 1.169623142682678640e+01
7.679702200000000403e+02 1.171841644616324096e+01
7.955615900000000238e+02 1.174018725829432164e+01
8.176059699999999566e+02 1.176177488296356621e+01
8.503105799999999590e+02 1.178096122532057777e+01
8.685224200000000110e+02 1.180118308569102403e+01
9.057703400000000329e+02 1.181716161204966298e+01
9.211468099999999595e+02 1.184281141868512144e+01
9.483318900000000440e+02 1.185064929778139664e+01
9.605336899999999787e+02 1.188430694076938643e+01
9.985271400000000313e+02 1.188722572766130803e+01
1.011335500000000025e+03 1.194310757174842230e+01
1.045663399999999911e+03 1.194085487482190011e+01
1.055827199999999948e+03 1.198169651943822522e+01
1.096467699999999923e+03 1.200074699776104126e+01
1.111172000000000025e+03 1.200704050478322671e+01
1.151194400000000087e+03 1.205135762263382837e+01
1.169281799999999976e+03 1.206378943618970112e+01
1.190491700000000037e+03 1.209289079991858351e+01
1.214301400000000058e+03 1.211374007734581681e+01
1.237480900000000020e+03 1.215368613881538806e+01
1.272205699999999979e+03 1.215132302055770275e+01
1.291981500000000096e+03 1.219838642377366256e+01
1.316593299999999999e+03 1.220091441074699823e+01
1.347328600000000051e+03 1.224693415428455090e+01
1.380032400000000052e+03 1.225108080602483085e+01
1.393755100000000084e+03 1.229416344392428151e+01
1.413405899999999974e+03 1.230957917769183751e+01
1.448723400000000083e+03 1.232565387746794272e+01
1.464150699999999915e+03 1.236100498676979420e+01
1.505037900000000036e+03 1.240516843069407749e+01
1.510763200000000097e+03 1.238648280073275032e+01
1.551080200000000104e+03 1.244069763891715752e+01
1.564866500000000087e+03 1.245799511500101708e+01
1.593187699999999950e+03 1.248493079584775067e+01
1.607951499999999896e+03 1.252336556075717411e+01
1.653736000000000104e+03 1.254302462853653566e+01
1.656045499999999947e+03 1.254213871361693400e+01
1.714036900000000060e+03 1.257991400366374890e+01
1.727990500000000111e+03 1.261826684306940649e+01
1.751320400000000063e+03 1.264585385711377974e+01
1.752383299999999963e+03 1.261955322613474451e+01
1.787679699999999912e+03 1.266503714634642819e+01
1.795901800000000094e+03 1.270178760431508280e+01
1.836608300000000099e+03 1.274086098107062881e+01
1.852669200000000046e+03 1.275189395481375954e+01
1.896194799999999987e+03 1.278663851007530994e+01
1.911034799999999905e+03 1.278286993690209528e+01
1.931834100000000035e+03 1.281372481172399880e+01
1.977610500000000002e+03 1.282758192550376641e+01
1.999000099999999975e+03 1.285448605739873784e+01
2.018628300000000081e+03 1.286373855078363526e+01
2.057466199999999844e+03 1.291438428658660698e+01
2.065687600000000202e+03 1.290207815998371821e+01
2.104714100000000144e+03 1.295433085691023933e+01
2.112836499999999887e+03 1.298484021982495307e+01
2.126696699999999964e+03 1.300076429879910300e+01
2.159319199999999910e+03 1.301951862405861959e+01
2.192853300000000218e+03 1.304463515163851106e+01
2.233766799999999876e+03 1.306824140036637516e+01
2.244554299999999785e+03 1.311457561571341479e+01
2.249309999999999945e+03 1.309874821901078867e+01
2.304511599999999817e+03 1.314136220232037466e+01
2.318686900000000151e+03 1.312848972114797341e+01
2.347720600000000104e+03 1.320004579686545831e+01
2.370874600000000100e+03 1.319574903317728420e+01
2.399890800000000127e+03 1.323703592509668248e+01
2.409413000000000011e+03 1.324709851414614370e+01
2.421588099999999940e+03 1.326901791166293521e+01
