1.043774200000000008e+02 -4.406566991415189705e+00
1.295493500000000040e+02 -4.405830746258495800e+00
1.530871500000000083e+02 -4.404878437169911010e+00
1.772590099999999893e+02 -4.403610552033470071e+00
2.033245499999999879e+02 -4.403044514792409103e+00
2.259804900000000032e+02 -4.401378577021383798e+00
2.519504399999999862e+02 -4.400772867552838363e+00
2.728139199999999960e+02 -4.398556274714323422e+00
3.000635199999999827e+02 -4.398137171006541557e+00
3.205143499999999790e+02 -4.395845855962586590e+00
3.488728800000000092e+02 -4.395601077760898256e+00
3.744073599999999828e+02 -4.394636963230879267e+00
3.979871499999999855e+02 -4.393198613403042074e+00
4.237648399999999924e+02 -4.392335588440045235e+00
4.481419399999999769e+02 -4.391247059507581874e+00
4.672384099999999876e+02 -4.388761935407107906e+00
4.978006399999999871e+02 -4.388510631190596811e+00
5.212319999999999709e+02 -4.388222999421606652e+00
5.545418600000000424e+02 -4.388876089201395381e+00
5.723960700000000088e+02 -4.386475576386733799e+00
5.984826799999999594e+02 -4.385142952779329306e+00
6.190891500000000178e+02 -4.384237334795790808e+00
6.447259900000000243e+02 -4.383330162721890133e+00
6.639853200000000015e+02 -4.381973188395451579e+00
7.013187400000000480e+02 -4.383830910172700435e+00
7.180721600000000535e+02 -4.382207138141719582e+00
7.470529599999999846e+02 -4.381269575551648643e+00
7.673432699999999613e+02 -4.380841912494996215e+00
7.958554100000000062e+02 -4.380196228805407266e+00
8.168402099999999564e+02 -4.380444950345179222e+00
8.497727899999999863e+02 -4.380610723523238548e+00
8.660299099999999726e+02 -4.379122794204307390e+00
8.971727799999999888e+02 -4.379541544066936076e+00
9.196349400000000287e+02 -4.379481932046188852e+00
9.587596399999999903e+02 -4.380262892093082172e+00
9.617902199999999766e+02 -4.376881590414058998e+00
9.999305500000000393e+02 -4.378604590656354212e+00
1.014310799999999972e+03 -4.377455287800018802e+00
1.054222800000000007e+03 -4.379252420506134058e+00
1.071988700000000108e+03 -4.378883983151452775e+00
1.101688200000000052e+03 -4.378278005508358994e+00
1.109805699999999888e+03 -4.375740117096004411e+00
1.149511700000000019e+03 -4.378596553219082033e+00
1.162482199999999921e+03 -4.375537870107478966e+00
1.201361300000000028e+03 -4.379016837766491754e+00
1.203812300000000050e+03 -4.374057298884944878e+00
1.247896799999999985e+03 -4.376791949794936798e+00
1.259534300000000030e+03 -4.377281240552430397e+00
1.291200800000000072e+03 -4.377973462187070730e+00
1.314574200000000019e+03 -4.377658634106699864e+00
1.344068999999999960e+03 -4.377910789748430176e+00
1.363075499999999920e+03 -4.375870196149704405e+00
1.392442199999999957e+03 -4.377971995415516737e+00
1.413502899999999954e+03 -4.377497615229449579e+00
1.454953400000000101e+03 -4.377700927792968599e+00
1.463497699999999895e+03 -4.377985516935662069e+00
1.508254799999999932e+03 -4.379124660996737362e+00
1.524045699999999897e+03 -4.380587800292165213e+00
1.548951299999999947e+03 -4.379959835626621611e+00
1.566770899999999983e+03 -4.379308720644504938e+00
1.592644199999999955e+03 -4.379722295530031673e+00
1.621630400000000009e+03 -4.379796356914089195e+00
1.648981600000000071e+03 -4.378828310198896290e+00
1.663257299999999987e+03 -4.379526546560123634e+00
1.698292999999999893e+03 -4.381084583160746782e+00
1.706037000000000035e+03 -4.377997969844083848e+00
1.751446599999999989e+03 -4.380989087378427627e+00
1.754378300000000081e+03 -4.381665726202156996e+00
1.794720000000000027e+03 -4.381676987860451788e+00
1.820763500000000022e+03 -4.383938450479514692e+00
1.857781199999999899e+03 -4.380911835070409488e+00
1.865734899999999925e+03 -4.384142052959366431e+00
1.891444799999999987e+03 -4.378424183574930240e+00
1.901026299999999992e+03 -4.380352240322379131e+00
1.949486200000000053e+03 -4.380678888364944790e+00
1.960827399999999898e+03 -4.386472406052397410e+00
1.989168100000000095e+03 -4.383310795766194978e+00
1.996160200000000032e+03 -4.381534788099747502e+00
2.053519200000000183e+03 -4.386512936424724174e+00
2.061783800000000156e+03 -4.385417208185956817e+00
2.110121500000000196e+03 -4.385821719604089175e+00
2.116855000000000018e+03 -4.384344775644192893e+00
2.151179700000000139e+03 -4.381556578373356103e+00
2.159954499999999825e+03 -4.387019472007426479e+00
2.188932800000000043e+03 -4.384734631731464383e+00
2.212563700000000154e+03 -4.385751129295419659e+00
2.227723599999999806e+03 -4.384077450283204946e+00
2.258779399999999896e+03 -4.386180539993013383e+00
2.281919100000000071e+03 -4.385450929842067858e+00
2.309311200000000099e+03 -4.386550092048103977e+00
2.353624400000000151e+03 -4.388847784637550653e+00
2.368847000000000207e+03 -4.394234737783126121e+00
2.405397699999999986e+03 -4.390301773792272044e+00
2.407901899999999841e+03 -4.390360211658586920e+00
2.460866599999999835e+03 -4.393392810022348272e+00
