9.987053099999999972e+01 -4.418094014174340778e+00
9.994364299999999446e+01 -4.418241655159273584e+00
1.274484300000000019e+02 -4.417226299696971559e+00
1.496106000000000051e+02 -4.416785043102076536e+00
1.504443599999999890e+02 -4.417281219675856185e+00
1.759846799999999973e+02 -4.415676593733775412e+00
2.000674799999999891e+02 -4.415762694787777498e+00
2.013392699999999991e+02 -4.415409715152379455e+00
2.234200899999999876e+02 -4.413464372803106883e+00
2.488171100000000138e+02 -4.412618141625682888e+00
2.512024000000000115e+02 -4.414268676259862190e+00
2.727520299999999907e+02 -4.410242086437611952e+00
2.972089700000000221e+02 -4.410101431604009470e+00
3.006877700000000004e+02 -4.409189351978317184e+00
3.239728999999999814e+02 -4.406081350183153056e+00
3.460167500000000018e+02 -4.404443975286692847e+00
3.486898899999999912e+02 -4.405118243012235979e+00
3.723782400000000052e+02 -4.401728363153551982e+00
3.983147599999999784e+02 -4.401407213074198133e+00
3.984600500000000238e+02 -4.400854248294386650e+00
4.193616400000000226e+02 -4.397689742536638136e+00
4.494266299999999887e+02 -4.397332993854930372e+00
4.516147700000000214e+02 -4.398433884309606690e+00
4.693004099999999994e+02 -4.394527142681937448e+00
5.011993899999999940e+02 -4.394253869665770473e+00
5.039228299999999763e+02 -4.396295913993824911e+00
5.220521400000000085e+02 -4.393033332544292513e+00
5.491266200000000026e+02 -4.392705177062083521e+00
5.524147299999999632e+02 -4.393323537706248949e+00
5.689111900000000333e+02 -4.389395345355282529e+00
5.944559799999999541e+02 -4.389380924457810806e+00
6.027799700000000485e+02 -4.390474832232213132e+00
6.179319100000000162e+02 -4.388019073011943938e+00
6.472927700000000186e+02 -4.387949863233883363e+00
6.474813599999999951e+02 -4.388018462811887233e+00
6.646345499999999902e+02 -4.385777552820445457e+00
6.952382000000000062e+02 -4.385800848214421066e+00
7.048723300000000336e+02 -4.387298332155134872e+00
7.149282600000000230e+02 -4.384702844731383387e+00
7.445096999999999525e+02 -4.384146134544543827e+00
7.498467299999999796e+02 -4.386232915771754115e+00
7.600801000000000158e+02 -4.381820283633784285e+00
7.972283400000000029e+02 -4.383387358421946267e+00
8.084169200000000046e+02 -4.384314787379351763e+00
8.176101200000000517e+02 -4.382627653192971984e+00
8.509252800000000434e+02 -4.384504075269535228e+00
8.512447700000000168e+02 -4.382873256402222140e+00
8.586673700000000053e+02 -4.379745840559245984e+00
8.986001899999999978e+02 -4.381601123815956456e+00
8.997875299999999470e+02 -4.382883395422767059e+00
9.197535900000000311e+02 -4.382093055260380510e+00
9.469861499999999523e+02 -4.380397105909274558e+00
9.523682099999999764e+02 -4.380962351003233834e+00
9.602848900000000185e+02 -4.378177909944553470e+00
9.870529699999999593e+02 -4.378508229693957254e+00
9.949410500000000184e+02 -4.378926449922118103e+00
1.012261100000000056e+03 -4.378600190912377066e+00
1.050577600000000075e+03 -4.380135577676448122e+00
1.057526000000000067e+03 -4.379713629905528371e+00
1.064298000000000002e+03 -4.378363166542019513e+00
1.098989399999999932e+03 -4.378080566404980445e+00
1.104881300000000010e+03 -4.377724694467034716e+00
1.115618699999999990e+03 -4.377290471181692233e+00
1.149185999999999922e+03 -4.377816902440023306e+00
1.151045200000000023e+03 -4.379159999402241432e+00
1.163159200000000055e+03 -4.377013671721125654e+00
1.200416099999999915e+03 -4.380510374021861608e+00
1.203166300000000092e+03 -4.377064882851941618e+00
1.218512999999999920e+03 -4.378814927884680408e+00
1.248709900000000061e+03 -4.378290265502087664e+00
1.255240600000000086e+03 -4.379461331319137507e+00
1.260658300000000054e+03 -4.376891937019705914e+00
1.296766200000000026e+03 -4.376934516696476152e+00
1.302286599999999908e+03 -4.377801249025119468e+00
1.313390699999999924e+03 -4.377789374349252860e+00
1.346343000000000075e+03 -4.377240217044089832e+00
1.361818199999999933e+03 -4.377952191431236706e+00
1.371932099999999991e+03 -4.382125710353689030e+00
1.388307900000000018e+03 -4.375686272069681415e+00
1.402273899999999912e+03 -4.378262311698868814e+00
1.413017200000000003e+03 -4.377972550786627615e+00
1.434771099999999933e+03 -4.376519682728082117e+00
1.445126400000000103e+03 -4.379275809862776647e+00
1.468367700000000013e+03 -4.379057912108449635e+00
1.491790199999999913e+03 -4.377598185253026131e+00
1.496408200000000079e+03 -4.377368867155946752e+00
1.510835900000000038e+03 -4.377619119894858635e+00
1.540210299999999961e+03 -4.378422787638996283e+00
1.545883199999999988e+03 -4.377074364567216769e+00
1.555048299999999927e+03 -4.375092158114685326e+00
1.591647400000000061e+03 -4.379390768160539515e+00
1.597740099999999984e+03 -4.375246892507803409e+00
1.615515900000000101e+03 -4.383275172855605639e+00
1.644733699999999999e+03 -4.380655698128380848e+00
1.647687699999999950e+03 -4.380541999768185590e+00
1.649912100000000009e+03 -4.377933507794085521e+00
1.698725400000000036e+03 -4.379309536312487872e+00
1.701064399999999978e+03 -4.380422101617579500e+00
1.711274899999999889e+03 -4.379528847176105799e+00
1.750243999999999915e+03 -4.380055608392652289e+00
1.759425799999999981e+03 -4.379432848471533468e+00
1.762497699999999895e+03 -4.382970228020983683e+00
1.801338299999999890e+03 -4.381531192592261092e+00
1.807448200000000043e+03 -4.378381739056965039e+00
1.815361900000000105e+03 -4.382670464103968655e+00
1.828775000000000091e+03 -4.378728847945204450e+00
1.845267800000000079e+03 -4.380486560622443903e+00
1.850732899999999972e+03 -4.378194329590675338e+00
1.882621399999999994e+03 -4.379244929821990873e+00
1.892370400000000018e+03 -4.378468222299627399e+00
1.905441800000000057e+03 -4.379074490119994501e+00
1.946430000000000064e+03 -4.381474541728278993e+00
1.947129500000000007e+03 -4.382630239014028817e+00
1.968041899999999941e+03 -4.382778572635653624e+00
1.979338199999999915e+03 -4.380352768551633247e+00
1.993286399999999958e+03 -4.381810274102259761e+00
1.995617600000000039e+03 -4.379815948130159065e+00
2.026679000000000087e+03 -4.381798207920683197e+00
2.055139599999999973e+03 -4.383559259142055353e+00
2.055997499999999945e+03 -4.384979445570236223e+00
2.078365999999999985e+03 -4.381041254606971691e+00
2.104862200000000030e+03 -4.382161505753057185e+00
2.106030299999999897e+03 -4.386029633886644241e+00
2.129255099999999857e+03 -4.379972746352721380e+00
2.140077699999999822e+03 -4.384865454316771327e+00
2.151381899999999860e+03 -4.382675561866308023e+00
2.195422900000000027e+03 -4.385724430217453396e+00
2.201818900000000212e+03 -4.382530732429832376e+00
2.221052799999999934e+03 -4.385530760168446562e+00
2.248920700000000124e+03 -4.381287121140060137e+00
2.250740099999999984e+03 -4.384297264650038883e+00
2.254157799999999952e+03 -4.384206301731467192e+00
2.306784999999999854e+03 -4.389139437128484644e+00
2.314108600000000024e+03 -4.386480881305256041e+00
2.319268300000000181e+03 -4.390031741851187164e+00
2.351141799999999876e+03 -4.390773915128565186e+00
2.352672599999999875e+03 -4.384446372243446355e+00
2.367070999999999913e+03 -4.391219937790506123e+00
2.390462899999999991e+03 -4.387537563812269781e+00
2.393702699999999822e+03 -4.385401119055947206e+00
2.404115699999999833e+03 -4.386512179072719952e+00
2.443541000000000167e+03 -4.389712494820582123e+00
