9.920601100000000372e+01 -6.236773331826263700e+00
1.257642199999999946e+02 -6.236304026315799831e+00
1.488201200000000028e+02 -6.236236041429128463e+00
1.756777299999999968e+02 -6.236358079639200191e+00
2.006391099999999881e+02 -6.236237207715706887e+00
2.264827200000000005e+02 -6.236646160269500250e+00
2.500345299999999895e+02 -6.236072345831324526e+00
2.733890900000000101e+02 -6.235555924256018123e+00
3.014470200000000091e+02 -6.235700766538990081e+00
3.204957699999999932e+02 -6.234543423922600525e+00
3.512772499999999809e+02 -6.235168971171101582e+00
3.731436400000000049e+02 -6.234728849801772554e+00
3.985417699999999854e+02 -6.233518464303206663e+00
4.211784599999999728e+02 -6.233693214587336051e+00
4.534721499999999992e+02 -6.233621768245744654e+00
4.710889399999999796e+02 -6.232594947856147982e+00
5.036193700000000035e+02 -6.232399989493796255e+00
5.177518400000000156e+02 -6.231098802363539413e+00
5.518169799999999441e+02 -6.231281769490484734e+00
5.651033800000000156e+02 -6.229087624790452971e+00
6.005749100000000453e+02 -6.229939993022670208e+00
6.196717399999999998e+02 -6.228840368054903820e+00
6.545199800000000323e+02 -6.228910801459041302e+00
6.659153499999999894e+02 -6.226436418020361074e+00
7.010433100000000195e+02 -6.227215741043323760e+00
7.186831499999999551e+02 -6.225279451082510462e+00
7.460375099999999975e+02 -6.223238539222247567e+00
7.685363399999999956e+02 -6.222845388604276273e+00
8.060391600000000381e+02 -6.222954821423292593e+00
8.175567499999999654e+02 -6.220003180227235084e+00
8.544807899999999563e+02 -6.220216905069587909e+00
8.707686800000000176e+02 -6.218835342783586739e+00
9.049661399999999958e+02 -6.218266337741178873e+00
9.192832300000000032e+02 -6.214757128505635997e+00
9.537550400000000081e+02 -6.213902850557803781e+00
9.613595400000000382e+02 -6.208639475566061883e+00
9.953801300000000083e+02 -6.208419108004356701e+00
1.019115699999999947e+03 -6.206683761936541366e+00
1.058452700000000050e+03 -6.206022709769884571e+00
1.067353900000000067e+03 -6.201467547570604921e+00
1.107043100000000095e+03 -6.201709168342642187e+00
1.127197200000000066e+03 -6.199858036640905290e+00
1.161672800000000052e+03 -6.198294378214852074e+00
1.167204099999999926e+03 -6.194622049721311363e+00
1.196531899999999951e+03 -6.192904053095944050e+00
1.208741299999999910e+03 -6.188426088600875730e+00
1.249848300000000108e+03 -6.188711625425438179e+00
1.265047399999999925e+03 -6.182898884383073224e+00
1.290490600000000086e+03 -6.181094614044626567e+00
1.324845600000000104e+03 -6.181181540788013073e+00
1.356988599999999906e+03 -6.169390393118991511e+00
1.365410599999999931e+03 -6.177878964706897236e+00
1.393524400000000014e+03 -6.168215331710293903e+00
1.423590200000000095e+03 -6.169249185265046620e+00
1.445621799999999894e+03 -6.165005346125389529e+00
1.474342000000000098e+03 -6.158356712860304505e+00
1.475383199999999988e+03 -6.163534798912698065e+00
1.512863299999999981e+03 -6.157954967155922610e+00
1.557991099999999960e+03 -6.160073773165215094e+00
1.565379899999999907e+03 -6.152921743102622187e+00
1.600791099999999915e+03 -6.152722996815295886e+00
1.611639599999999973e+03 -6.148644790023658047e+00
1.663784599999999955e+03 -6.149754559609869276e+00
1.668969000000000051e+03 -6.144778933625233641e+00
1.704832699999999932e+03 -6.142432258172751958e+00
1.715964799999999968e+03 -6.139666936119063223e+00
1.743285599999999931e+03 -6.135084781670770759e+00
1.762119899999999916e+03 -6.134155940025742382e+00
1.795168100000000095e+03 -6.131003547098192286e+00
1.813280600000000049e+03 -6.126953035560986471e+00
1.862221999999999980e+03 -6.124249163992860900e+00
1.869401000000000067e+03 -6.124975931258977546e+00
1.899289600000000064e+03 -6.121835642091758345e+00
1.909200199999999995e+03 -6.117175054964950398e+00
1.952921100000000024e+03 -6.112583721469776243e+00
1.976468100000000049e+03 -6.116661116227410488e+00
2.012945999999999913e+03 -6.111106136383680720e+00
2.015538700000000063e+03 -6.112801741883965967e+00
2.064369799999999941e+03 -6.112067116612009521e+00
2.066058199999999943e+03 -6.107921370810164063e+00
2.087997199999999793e+03 -6.102303094049953636e+00
2.117077699999999822e+03 -6.102906673287441741e+00
2.173865299999999934e+03 -6.105057884936252677e+00
2.179276899999999841e+03 -6.101990679185424149e+00
2.196195499999999811e+03 -6.095526391479932471e+00
2.219987000000000080e+03 -6.097766424438768595e+00
2.257301399999999830e+03 -6.096762115387580394e+00
2.265161399999999958e+03 -6.088606314723937984e+00
2.285322500000000218e+03 -6.086025260522340830e+00
2.303426199999999881e+03 -6.084085744923838135e+00
2.356109100000000126e+03 -6.084682221463340923e+00
2.359150099999999838e+03 -6.080445990927939803e+00
2.392455500000000029e+03 -6.077066989382046813e+00
2.397739700000000084e+03 -6.080764120737047307e+00
2.430086999999999989e+03 -6.078030978996852518e+00
