9.984964700000000448e+01 -3.331735775838902125e+00
1.259370299999999929e+02 -3.331179405395293891e+00
1.482889700000000062e+02 -3.331032526666171112e+00
1.766201499999999953e+02 -3.331316755697872445e+00
2.013442699999999945e+02 -3.331223240603542912e+00
2.240363499999999988e+02 -3.330167398846037852e+00
2.495783299999999940e+02 -3.329645738175644798e+00
2.738889699999999721e+02 -3.329150601997409975e+00
3.034584899999999834e+02 -3.329106635614541343e+00
3.206009700000000180e+02 -3.326888857546561162e+00
3.525312000000000126e+02 -3.327670325194912682e+00
3.707699700000000007e+02 -3.324604828226539244e+00
3.995183599999999728e+02 -3.324500527213304579e+00
4.196473599999999919e+02 -3.320635375621753038e+00
4.455377300000000105e+02 -3.320068069324479954e+00
4.692836399999999912e+02 -3.316084938383868863e+00
4.993130899999999883e+02 -3.316043956107729507e+00
5.181793000000000120e+02 -3.311093952068290935e+00
5.504565999999999804e+02 -3.311065592013032077e+00
5.689593499999999722e+02 -3.307526460441044591e+00
5.951414600000000519e+02 -3.306069278588960270e+00
6.231820900000000165e+02 -3.303688022179928740e+00
6.529961899999999559e+02 -3.302536360517428715e+00
6.714977400000000216e+02 -3.300075587559327950e+00
7.041514700000000175e+02 -3.300222549480912981e+00
7.130978499999999940e+02 -3.294168330390442101e+00
7.501860500000000229e+02 -3.295109055228856221e+00
7.714098000000000184e+02 -3.292356095999519727e+00
7.967928600000000188e+02 -3.290786074732121591e+00
8.195960800000000290e+02 -3.289079237623079077e+00
8.469164200000000164e+02 -3.287406184691207933e+00
8.641532700000000204e+02 -3.284748524702098216e+00
9.065504700000000184e+02 -3.285006622842624679e+00
9.210119899999999689e+02 -3.283197076082888355e+00
9.514968099999999822e+02 -3.282281092630777497e+00
9.677259400000000369e+02 -3.278865817427115026e+00
1.003960299999999961e+03 -3.279071915910572788e+00
1.015259699999999953e+03 -3.276511558058135876e+00
1.053478399999999965e+03 -3.277924165137085399e+00
1.067395600000000059e+03 -3.274471916289645623e+00
1.101642200000000003e+03 -3.273928438037894129e+00
1.109773799999999937e+03 -3.269961516148481628e+00
1.152965799999999945e+03 -3.270602981292285882e+00
1.176026599999999917e+03 -3.271924925884697188e+00
1.205633399999999938e+03 -3.272309485786767169e+00
1.210663099999999986e+03 -3.267348161500481574e+00
1.249911100000000033e+03 -3.267239462348306756e+00
1.273401299999999992e+03 -3.268284719480829104e+00
1.299441199999999981e+03 -3.263389542085659123e+00
1.317749299999999948e+03 -3.264560317580003979e+00
1.340837099999999964e+03 -3.263684988190010738e+00
1.363773300000000063e+03 -3.261861246746234677e+00
1.405411399999999958e+03 -3.260252127459458027e+00
1.417293699999999944e+03 -3.261471353595540634e+00
1.446791899999999941e+03 -3.257919533737223983e+00
1.464341300000000047e+03 -3.258620457577384055e+00
1.502333200000000033e+03 -3.253239036452513222e+00
1.507744899999999916e+03 -3.257825530479994125e+00
1.551900200000000041e+03 -3.256169976559649015e+00
1.557240600000000086e+03 -3.254746383324212733e+00
1.602726699999999937e+03 -3.255955374517409240e+00
1.607198100000000068e+03 -3.253974693123225403e+00
1.637574399999999969e+03 -3.250518595249352494e+00
1.671150599999999940e+03 -3.253520765152907224e+00
1.714256699999999910e+03 -3.254141142915461860e+00
1.724899899999999889e+03 -3.254939487469917125e+00
1.754884199999999964e+03 -3.249040456060797943e+00
1.766451999999999998e+03 -3.252461809397285020e+00
1.784465999999999894e+03 -3.245833676107825472e+00
1.814329799999999977e+03 -3.250239794698359219e+00
1.844352799999999888e+03 -3.246709357466261991e+00
1.854503500000000031e+03 -3.244770875571681756e+00
1.883782500000000027e+03 -3.245575933844406347e+00
1.913513999999999896e+03 -3.247527740338502333e+00
1.940504500000000007e+03 -3.246712578201271349e+00
1.970393900000000031e+03 -3.247669788746376796e+00
2.010617600000000039e+03 -3.244185045360722164e+00
2.028782500000000027e+03 -3.240658766202022534e+00
2.031760099999999966e+03 -3.247233084238362544e+00
2.060514400000000023e+03 -3.239840315148623251e+00
2.090774199999999837e+03 -3.245295327061345603e+00
2.112642499999999927e+03 -3.241229707199623888e+00
2.145257999999999811e+03 -3.234790610452208170e+00
2.153733499999999822e+03 -3.240147785906335454e+00
2.215246399999999994e+03 -3.241514933401070220e+00
2.236960900000000038e+03 -3.246878207767208480e+00
2.266992099999999937e+03 -3.240969471102619348e+00
2.278182499999999891e+03 -3.241276365070635990e+00
2.313657400000000052e+03 -3.240934357211873618e+00
2.326860700000000179e+03 -3.240399728896778075e+00
2.338676899999999932e+03 -3.237276302038868181e+00
2.367921100000000024e+03 -3.237517000496960229e+00
2.410895199999999932e+03 -3.235730976000751991e+00
2.434521600000000035e+03 -3.237531726467737681e+00
2.442102499999999964e+03 -3.231523496080884961e+00
