9.936171699999999873e+01 -3.300181231986038188e+00
1.272617099999999937e+02 -3.299637371420116150e+00
1.491045000000000016e+02 -3.299259844279123222e+00
1.761417800000000113e+02 -3.298522214335436242e+00
2.002696300000000065e+02 -3.298105662912234948e+00
2.264072799999999859e+02 -3.297450492251766008e+00
2.482695999999999970e+02 -3.296110529779071818e+00
2.741230400000000031e+02 -3.295051130035838938e+00
3.000758200000000215e+02 -3.294467493077017028e+00
3.226953500000000190e+02 -3.291887552732477573e+00
3.516190000000000282e+02 -3.291363111109212980e+00
3.739121099999999842e+02 -3.288998805050139751e+00
4.003044300000000248e+02 -3.287853395937411438e+00
4.258673699999999940e+02 -3.285390888833116474e+00
4.523075999999999794e+02 -3.284109229138110653e+00
4.710030899999999860e+02 -3.279024260129980384e+00
5.027499300000000062e+02 -3.278306557177170788e+00
5.232230700000000070e+02 -3.275669188014849187e+00
5.563983799999999746e+02 -3.274272889829341171e+00
5.761131299999999555e+02 -3.271656996864162892e+00
5.913602300000000014e+02 -3.267800589059945082e+00
6.221320899999999483e+02 -3.265279796303974802e+00
6.578275599999999486e+02 -3.265738551276594404e+00
6.688077399999999670e+02 -3.260893500980507120e+00
6.972580299999999625e+02 -3.260078153908229304e+00
7.258909899999999880e+02 -3.258120431644728310e+00
7.503063200000000279e+02 -3.254846894823155701e+00
7.712645099999999729e+02 -3.252412622757756111e+00
8.005005700000000388e+02 -3.251037080897984488e+00
8.241731099999999515e+02 -3.248748955484155765e+00
8.453333699999999453e+02 -3.244739861677822912e+00
8.627797500000000355e+02 -3.242551136310085624e+00
8.957721599999999853e+02 -3.242632488682193781e+00
9.207688699999999926e+02 -3.241364277643434377e+00
9.462162700000000086e+02 -3.238668664837027755e+00
9.704960499999999683e+02 -3.237697608540222483e+00
9.947547200000000203e+02 -3.232883826416735662e+00
1.012952199999999948e+03 -3.233252902464393230e+00
1.052631599999999935e+03 -3.233064145247124266e+00
1.069218000000000075e+03 -3.232052090397005806e+00
1.099706100000000106e+03 -3.230830370318651390e+00
1.112111900000000105e+03 -3.226892798510872851e+00
1.141780600000000049e+03 -3.225490847056251109e+00
1.174983500000000049e+03 -3.227782782595219668e+00
1.210046800000000076e+03 -3.226222216506943852e+00
1.216567099999999982e+03 -3.224089352113032270e+00
1.252348899999999958e+03 -3.222222165390283166e+00
1.265488800000000083e+03 -3.220511061425475496e+00
1.300934400000000096e+03 -3.218708802361019750e+00
1.320350200000000086e+03 -3.220031144917896437e+00
1.350155899999999974e+03 -3.218497553902693209e+00
1.355187500000000000e+03 -3.214216244516834298e+00
1.398795000000000073e+03 -3.214416122036787282e+00
1.421974300000000085e+03 -3.214869454342424770e+00
1.460039399999999887e+03 -3.213255175885680881e+00
1.465775900000000092e+03 -3.211425688065010497e+00
1.510010299999999916e+03 -3.212036003382921834e+00
1.513672600000000102e+03 -3.210442276062424494e+00
1.551749299999999948e+03 -3.211137988091417927e+00
1.559602699999999913e+03 -3.209302076962711414e+00
1.601054599999999937e+03 -3.208506260308162439e+00
1.608733500000000049e+03 -3.205092416368422903e+00
1.640883599999999888e+03 -3.205908284325091451e+00
1.659699299999999994e+03 -3.204629732927442909e+00
1.708578400000000101e+03 -3.206748652373382580e+00
1.719444799999999987e+03 -3.204977077973113708e+00
1.741618300000000090e+03 -3.199097777479823712e+00
1.761891699999999901e+03 -3.201909687488187384e+00
1.810067500000000109e+03 -3.203209704598187102e+00
1.823506800000000112e+03 -3.204778983378929080e+00
1.844591499999999996e+03 -3.200762771847351473e+00
1.868346600000000080e+03 -3.201314990447835296e+00
1.891244899999999916e+03 -3.198111259770380688e+00
1.914710199999999986e+03 -3.198109574973941438e+00
1.948022099999999909e+03 -3.196505203125591610e+00
1.959103399999999965e+03 -3.196585744800317208e+00
2.007737200000000030e+03 -3.199057899017444306e+00
2.019160800000000108e+03 -3.197506038509290160e+00
2.059805800000000090e+03 -3.193880209561297256e+00
2.067758299999999963e+03 -3.196121210244886157e+00
2.109759199999999964e+03 -3.197315733395709625e+00
2.109772699999999986e+03 -3.194192976722032284e+00
2.152791299999999865e+03 -3.192815922268552153e+00
2.168417199999999866e+03 -3.194159467045024847e+00
2.204532799999999952e+03 -3.193531077829878217e+00
2.206234300000000076e+03 -3.189309388290783254e+00
2.257316100000000006e+03 -3.190864633318010402e+00
2.292873399999999947e+03 -3.197178010544731386e+00
2.312960799999999836e+03 -3.189042080099970367e+00
2.326139400000000023e+03 -3.197001727853401754e+00
2.342745800000000145e+03 -3.190581501247993224e+00
2.368963600000000042e+03 -3.189054520935840742e+00
2.412073400000000220e+03 -3.193062838735186926e+00
2.415405999999999949e+03 -3.190570423299328162e+00
2.453331599999999980e+03 -3.189307980765716533e+00
