1.030675099999999986e+02 1.115386118461225351e+01
1.275194500000000062e+02 1.116598005292082263e+01
1.503760100000000079e+02 1.117779259108487722e+01
1.749733699999999885e+02 1.119147007938123295e+01
1.993461499999999944e+02 1.119933441888866277e+01
2.248189600000000041e+02 1.120946010584164476e+01
2.490806800000000010e+02 1.121451607978831788e+01
2.728306999999999789e+02 1.122834469774068822e+01
2.992552600000000211e+02 1.123288672908609875e+01
3.208754200000000196e+02 1.125614441278241351e+01
3.487578899999999749e+02 1.126664817830246434e+01
3.694931900000000269e+02 1.127774730307347895e+01
3.953330599999999890e+02 1.128435782617545335e+01
4.213675499999999943e+02 1.129593222063912172e+01
4.459895500000000084e+02 1.130595562792591124e+01
4.725115400000000250e+02 1.131909016893954778e+01
4.967663200000000074e+02 1.132486515367392599e+01
5.223210900000000265e+02 1.134613321799307961e+01
5.516163000000000238e+02 1.135264909423977286e+01
5.713243999999999687e+02 1.136663494809688579e+01
5.996588500000000295e+02 1.138104213311622104e+01
6.146291300000000319e+02 1.138982495420313512e+01
6.466017399999999498e+02 1.139956492977814051e+01
6.669938600000000406e+02 1.141885253409322232e+01
6.908178000000000338e+02 1.143643242418074379e+01
7.118615999999999531e+02 1.145916089965397866e+01
7.423827499999999873e+02 1.147021473641359712e+01
7.667226299999999810e+02 1.148184001628333029e+01
7.992980900000000020e+02 1.149511042133116234e+01
8.218362300000000005e+02 1.150849124771015575e+01
8.473455900000000156e+02 1.152553989415835645e+01
8.670317599999999629e+02 1.153901842051699589e+01
9.010056399999999712e+02 1.155387797679625450e+01
9.125641100000000279e+02 1.156927844494198965e+01
9.449272300000000087e+02 1.158808111133726904e+01
9.728210900000000265e+02 1.160638815387746803e+01
9.954840599999999995e+02 1.162224506411561009e+01
1.019095100000000002e+03 1.164364034194992925e+01
1.054220900000000029e+03 1.164818084673315646e+01
1.066645700000000033e+03 1.167970588235294116e+01
1.096386199999999917e+03 1.169204457561571253e+01
1.109496300000000019e+03 1.172611540810095576e+01
1.152665199999999913e+03 1.172539843272949334e+01
1.172009299999999939e+03 1.175565591288418510e+01
1.197537499999999909e+03 1.176821137797679739e+01
1.221651100000000042e+03 1.178324852432322345e+01
1.244368199999999888e+03 1.181284703846936779e+01
1.263027499999999918e+03 1.182193415428455019e+01
1.293236000000000104e+03 1.184531396295542294e+01
1.316610899999999901e+03 1.185177590067168829e+01
1.337959900000000061e+03 1.189346834927742691e+01
1.370530999999999949e+03 1.189049206187665497e+01
1.378741400000000112e+03 1.194073732953388856e+01
1.410208499999999958e+03 1.193606706696519382e+01
1.442415899999999965e+03 1.197739314064726202e+01
1.470669000000000096e+03 1.196660899653979193e+01
1.492817700000000059e+03 1.200484785263586396e+01
1.516193099999999959e+03 1.201726490942397696e+01
1.561718399999999974e+03 1.205474099328312576e+01
1.567656300000000101e+03 1.206172297984937991e+01
1.594034100000000080e+03 1.208007632810909904e+01
1.617090300000000070e+03 1.209766893954813760e+01
1.638422000000000025e+03 1.213058569102381412e+01
1.654769000000000005e+03 1.214233106045186261e+01
1.703159499999999980e+03 1.216602686749440387e+01
1.708437300000000050e+03 1.218444484021982532e+01
1.744675600000000031e+03 1.221753867290860995e+01
1.756118199999999888e+03 1.221820883370649291e+01
1.796135999999999967e+03 1.225221809485039692e+01
1.807406799999999976e+03 1.224614746590677861e+01
1.837204400000000078e+03 1.228907693873397200e+01
1.853924700000000030e+03 1.229101414614288679e+01
1.901014300000000048e+03 1.232528394056584631e+01
1.912941900000000032e+03 1.233361642580907791e+01
1.940710100000000011e+03 1.236724964380215752e+01
1.962692399999999907e+03 1.237693873397109812e+01
1.979683600000000069e+03 1.238234632607368191e+01
2.012896899999999960e+03 1.241181355587217539e+01
2.049410699999999906e+03 1.245505851821697441e+01
2.067090599999999995e+03 1.246094443313657685e+01
2.107928399999999783e+03 1.247731732139222416e+01
2.113943600000000060e+03 1.249547425198453077e+01
2.145239300000000185e+03 1.251883523305516022e+01
2.170278699999999844e+03 1.253386474659067851e+01
2.171827400000000125e+03 1.255784144107470013e+01
2.205538000000000011e+03 1.260605231019743577e+01
2.238356900000000223e+03 1.262068847954406614e+01
2.248744400000000041e+03 1.261268318746183681e+01
2.293947299999999814e+03 1.264751526562181994e+01
2.322594500000000153e+03 1.265054192957459911e+01
2.366261599999999817e+03 1.267591848157948320e+01
2.372821300000000065e+03 1.271204610217789543e+01
2.385075200000000223e+03 1.275605739873804190e+01
2.392914800000000014e+03 1.272481935680846732e+01
2.442980700000000070e+03 1.279875534296763817e+01
