9.947821000000000424e+01 1.750288265825361478e+01
1.005180799999999977e+02 1.749634235701200780e+01
1.271103300000000047e+02 1.752874414817830129e+01
1.501233699999999942e+02 1.755930948503969091e+01
1.501361400000000117e+02 1.754662324445348887e+01
1.757452700000000050e+02 1.758380470181151978e+01
2.003497399999999971e+02 1.761230663545694952e+01
2.016420200000000023e+02 1.761564115611642833e+01
2.235134299999999996e+02 1.764076175452879980e+01
2.486036200000000065e+02 1.767405963769590826e+01
2.501794600000000059e+02 1.767843476490942223e+01
2.742864900000000148e+02 1.769389527783431504e+01
2.989569700000000125e+02 1.774101516385100652e+01
3.002377200000000244e+02 1.773583299409729364e+01
3.231184299999999894e+02 1.775837319356808308e+01
3.484025899999999751e+02 1.779983106045186503e+01
3.525977399999999875e+02 1.779638102992061732e+01
3.711201100000000110e+02 1.784096580500712292e+01
4.002991799999999785e+02 1.787704050478322770e+01
4.029773700000000076e+02 1.786967636881742294e+01
4.237161800000000085e+02 1.790954406676165078e+01
4.528260300000000029e+02 1.793663952778343429e+01
4.563755199999999945e+02 1.795565642173824372e+01
4.692431000000000267e+02 1.800774424994911627e+01
4.975130300000000148e+02 1.807979442295949468e+01
5.008796899999999823e+02 1.805303226134744676e+01
5.236713999999999487e+02 1.814358385914919580e+01
5.512791899999999714e+02 1.819263891715855763e+01
5.549274699999999712e+02 1.815527885202523706e+01
5.722731599999999617e+02 1.824309841237533192e+01
5.987299400000000560e+02 1.828140698147771204e+01
6.017610600000000431e+02 1.827581111337268283e+01
6.173716299999999819e+02 1.835941125585182121e+01
6.460328200000000152e+02 1.839549715041725975e+01
6.496054699999999684e+02 1.839934408711581426e+01
6.667831700000000410e+02 1.848930541420720530e+01
6.970145499999999856e+02 1.850327091390189338e+01
7.048394299999999930e+02 1.851124771015672721e+01
7.197747399999999516e+02 1.857009973539588898e+01
7.515607300000000350e+02 1.865624262161611924e+01
7.518632199999999557e+02 1.862329432118868056e+01
7.651089799999999741e+02 1.872013077549359039e+01
7.938056900000000269e+02 1.875031243639324430e+01
8.046206899999999678e+02 1.872705984123753353e+01
8.197528200000000425e+02 1.880097191125585354e+01
8.528093199999999570e+02 1.886381945857928244e+01
8.534021699999999555e+02 1.885667311215143727e+01
8.632313100000000077e+02 1.890382251170364114e+01
8.897811699999999746e+02 1.898725982088337005e+01
8.979254700000000184e+02 1.894593272949317964e+01
9.186397899999999481e+02 1.902308925300224018e+01
9.495094699999999648e+02 1.906803327905556600e+01
9.570626099999999497e+02 1.904921127620598398e+01
9.577542200000000321e+02 1.911196112354976506e+01
9.939844399999999496e+02 1.918452015062080207e+01
1.001471199999999953e+03 1.916458019539996016e+01
1.018339299999999980e+03 1.922741654793405175e+01
1.044601000000000113e+03 1.928991349480968864e+01
1.055311999999999898e+03 1.924221809485039714e+01
1.068088400000000092e+03 1.931429167514756884e+01
1.086272600000000011e+03 1.938490993283126329e+01
1.110842300000000023e+03 1.937388357419092344e+01
1.122596900000000005e+03 1.941431864441278421e+01
1.146421100000000024e+03 1.945604060655404055e+01
1.152558099999999968e+03 1.947352025239161222e+01
1.169173999999999978e+03 1.949873600651332950e+01
1.196318099999999959e+03 1.954536688377773146e+01
1.208877500000000055e+03 1.953453287197232058e+01
1.213737800000000107e+03 1.959348005292082107e+01
1.252614299999999957e+03 1.960689039283533575e+01
1.258192099999999982e+03 1.962601007531040054e+01
1.272326999999999998e+03 1.968180388764502453e+01
1.295587199999999939e+03 1.975370547526969389e+01
1.308013200000000097e+03 1.971409169550173246e+01
1.316679399999999987e+03 1.978590525137390443e+01
1.331955899999999929e+03 1.981560044779157437e+01
1.351439800000000105e+03 1.986520913901892982e+01
1.373683600000000069e+03 1.980234988805210961e+01
1.375896199999999908e+03 1.989170924078974068e+01
1.399169200000000046e+03 1.984726643598615681e+01
1.410209100000000035e+03 1.991188886627315213e+01
1.445253400000000056e+03 2.001173671890901673e+01
1.450835800000000063e+03 1.998198809281498356e+01
1.470070099999999911e+03 2.000954610217789309e+01
1.492369500000000016e+03 2.005618868308568992e+01
1.506250299999999925e+03 2.003800020354162470e+01
1.509779399999999896e+03 2.013631487889273330e+01
1.551276699999999892e+03 2.021037095461021948e+01
1.558879400000000032e+03 2.019238906981477655e+01
1.570972600000000057e+03 2.024135355180134255e+01
1.572038900000000012e+03 2.016353551801343258e+01
1.605503300000000081e+03 2.018737889273356245e+01
1.616712700000000041e+03 2.024126450234073005e+01
1.639931299999999965e+03 2.033697791573376534e+01
1.652930900000000065e+03 2.033135202523915908e+01
1.667352599999999939e+03 2.031951099124771076e+01
1.706797700000000077e+03 2.042796254834113512e+01
1.712466200000000072e+03 2.044016028902910875e+01
1.712870899999999892e+03 2.042361693466313710e+01
1.753472400000000107e+03 2.050512212497455522e+01
1.757810600000000022e+03 2.050373346224303006e+01
1.766202600000000075e+03 2.047700539385304097e+01
1.782221900000000005e+03 2.058722928963972976e+01
1.783819199999999910e+03 2.058899501323020687e+01
1.811031799999999976e+03 2.063418736006513399e+01
1.822573000000000093e+03 2.066957358029717184e+01
1.853692399999999907e+03 2.066482698961937814e+01
1.863147699999999986e+03 2.068415377569712987e+01
1.887037600000000111e+03 2.076324241807449411e+01
1.896749800000000050e+03 2.073587064929778379e+01
1.907522300000000087e+03 2.075295186240586176e+01
1.951750399999999900e+03 2.081255139426012590e+01
1.956647600000000011e+03 2.084798951760635077e+01
1.964067399999999907e+03 2.084679116629350659e+01
1.990310799999999972e+03 2.090709444331365674e+01
2.001132599999999911e+03 2.091190514960309343e+01
2.003280999999999949e+03 2.095106503154895350e+01
2.039201199999999972e+03 2.100255139426012718e+01
2.059119099999999889e+03 2.097732037451658726e+01
2.068414200000000164e+03 2.102437512721351709e+01
2.096058599999999842e+03 2.106486769794422997e+01
2.098989000000000033e+03 2.113042438428658443e+01
2.107796100000000024e+03 2.103960054956238324e+01
2.142525999999999840e+03 2.113344443313657806e+01
2.162973800000000210e+03 2.115016079788316716e+01
2.176207300000000032e+03 2.113884133930388742e+01
2.207471900000000005e+03 2.123023203745166043e+01
2.210448600000000170e+03 2.120436800325666482e+01
2.219262900000000172e+03 2.121271931610014150e+01
2.249492099999999937e+03 2.128261805414207331e+01
2.263234199999999873e+03 2.140707714227559677e+01
2.272503700000000208e+03 2.134581874618359620e+01
2.286436200000000099e+03 2.136377417056788275e+01
2.287280999999999949e+03 2.142696315896600723e+01
2.309439300000000003e+03 2.140198911052310393e+01
2.348648099999999886e+03 2.151411917362100468e+01
2.352037600000000111e+03 2.154100295135355125e+01
2.353378200000000106e+03 2.149111795237126188e+01
2.406512999999999920e+03 2.159126144921636481e+01
2.411625500000000102e+03 2.159986362711174479e+01
2.415630999999999858e+03 2.159091339303887835e+01
2.447695700000000215e+03 2.164585538367596129e+01
