1.224693000000000040e+02 -6.191086256056813397e+00
1.326337800000000016e+02 -6.190986518736332656e+00
1.696289299999999969e+02 -6.190310322431145096e+00
1.703329999999999984e+02 -6.190610901539607802e+00
1.800421100000000081e+02 -6.190270808179547224e+00
2.171047399999999925e+02 -6.189413603714162271e+00
2.183139199999999960e+02 -6.189829498192040980e+00
2.268631699999999967e+02 -6.189190066784387767e+00
2.670123899999999821e+02 -6.188985783877638980e+00
2.677489299999999730e+02 -6.189073914465221371e+00
2.765951400000000149e+02 -6.188551961454598072e+00
3.136245400000000245e+02 -6.187419526844854190e+00
3.136833899999999744e+02 -6.187513613120899869e+00
3.251642699999999877e+02 -6.187575074779276818e+00
3.640312599999999748e+02 -6.186612890186779623e+00
3.657968299999999999e+02 -6.187153286102521577e+00
3.723596699999999942e+02 -6.185865990690420091e+00
4.116504100000000221e+02 -6.185179240333134487e+00
4.126859699999999975e+02 -6.185376222495667875e+00
4.252582400000000007e+02 -6.185638413547822623e+00
4.638339199999999778e+02 -6.183936356117419209e+00
4.654554499999999848e+02 -6.184438497117346500e+00
4.771492499999999950e+02 -6.184465444520071742e+00
5.125947300000000268e+02 -6.181963836297668102e+00
5.163389899999999670e+02 -6.183011183285602286e+00
5.211876499999999623e+02 -6.181206445523035775e+00
5.650362400000000207e+02 -6.180583599740152145e+00
5.653245500000000447e+02 -6.180571628424804231e+00
5.705933599999999615e+02 -6.178955906743587079e+00
6.124508200000000215e+02 -6.177851898582298773e+00
6.125921600000000353e+02 -6.177817198217744554e+00
6.201506200000000035e+02 -6.176718086245192474e+00
6.633187000000000353e+02 -6.175699490124832103e+00
6.669114700000000084e+02 -6.176711744764237011e+00
6.673156000000000176e+02 -6.173496965377405665e+00
7.085140099999999848e+02 -6.171676070408947723e+00
7.086240299999999479e+02 -6.171753362759157646e+00
7.165152900000000500e+02 -6.170650219043586127e+00
7.556943899999999985e+02 -6.167645781958833062e+00
7.586578700000000026e+02 -6.168450064593304916e+00
7.722501999999999498e+02 -6.168598900604887803e+00
8.100112000000000307e+02 -6.165735692789716005e+00
8.138227200000000039e+02 -6.166785671058971019e+00
8.240440099999999575e+02 -6.166337298455212945e+00
8.614362499999999727e+02 -6.162274545526775782e+00
8.621096599999999626e+02 -6.162514277592519463e+00
8.730149000000000115e+02 -6.161860061426908786e+00
9.073107300000000350e+02 -6.157813026780336152e+00
9.097101699999999482e+02 -6.158479126656247082e+00
9.283991700000000264e+02 -6.159542540916394415e+00
9.614621700000000146e+02 -6.154419111474092929e+00
9.646043700000000172e+02 -6.155301654592523874e+00
9.703755400000000009e+02 -6.153358852026323156e+00
1.015958300000000008e+03 -6.147645447263794694e+00
1.021405999999999949e+03 -6.152563861482454932e+00
1.023634599999999978e+03 -6.153264159342453077e+00
1.051064499999999953e+03 -6.143259364718491433e+00
1.053430499999999938e+03 -6.143883235320641845e+00
1.066065200000000004e+03 -6.143163702957770589e+00
1.098611000000000104e+03 -6.138768056943223250e+00
1.107567700000000059e+03 -6.141093719293377440e+00
1.122878699999999981e+03 -6.141805428713094095e+00
1.154390499999999975e+03 -6.137376037126483830e+00
1.160238599999999906e+03 -6.138840563978664733e+00
1.169466899999999896e+03 -6.137526385379864280e+00
1.198930200000000013e+03 -6.131894710691479844e+00
1.211950299999999970e+03 -6.135219448579738888e+00
1.215905400000000100e+03 -6.132880939601194292e+00
1.250677899999999909e+03 -6.128275778052427292e+00
1.251326600000000099e+03 -6.128432793982121929e+00
1.266435500000000047e+03 -6.129267302325096978e+00
1.311366199999999935e+03 -6.127695320964456904e+00
1.311503600000000006e+03 -6.127796992627839501e+00
1.315438300000000027e+03 -6.125187588023490726e+00
1.356130699999999933e+03 -6.121676750554030377e+00
1.360639599999999973e+03 -6.122885643566876368e+00
1.373509600000000091e+03 -6.122072758158213723e+00
1.405291099999999915e+03 -6.114781581147623157e+00
1.406801799999999957e+03 -6.118820610789049042e+00
1.410080799999999954e+03 -6.119715620998301908e+00
1.457045599999999922e+03 -6.113570268442731326e+00
1.464808800000000019e+03 -6.115634201855073115e+00
1.476649100000000089e+03 -6.115070587659558576e+00
1.506975200000000086e+03 -6.108580649069765833e+00
1.516099600000000009e+03 -6.110996479782238922e+00
1.517961499999999887e+03 -6.108060862983505146e+00
1.552722199999999930e+03 -6.104822486031095785e+00
1.555120300000000043e+03 -6.105469411890083187e+00
1.559346500000000106e+03 -6.102720629425610888e+00
1.602788600000000088e+03 -6.101003994445065359e+00
1.603459700000000112e+03 -6.097506613962425881e+00
1.606047700000000077e+03 -6.101870452821336777e+00
1.654188100000000077e+03 -6.097195818631870878e+00
1.655051500000000033e+03 -6.093729323927489006e+00
1.663318099999999959e+03 -6.099496060621881988e+00
1.709001500000000078e+03 -6.094209141448732048e+00
1.709823699999999917e+03 -6.094474617340219780e+00
1.717787600000000111e+03 -6.093121577566810387e+00
1.764473899999999958e+03 -6.092666999453506982e+00
1.766236799999999903e+03 -6.089472734024002243e+00
1.768981999999999971e+03 -6.093926062202430494e+00
1.799970800000000054e+03 -6.085895150842227430e+00
1.803628999999999905e+03 -6.086851045454544362e+00
1.808882299999999987e+03 -6.084271615371141806e+00
1.846398799999999937e+03 -6.082331358607770078e+00
1.854898799999999937e+03 -6.084528777834269597e+00
1.863859600000000000e+03 -6.083171905570965876e+00
1.906504200000000083e+03 -6.077028156529855174e+00
1.909339500000000044e+03 -6.082090468375898062e+00
1.909640499999999975e+03 -6.082223747961118754e+00
1.961237399999999980e+03 -6.077829518694021438e+00
1.967013699999999972e+03 -6.079234266637823403e+00
1.981240000000000009e+03 -6.077708506794968990e+00
1.994374700000000075e+03 -6.070361161315153353e+00
1.996447499999999991e+03 -6.070873614095738446e+00
1.996711099999999988e+03 -6.068268240709066674e+00
2.046156799999999976e+03 -6.066452933281426319e+00
2.052772899999999936e+03 -6.068153658624209079e+00
2.064636800000000221e+03 -6.067770682441349983e+00
2.091084299999999985e+03 -6.064408925796911376e+00
2.092181500000000142e+03 -6.064649830099971162e+00
2.128386199999999917e+03 -6.070297884330923210e+00
2.152978700000000117e+03 -6.065409351598460397e+00
2.153965900000000147e+03 -6.065638102041470248e+00
2.160245800000000145e+03 -6.063350020053742462e+00
2.187294199999999819e+03 -6.055414827236950792e+00
2.190091300000000047e+03 -6.056079923911500629e+00
2.201603599999999915e+03 -6.057357527805413255e+00
2.240943499999999858e+03 -6.055379293329394841e+00
2.250340099999999893e+03 -6.057781023387028618e+00
2.260192900000000009e+03 -6.056272601483001061e+00
2.296579200000000128e+03 -6.052343646080251105e+00
2.297799899999999980e+03 -6.052643955711348056e+00
2.297919800000000123e+03 -6.048886533766856921e+00
2.328746599999999944e+03 -6.045841220300671282e+00
2.337524899999999889e+03 -6.048016447616625157e+00
2.355175299999999879e+03 -6.047962594526111957e+00
2.386873000000000047e+03 -6.041641510111365854e+00
2.402760200000000168e+03 -6.046954142879322980e+00
2.406326700000000073e+03 -6.047895999443137605e+00
2.445334800000000087e+03 -6.047387554924736897e+00
2.448033600000000206e+03 -6.048073544811750857e+00
