9.996081800000000328e+01 -3.345603259903884297e+00
1.002272799999999933e+02 -3.345639986059242954e+00
1.271778099999999938e+02 -3.345264979381147974e+00
1.503300399999999968e+02 -3.345146892628769741e+00
1.518583700000000078e+02 -3.345288536153678827e+00
1.771747400000000141e+02 -3.344951986589234316e+00
2.008506299999999953e+02 -3.344372187017630171e+00
2.018323499999999910e+02 -3.344667961642697751e+00
2.236148799999999994e+02 -3.343238676568275558e+00
2.504116099999999960e+02 -3.342717660800311297e+00
2.505989899999999864e+02 -3.343174406759129358e+00
2.727104899999999930e+02 -3.341402576912002598e+00
2.988667899999999804e+02 -3.340807540084229643e+00
2.995836499999999774e+02 -3.340367277484025177e+00
3.232214000000000169e+02 -3.338887683096412040e+00
3.503809999999999718e+02 -3.338408166250391051e+00
3.505409099999999967e+02 -3.336083945411864704e+00
3.721925100000000270e+02 -3.332522857919080206e+00
3.988193099999999731e+02 -3.331341078970653680e+00
3.999987499999999727e+02 -3.329285210163120290e+00
4.202961000000000240e+02 -3.323614353856420678e+00
4.431265000000000214e+02 -3.322421870816978373e+00
4.510691600000000108e+02 -3.320882951316199261e+00
4.719625599999999963e+02 -3.315935288182696450e+00
4.999068199999999820e+02 -3.314880074855668823e+00
5.018893899999999917e+02 -3.316808291553804633e+00
5.234963599999999815e+02 -3.312148397846080172e+00
5.429747800000000097e+02 -3.308847909990286773e+00
5.517179200000000492e+02 -3.310642838708991675e+00
5.691519200000000183e+02 -3.305798867271457997e+00
5.964812399999999570e+02 -3.305360733039495180e+00
6.035477200000000266e+02 -3.306314059925524518e+00
6.166876300000000128e+02 -3.301147432390816761e+00
6.470923699999999599e+02 -3.300057683362948246e+00
6.513650000000000091e+02 -3.301648911305349543e+00
6.664194599999999582e+02 -3.297135639331499668e+00
7.016668700000000172e+02 -3.297698030630053179e+00
7.024808500000000322e+02 -3.297666500559739866e+00
7.239233000000000402e+02 -3.296008294574456876e+00
7.434112599999999702e+02 -3.292597205626317969e+00
7.453810099999999466e+02 -3.292918912495719663e+00
7.664811600000000453e+02 -3.289468012011045772e+00
8.014259799999999814e+02 -3.290121931484969231e+00
8.080371300000000474e+02 -3.291250595554365166e+00
8.169098999999999933e+02 -3.286696377955260484e+00
8.459786000000000286e+02 -3.285316548424564775e+00
8.502663099999999758e+02 -3.287198668537403723e+00
8.614551900000000160e+02 -3.282011581116322851e+00
9.012985300000000279e+02 -3.282214686621793387e+00
9.022771800000000439e+02 -3.284450793175922811e+00
9.219423600000000079e+02 -3.281192022280952081e+00
9.482323099999999840e+02 -3.280365405965294023e+00
9.554406599999999798e+02 -3.279677004837147525e+00
9.589912000000000489e+02 -3.275111987611286857e+00
9.969241799999999785e+02 -3.275896791851407031e+00
9.997577099999999746e+02 -3.275854127493153634e+00
1.011793499999999995e+03 -3.272725643253691530e+00
1.047494599999999991e+03 -3.273701170200624677e+00
1.051149100000000089e+03 -3.274704551195852353e+00
1.063463500000000067e+03 -3.270069068152617220e+00
1.091314800000000105e+03 -3.270186851107134807e+00
1.105808800000000019e+03 -3.270985640011555784e+00
1.109616700000000037e+03 -3.267445531207313181e+00
1.138388999999999896e+03 -3.265993198093480654e+00
1.152494400000000041e+03 -3.268457860376611457e+00
1.166703400000000101e+03 -3.266946862822822872e+00
1.190020600000000059e+03 -3.263510900997858233e+00
1.198787299999999959e+03 -3.264020703266706125e+00
1.213280700000000024e+03 -3.264490362908967214e+00
1.244191299999999956e+03 -3.261799911050073053e+00
1.260737100000000055e+03 -3.263524714250533698e+00
1.264240199999999959e+03 -3.261144868215724024e+00
1.297572300000000041e+03 -3.260958042914885446e+00
1.307220199999999977e+03 -3.262961122090987764e+00
1.314648999999999887e+03 -3.259920135043358869e+00
1.342837099999999964e+03 -3.258740039406341715e+00
1.345727599999999939e+03 -3.258365573311997387e+00
1.365151900000000069e+03 -3.258091751798176006e+00
1.393529600000000073e+03 -3.253636073530613348e+00
1.401646799999999985e+03 -3.255430389263894053e+00
1.406759600000000091e+03 -3.252988309024179348e+00
1.442214199999999892e+03 -3.256083094733755789e+00
1.451991099999999960e+03 -3.254177430570222018e+00
1.470561099999999897e+03 -3.255022008500380704e+00
1.493179599999999937e+03 -3.251832245601075311e+00
1.502808700000000044e+03 -3.253380586727863122e+00
1.520754799999999932e+03 -3.252751132381117571e+00
1.538169599999999946e+03 -3.248029105564057772e+00
1.550289199999999937e+03 -3.248088530499785520e+00
1.566170699999999897e+03 -3.249463092920219065e+00
1.609115399999999909e+03 -3.250874739666754110e+00
1.610042899999999918e+03 -3.251144335730306256e+00
1.617526299999999992e+03 -3.249578841846505028e+00
1.647158400000000029e+03 -3.246269860885623082e+00
1.657591599999999971e+03 -3.247532285890777803e+00
1.660316499999999905e+03 -3.246741967987636812e+00
1.685734099999999899e+03 -3.243901973087249591e+00
1.701901699999999892e+03 -3.248240178493298380e+00
1.727140900000000101e+03 -3.247698914038052109e+00
1.737753799999999956e+03 -3.240060257924508136e+00
1.753818099999999959e+03 -3.242024465327558946e+00
1.763319500000000062e+03 -3.243879809745298104e+00
1.779662399999999934e+03 -3.239264402284921740e+00
1.815278199999999970e+03 -3.243154779580095681e+00
1.822295299999999997e+03 -3.244269725039605312e+00
1.850450199999999995e+03 -3.241633560280668735e+00
1.851044900000000098e+03 -3.241616581533201202e+00
1.860825000000000045e+03 -3.240276572640703900e+00
1.890149599999999964e+03 -3.240555255366729615e+00
1.900394000000000005e+03 -3.239695037088864193e+00
1.919101100000000088e+03 -3.238613527465532549e+00
1.948030600000000049e+03 -3.239086374695032244e+00
1.954565100000000029e+03 -3.234320401312323678e+00
1.965747200000000021e+03 -3.238572737596848494e+00
1.989639699999999948e+03 -3.236219910987113479e+00
1.997791799999999967e+03 -3.237036123072952964e+00
2.018331899999999905e+03 -3.237748651417781787e+00
2.027974500000000035e+03 -3.232230667786219591e+00
2.054454099999999926e+03 -3.235857313437088489e+00
2.060668200000000070e+03 -3.234043926518158418e+00
2.095077299999999923e+03 -3.234242742709893204e+00
2.114022699999999986e+03 -3.232021942797729253e+00
2.117397100000000137e+03 -3.235927062580164382e+00
2.145239700000000084e+03 -3.227854981919310529e+00
2.162094500000000153e+03 -3.234736810047246891e+00
2.164721700000000055e+03 -3.231171794488463700e+00
2.199595899999999801e+03 -3.233287815519672481e+00
2.205400200000000041e+03 -3.231622507089114027e+00
2.217657700000000204e+03 -3.231810244244737618e+00
2.250795500000000175e+03 -3.230366186693705899e+00
2.256018599999999878e+03 -3.233232083850066108e+00
2.266279700000000048e+03 -3.231977139500314067e+00
2.293166499999999814e+03 -3.227877179839768296e+00
2.302725699999999961e+03 -3.229265225714963883e+00
2.307862399999999980e+03 -3.229834056443838808e+00
2.340423400000000129e+03 -3.225885857131176593e+00
2.342009100000000217e+03 -3.228022791947335879e+00
2.362141900000000078e+03 -3.228751081514259269e+00
2.386952000000000226e+03 -3.227057974299584409e+00
2.390281700000000001e+03 -3.228797762544957983e+00
2.396173800000000028e+03 -3.224211329650705782e+00
2.468163300000000163e+03 -3.231497908603023994e+00
