9.936512500000000614e+01 -4.555352019392741703e+00
1.003399600000000049e+02 -4.555547856159934739e+00
1.274013700000000000e+02 -4.555135821110118499e+00
1.491567900000000009e+02 -4.554604066539184259e+00
1.494214699999999993e+02 -4.554692743980313097e+00
1.763808999999999969e+02 -4.554628810773413861e+00
1.998188100000000134e+02 -4.554255298525989204e+00
2.001146099999999990e+02 -4.554139320109330313e+00
2.264539300000000139e+02 -4.554118363318893081e+00
2.460052200000000084e+02 -4.552961790136978770e+00
2.497988499999999874e+02 -4.552763656817037763e+00
2.731208199999999806e+02 -4.552038270692593258e+00
2.987957999999999856e+02 -4.550981025736756891e+00
3.027948000000000093e+02 -4.552152186563819036e+00
3.228507700000000114e+02 -4.549841023164798770e+00
3.507197600000000079e+02 -4.548871632949370358e+00
3.510232100000000059e+02 -4.549696976805986282e+00
3.731687800000000266e+02 -4.546141821615935719e+00
3.986211799999999812e+02 -4.544074104299365757e+00
4.000166399999999953e+02 -4.545727958430516580e+00
4.245442899999999895e+02 -4.539179825347128272e+00
4.513512900000000059e+02 -4.538514558411319122e+00
4.518308799999999792e+02 -4.536630654736536705e+00
4.702929800000000000e+02 -4.528386733849889545e+00
4.992318099999999959e+02 -4.526382398117973160e+00
4.994823999999999842e+02 -4.526944280153823996e+00
5.226651699999999892e+02 -4.516918507488128398e+00
5.475915599999999586e+02 -4.514626112851452433e+00
5.519420599999999695e+02 -4.516084001354474964e+00
5.716100900000000138e+02 -4.506476231845356395e+00
5.972725699999999733e+02 -4.505482008189354737e+00
5.992441300000000410e+02 -4.505152391813498802e+00
6.223218200000000024e+02 -4.497846146324371297e+00
6.466333799999999883e+02 -4.495563541898558668e+00
6.501193299999999908e+02 -4.495902445638312983e+00
6.747262299999999868e+02 -4.490905789470007292e+00
6.971792500000000246e+02 -4.487047050889118260e+00
7.028936099999999669e+02 -4.488491607400211691e+00
7.221391899999999850e+02 -4.482572102239395839e+00
7.510683099999999968e+02 -4.482115734601978652e+00
7.527920100000000048e+02 -4.480067553388662915e+00
7.672671100000000024e+02 -4.475179082971463274e+00
8.039242000000000417e+02 -4.474980065006136876e+00
8.069475899999999911e+02 -4.476162190544949127e+00
8.095019600000000537e+02 -4.468247490070956118e+00
8.496291300000000319e+02 -4.466848060433429524e+00
8.549517799999999852e+02 -4.470033658237571039e+00
8.724444200000000365e+02 -4.467264026134754928e+00
8.914297199999999748e+02 -4.463499958834372450e+00
9.015344000000000051e+02 -4.465307517976927265e+00
9.105472499999999627e+02 -4.459116961434706816e+00
9.481955299999999625e+02 -4.459683294305667012e+00
9.510774800000000369e+02 -4.461124142799949510e+00
9.625699399999999741e+02 -4.456875042246696061e+00
9.948196900000000369e+02 -4.456496185247814878e+00
1.003221300000000042e+03 -4.459188319321270022e+00
1.015169599999999946e+03 -4.454147892933161934e+00
1.043502700000000004e+03 -4.454290444498541390e+00
1.056380599999999959e+03 -4.454413348598462719e+00
1.070302200000000084e+03 -4.452699973855761328e+00
1.095968299999999999e+03 -4.450994493898537741e+00
1.096487499999999955e+03 -4.452896679983631145e+00
1.111852699999999913e+03 -4.449597518218850745e+00
1.141621000000000095e+03 -4.449561840484554942e+00
1.146449200000000019e+03 -4.449194618208232477e+00
1.157366500000000087e+03 -4.446677297525270411e+00
1.199836299999999937e+03 -4.446954673065250496e+00
1.209120599999999968e+03 -4.449283050148420848e+00
1.218566499999999905e+03 -4.448127863116665637e+00
1.246890599999999949e+03 -4.445784625759834796e+00
1.251084399999999960e+03 -4.445670760553791290e+00
1.263819899999999961e+03 -4.446325394060641756e+00
1.292510399999999890e+03 -4.445980755866411727e+00
1.299931800000000067e+03 -4.446487163729933023e+00
1.310171199999999999e+03 -4.443669516072549897e+00
1.342817199999999957e+03 -4.442692354660682241e+00
1.356806299999999965e+03 -4.443146134876482023e+00
1.359401599999999917e+03 -4.444562390138952601e+00
1.392612800000000107e+03 -4.443134712793531449e+00
1.403090599999999995e+03 -4.445191845071382986e+00
1.412673600000000079e+03 -4.444774268837448972e+00
1.450230800000000045e+03 -4.445221798234942234e+00
1.464708000000000084e+03 -4.442936557458993185e+00
1.467808099999999968e+03 -4.444594040215124053e+00
1.489370799999999917e+03 -4.444525337695062639e+00
1.514874499999999898e+03 -4.444764084159573692e+00
1.519479100000000017e+03 -4.448683958113909931e+00
1.549056700000000092e+03 -4.443417675931156552e+00
1.552386299999999892e+03 -4.443961682167405947e+00
1.566143000000000029e+03 -4.446214785979395678e+00
1.593141900000000078e+03 -4.442321294697005207e+00
1.600644000000000005e+03 -4.445042794712135148e+00
1.611904399999999896e+03 -4.443744133537042451e+00
1.638131800000000112e+03 -4.442838299782961187e+00
1.648983199999999897e+03 -4.442852080232134071e+00
1.649661000000000058e+03 -4.446022114715035833e+00
1.697225599999999986e+03 -4.447176642266546409e+00
1.699505100000000084e+03 -4.444549878964958012e+00
1.705984300000000076e+03 -4.446346700821472098e+00
1.735246699999999919e+03 -4.445333759135312590e+00
1.753000900000000001e+03 -4.445878285292282683e+00
1.763552500000000009e+03 -4.446969914617454833e+00
1.807541999999999916e+03 -4.449540783665096200e+00
1.811009299999999939e+03 -4.449393642723386222e+00
1.816660499999999956e+03 -4.449276226907786125e+00
1.852490399999999909e+03 -4.449356850526957174e+00
1.858329799999999977e+03 -4.449088057626986448e+00
1.865170699999999897e+03 -4.449941901298437585e+00
1.901244999999999891e+03 -4.449013042823505515e+00
1.905818700000000035e+03 -4.451354757537689721e+00
1.910360500000000002e+03 -4.450468553168793306e+00
1.936002099999999928e+03 -4.450811390399912248e+00
1.961444700000000012e+03 -4.451977909382656584e+00
1.961800799999999981e+03 -4.453116732010426126e+00
1.999823499999999967e+03 -4.452089853799464869e+00
2.000492500000000064e+03 -4.451950621652374096e+00
2.007768800000000056e+03 -4.453091510949601428e+00
2.063836099999999988e+03 -4.456099254449053859e+00
2.066577000000000226e+03 -4.456126068997166456e+00
2.076401899999999841e+03 -4.457451824576970090e+00
2.084235499999999774e+03 -4.453089677310547501e+00
2.093116899999999987e+03 -4.453132490249758213e+00
2.108105300000000170e+03 -4.454811330355055610e+00
2.157974499999999807e+03 -4.457310930493162182e+00
2.166207300000000032e+03 -4.457463850851107523e+00
2.168206599999999980e+03 -4.461153974512823694e+00
2.202781300000000101e+03 -4.457813116358257055e+00
2.211800299999999879e+03 -4.457618196120967546e+00
2.216489799999999832e+03 -4.460856120593474472e+00
2.243602899999999863e+03 -4.456790391649641414e+00
2.249841499999999996e+03 -4.460154924057735393e+00
2.265942599999999857e+03 -4.460417724985296317e+00
2.291780699999999797e+03 -4.464890284643342255e+00
2.298778899999999794e+03 -4.460317716354202489e+00
2.299448899999999867e+03 -4.464517385104386449e+00
2.354512400000000071e+03 -4.465057810320813836e+00
2.359303300000000036e+03 -4.462599223289744010e+00
2.369043999999999869e+03 -4.468101613691460194e+00
2.388536500000000160e+03 -4.462491464350839543e+00
2.407069899999999961e+03 -4.465453895738304979e+00
2.421586899999999787e+03 -4.465495807478304435e+00
2.431031300000000101e+03 -4.470281154710242788e+00
