9.916877599999999404e+01 -6.264312555827275197e+00
1.000762699999999938e+02 -6.264419438724349476e+00
1.273798299999999983e+02 -6.264441009766120949e+00
1.502781500000000108e+02 -6.264313968566006530e+00
1.507594400000000121e+02 -6.264431267656159541e+00
1.750122499999999945e+02 -6.264023918906433508e+00
1.998142599999999902e+02 -6.263996692991117499e+00
2.010374099999999942e+02 -6.263982655332444693e+00
2.229684499999999900e+02 -6.263754647234524242e+00
2.482638900000000035e+02 -6.263586816707940486e+00
2.496460700000000088e+02 -6.263900376306545503e+00
2.731718599999999810e+02 -6.263679086147161179e+00
2.986873699999999872e+02 -6.263327460126259183e+00
3.015043800000000260e+02 -6.263904583639097190e+00
3.214284700000000043e+02 -6.263215239518663324e+00
3.503329499999999825e+02 -6.263568754749385903e+00
3.508495300000000157e+02 -6.263580175989420518e+00
3.704698099999999954e+02 -6.262741560221002146e+00
4.002895599999999945e+02 -6.262335863572133121e+00
4.019978100000000154e+02 -6.262886883829723139e+00
4.205371999999999844e+02 -6.262509219135119487e+00
4.465787300000000073e+02 -6.261690078840813634e+00
4.524792899999999918e+02 -6.262199818369994730e+00
4.684378600000000006e+02 -6.261403789959506305e+00
5.018602399999999761e+02 -6.262179801088239905e+00
5.046544099999999844e+02 -6.262626350761495431e+00
5.181268900000000031e+02 -6.261169299844256741e+00
5.466633900000000494e+02 -6.260797214737714000e+00
5.514273799999999710e+02 -6.261039079851015821e+00
5.709703100000000404e+02 -6.261158993926276395e+00
5.983695400000000291e+02 -6.260067499888116949e+00
6.045801300000000538e+02 -6.260811571125064923e+00
6.197681400000000167e+02 -6.260250390127235498e+00
6.456061700000000201e+02 -6.258929322895889769e+00
6.572236699999999701e+02 -6.261403978569676454e+00
6.640353800000000319e+02 -6.257972594384082932e+00
6.966651000000000522e+02 -6.258063328888490595e+00
7.006165399999999863e+02 -6.258222347164897670e+00
7.141786399999999730e+02 -6.256885655927489687e+00
7.509725600000000441e+02 -6.257196517652872103e+00
7.525386999999999489e+02 -6.257540333535875021e+00
7.751993400000000065e+02 -6.258386347629101287e+00
8.016106200000000399e+02 -6.256976859797384272e+00
8.051740499999999656e+02 -6.255588897669457360e+00
8.174773099999999886e+02 -6.254045843079996558e+00
8.429283900000000358e+02 -6.252071617205932519e+00
8.539237600000000157e+02 -6.252445688209514074e+00
8.666195500000000038e+02 -6.251900202440746845e+00
9.018037399999999479e+02 -6.249312217951077386e+00
9.033874899999999570e+02 -6.252668422722210906e+00
9.181684900000000198e+02 -6.248237010341431308e+00
9.484870899999999665e+02 -6.246327872522583924e+00
9.571130299999999806e+02 -6.244445800082266906e+00
9.674195700000000215e+02 -6.240870168519355055e+00
9.914152199999999766e+02 -6.224544517092292395e+00
9.916673200000000179e+02 -6.239122207771244710e+00
1.017886300000000006e+03 -6.221966894206050647e+00
1.054270600000000059e+03 -6.219523784474657369e+00
1.054304399999999987e+03 -6.206292648643390031e+00
1.068584299999999985e+03 -6.200444800016811087e+00
1.094303100000000086e+03 -6.190518209680611506e+00
1.095139599999999973e+03 -6.198316895942316052e+00
1.116808500000000095e+03 -6.187514809645097813e+00
1.148317700000000059e+03 -6.186007603631127338e+00
1.153670000000000073e+03 -6.187106321466101733e+00
1.163464099999999917e+03 -6.178676557132199321e+00
1.193249700000000075e+03 -6.178063578944782641e+00
1.199818899999999985e+03 -6.179008743921214908e+00
1.215303100000000086e+03 -6.175148396096845183e+00
1.241076399999999921e+03 -6.171486658376777790e+00
1.242596399999999903e+03 -6.172635256918529656e+00
1.254949100000000044e+03 -6.165063868145269410e+00
1.307191399999999931e+03 -6.164153198394791922e+00
1.312896099999999933e+03 -6.161359709058887191e+00
1.314735500000000002e+03 -6.168204048002664308e+00
1.351518900000000031e+03 -6.162411538765406149e+00
1.354970600000000104e+03 -6.161106131247330531e+00
1.369616099999999960e+03 -6.159120352964575495e+00
1.396926699999999983e+03 -6.156671730959843991e+00
1.401363499999999931e+03 -6.158598805367080153e+00
1.417479100000000017e+03 -6.152040909484247422e+00
1.444868400000000065e+03 -6.149530707492588455e+00
1.453868600000000015e+03 -6.152595785619580759e+00
1.466032400000000052e+03 -6.147598196264128845e+00
1.499067500000000109e+03 -6.147622245750805625e+00
1.513023599999999988e+03 -6.147344565845635600e+00
1.531156099999999924e+03 -6.147652980049577387e+00
1.535849999999999909e+03 -6.142577010460732012e+00
1.558439599999999928e+03 -6.145536757813768070e+00
1.559781099999999924e+03 -6.136075400252559042e+00
1.587689399999999978e+03 -6.133967027329576105e+00
1.603900000000000091e+03 -6.136951806042657331e+00
1.613791500000000042e+03 -6.132695399850354612e+00
1.638095800000000054e+03 -6.128938345803872423e+00
1.643677500000000009e+03 -6.131690099023943574e+00
1.667150799999999890e+03 -6.128174657025488692e+00
1.689057700000000068e+03 -6.127552152608684466e+00
1.694287600000000111e+03 -6.121701865506247842e+00
1.707586499999999887e+03 -6.120725586947862062e+00
1.737713600000000042e+03 -6.118736920176862881e+00
1.738674899999999980e+03 -6.118540188062310925e+00
1.771744300000000067e+03 -6.120073715406740611e+00
1.789042699999999968e+03 -6.114092307232541046e+00
1.799074200000000019e+03 -6.118628963357317652e+00
1.812617700000000013e+03 -6.113538226930692154e+00
1.839159100000000080e+03 -6.109449676712181088e+00
1.844186999999999898e+03 -6.111538212756657984e+00
1.859605700000000070e+03 -6.104956372545865761e+00
1.908563599999999951e+03 -6.107393648298553579e+00
1.910741999999999962e+03 -6.108275859564351151e+00
1.922749199999999973e+03 -6.105369884505294387e+00
1.948254899999999907e+03 -6.104190869971763966e+00
1.948971999999999980e+03 -6.101645743709030789e+00
1.965739600000000110e+03 -6.101592144716087240e+00
1.992789099999999962e+03 -6.097662426582615147e+00
2.024767100000000028e+03 -6.105637802855861551e+00
2.024812699999999950e+03 -6.086479023482580075e+00
2.032227900000000091e+03 -6.100180551502514703e+00
2.046992899999999963e+03 -6.096361225070644707e+00
2.067527099999999791e+03 -6.093904102766370734e+00
2.100059299999999894e+03 -6.087998224007461268e+00
2.104928699999999935e+03 -6.085922031338809823e+00
2.112268900000000031e+03 -6.094455584979859175e+00
2.118374400000000151e+03 -6.082969150276931636e+00
2.153820200000000114e+03 -6.086138803286903709e+00
2.166307999999999993e+03 -6.084120353987096053e+00
2.184355700000000070e+03 -6.079939615904260464e+00
2.197338799999999992e+03 -6.075802111983526821e+00
2.214289200000000164e+03 -6.084923594569984218e+00
2.238898700000000190e+03 -6.074646621341149633e+00
2.245607899999999972e+03 -6.077485805280295139e+00
2.257739999999999782e+03 -6.076758465785717434e+00
2.302422799999999825e+03 -6.075264876476620834e+00
2.308764599999999973e+03 -6.076059660294828468e+00
2.324023099999999886e+03 -6.073443630922275460e+00
2.337377899999999954e+03 -6.069776226586298229e+00
2.341544499999999971e+03 -6.072250688889696768e+00
2.369623399999999947e+03 -6.070944612013565056e+00
2.394738199999999779e+03 -6.059206573393017159e+00
2.406751999999999953e+03 -6.065039837640874509e+00
2.410531500000000051e+03 -6.071040829777791359e+00
2.457884500000000116e+03 -6.061370249468724047e+00
