1.209453299999999984e+02 1.199306737227763087e+01
1.321531999999999982e+02 1.200312029309993989e+01
1.694362800000000107e+02 1.202591390189293818e+01
1.696297900000000141e+02 1.202493486668023515e+01
1.800954999999999870e+02 1.202714889069814852e+01
2.178685499999999990e+02 1.205472216568288246e+01
2.179459200000000010e+02 1.205470333808263739e+01
2.282346599999999910e+02 1.206283279055566915e+01
2.648693900000000099e+02 1.208678353348259726e+01
2.675097400000000221e+02 1.208709800529208245e+01
2.756978599999999915e+02 1.209095461021778917e+01
3.145601899999999773e+02 1.211913952778343173e+01
3.154464100000000144e+02 1.211918430694076854e+01
3.242745800000000145e+02 1.212536433950742953e+01
3.662883400000000051e+02 1.215287095461021849e+01
3.669705099999999902e+02 1.215255037655200532e+01
3.735790900000000079e+02 1.216219214329330356e+01
4.133358699999999999e+02 1.218616069611235453e+01
4.139450800000000186e+02 1.218634795440667595e+01
4.224459100000000262e+02 1.219346122532057741e+01
4.651141700000000014e+02 1.222232546305719580e+01
4.652866799999999898e+02 1.222239161408507968e+01
4.735071500000000242e+02 1.223420516995725649e+01
5.107651299999999992e+02 1.226176877671483822e+01
5.151879500000000007e+02 1.226191125585182107e+01
5.234907899999999472e+02 1.226766893954813753e+01
5.631326999999999998e+02 1.230283838795033624e+01
5.654463399999999638e+02 1.230279666191736254e+01
5.706229700000000093e+02 1.230949012823122324e+01
6.096508400000000165e+02 1.234236210054956295e+01
6.138804999999999836e+02 1.234253154895175975e+01
6.253565300000000207e+02 1.234860573987380405e+01
6.583120400000000245e+02 1.238055872175859840e+01
6.644886999999999944e+02 1.238101312843476620e+01
6.708783399999999801e+02 1.239442245064115689e+01
7.114329000000000178e+02 1.242764044372074039e+01
7.132468900000000076e+02 1.242773967026256798e+01
7.212310300000000325e+02 1.243334622430286984e+01
7.650431800000000067e+02 1.246623346224302864e+01
7.652943500000000085e+02 1.246652096478729987e+01
7.700710100000000011e+02 1.248103551801343336e+01
8.143918099999999640e+02 1.251323529411764746e+01
8.145820300000000316e+02 1.251343680032566574e+01
8.211067299999999705e+02 1.252578872379401531e+01
8.614998500000000377e+02 1.255333655607571863e+01
8.649274299999999585e+02 1.258421585589253056e+01
8.665007299999999759e+02 1.255416547934052396e+01
9.153033100000000104e+02 1.263842814980663576e+01
9.181849999999999454e+02 1.260327345817219680e+01
9.188536199999999781e+02 1.260245827396702722e+01
9.603394899999999552e+02 1.264755241196824898e+01
9.640995599999999968e+02 1.264858385914919658e+01
9.658019500000000335e+02 1.267828668837777251e+01
1.015258100000000013e+03 1.274035975982088331e+01
1.022864500000000021e+03 1.270319916547934014e+01
1.024216300000000047e+03 1.270261601872582879e+01
1.061059600000000046e+03 1.276280633014451560e+01
1.063043899999999894e+03 1.276246488906981469e+01
1.068496100000000069e+03 1.278269947079177626e+01
1.110054799999999886e+03 1.283154996946875670e+01
1.112365999999999985e+03 1.283219977610421481e+01
1.118422299999999950e+03 1.282797069000610612e+01
1.163314100000000053e+03 1.287900010177081178e+01
1.164190599999999904e+03 1.287885660492570850e+01
1.170077999999999975e+03 1.288969316100142493e+01
1.204335700000000088e+03 1.292598921229391529e+01
1.210463500000000067e+03 1.292556838998575230e+01
1.215057299999999941e+03 1.294556889883981299e+01
1.257960800000000063e+03 1.297833604722165646e+01
1.267761099999999942e+03 1.297875178098921189e+01
1.273549500000000080e+03 1.300552411968247490e+01
1.296032799999999952e+03 1.303981121514349617e+01
1.308067999999999984e+03 1.303983614899246746e+01
1.319207300000000032e+03 1.304471605943415469e+01
1.363633399999999938e+03 1.311374618359454480e+01
1.367171000000000049e+03 1.309694127824140075e+01
1.372331699999999955e+03 1.309643598615916993e+01
1.418499499999999898e+03 1.315349277427233865e+01
1.419943400000000111e+03 1.315389985752086233e+01
1.420023100000000113e+03 1.316385914919601063e+01
1.459525399999999991e+03 1.321649552208426570e+01
1.460258100000000013e+03 1.321858589456543775e+01
1.461479599999999891e+03 1.321698605739873678e+01
1.501686300000000074e+03 1.326749592916751475e+01
1.511744400000000041e+03 1.326805058009362881e+01
1.518160499999999956e+03 1.327260889476898065e+01
1.557609500000000025e+03 1.331880113983309499e+01
1.558166500000000042e+03 1.331926572359047434e+01
1.559273300000000063e+03 1.333115408100956678e+01
1.610676699999999983e+03 1.336465347038469353e+01
1.611441399999999931e+03 1.336457001831874791e+01
1.617562799999999925e+03 1.339178048035823387e+01
1.639419599999999946e+03 1.342038927335640075e+01
1.649242099999999937e+03 1.342055973946672154e+01
1.663887999999999920e+03 1.342995369428048136e+01
1.700976899999999887e+03 1.347285161815591259e+01
1.706204300000000103e+03 1.347296611031955926e+01
1.717485100000000102e+03 1.348337064929778251e+01
1.756095600000000104e+03 1.352979238754325131e+01
1.760114499999999907e+03 1.352996794219417787e+01
1.764524300000000039e+03 1.355410085487482164e+01
1.804042599999999993e+03 1.359775493588438877e+01
1.804920399999999972e+03 1.360181711785059910e+01
1.808280099999999948e+03 1.360100600447791486e+01
1.847482500000000073e+03 1.365148585385711399e+01
1.856590699999999970e+03 1.365129401587624614e+01
1.859480999999999995e+03 1.367580806024832007e+01
1.904373199999999997e+03 1.371751170364339423e+01
1.905838899999999967e+03 1.371672959495216659e+01
1.915761999999999944e+03 1.370361998778750134e+01
1.941191900000000032e+03 1.377530073274984801e+01
1.941400900000000092e+03 1.375277732546305742e+01
1.944577399999999898e+03 1.375282006920415157e+01
2.002654899999999998e+03 1.381488194585792861e+01
2.011602000000000089e+03 1.381458019539995874e+01
2.019893100000000004e+03 1.382138713616934744e+01
2.045664500000000089e+03 1.386576887848565143e+01
2.047535800000000108e+03 1.386561673112151283e+01
2.051797099999999773e+03 1.389042234887034510e+01
2.069121900000000096e+03 1.392927233869326287e+01
2.092112799999999879e+03 1.392921127620598298e+01
2.111894400000000132e+03 1.392300834520659514e+01
2.133119299999999839e+03 1.398342357012008996e+01
2.142843600000000151e+03 1.398363321799307890e+01
2.156418799999999919e+03 1.396941685324648752e+01
2.194669600000000173e+03 1.403297018115204509e+01
2.200387299999999868e+03 1.403781040097699950e+01
2.212800200000000132e+03 1.403263179320171083e+01
2.244467900000000100e+03 1.408795745980052772e+01
2.249771299999999883e+03 1.408741909220435673e+01
2.264647800000000188e+03 1.408077447588031816e+01
2.284218600000000151e+03 1.414677437410950489e+01
2.304014299999999821e+03 1.414709698758396073e+01
2.307145500000000084e+03 1.415694941990637012e+01
2.347494700000000194e+03 1.421922450641156210e+01
2.348877500000000055e+03 1.423048544677386573e+01
2.353814899999999852e+03 1.421877111744351652e+01
2.366838099999999940e+03 1.426853195603500879e+01
2.391722299999999905e+03 1.426808467331569474e+01
2.430484100000000126e+03 1.423152859759820821e+01
2.458161099999999806e+03 1.427589965397923777e+01
2.460540599999999813e+03 1.427560757174842188e+01
