9.925587099999999907e+01 -3.331589396878265052e+00
1.266945599999999956e+02 -3.331458388735469622e+00
1.510996800000000064e+02 -3.331589550101180297e+00
1.758528000000000020e+02 -3.331169672935015313e+00
1.981372399999999914e+02 -3.330607165809572390e+00
2.238445399999999950e+02 -3.330124121932644510e+00
2.493700300000000141e+02 -3.329842499103472964e+00
2.738384500000000230e+02 -3.329134946415897911e+00
3.008733700000000226e+02 -3.328615004757246698e+00
3.223714200000000005e+02 -3.327274500384461042e+00
3.472355800000000272e+02 -3.326157296295248589e+00
3.758539599999999723e+02 -3.325606348267611256e+00
4.019507399999999961e+02 -3.324792789793840964e+00
4.244634399999999914e+02 -3.321668388698014951e+00
4.532757599999999911e+02 -3.320884349851368267e+00
4.713614200000000096e+02 -3.316633636867567958e+00
4.967720299999999725e+02 -3.315497259297303767e+00
5.214312800000000152e+02 -3.312357358710146915e+00
5.548913400000000138e+02 -3.311916212843406093e+00
5.678446400000000267e+02 -3.306568226686212419e+00
6.002785199999999577e+02 -3.306454098985856405e+00
6.172597200000000157e+02 -3.302966863749403625e+00
6.439830600000000231e+02 -3.302125837143033760e+00
6.648639600000000200e+02 -3.297848868828600732e+00
7.058881400000000212e+02 -3.299366048158664633e+00
7.210039399999999432e+02 -3.295463738619969440e+00
7.606336599999999635e+02 -3.296424106381128372e+00
7.695978900000000067e+02 -3.292015098247991656e+00
7.968956399999999576e+02 -3.291505348441138512e+00
8.181590200000000550e+02 -3.287721773374725487e+00
8.431289000000000442e+02 -3.286715962701112659e+00
8.667386699999999564e+02 -3.284578310582866756e+00
8.901663999999999533e+02 -3.284031904034072635e+00
9.156271400000000540e+02 -3.281711508659966636e+00
9.569101500000000442e+02 -3.283259217632740423e+00
9.640175299999999652e+02 -3.278848194311156927e+00
1.003239199999999983e+03 -3.278697017660126001e+00
1.025772099999999909e+03 -3.278370378865932633e+00
1.053495100000000093e+03 -3.275552083070899290e+00
1.066879699999999957e+03 -3.273111596957540392e+00
1.088575499999999920e+03 -3.271052471359205960e+00
1.115949599999999919e+03 -3.271095178863505204e+00
1.150911200000000008e+03 -3.268509084581575408e+00
1.163800300000000107e+03 -3.269489250072318054e+00
1.195752500000000055e+03 -3.268797362190369427e+00
1.214248599999999897e+03 -3.267185221007089524e+00
1.256466699999999946e+03 -3.263919560466800540e+00
1.260771099999999933e+03 -3.268370772398841773e+00
1.299508599999999888e+03 -3.263697267569129590e+00
1.317225200000000086e+03 -3.263989960615460539e+00
1.349589500000000044e+03 -3.264581537344900752e+00
1.369342300000000023e+03 -3.263074300520839799e+00
1.399510399999999890e+03 -3.261932890912639049e+00
1.424067900000000009e+03 -3.262115963351975623e+00
1.457002999999999929e+03 -3.262005927589050724e+00
1.476126199999999926e+03 -3.261387626202846057e+00
1.494526100000000042e+03 -3.256733161710039681e+00
1.502806900000000041e+03 -3.253652409199883522e+00
1.554672800000000052e+03 -3.254171401820873388e+00
1.560488499999999931e+03 -3.257110302475346941e+00
1.603507900000000063e+03 -3.256222870673332714e+00
1.610962999999999965e+03 -3.254741349094587566e+00
1.651084599999999909e+03 -3.254990896761497776e+00
1.661765000000000100e+03 -3.252972072178815566e+00
1.690326000000000022e+03 -3.249387869761803493e+00
1.713999600000000100e+03 -3.251376173477796172e+00
1.748864499999999907e+03 -3.249774443235382115e+00
1.756198699999999917e+03 -3.248196889477718230e+00
1.784969399999999951e+03 -3.248966664612756183e+00
1.814032799999999952e+03 -3.249019771867311501e+00
1.842538000000000011e+03 -3.245950606689489870e+00
1.843708100000000059e+03 -3.242270554529291360e+00
1.898243600000000015e+03 -3.249856243904232223e+00
1.907093499999999949e+03 -3.244518025210660905e+00
1.951087199999999939e+03 -3.248933812730704584e+00
1.978754599999999982e+03 -3.249004766269642630e+00
1.998834900000000061e+03 -3.243508614418607827e+00
2.022469800000000077e+03 -3.246890078486379672e+00
2.044549099999999953e+03 -3.238995737446971557e+00
2.054271600000000035e+03 -3.243573109332242410e+00
2.089299100000000180e+03 -3.242087910661511696e+00
2.116705300000000079e+03 -3.241547628236407963e+00
2.144928499999999985e+03 -3.242713010067696189e+00
2.164620699999999943e+03 -3.241916292567110780e+00
2.208097900000000209e+03 -3.239045185940275573e+00
2.210657400000000052e+03 -3.238567797832583306e+00
2.246797399999999925e+03 -3.236881957089416506e+00
2.256920300000000225e+03 -3.239140593246718769e+00
2.307953700000000026e+03 -3.240321581558629926e+00
2.315860599999999977e+03 -3.238603918098300838e+00
2.358047700000000077e+03 -3.235834059846288024e+00
2.361587500000000091e+03 -3.237328244541192390e+00
2.390162200000000212e+03 -3.232206417553426636e+00
2.414907999999999902e+03 -3.234105887590020156e+00
2.415437500000000000e+03 -3.232994809298078032e+00
