1.217869199999999950e+02 1.124123346224302900e+01
1.314463599999999985e+02 1.124637797679625528e+01
1.691359699999999862e+02 1.126772033380826343e+01
1.694627000000000123e+02 1.126671025849786290e+01
1.785324699999999893e+02 1.126985650315489451e+01
2.174514700000000005e+02 1.129102686749440387e+01
2.177914900000000102e+02 1.129181152045593350e+01
2.259260400000000004e+02 1.129374821901078718e+01
2.654826699999999846e+02 1.131461225320578023e+01
2.658914199999999823e+02 1.131506208019539983e+01
2.742631099999999833e+02 1.131935222878078662e+01
3.153206599999999753e+02 1.134112914716059350e+01
3.166162699999999859e+02 1.134110523101974266e+01
3.259154899999999770e+02 1.134594595969875819e+01
3.637988300000000095e+02 1.136409627518827570e+01
3.644338000000000193e+02 1.136539690616731058e+01
3.762319800000000214e+02 1.137039487075106869e+01
4.131897500000000036e+02 1.139859047425198568e+01
4.132876400000000103e+02 1.139913036841034000e+01
4.240395300000000134e+02 1.140791675147567652e+01
4.595007100000000264e+02 1.142537807856706777e+01
4.613867999999999938e+02 1.142550580093629264e+01
4.702693100000000186e+02 1.142892275595359308e+01
5.155528199999999970e+02 1.145537146346427804e+01
5.164727599999999939e+02 1.145508294321188636e+01
5.218146100000000160e+02 1.146240687970690075e+01
5.606337399999999889e+02 1.148394158355383787e+01
5.639452300000000378e+02 1.148435680846733042e+01
5.734822100000000091e+02 1.149307449623447930e+01
6.109616300000000138e+02 1.151644972521880739e+01
6.134101200000000063e+02 1.151647567677590089e+01
6.187117299999999886e+02 1.153354569509464689e+01
6.609784700000000157e+02 1.155464176674129817e+01
6.689682800000000498e+02 1.155401536739263157e+01
6.708227500000000418e+02 1.154885100753103977e+01
7.086006300000000238e+02 1.158437665377569736e+01
7.157100400000000491e+02 1.158479442295949546e+01
7.231444500000000062e+02 1.159846224302870077e+01
7.610532299999999850e+02 1.162121005495623827e+01
7.613084300000000439e+02 1.162092967636881724e+01
7.734632000000000289e+02 1.162272745776511229e+01
8.076098299999999881e+02 1.165515418278037885e+01
8.088898199999999861e+02 1.165522644005699249e+01
8.167265499999999747e+02 1.166279666191736197e+01
8.576318999999999733e+02 1.170086148992468900e+01
8.608243499999999813e+02 1.170155607571748391e+01
8.690285000000000082e+02 1.169233360472216532e+01
9.049453200000000379e+02 1.174228475473234212e+01
9.107033900000000131e+02 1.174226185629961350e+01
9.199704500000000280e+02 1.174002595155709372e+01
9.633543399999999792e+02 1.177630317524933901e+01
9.685420699999999670e+02 1.177654081009566411e+01
9.743602799999999888e+02 1.178912884184815724e+01
9.984946200000000545e+02 1.182321697537146221e+01
1.009582999999999970e+03 1.182329126806432029e+01
1.020505400000000009e+03 1.182670720537350029e+01
1.060150900000000092e+03 1.185719112558518162e+01
1.068058600000000069e+03 1.185664359861591777e+01
1.069212800000000016e+03 1.188340118054142103e+01
1.115599099999999908e+03 1.190466059434154289e+01
1.115922399999999925e+03 1.190508701404437097e+01
1.124922499999999900e+03 1.192477203338082603e+01
1.160115399999999909e+03 1.195326633421534623e+01
1.164056700000000092e+03 1.197572817016079760e+01
1.165065399999999954e+03 1.195371870547526960e+01
1.213820200000000114e+03 1.203156472623651574e+01
1.216649400000000014e+03 1.199269743537553445e+01
1.219708800000000110e+03 1.199201048239364908e+01
1.257635399999999890e+03 1.204289588845918857e+01
1.257691700000000083e+03 1.204198758396092117e+01
1.259192000000000007e+03 1.207438784856503133e+01
1.315168499999999995e+03 1.208544270303277024e+01
1.315388799999999947e+03 1.208613474455526138e+01
1.318860300000000052e+03 1.212089914512517907e+01
1.357577199999999948e+03 1.214793964990840536e+01
1.359083300000000008e+03 1.214814675351109408e+01
1.363042899999999918e+03 1.216433747201302573e+01
1.415301600000000008e+03 1.220047272542234928e+01
1.416535599999999931e+03 1.219981783024628541e+01
1.424028399999999920e+03 1.220046814573580285e+01
1.455909900000000107e+03 1.224579075921025861e+01
1.458711700000000064e+03 1.224572104620394875e+01
1.469019600000000082e+03 1.226269590881335247e+01
1.509035699999999906e+03 1.227366120496641599e+01
1.511230099999999993e+03 1.227316201913291316e+01
1.519961199999999963e+03 1.231535416242621572e+01
1.559267499999999927e+03 1.234153266843069296e+01
1.559659699999999930e+03 1.234670669651943875e+01
1.563128200000000106e+03 1.234746234479950999e+01
1.603040299999999888e+03 1.237407795644209330e+01
1.605278900000000021e+03 1.237405302259312023e+01
1.622257599999999911e+03 1.239329584775086524e+01
1.646817600000000084e+03 1.243100396906167227e+01
1.648329400000000078e+03 1.243101923468349312e+01
1.657995599999999968e+03 1.244227966619173564e+01
1.709913000000000011e+03 1.247321697537146434e+01
1.716301300000000083e+03 1.247349633625076315e+01
1.717447899999999890e+03 1.249625330755139352e+01
1.741647699999999986e+03 1.253003969061673040e+01
1.751918799999999919e+03 1.255009159373091698e+01
1.766226100000000088e+03 1.253004579686545839e+01
1.801834800000000087e+03 1.258519794422959492e+01
1.805290600000000040e+03 1.258601058416446072e+01
1.820760800000000017e+03 1.256576989619377294e+01
1.838778000000000020e+03 1.262049918583350205e+01
1.848397799999999961e+03 1.262036841033991585e+01
1.858827199999999948e+03 1.262998931406472636e+01
1.900200100000000020e+03 1.267652757989008805e+01
1.903223400000000083e+03 1.267711377976796250e+01
1.915021799999999985e+03 1.267402859759820899e+01
1.939593100000000049e+03 1.272021931610014178e+01
1.949738499999999931e+03 1.272019082027274628e+01
1.970440700000000106e+03 1.273009362914715936e+01
1.983885099999999966e+03 1.276343222063912108e+01
2.003850899999999911e+03 1.276346224302869992e+01
2.004188400000000001e+03 1.278315896600854984e+01
2.049606400000000122e+03 1.281945501730103842e+01
2.058633699999999862e+03 1.282006818644412860e+01
2.063351700000000164e+03 1.281533737024221509e+01
2.084458000000000084e+03 1.285784907388561038e+01
2.101826700000000073e+03 1.285774526765723635e+01
2.107097299999999905e+03 1.286192499491145824e+01
2.129516200000000026e+03 1.291113220028495867e+01
2.143648499999999785e+03 1.291176012619580682e+01
2.153354800000000068e+03 1.288831620191329108e+01
2.199595400000000154e+03 1.293656574394463732e+01
2.204696899999999914e+03 1.293660848768573146e+01
2.212730100000000220e+03 1.295028597598208719e+01
2.240338299999999890e+03 1.299581009566456302e+01
2.258203199999999924e+03 1.299321137797679526e+01
2.260243699999999990e+03 1.299536739263179363e+01
2.298087100000000191e+03 1.303635100753104048e+01
2.302613899999999830e+03 1.303618664766944946e+01
2.307138500000000022e+03 1.304718603704457536e+01
2.331816100000000006e+03 1.308811164258090898e+01
2.342764400000000023e+03 1.308766588642377293e+01
2.369256199999999808e+03 1.307726389171585701e+01
2.395151499999999942e+03 1.312461835945450872e+01
2.411858900000000176e+03 1.312403623040911782e+01
2.425975699999999961e+03 1.311976847140240210e+01
2.449098899999999958e+03 1.316279309993893776e+01
2.463789800000000014e+03 1.316311266028902871e+01
