1.009515399999999943e+02 -4.416180977031502586e+00
1.271424800000000062e+02 -4.414642422302642366e+00
1.505681299999999965e+02 -4.414676691140518194e+00
1.505753200000000049e+02 -4.414678499013257706e+00
1.752078799999999887e+02 -4.412829734353056033e+00
2.016321700000000021e+02 -4.412995968912781564e+00
2.016485900000000129e+02 -4.413000315580498878e+00
2.247269200000000069e+02 -4.410748886470228669e+00
2.471366399999999999e+02 -4.410272603478603060e+00
2.471430100000000039e+02 -4.410274352021235522e+00
2.749600500000000238e+02 -4.408085038718720483e+00
2.999962100000000191e+02 -4.407704494232565828e+00
3.000529399999999782e+02 -4.407719160067003372e+00
3.224559600000000046e+02 -4.404446569376273324e+00
3.522654099999999744e+02 -4.404826068714454479e+00
3.523543900000000235e+02 -4.404848919159738863e+00
3.727918199999999729e+02 -4.401269130789631667e+00
4.002191000000000258e+02 -4.401544342743366478e+00
4.002221200000000181e+02 -4.401545072588085361e+00
4.198034499999999980e+02 -4.397643721073933420e+00
4.495819999999999936e+02 -4.397398908108660187e+00
4.496362899999999740e+02 -4.397412943154519915e+00
4.676345200000000091e+02 -4.394123598872165637e+00
5.015741199999999935e+02 -4.395763578130678972e+00
5.015862599999999816e+02 -4.395766818333187054e+00
5.194624099999999771e+02 -4.391954513573967489e+00
5.491834499999999935e+02 -4.392154786314153903e+00
5.493754500000000007e+02 -4.392204422136681607e+00
5.701144399999999450e+02 -4.390979867607982534e+00
5.945892099999999800e+02 -4.390288458862559473e+00
5.948905600000000504e+02 -4.390366109410106077e+00
6.156360899999999674e+02 -4.387228529542177569e+00
6.477791999999999462e+02 -4.388069508824490761e+00
6.478239999999999554e+02 -4.388081192287225818e+00
6.675533699999999726e+02 -4.386504698667363478e+00
6.979894100000000208e+02 -4.386705251774685621e+00
6.981551799999999730e+02 -4.386748004849189364e+00
7.126911000000000058e+02 -4.384427771351915304e+00
7.549021800000000439e+02 -4.386589056433374267e+00
7.550227099999999609e+02 -4.386620470265036431e+00
7.648046600000000126e+02 -4.383385051175180180e+00
8.043750199999999495e+02 -4.384716649624420981e+00
8.044812799999999697e+02 -4.384743865522921169e+00
8.147739299999999503e+02 -4.382608720057206142e+00
8.514948600000000170e+02 -4.383733452084692672e+00
8.515434500000000071e+02 -4.383745962681665276e+00
8.612418400000000247e+02 -4.380623482681851755e+00
9.001712700000000495e+02 -4.382446929182994388e+00
9.003128199999999879e+02 -4.382483471790707519e+00
9.118588600000000497e+02 -4.379745780234687302e+00
9.489058999999999742e+02 -4.381719066103396898e+00
9.490114600000000564e+02 -4.381746304579585249e+00
9.686168800000000374e+02 -4.380421250014192580e+00
1.007777900000000045e+03 -4.380388477175664264e+00
1.008202999999999975e+03 -4.380498781072228454e+00
1.011889300000000048e+03 -4.379069868040253333e+00
1.053026299999999992e+03 -4.380144302330599260e+00
1.053163900000000012e+03 -4.380180027326295189e+00
1.059109999999999900e+03 -4.378349311071346506e+00
1.107310300000000097e+03 -4.380303331367518815e+00
1.107317399999999907e+03 -4.380304759775623502e+00
1.111161000000000058e+03 -4.377287313879334008e+00
1.150027800000000070e+03 -4.378691302435507637e+00
1.150101000000000113e+03 -4.378710226092846547e+00
1.169267700000000104e+03 -4.377960691185699638e+00
1.202924800000000005e+03 -4.378517868571956129e+00
1.203219100000000026e+03 -4.378593798324956765e+00
1.216626600000000053e+03 -4.378220651002634689e+00
1.255558700000000044e+03 -4.379798807699016194e+00
1.255746200000000044e+03 -4.379847585494388795e+00
1.270887300000000096e+03 -4.380458686039210292e+00
1.303473099999999931e+03 -4.377701459388091187e+00
1.303890499999999975e+03 -4.377809162056482961e+00
1.312467499999999973e+03 -4.378466951390880268e+00
1.360042699999999968e+03 -4.380458180173434357e+00
1.360185099999999920e+03 -4.380494484554414925e+00
1.360850400000000036e+03 -4.377685458106334693e+00
1.392625000000000000e+03 -4.377821257739880956e+00
1.393568299999999908e+03 -4.378064763372197632e+00
1.412705500000000029e+03 -4.377011601720653289e+00
1.459113800000000083e+03 -4.378185236489295917e+00
1.459233999999999924e+03 -4.378216768551013161e+00
1.460442099999999982e+03 -4.377680470536121859e+00
1.497122900000000072e+03 -4.377775593476166627e+00
1.497578899999999976e+03 -4.377893580325483036e+00
1.515059799999999996e+03 -4.377362110023685027e+00
1.546174400000000105e+03 -4.373714219145014681e+00
1.549986900000000105e+03 -4.379138407612956030e+00
1.550344100000000026e+03 -4.379230750924450355e+00
1.589214799999999968e+03 -4.376441314571692942e+00
1.589333000000000084e+03 -4.376472380478997337e+00
1.606795699999999897e+03 -4.379955541569161781e+00
1.655209499999999935e+03 -4.376783400278687175e+00
1.661065000000000055e+03 -4.381226432891406120e+00
1.661762899999999945e+03 -4.381407464560769682e+00
1.693699599999999919e+03 -4.378485078677833542e+00
1.693706500000000005e+03 -4.378487218663048353e+00
1.700778399999999920e+03 -4.376994765778480456e+00
1.750557999999999993e+03 -4.378446166912956627e+00
1.750864100000000008e+03 -4.378525350742507705e+00
1.758565399999999954e+03 -4.379250362985590783e+00
1.801156799999999976e+03 -4.379626699480355434e+00
1.815661499999999933e+03 -4.381988197556147213e+00
1.815994599999999991e+03 -4.382075124704331692e+00
1.834475400000000036e+03 -4.379281183672244282e+00
1.834762899999999945e+03 -4.379356322312579763e+00
1.857634800000000041e+03 -4.380545726001202844e+00
1.901702800000000025e+03 -4.382239982694389191e+00
1.901870100000000093e+03 -4.382283334845977762e+00
1.912769000000000005e+03 -4.378897375857914831e+00
1.945578999999999951e+03 -4.384096185902044418e+00
1.946194999999999936e+03 -4.379073366183085625e+00
1.946344200000000001e+03 -4.384293852680192671e+00
1.996023200000000088e+03 -4.383647956257926026e+00
1.996025799999999890e+03 -4.383648424868065163e+00
2.015004300000000057e+03 -4.381915420719214360e+00
2.027788000000000011e+03 -4.380800202652826769e+00
2.027795000000000073e+03 -4.380803182656529238e+00
2.061873300000000199e+03 -4.383111778650846446e+00
2.106050200000000132e+03 -4.385474886309895126e+00
2.106549700000000030e+03 -4.385604373202282247e+00
2.111357700000000023e+03 -4.384582631042401424e+00
2.139361499999999978e+03 -4.382809551289351013e+00
2.139532600000000002e+03 -4.382854343785247409e+00
2.167378700000000208e+03 -4.388537798516026989e+00
2.190215099999999893e+03 -4.384215734904607586e+00
2.191378000000000156e+03 -4.384515909738129658e+00
2.199817399999999907e+03 -4.383839429399443155e+00
2.231080500000000029e+03 -4.385266922417467406e+00
2.232150200000000041e+03 -4.385542545226815747e+00
2.254556799999999839e+03 -4.384955594061377582e+00
2.312372800000000097e+03 -4.385079211447824754e+00
2.313730399999999918e+03 -4.386871303661465049e+00
2.313862200000000030e+03 -4.386904613304380085e+00
2.351015699999999924e+03 -4.390309553097574202e+00
2.351806399999999940e+03 -4.390514066560432305e+00
2.377216499999999996e+03 -4.391687042184705625e+00
2.394021799999999985e+03 -4.387129094134849971e+00
2.406506199999999808e+03 -4.387803537493649486e+00
2.407054299999999785e+03 -4.387944926943336377e+00
2.442193299999999908e+03 -4.387419705288052363e+00
2.442700699999999870e+03 -4.387550522092036331e+00
