1.005889999999999986e+02 -3.303664395499289252e+00
1.260003499999999974e+02 -3.302904608582424295e+00
1.504453000000000031e+02 -3.303115067406735328e+00
1.505581400000000087e+02 -3.303144289678673129e+00
1.751359099999999955e+02 -3.302087029346892688e+00
1.997244399999999871e+02 -3.301889206500446150e+00
1.998398400000000095e+02 -3.301919039697944758e+00
2.259545400000000086e+02 -3.301098206715924466e+00
2.513649299999999869e+02 -3.300346415055729565e+00
2.515575100000000077e+02 -3.300396302590617115e+00
2.746910799999999995e+02 -3.299246982330988676e+00
3.003105199999999968e+02 -3.298453824121397648e+00
3.004508700000000090e+02 -3.298490158276031980e+00
3.229882099999999809e+02 -3.295977510786725517e+00
3.464143599999999878e+02 -3.294959038947653518e+00
3.465856800000000248e+02 -3.295003532120087897e+00
3.736081699999999728e+02 -3.292272204862753515e+00
4.004328399999999988e+02 -3.291303038642166445e+00
4.005527500000000032e+02 -3.291334037764454656e+00
4.232369800000000168e+02 -3.286919612585362582e+00
4.534580300000000079e+02 -3.286652821791566925e+00
4.535986300000000142e+02 -3.286689017034553739e+00
4.709845700000000193e+02 -3.280729832609940999e+00
5.007199200000000019e+02 -3.279619740043789200e+00
5.010295399999999972e+02 -3.279699884748825234e+00
5.216349699999999530e+02 -3.274925027825200452e+00
5.478501800000000230e+02 -3.273363640922262618e+00
5.481479500000000371e+02 -3.273440722166377714e+00
5.718385299999999916e+02 -3.268829304009614578e+00
5.985740700000000061e+02 -3.267435660941087061e+00
5.986553000000000111e+02 -3.267456609627889641e+00
6.202983000000000402e+02 -3.263250870612310894e+00
6.446905500000000302e+02 -3.260744672667216459e+00
6.447357500000000528e+02 -3.260756154225478820e+00
6.743816000000000486e+02 -3.259913632452323906e+00
6.959349300000000085e+02 -3.256518571105701199e+00
6.961192899999999781e+02 -3.256566028294499926e+00
7.224987499999999727e+02 -3.253759041002878494e+00
7.507792399999999589e+02 -3.252884684284451211e+00
7.513700499999999920e+02 -3.253037471317293150e+00
7.674234699999999521e+02 -3.247951389939875977e+00
7.965875099999999520e+02 -3.245830382336017728e+00
7.967269900000000007e+02 -3.245866644234549181e+00
8.216540700000000470e+02 -3.244933984255869763e+00
8.504710000000000036e+02 -3.243678615305278790e+00
8.507572099999999864e+02 -3.243752657173839538e+00
8.664159899999999652e+02 -3.240377295205212782e+00
8.945203299999999444e+02 -3.241044516019999655e+00
8.945899200000000064e+02 -3.241062201108030560e+00
9.204378699999999753e+02 -3.237145133362632876e+00
9.508634100000000444e+02 -3.234838392324364875e+00
9.513735500000000229e+02 -3.234970426326960968e+00
9.766625900000000229e+02 -3.236179783121117204e+00
9.977316299999999956e+02 -3.233392629212950897e+00
9.985583000000000311e+02 -3.233606339866123669e+00
1.018596300000000042e+03 -3.230664945682169442e+00
1.045414099999999962e+03 -3.228545061846253450e+00
1.046583100000000059e+03 -3.228847627817716948e+00
1.072436699999999973e+03 -3.228400115560202899e+00
1.107307600000000093e+03 -3.227968265360507072e+00
1.107369300000000067e+03 -3.227984572236734628e+00
1.114008199999999988e+03 -3.223782683793548820e+00
1.155373000000000047e+03 -3.224654814129829461e+00
1.155919799999999896e+03 -3.224796529013913116e+00
1.163228200000000015e+03 -3.222411979775998692e+00
1.185956799999999930e+03 -3.219036197932107601e+00
1.186090799999999945e+03 -3.219070127204228804e+00
1.211585800000000063e+03 -3.219326266312272367e+00
1.251003200000000106e+03 -3.215383688948864283e+00
1.255106099999999969e+03 -3.221052349115171243e+00
1.255636099999999942e+03 -3.221189669979377168e+00
1.290031099999999924e+03 -3.214957047431602266e+00
1.290602200000000039e+03 -3.215104382839196084e+00
1.317147600000000011e+03 -3.215914994117377468e+00
1.357176799999999957e+03 -3.213243188637918024e+00
1.360985899999999901e+03 -3.216409526837538113e+00
1.361921299999999974e+03 -3.216651956985289829e+00
1.388016399999999976e+03 -3.209617935702244740e+00
1.388300899999999956e+03 -3.209690772220670674e+00
1.421747699999999895e+03 -3.213292809411891771e+00
1.451619699999999966e+03 -3.213145175689819055e+00
1.452412700000000086e+03 -3.213350436404686761e+00
1.476893199999999979e+03 -3.214431168453203647e+00
1.508765400000000000e+03 -3.210496585951871040e+00
1.509391300000000001e+03 -3.210657986479665826e+00
1.519856099999999969e+03 -3.211358002655732236e+00
1.540801200000000108e+03 -3.209628874958780909e+00
1.542204899999999952e+03 -3.209992319094510549e+00
1.562724099999999908e+03 -3.207870419337622181e+00
1.604281700000000001e+03 -3.208146809165604907e+00
1.605572200000000066e+03 -3.208480123795733441e+00
1.615973700000000008e+03 -3.208551166257936682e+00
1.642780500000000075e+03 -3.205523339985334452e+00
1.643122299999999996e+03 -3.205612160058884719e+00
1.656259499999999889e+03 -3.203925597251731094e+00
1.689582100000000082e+03 -3.207493541739418141e+00
1.690116500000000087e+03 -3.207632356289066955e+00
1.722700100000000020e+03 -3.208379954747190510e+00
1.747491999999999962e+03 -3.204876372065124102e+00
1.747625999999999976e+03 -3.204911217274554414e+00
1.757357500000000073e+03 -3.203369197947697700e+00
1.800237699999999904e+03 -3.201432855281209022e+00
1.800672900000000027e+03 -3.201545261374794116e+00
1.822502899999999954e+03 -3.207000831183663969e+00
1.841485400000000027e+03 -3.204854297711232647e+00
1.842024400000000014e+03 -3.204993385515153559e+00
1.869430000000000064e+03 -3.205261415309674344e+00
1.909283200000000079e+03 -3.201926514152813041e+00
1.909972199999999930e+03 -3.202105448536611387e+00
1.913961299999999937e+03 -3.201037941732430170e+00
1.952966400000000021e+03 -3.204235316402928468e+00
1.953368099999999913e+03 -3.204338909423343651e+00
1.963112599999999929e+03 -3.199634059119093266e+00
1.996998700000000099e+03 -3.204461510228871379e+00
1.998755000000000109e+03 -3.204915650515859582e+00
2.005284200000000055e+03 -3.201202499935094536e+00
2.045146300000000110e+03 -3.197100156067870014e+00
2.046442299999999932e+03 -3.197435604953182242e+00
2.065219599999999900e+03 -3.202055227347673672e+00
2.099692500000000109e+03 -3.200652991821591797e+00
2.100416299999999865e+03 -3.200840057646319181e+00
2.112017299999999977e+03 -3.202888811266948466e+00
2.145409200000000055e+03 -3.196876767663059393e+00
2.145860700000000179e+03 -3.196993133204130810e+00
2.161126400000000103e+03 -3.198541544047301066e+00
2.210217999999999847e+03 -3.204354316132461911e+00
2.210714800000000196e+03 -3.204482952364877679e+00
2.214353399999999965e+03 -3.201625923280281949e+00
2.256248599999999897e+03 -3.199156086478189387e+00
2.256802900000000136e+03 -3.199298976980499365e+00
2.270472400000000107e+03 -3.200394080905478056e+00
2.310389999999999873e+03 -3.199440880333870751e+00
2.312538900000000012e+03 -3.203106275358016841e+00
2.313017499999999927e+03 -3.203229392361591543e+00
2.366086699999999837e+03 -3.199491784399013383e+00
2.366318600000000060e+03 -3.199551022770225739e+00
2.371235299999999825e+03 -3.201163935764753887e+00
2.415077999999999975e+03 -3.202386503998160272e+00
2.415350100000000111e+03 -3.202457712317302807e+00
2.422204499999999825e+03 -3.203505968051082231e+00
2.453225500000000011e+03 -3.199494677592095382e+00
2.453344099999999798e+03 -3.199525134511678193e+00
