1.038649800000000027e+02 1.724360828414410918e+01
1.275779699999999934e+02 1.729410136372888118e+01
1.515367200000000025e+02 1.730420924078974210e+01
1.765558299999999861e+02 1.735728577244046278e+01
1.996595199999999863e+02 1.739476389171585780e+01
2.260492700000000070e+02 1.743560757174842379e+01
2.517119399999999985e+02 1.746664817830246363e+01
2.738026699999999778e+02 1.751769590881335148e+01
2.990608700000000226e+02 1.755502900468145810e+01
3.260528400000000033e+02 1.761534347649094201e+01
3.475664499999999748e+02 1.765787451658864171e+01
3.724236599999999839e+02 1.770983004274374295e+01
4.016622199999999907e+02 1.776058060248320913e+01
4.230710100000000011e+02 1.781513789945043769e+01
4.484387399999999957e+02 1.787885762263382716e+01
4.713356099999999742e+02 1.793823224099328328e+01
4.985891300000000115e+02 1.798026969265214703e+01
5.226864199999999983e+02 1.805896906167311045e+01
5.485812399999999798e+02 1.812508854060655494e+01
5.679104399999999941e+02 1.817411662935070282e+01
5.988705999999999676e+02 1.823729086098106933e+01
6.193757000000000517e+02 1.831688784856503105e+01
6.464888899999999694e+02 1.836736260940362087e+01
6.694460599999999886e+02 1.845905149603094131e+01
6.991660100000000284e+02 1.848155098717687750e+01
7.214579599999999573e+02 1.857340270710360386e+01
7.459823000000000093e+02 1.864373142682678619e+01
7.689003300000000536e+02 1.868979747608386077e+01
7.997862599999999702e+02 1.878381945857928059e+01
8.226718600000000379e+02 1.884272542234887027e+01
8.436929800000000341e+02 1.891433950742926839e+01
8.701854299999999967e+02 1.896380164868715568e+01
8.954333699999999681e+02 1.905722165682882263e+01
9.178731500000000096e+02 1.910143395074292627e+01
9.422757100000000037e+02 1.918307296967229902e+01
9.681774400000000469e+02 1.923206035009159365e+01
9.976502900000000409e+02 1.929841695501730214e+01
1.013804800000000000e+03 1.936258803175249454e+01
1.049197899999999890e+03 1.943855129248931135e+01
1.060832699999999932e+03 1.950267097496438140e+01
1.092319099999999935e+03 1.955953439853449893e+01
1.121986300000000028e+03 1.959668430694076946e+01
1.149122100000000046e+03 1.968396092000814335e+01
1.172583599999999933e+03 1.978853602686749369e+01
1.200557000000000016e+03 1.982746946875635885e+01
1.220878300000000081e+03 1.988158966008548845e+01
1.243686799999999948e+03 1.996749440260533248e+01
1.263893000000000029e+03 2.002373549765927052e+01
1.308617199999999912e+03 2.007024577651129604e+01
1.317114100000000008e+03 2.013044524730307572e+01
1.364518800000000056e+03 2.025726287400773273e+01
1.371181199999999990e+03 2.027266537756971232e+01
1.400623499999999922e+03 2.033167667412985935e+01
1.418564800000000105e+03 2.041513535518013356e+01
1.450273699999999963e+03 2.048377722369224685e+01
1.466487599999999929e+03 2.052772949318135431e+01
1.494111900000000105e+03 2.063004681457357847e+01
1.528574699999999893e+03 2.070193720740891408e+01
1.545913099999999986e+03 2.076275544473844903e+01
1.568702800000000025e+03 2.085482444534907387e+01
1.598470100000000002e+03 2.091825463057195122e+01
1.617103499999999940e+03 2.095926063504986914e+01
1.659388899999999921e+03 2.110216822715245399e+01
1.671157200000000103e+03 2.113047526969264922e+01
1.698402599999999893e+03 2.116317321392224571e+01
1.717705300000000079e+03 2.125526511296559917e+01
1.759734999999999900e+03 2.128841899043354502e+01
1.760808299999999917e+03 2.138410085487481993e+01
1.783340099999999893e+03 2.143612609403622926e+01
1.816646500000000060e+03 2.150325310400976875e+01
1.850798700000000053e+03 2.157002086301648802e+01
1.861827399999999898e+03 2.169282108691227506e+01
1.900220299999999952e+03 2.174881589660085268e+01
1.918546299999999974e+03 2.181668939548137587e+01
1.948757800000000088e+03 2.187687767148381823e+01
1.965781999999999925e+03 2.200694229594952134e+01
2.006347700000000032e+03 2.210656981477712080e+01
2.009284799999999905e+03 2.193907948300427435e+01
2.048001299999999901e+03 2.211767606350498738e+01
2.069045799999999872e+03 2.218628434764909230e+01
2.092489000000000033e+03 2.228168583350295151e+01
2.105342200000000048e+03 2.237650926114390160e+01
2.155066400000000158e+03 2.242003358436800298e+01
2.164988299999999981e+03 2.254960767351923678e+01
2.201090599999999995e+03 2.251833706492977782e+01
2.219155699999999797e+03 2.267372430286993890e+01
2.257340599999999995e+03 2.262273254630571984e+01
2.264651400000000194e+03 2.279492061876653963e+01
2.300695299999999861e+03 2.287817016079788246e+01
2.317273599999999988e+03 2.279500407083248348e+01
2.342289000000000215e+03 2.293193618970079228e+01
2.367853599999999915e+03 2.306738754325259322e+01
2.403858700000000226e+03 2.305929421941787183e+01
2.413203700000000026e+03 2.319679523712598979e+01
2.419192700000000059e+03 2.321190616731121636e+01
