1.006400200000000069e+02 -4.349736103402022103e+00
1.271435100000000062e+02 -4.349656427637786926e+00
1.497563399999999945e+02 -4.349297277090580671e+00
1.498346500000000106e+02 -4.349317521784654694e+00
1.745098000000000127e+02 -4.349329451997859586e+00
1.976990800000000092e+02 -4.349376347438234092e+00
1.977374499999999955e+02 -4.349386215961735580e+00
2.247169000000000096e+02 -4.349298097444115108e+00
2.513152499999999918e+02 -4.349069425643763864e+00
2.513636400000000037e+02 -4.349081833651348816e+00
2.723917299999999955e+02 -4.348613321930153042e+00
3.023223199999999906e+02 -4.348796833261215689e+00
3.025541900000000055e+02 -4.348856674501703878e+00
3.203713900000000194e+02 -4.348013813486621970e+00
3.484954200000000242e+02 -4.347973983300528644e+00
3.488106999999999971e+02 -4.348055591228251693e+00
3.701741599999999721e+02 -4.347559694248538165e+00
3.989346800000000144e+02 -4.347589711658637057e+00
3.991030600000000277e+02 -4.347633292126320548e+00
4.169903499999999781e+02 -4.345980746985786070e+00
4.451949999999999932e+02 -4.345519717152265926e+00
4.452075600000000009e+02 -4.345522709735293532e+00
4.716102999999999952e+02 -4.345544914001075121e+00
5.040600099999999770e+02 -4.344964086893960520e+00
5.045155899999999747e+02 -4.345081659852478850e+00
5.191759700000000066e+02 -4.343495107951098610e+00
5.523750300000000379e+02 -4.343110699664314289e+00
5.523854999999999791e+02 -4.343113559023979775e+00
5.721268400000000156e+02 -4.341725535421724125e+00
5.994913800000000492e+02 -4.340495061115425379e+00
6.002037000000000262e+02 -4.340679311787816630e+00
6.158870399999999563e+02 -4.337482495282280581e+00
6.449364699999999857e+02 -4.336832876419773442e+00
6.455941199999999753e+02 -4.337003146464957659e+00
6.665411000000000286e+02 -4.333804120091764744e+00
7.091904600000000300e+02 -4.334373793748714121e+00
7.096587700000000041e+02 -4.334494403238643656e+00
7.206769199999999955e+02 -4.330750304705764719e+00
7.524871000000000549e+02 -4.329863244671851241e+00
7.528891599999999471e+02 -4.329967286957276507e+00
7.560531700000000228e+02 -4.323047408146600823e+00
7.867208600000000160e+02 -4.323384633468595695e+00
7.868583399999999983e+02 -4.323420836295964520e+00
8.148467699999999923e+02 -4.320320457221772159e+00
8.420084200000000010e+02 -4.319977232604948369e+00
8.423499900000000480e+02 -4.320065993218919154e+00
8.653736000000000104e+02 -4.313948647087098465e+00
8.931481800000000248e+02 -4.312619820493524436e+00
8.935749200000000201e+02 -4.312729835967055614e+00
9.101418400000000020e+02 -4.306183791353058510e+00
9.466063599999999951e+02 -4.305060524505618602e+00
9.471847800000000461e+02 -4.305210210247599534e+00
9.684912799999999606e+02 -4.301664578814497375e+00
1.007849699999999984e+03 -4.302074044807837616e+00
1.008530399999999986e+03 -4.302249663112052147e+00
1.012027299999999968e+03 -4.293829744886819455e+00
1.050809799999999996e+03 -4.293292593583279526e+00
1.050848500000000058e+03 -4.293302598303758266e+00
1.067218100000000049e+03 -4.288681117546404131e+00
1.093977399999999989e+03 -4.285461233438495832e+00
1.095095399999999927e+03 -4.285750614894599408e+00
1.115751600000000053e+03 -4.281734761308862325e+00
1.163946699999999964e+03 -4.282528827490802215e+00
1.164965400000000045e+03 -4.282791571097227745e+00
1.174542599999999993e+03 -4.277524948124393767e+00
1.195125999999999976e+03 -4.272775385219467204e+00
1.195603100000000040e+03 -4.272898979495081129e+00
1.225109799999999950e+03 -4.272807631023017194e+00
1.236041600000000017e+03 -4.268898679273606334e+00
1.237253699999999981e+03 -4.269211420630433018e+00
1.262042200000000093e+03 -4.263261508135977707e+00
1.293155899999999974e+03 -4.261578477200828274e+00
1.293922399999999925e+03 -4.261777090679730762e+00
1.310062699999999950e+03 -4.257260691168836431e+00
1.349023100000000113e+03 -4.256022074827409796e+00
1.349323900000000094e+03 -4.256099888501442940e+00
1.364892000000000053e+03 -4.252495150709120431e+00
1.399526200000000017e+03 -4.251667181104241244e+00
1.400110500000000002e+03 -4.251818386943289063e+00
1.428601400000000012e+03 -4.251318240176035879e+00
1.461322899999999890e+03 -4.247227531680435320e+00
1.462453400000000101e+03 -4.247520602604057061e+00
1.463160200000000032e+03 -4.243458463901750299e+00
1.496456699999999955e+03 -4.240263249458648964e+00
1.496586299999999937e+03 -4.240296499211824610e+00
1.518034599999999955e+03 -4.238713640292210982e+00
1.547071899999999914e+03 -4.237741376118521863e+00
1.548504200000000083e+03 -4.238111857725806786e+00
1.584015799999999899e+03 -4.235324625559102607e+00
1.591500700000000052e+03 -4.229722474879548777e+00
1.592189399999999978e+03 -4.229900873738719369e+00
1.612097500000000082e+03 -4.228074941172952350e+00
1.647688699999999926e+03 -4.224590243226014508e+00
1.647704500000000053e+03 -4.224594226069763536e+00
1.662647300000000087e+03 -4.222482272985752516e+00
1.698348799999999983e+03 -4.219965230839123116e+00
1.699402800000000070e+03 -4.220237863479426643e+00
1.709862000000000080e+03 -4.216058455147749129e+00
1.752023300000000063e+03 -4.215221780532114160e+00
1.752692700000000059e+03 -4.215395088186228989e+00
1.755516300000000001e+03 -4.210071462668694586e+00
1.806926300000000083e+03 -4.212975140333473867e+00
1.807987100000000055e+03 -4.213249887107002323e+00
1.814695200000000114e+03 -4.208745208412493000e+00
1.855527000000000044e+03 -4.207265879817208010e+00
1.857077099999999973e+03 -4.207666560642742581e+00
1.874052200000000084e+03 -4.206939960932300160e+00
1.899869300000000067e+03 -4.198119741784205772e+00
1.900288500000000113e+03 -4.198228164215464631e+00
1.910326000000000022e+03 -4.198712331158453992e+00
1.949039800000000014e+03 -4.197874598450251682e+00
1.951323399999999992e+03 -4.198465158056068347e+00
1.964323799999999892e+03 -4.193646293026808358e+00
2.010453199999999924e+03 -4.194065351526680807e+00
2.012166699999999992e+03 -4.194509037786437133e+00
2.026788500000000113e+03 -4.193652182449537413e+00
2.050138199999999870e+03 -4.188605499786015152e+00
2.050673200000000179e+03 -4.188743858822737032e+00
2.080842700000000150e+03 -4.190527398970619544e+00
2.106514500000000226e+03 -4.185618375275839576e+00
2.109207699999999932e+03 -4.186314468438540715e+00
2.113335300000000188e+03 -4.182707456240778221e+00
2.133130799999999908e+03 -4.177318117569568834e+00
2.133731400000000122e+03 -4.177474300564223419e+00
2.156011500000000069e+03 -4.177660671462374964e+00
2.211938599999999951e+03 -4.176962569412170367e+00
2.214067000000000007e+03 -4.177513668238388433e+00
2.218814699999999903e+03 -4.176235649357304958e+00
2.257943999999999960e+03 -4.171343363423786421e+00
2.261287699999999859e+03 -4.176872187190507901e+00
2.262846300000000156e+03 -4.177276083143389940e+00
2.304967599999999948e+03 -4.170394109457427945e+00
2.305409200000000055e+03 -4.170508068307618110e+00
2.331028099999999995e+03 -4.170189836648305004e+00
2.332218400000000202e+03 -4.164046555542029182e+00
2.333744099999999889e+03 -4.164441844419092931e+00
2.372421899999999823e+03 -4.165090886817900184e+00
2.409668500000000222e+03 -4.159272693511955943e+00
2.429018300000000181e+03 -4.153972539193470759e+00
2.429875100000000202e+03 -4.154193275770411198e+00
2.440423999999999978e+03 -4.169204571431336603e+00
2.440489799999999832e+03 -4.169219393968888632e+00
