9.879171900000000051e+01 -3.299261435690873157e+00
1.277272600000000011e+02 -3.298770446715268090e+00
1.488780199999999923e+02 -3.298175953757912282e+00
1.761860000000000070e+02 -3.297598168780703443e+00
2.017252400000000137e+02 -3.297576664817662984e+00
2.254983699999999942e+02 -3.296050397778594654e+00
2.514554100000000005e+02 -3.295603420836343389e+00
2.743698699999999917e+02 -3.293936994239966776e+00
2.981243299999999863e+02 -3.292844838146918196e+00
3.256941600000000108e+02 -3.291847671501021644e+00
3.506981200000000172e+02 -3.290535537866143834e+00
3.758426200000000108e+02 -3.288560316712905607e+00
4.001582599999999843e+02 -3.287058687667088197e+00
4.223279800000000250e+02 -3.283621621855372208e+00
4.456022699999999759e+02 -3.281745806509604346e+00
4.702364000000000033e+02 -3.277919430221079455e+00
5.027812999999999874e+02 -3.276998261491800069e+00
5.177649499999999989e+02 -3.272739022416457200e+00
5.460805900000000292e+02 -3.271691430262898326e+00
5.696886500000000524e+02 -3.267982910673613794e+00
6.005929999999999609e+02 -3.267155182572717198e+00
6.211316199999999981e+02 -3.263582370034114000e+00
6.507883299999999736e+02 -3.262136254403087854e+00
6.769525499999999738e+02 -3.259430604763965622e+00
6.933711799999999812e+02 -3.256426114320185583e+00
7.250760400000000345e+02 -3.253944098493983361e+00
7.546367400000000316e+02 -3.251509799858861349e+00
7.696258199999999761e+02 -3.249222298354887517e+00
7.918453399999999647e+02 -3.246915499466433985e+00
8.161805600000000140e+02 -3.243704552024679888e+00
8.633585900000000493e+02 -3.246245709787767275e+00
8.656138600000000451e+02 -3.240267221527004526e+00
8.955717399999999770e+02 -3.241294496598319252e+00
9.174900900000000092e+02 -3.237608394123339561e+00
9.546026399999999512e+02 -3.237169448116530734e+00
9.675698300000000245e+02 -3.233830599310134613e+00
1.000099600000000009e+03 -3.233727572909620651e+00
1.008653400000000033e+03 -3.228480779196416961e+00
1.053875700000000052e+03 -3.229319567952619874e+00
1.073230399999999918e+03 -3.229173387485291258e+00
1.105430299999999988e+03 -3.227146847828278542e+00
1.122541600000000017e+03 -3.227638289793436144e+00
1.152297000000000025e+03 -3.225631385843541921e+00
1.162496499999999969e+03 -3.221457606022169351e+00
1.199554000000000087e+03 -3.221023917604893150e+00
1.218082100000000082e+03 -3.221310543664847703e+00
1.249024100000000089e+03 -3.218626377456478060e+00
1.258144999999999982e+03 -3.217144295411145993e+00
1.289356099999999969e+03 -3.217606177675603973e+00
1.320838299999999890e+03 -3.218281590647090962e+00
1.351009399999999914e+03 -3.217277787455528504e+00
1.371895500000000084e+03 -3.216131615917652287e+00
1.385321799999999939e+03 -3.210725419142101078e+00
1.408850599999999986e+03 -3.212003685877895975e+00
1.448997399999999971e+03 -3.211055087143317888e+00
1.457057000000000016e+03 -3.208321739892917801e+00
1.492976599999999962e+03 -3.209472723519348314e+00
1.512293400000000020e+03 -3.209793795829333440e+00
1.538893800000000056e+03 -3.205606972944520905e+00
1.553501800000000003e+03 -3.205491359721457822e+00
1.606099799999999959e+03 -3.206595045258361587e+00
1.619909000000000106e+03 -3.208162097917579114e+00
1.644021700000000010e+03 -3.207817194745763878e+00
1.676102300000000014e+03 -3.208257829132771022e+00
1.695413199999999961e+03 -3.205186830683739885e+00
1.711270700000000033e+03 -3.204364521009829936e+00
1.745400900000000092e+03 -3.203313035306902812e+00
1.770804100000000062e+03 -3.206697080797376032e+00
1.793539999999999964e+03 -3.199239123458000655e+00
1.796536900000000060e+03 -3.202876134979063316e+00
1.854935300000000097e+03 -3.202645785559370850e+00
1.870848400000000083e+03 -3.204952647068485483e+00
1.908557900000000018e+03 -3.204192093318423140e+00
1.909199499999999944e+03 -3.201232069197431862e+00
1.959380799999999908e+03 -3.201936412019125378e+00
1.959893700000000081e+03 -3.202822670629688062e+00
1.997218699999999899e+03 -3.200330668345874763e+00
2.000017800000000079e+03 -3.198880415990631221e+00
2.038978399999999965e+03 -3.198534788458824440e+00
2.067221900000000005e+03 -3.197980810061892498e+00
2.072938299999999799e+03 -3.202177369630375470e+00
2.106478399999999965e+03 -3.198656773218013782e+00
2.139706099999999878e+03 -3.199366223246329355e+00
2.184982700000000023e+03 -3.198885088713582903e+00
2.185845699999999852e+03 -3.203769701673901960e+00
2.203337599999999838e+03 -3.197711358013961558e+00
2.254614300000000185e+03 -3.200060729666506010e+00
2.260202099999999973e+03 -3.199382704270804290e+00
2.293452699999999822e+03 -3.196860083360867133e+00
2.338674100000000180e+03 -3.198236752618295320e+00
2.351773000000000138e+03 -3.200690247790301868e+00
2.363656899999999951e+03 -3.196866176994428432e+00
2.396755700000000161e+03 -3.196501035742154162e+00
2.401145700000000033e+03 -3.199988879319135116e+00
2.439010999999999967e+03 -3.194003184692856934e+00
