9.978155900000000145e+01 -2.812686930096014226e+00
1.270636300000000034e+02 -2.812308482135641885e+00
1.487541400000000067e+02 -2.811933059188849615e+00
1.756671299999999860e+02 -2.811786644029976134e+00
2.021696100000000058e+02 -2.811900173474493947e+00
2.239304300000000012e+02 -2.810904722299629288e+00
2.501587199999999882e+02 -2.811011839979783211e+00
2.728301700000000096e+02 -2.809869655390099474e+00
3.009750700000000165e+02 -2.810023598287762159e+00
3.222941500000000019e+02 -2.808367235725528044e+00
3.485145200000000045e+02 -2.807899641568141202e+00
3.750157600000000002e+02 -2.807313176114571096e+00
4.000552000000000135e+02 -2.805948643424724942e+00
4.236935799999999972e+02 -2.804537856317436351e+00
4.487740000000000009e+02 -2.803466331777124676e+00
4.740453999999999724e+02 -2.801749135607585206e+00
5.024957699999999932e+02 -2.800829494134465136e+00
5.212674200000000155e+02 -2.797688038549724698e+00
5.560716200000000526e+02 -2.797916789566298412e+00
5.710726300000000037e+02 -2.793894381160670459e+00
5.990893700000000308e+02 -2.792793687974192807e+00
6.196075600000000350e+02 -2.789143641909671789e+00
6.529907799999999725e+02 -2.788950695692276938e+00
6.682785400000000209e+02 -2.783892200081016899e+00
6.945233200000000124e+02 -2.782678626551335910e+00
7.144864599999999655e+02 -2.778853132976315532e+00
7.482779299999999694e+02 -2.779844905203607830e+00
7.719488000000000056e+02 -2.775989993492022023e+00
8.048767299999999523e+02 -2.775777554578964246e+00
8.204779800000000023e+02 -2.770853939133594679e+00
8.458477599999999939e+02 -2.768422302348509056e+00
8.639726500000000442e+02 -2.764252665356794036e+00
9.025717300000000023e+02 -2.765905476750840197e+00
9.216699599999999464e+02 -2.761256091585972072e+00
9.545775599999999486e+02 -2.759365590124165823e+00
9.632805200000000241e+02 -2.755194961555671007e+00
1.003634699999999953e+03 -2.756853760554031751e+00
1.004655300000000011e+03 -2.748951210695323333e+00
1.050832599999999957e+03 -2.751508135710194480e+00
1.071033699999999953e+03 -2.749713221205832170e+00
1.100386600000000044e+03 -2.749037231443614004e+00
1.115064300000000003e+03 -2.743577943591894108e+00
1.157730399999999918e+03 -2.743947589081360494e+00
1.172771600000000035e+03 -2.741218391677787913e+00
1.212012600000000020e+03 -2.741523820195429728e+00
1.218205699999999979e+03 -2.736556368087293745e+00
1.252807499999999891e+03 -2.734327034446319082e+00
1.265826999999999998e+03 -2.731405942482146632e+00
1.306859699999999975e+03 -2.732859427800980345e+00
1.309896799999999985e+03 -2.728155518978908400e+00
1.344028700000000072e+03 -2.728908156863225631e+00
1.375563699999999926e+03 -2.726808495891892115e+00
1.406308500000000095e+03 -2.726867518089932219e+00
1.428278299999999945e+03 -2.725686880111736432e+00
1.458424700000000030e+03 -2.724572630823017150e+00
1.471016800000000103e+03 -2.719439174866795650e+00
1.487631000000000085e+03 -2.717665631926120540e+00
1.529153000000000020e+03 -2.719852215962135222e+00
1.549781199999999899e+03 -2.714464478999080832e+00
1.572365000000000009e+03 -2.714862427730457384e+00
1.611465099999999893e+03 -2.712796401279386149e+00
1.618392599999999902e+03 -2.711925787670131704e+00
1.650681599999999889e+03 -2.707789216800149834e+00
1.660015100000000075e+03 -2.706642169362456052e+00
1.714539800000000014e+03 -2.706654590434979024e+00
1.717587999999999965e+03 -2.706819061055665721e+00
1.758546199999999999e+03 -2.707508476952697141e+00
1.764736900000000105e+03 -2.701237687116095909e+00
1.801377300000000105e+03 -2.702713572853649548e+00
1.816762500000000045e+03 -2.700328343953973143e+00
1.856397300000000087e+03 -2.699837348423911099e+00
1.873327700000000050e+03 -2.697717297901014888e+00
1.901172700000000077e+03 -2.695107622747987097e+00
1.946457400000000007e+03 -2.697207047522656609e+00
1.952606700000000046e+03 -2.687775544784741122e+00
1.955568400000000111e+03 -2.697573718973702128e+00
1.996539500000000089e+03 -2.689206933852463344e+00
2.014811099999999897e+03 -2.687471265432006096e+00
2.036741099999999960e+03 -2.678800183669797441e+00
2.064215099999999893e+03 -2.686070834145898090e+00
2.099127700000000004e+03 -2.681448359789200708e+00
2.116816299999999956e+03 -2.682491497974395678e+00
2.164934900000000198e+03 -2.678106007208250539e+00
2.165712799999999788e+03 -2.682429591017861270e+00
2.210687199999999848e+03 -2.676777262360921394e+00
2.211162800000000061e+03 -2.679981274881503950e+00
2.256320400000000063e+03 -2.675840381975211013e+00
2.262997800000000097e+03 -2.670207371848745126e+00
2.300864000000000033e+03 -2.664892783083952832e+00
2.312158699999999953e+03 -2.672151839131561957e+00
2.348263500000000022e+03 -2.672771522953301560e+00
2.396810100000000148e+03 -2.668287336147654898e+00
2.408689699999999903e+03 -2.664506118707012927e+00
2.412157700000000204e+03 -2.669162028666141051e+00
2.468969599999999900e+03 -2.664409131548822085e+00
