1.003651899999999983e+02 -3.304847834754018443e+00
1.269547799999999995e+02 -3.304586163534001475e+00
1.500335499999999911e+02 -3.304540018129747292e+00
1.500716600000000085e+02 -3.304549870323479244e+00
1.762300500000000056e+02 -3.304155607875183698e+00
2.012286499999999876e+02 -3.303860152892746704e+00
2.013104800000000125e+02 -3.303881409347712683e+00
2.252352899999999920e+02 -3.303321995561015800e+00
2.499281499999999880e+02 -3.302792249327695551e+00
2.500628100000000131e+02 -3.302827061618641480e+00
2.744365399999999795e+02 -3.302110804156763280e+00
3.007923200000000179e+02 -3.301988973355097112e+00
3.009436299999999846e+02 -3.302028039117121505e+00
3.220024999999999977e+02 -3.300043466727061947e+00
3.502758600000000229e+02 -3.299748683411388495e+00
3.504195500000000152e+02 -3.299785779251706685e+00
3.769598199999999792e+02 -3.298745634239303115e+00
3.980501800000000117e+02 -3.296249102905782546e+00
3.981992900000000191e+02 -3.296287752580225661e+00
4.243904999999999745e+02 -3.295291400767963008e+00
4.476588399999999979e+02 -3.293494395284913612e+00
4.476667199999999980e+02 -3.293496330650984572e+00
4.698847700000000032e+02 -3.290145135862017511e+00
5.046755899999999997e+02 -3.291438309013900110e+00
5.049609699999999748e+02 -3.291512339852560753e+00
5.206728299999999763e+02 -3.285904567411565225e+00
5.476056599999999435e+02 -3.284103755539670377e+00
5.476794399999999996e+02 -3.284122727367744243e+00
5.782184300000000121e+02 -3.283741763611808917e+00
6.002367900000000418e+02 -3.281229083390517776e+00
6.003643899999999576e+02 -3.281262121416312905e+00
6.211049500000000307e+02 -3.276991616158945408e+00
6.535724099999999908e+02 -3.276414512728312189e+00
6.540344400000000178e+02 -3.276534211108897754e+00
6.706390900000000101e+02 -3.273825164497474294e+00
7.029108499999999822e+02 -3.274056261718818028e+00
7.034859000000000151e+02 -3.274205178019519380e+00
7.179500299999999697e+02 -3.268937217863221889e+00
7.467472199999999702e+02 -3.268115937669379356e+00
7.467811699999999746e+02 -3.268124867076508178e+00
7.683310099999999920e+02 -3.266152371844680324e+00
8.048675399999999627e+02 -3.266263526023011732e+00
8.053191299999999728e+02 -3.266380576341153308e+00
8.217638299999999845e+02 -3.262912847900979685e+00
8.433567699999999832e+02 -3.258501057262737977e+00
8.433856100000000424e+02 -3.258508207664476686e+00
8.657956500000000233e+02 -3.258779412243512752e+00
9.010712600000000521e+02 -3.258862273123670938e+00
9.014902799999999843e+02 -3.258970445479722144e+00
9.199438099999999849e+02 -3.255551756665486796e+00
9.531783100000000104e+02 -3.254661142931646101e+00
9.533101900000000342e+02 -3.254695490964275351e+00
9.719160699999999906e+02 -3.254106285358155937e+00
1.002975299999999947e+03 -3.252744049700879714e+00
1.003232300000000009e+03 -3.252810641973710837e+00
1.009489699999999971e+03 -3.249295290000832281e+00
1.037984400000000051e+03 -3.248479363956475741e+00
1.038113200000000006e+03 -3.248512101581288114e+00
1.064434799999999996e+03 -3.247637540817859936e+00
1.106597299999999905e+03 -3.246567510641463095e+00
1.106913900000000012e+03 -3.246649052732216045e+00
1.116625399999999900e+03 -3.246477295533130469e+00
1.153307600000000093e+03 -3.244747978854132686e+00
1.153464899999999943e+03 -3.244788491379600792e+00
1.172711000000000013e+03 -3.245956541776757742e+00
1.199091200000000072e+03 -3.245018919410873615e+00
1.199496000000000095e+03 -3.245123568270036785e+00
1.216320999999999913e+03 -3.242837301704766695e+00
1.253266699999999901e+03 -3.240823367386943765e+00
1.253707400000000007e+03 -3.240937500652464553e+00
1.279235100000000102e+03 -3.242278828553879944e+00
1.301471399999999903e+03 -3.240599255885146857e+00
1.301690000000000055e+03 -3.240655819222660217e+00
1.314411599999999908e+03 -3.238647893294226421e+00
1.348927400000000034e+03 -3.236558091646960289e+00
1.349151499999999942e+03 -3.236616127729379233e+00
1.369396199999999908e+03 -3.236689242274974454e+00
1.405583000000000084e+03 -3.236154824505356409e+00
1.405872900000000072e+03 -3.236229311458320712e+00
1.424232899999999972e+03 -3.237246243806205293e+00
1.461058800000000019e+03 -3.232435208129561754e+00
1.462669499999999971e+03 -3.232851249949145522e+00
1.464269299999999930e+03 -3.232879983773489840e+00
1.497749099999999999e+03 -3.233672213021362651e+00
1.498383100000000013e+03 -3.233836216414481157e+00
1.512326900000000023e+03 -3.231505539901892377e+00
1.535967900000000100e+03 -3.229125859589592196e+00
1.536473600000000033e+03 -3.229257203732446513e+00
1.556599899999999934e+03 -3.229043094418027948e+00
1.589387500000000045e+03 -3.228056691674408452e+00
1.590050799999999981e+03 -3.228228778554921075e+00
1.610432399999999916e+03 -3.227464650647440703e+00
1.649268900000000031e+03 -3.229195326709846547e+00
1.651051500000000033e+03 -3.229656520497472538e+00
1.674789199999999937e+03 -3.229354149257808171e+00
1.699947400000000016e+03 -3.227745537199601333e+00
1.700375000000000000e+03 -3.224188819982952481e+00
1.701808399999999892e+03 -3.228226540979437953e+00
1.766472800000000007e+03 -3.227421745943775733e+00
1.767949599999999919e+03 -3.227804494968101956e+00
1.770840500000000020e+03 -3.227538365540422838e+00
1.802300799999999981e+03 -3.221940917658652648e+00
1.802583300000000008e+03 -3.222014153074569620e+00
1.811077299999999923e+03 -3.223613847764151608e+00
1.848373499999999922e+03 -3.223404854004781495e+00
1.849320400000000063e+03 -3.223649748277425342e+00
1.871407699999999977e+03 -3.224621458706876442e+00
1.892879300000000057e+03 -3.217439799364647524e+00
1.906216899999999896e+03 -3.220599924875406916e+00
1.907183999999999969e+03 -3.220850855416709901e+00
1.947401800000000094e+03 -3.221979435125082780e+00
1.947793499999999995e+03 -3.222080799144249497e+00
1.965537399999999934e+03 -3.220166729307809561e+00
2.010361599999999953e+03 -3.218205267683517334e+00
2.012828400000000101e+03 -3.218843493449099036e+00
2.019835700000000088e+03 -3.217792919457872713e+00
2.045801600000000008e+03 -3.217104237479930795e+00
2.047924999999999955e+03 -3.217654043706604572e+00
2.060693299999999908e+03 -3.215524718237811275e+00
2.100849200000000110e+03 -3.218841346042139229e+00
2.102383200000000215e+03 -3.213012595004486993e+00
2.103427599999999984e+03 -3.219508269973347492e+00
2.162329799999999977e+03 -3.218103410186882840e+00
2.163508100000000013e+03 -3.218408838362154967e+00
2.173346599999999853e+03 -3.217080517710135812e+00
2.199847699999999804e+03 -3.215096957240248798e+00
2.200010900000000220e+03 -3.215139096803991681e+00
2.204420999999999822e+03 -3.212367125436353721e+00
2.260000199999999950e+03 -3.212470393082451636e+00
2.260371299999999792e+03 -3.212567042216365909e+00
2.267308100000000195e+03 -3.213222748983115995e+00
2.313803499999999985e+03 -3.215818605700478283e+00
2.314639000000000124e+03 -3.216034192001199443e+00
2.318675200000000132e+03 -3.213092335940257893e+00
2.347424599999999828e+03 -3.211479543742288723e+00
2.349651299999999992e+03 -3.212055393565282913e+00
2.362784799999999905e+03 -3.210373471629133224e+00
2.385939100000000053e+03 -3.207080467132852775e+00
2.386402199999999993e+03 -3.207200136817304426e+00
2.411429299999999785e+03 -3.209876073670185903e+00
2.432324500000000171e+03 -3.208983374142414746e+00
2.434285400000000209e+03 -3.209489746092506923e+00
