1.008842400000000055e+02 -4.416053717049931215e+00
1.273611599999999981e+02 -4.414694528406015728e+00
1.505553500000000042e+02 -4.414792408220868936e+00
1.505818700000000092e+02 -4.414799213283449042e+00
1.740057400000000030e+02 -4.412641692829081030e+00
1.997428199999999947e+02 -4.413001987813450988e+00
1.997795700000000068e+02 -4.413011488420107042e+00
2.249459500000000105e+02 -4.410774622644415111e+00
2.507272299999999916e+02 -4.410680539201639050e+00
2.507453399999999988e+02 -4.410685170111785069e+00
2.713749500000000126e+02 -4.407364254002124504e+00
2.991051299999999742e+02 -4.408361472023024419e+00
2.991395400000000109e+02 -4.408370367693092540e+00
3.220262599999999793e+02 -4.404062483167834330e+00
3.450064800000000105e+02 -4.403579960972569651e+00
3.450075400000000059e+02 -4.403580489430703793e+00
3.727451500000000237e+02 -4.400737576554955233e+00
3.994797300000000178e+02 -4.400546158338049629e+00
3.995981100000000197e+02 -4.400576761924877012e+00
4.171449400000000196e+02 -4.396917465089612342e+00
4.488925899999999842e+02 -4.397967577888426405e+00
4.489200399999999718e+02 -4.397974623374523162e+00
4.696799399999999878e+02 -4.394557326725902158e+00
5.019780700000000024e+02 -4.395463977123760024e+00
5.020809199999999919e+02 -4.395490464125588304e+00
5.164997200000000248e+02 -4.391841866067840883e+00
5.500285499999999956e+02 -4.392431219966758782e+00
5.500502199999999675e+02 -4.392436771207780311e+00
5.657795700000000352e+02 -4.389300444766050191e+00
6.001410899999999629e+02 -4.390767746251184711e+00
6.003273900000000367e+02 -4.390815908510231402e+00
6.146851400000000467e+02 -4.387203481811632777e+00
6.550359999999999445e+02 -4.389505733535497001e+00
6.550457300000000487e+02 -4.389507994507182431e+00
6.692446599999999535e+02 -4.386674884193223711e+00
6.960258700000000545e+02 -4.385508089454974723e+00
6.961390599999999722e+02 -4.385537147781850109e+00
7.183798500000000331e+02 -4.384594080870560795e+00
7.492682800000000043e+02 -4.384268394266848112e+00
7.493649500000000216e+02 -4.384293334501045081e+00
7.651825000000000045e+02 -4.382913424414534909e+00
8.059924200000000383e+02 -4.384515707875043411e+00
8.061220700000000079e+02 -4.384548919668809219e+00
8.180617999999999483e+02 -4.383040778070393273e+00
8.469164799999999786e+02 -4.381569440585060704e+00
8.471691299999999956e+02 -4.381634908296287989e+00
8.556364200000000437e+02 -4.379157984912790624e+00
8.925223700000000235e+02 -4.379784313372965698e+00
8.926620599999999968e+02 -4.379820782216897079e+00
9.122844400000000178e+02 -4.379237441683050847e+00
9.521305999999999585e+02 -4.380887897423701993e+00
9.524252400000000307e+02 -4.380964220385908270e+00
9.674074600000000146e+02 -4.380345106233242802e+00
1.003601300000000037e+03 -4.380252514550032394e+00
1.004044899999999984e+03 -4.380366990440039743e+00
1.012863000000000056e+03 -4.378392624902514463e+00
1.040575599999999895e+03 -4.376560598367310817e+00
1.040787600000000111e+03 -4.376615862556672454e+00
1.067284699999999930e+03 -4.379170602426038172e+00
1.101974699999999984e+03 -4.379551542254064067e+00
1.101981500000000096e+03 -4.379553198418633109e+00
1.106651299999999992e+03 -4.376629455654468259e+00
1.157446300000000065e+03 -4.378952456215148281e+00
1.157564399999999978e+03 -4.378982580333152796e+00
1.163942099999999982e+03 -4.378254994293522273e+00
1.195846199999999953e+03 -4.378163382778385682e+00
1.196041400000000067e+03 -4.378213693208404145e+00
1.219060999999999922e+03 -4.378676828832263723e+00
1.252397400000000061e+03 -4.374956411320097160e+00
1.252693400000000111e+03 -4.378758406447436968e+00
1.253098899999999958e+03 -4.378863388926755640e+00
1.305614000000000033e+03 -4.375952410922209879e+00
1.309131699999999910e+03 -4.380043365534941557e+00
1.309277499999999918e+03 -4.380081515706327977e+00
1.359390599999999949e+03 -4.381884246196057653e+00
1.359457000000000107e+03 -4.381901920772075520e+00
1.364903399999999920e+03 -4.378540943347990044e+00
1.394915999999999940e+03 -4.377546235990418921e+00
1.395448699999999917e+03 -4.377683746004318976e+00
1.414664399999999887e+03 -4.377923929254578184e+00
1.430876899999999978e+03 -4.374403194677570994e+00
1.430912000000000035e+03 -4.374413235549092782e+00
1.471332200000000057e+03 -4.380024681107767215e+00
1.499364000000000033e+03 -4.378468589555970958e+00
1.499573300000000017e+03 -4.378522697772925021e+00
1.512848099999999931e+03 -4.377196915935414268e+00
1.545432399999999916e+03 -4.377387551046462377e+00
1.545936999999999898e+03 -4.377517745765513446e+00
1.558210800000000063e+03 -4.376025949594351871e+00
1.608096099999999979e+03 -4.381072099446246426e+00
1.608124700000000075e+03 -4.381079035146989042e+00
1.608550099999999929e+03 -4.377327926674836611e+00
1.633404600000000073e+03 -4.375329434320550881e+00
1.633808399999999892e+03 -4.375432959607902461e+00
1.653949599999999919e+03 -4.378102663567219111e+00
1.694630499999999984e+03 -4.381150373574739021e+00
1.694690399999999954e+03 -4.381166113344318269e+00
1.709642000000000053e+03 -4.379625435846131509e+00
1.748180100000000039e+03 -4.380339268773879802e+00
1.748423199999999952e+03 -4.380402165849163865e+00
1.764300099999999929e+03 -4.381401785770465906e+00
1.791838999999999942e+03 -4.380400643050862186e+00
1.792173999999999978e+03 -4.380487603418219855e+00
1.812316700000000083e+03 -4.380351924752352133e+00
1.852362499999999955e+03 -4.378670976956181349e+00
1.861048900000000003e+03 -4.382262096200904011e+00
1.861168699999999944e+03 -4.382292456261128955e+00
1.893003200000000106e+03 -4.376372450783327039e+00
1.907345299999999952e+03 -4.381857596404064914e+00
1.907494999999999891e+03 -4.381895889751193707e+00
1.953351699999999937e+03 -4.380165882804916144e+00
1.953490700000000061e+03 -4.381954056030133771e+00
1.953726899999999887e+03 -4.382015321974264133e+00
2.005195899999999938e+03 -4.382186338615324139e+00
2.008280899999999974e+03 -4.385419756922946277e+00
2.008717799999999897e+03 -4.385533111354437352e+00
2.033290500000000065e+03 -4.379828041242655345e+00
2.033309500000000071e+03 -4.379833818172828686e+00
2.055112900000000081e+03 -4.383913185074895580e+00
2.092823400000000220e+03 -4.383384672869371279e+00
2.093135499999999865e+03 -4.383465713130812347e+00
2.114172300000000178e+03 -4.384874478560727873e+00
2.146843600000000151e+03 -4.380688663320305487e+00
2.170852800000000116e+03 -4.382131271605769207e+00
2.171330300000000079e+03 -4.382253290070947216e+00
2.172538599999999860e+03 -4.385536960307971022e+00
2.173068900000000212e+03 -4.385672832165968593e+00
2.211741899999999987e+03 -4.387493338737399107e+00
2.238952099999999973e+03 -4.385611372772841854e+00
2.239725199999999859e+03 -4.385811794253957174e+00
2.246133499999999913e+03 -4.382100260588511098e+00
2.277685399999999845e+03 -4.384962988143636053e+00
2.278224299999999857e+03 -4.385103424001529859e+00
2.320848599999999806e+03 -4.390545460997716809e+00
2.346077400000000125e+03 -4.388286618865602229e+00
2.346738499999999931e+03 -4.388457322835817465e+00
2.356753099999999904e+03 -4.386980399715634249e+00
2.401157600000000002e+03 -4.388137589738212441e+00
2.412846199999999953e+03 -4.389226799594991846e+00
2.413202800000000025e+03 -4.389319700190226214e+00
2.442060699999999997e+03 -4.389451780117628488e+00
2.442234199999999873e+03 -4.389496277123997814e+00
