1.222255200000000031e+02 1.123846682271524600e+01
1.312733000000000061e+02 1.124391664970486460e+01
1.688291600000000017e+02 1.126298086708731994e+01
1.701267599999999902e+02 1.126440871158151857e+01
1.811807799999999986e+02 1.127354569509464710e+01
2.169162599999999941e+02 1.128865357215550524e+01
2.185126600000000110e+02 1.128850956645634085e+01
2.262425200000000132e+02 1.129432424180745009e+01
2.641784799999999791e+02 1.131606503154895194e+01
2.656449099999999817e+02 1.131633828617952275e+01
2.753354499999999803e+02 1.131969468756360797e+01
3.137215199999999982e+02 1.134145176063504934e+01
3.148524100000000203e+02 1.134151842051699433e+01
3.255745499999999879e+02 1.135081721962141366e+01
3.636863000000000170e+02 1.136469417870954679e+01
3.647338500000000181e+02 1.136370801953999532e+01
3.716617800000000216e+02 1.137026053327905473e+01
4.109962699999999813e+02 1.139699674333401092e+01
4.136619400000000155e+02 1.139750661510278817e+01
4.206193000000000097e+02 1.140259159373091791e+01
4.626142800000000079e+02 1.142629350702218538e+01
4.627215699999999856e+02 1.142660187258294258e+01
4.741550100000000043e+02 1.143379757785467099e+01
5.127761699999999792e+02 1.145081111337268531e+01
5.140587900000000445e+02 1.145145735802971743e+01
5.226757499999999936e+02 1.145892682678607777e+01
5.595352900000000318e+02 1.148514909423977137e+01
5.631735700000000406e+02 1.148521219214329392e+01
5.689652200000000448e+02 1.149752188072460690e+01
6.096905400000000554e+02 1.151957154488092705e+01
6.099001399999999649e+02 1.151922755953592414e+01
6.236042400000000043e+02 1.151896499084062775e+01
6.588165900000000192e+02 1.154636220232037402e+01
6.609815099999999575e+02 1.154671280276816603e+01
6.676915099999999939e+02 1.155849023000203601e+01
7.093744199999999864e+02 1.158370140443720686e+01
7.123867500000000064e+02 1.158377417056787984e+01
7.219803699999999935e+02 1.159280887441481767e+01
7.606430000000000291e+02 1.162390901689395406e+01
7.621689900000000080e+02 1.162357622633828491e+01
7.709394200000000410e+02 1.162517555465092656e+01
8.112225899999999683e+02 1.165672297984938055e+01
8.117125800000000027e+02 1.165654793405251510e+01
8.186857199999999466e+02 1.166488957866883780e+01
8.596146499999999833e+02 1.169251272135151609e+01
8.633266599999999471e+02 1.169230714431101248e+01
8.693209299999999757e+02 1.171184561367799759e+01
9.097888500000000249e+02 1.172721809485039657e+01
9.212278300000000399e+02 1.175141868512110754e+01
9.238144700000000284e+02 1.172777274577651063e+01
9.626257799999999634e+02 1.177355332790555664e+01
9.633186299999999846e+02 1.177330348056177378e+01
9.648120800000000372e+02 1.178844850396906097e+01
1.005583899999999971e+03 1.181249847343781845e+01
1.012516200000000026e+03 1.181179981681253821e+01
1.014092800000000011e+03 1.183765570934255962e+01
1.056597500000000082e+03 1.185896549969468872e+01
1.066219499999999925e+03 1.185849175656421650e+01
1.079154600000000073e+03 1.188084978628129385e+01
1.108075800000000072e+03 1.190427539181762739e+01
1.108603200000000015e+03 1.192988856096071792e+01
1.112713299999999890e+03 1.190354111540810145e+01
1.159404399999999896e+03 1.195800732749847306e+01
1.163619599999999991e+03 1.195798290250356111e+01
1.173154500000000098e+03 1.196520303277020147e+01
1.200737599999999929e+03 1.200773356401384184e+01
1.208729599999999891e+03 1.200804040301241571e+01
1.219429499999999962e+03 1.201087777325463080e+01
1.258067399999999907e+03 1.205059790352127003e+01
1.262081300000000056e+03 1.206869682475066163e+01
1.266650100000000066e+03 1.205061164258090756e+01
1.304686899999999923e+03 1.209206747404844329e+01
1.306365900000000011e+03 1.209186596784042322e+01
1.321784900000000107e+03 1.211417107673519311e+01
1.359023500000000013e+03 1.214198046000407061e+01
1.367845600000000104e+03 1.214262008955831362e+01
1.375984500000000025e+03 1.217597343781803509e+01
1.407402599999999893e+03 1.218876399348666872e+01
1.410903499999999894e+03 1.218912120903724805e+01
1.422790400000000091e+03 1.221821341339303757e+01
1.461387699999999995e+03 1.223875941380012300e+01
1.462095000000000027e+03 1.226354416853246576e+01
1.466642700000000104e+03 1.223839151231426747e+01
1.501311699999999973e+03 1.229166395277834312e+01
1.506896300000000110e+03 1.229157439446366773e+01
1.509495300000000043e+03 1.230948453083655636e+01
1.547622599999999920e+03 1.233775442703032788e+01
1.552096000000000004e+03 1.233775646244657054e+01
1.569016699999999901e+03 1.234079686545898547e+01
1.600185199999999895e+03 1.238135609607164689e+01
1.605489800000000059e+03 1.238151333197638948e+01
1.616206500000000005e+03 1.239923824547119757e+01
1.663958000000000084e+03 1.243153724811724103e+01
1.667445400000000063e+03 1.244692855688988509e+01
1.669788600000000088e+03 1.243184815794830023e+01
1.697079400000000078e+03 1.247053836759617340e+01
1.698619899999999916e+03 1.247072562589049483e+01
1.711317399999999907e+03 1.249864797476083744e+01
1.755547000000000025e+03 1.252482698961937757e+01
1.763735899999999901e+03 1.253371616120496590e+01
1.765905199999999923e+03 1.252523051088947703e+01
1.798347800000000007e+03 1.257871107266436006e+01
1.816437500000000000e+03 1.257910746997760931e+01
1.820270700000000033e+03 1.258487991044168552e+01
1.850963299999999890e+03 1.262518522287807876e+01
1.860311799999999948e+03 1.262566252798697342e+01
1.860663800000000037e+03 1.263347750865051999e+01
1.892134099999999989e+03 1.266786026867494463e+01
1.897667599999999993e+03 1.266771626297577846e+01
1.909359699999999975e+03 1.267045847750865128e+01
1.939451600000000099e+03 1.270126552004884957e+01
1.954275499999999965e+03 1.270174129859556267e+01
1.956794599999999946e+03 1.272987583960919977e+01
1.999988000000000056e+03 1.277897516792184085e+01
2.008894299999999930e+03 1.275064777121921544e+01
2.012323699999999917e+03 1.275060299206187686e+01
2.066413900000000012e+03 1.280628180337878952e+01
2.066643700000000081e+03 1.280625483411357557e+01
2.078380200000000059e+03 1.283533075513942734e+01
2.083196899999999914e+03 1.287179981681253693e+01
2.084270599999999831e+03 1.287141410543456210e+01
2.100583599999999933e+03 1.284723895786688352e+01
2.138640100000000075e+03 1.290485955627925918e+01
2.143771600000000035e+03 1.290447282719316213e+01
2.166759100000000217e+03 1.289034449419906281e+01
2.193182699999999841e+03 1.293911306737227740e+01
2.199329600000000028e+03 1.293909067779360988e+01
2.218987999999999829e+03 1.295863474455526188e+01
2.241556599999999889e+03 1.298158864237736587e+01
2.252527999999999793e+03 1.298183696315896540e+01
2.257865299999999934e+03 1.301443262772236942e+01
2.291518599999999878e+03 1.304566812538164022e+01
2.302684499999999844e+03 1.304543557907592088e+01
2.318612500000000182e+03 1.304632556482800787e+01
2.328072400000000016e+03 1.308255190311418659e+01
2.336586499999999887e+03 1.308255139426012548e+01
2.351966300000000047e+03 1.308372735599430037e+01
2.399190999999999804e+03 1.313148432729493109e+01
2.403407900000000154e+03 1.313103907999185793e+01
2.427802200000000084e+03 1.312870293099938834e+01
2.443914299999999912e+03 1.316711937716262959e+01
2.449023999999999887e+03 1.316701709749643889e+01
