9.920373299999999972e+01 -1.487341947070160320e+00
1.006029800000000023e+02 -1.487602672746228816e+00
1.257524800000000056e+02 -1.486882916795833287e+00
1.497797799999999881e+02 -1.487199021714813663e+00
1.508920599999999865e+02 -1.487247050632845680e+00
1.770029000000000110e+02 -1.487046479686630729e+00
2.004968100000000106e+02 -1.486410882372143361e+00
2.007083900000000085e+02 -1.486490361207243538e+00
2.230721800000000030e+02 -1.485643513168841245e+00
2.495156000000000063e+02 -1.485548664311514999e+00
2.495525399999999934e+02 -1.485567271639233189e+00
2.738287799999999947e+02 -1.484961725991027937e+00
2.980753599999999892e+02 -1.483843678528745658e+00
2.997379300000000057e+02 -1.484474534213216845e+00
3.229891299999999887e+02 -1.482763368409287574e+00
3.479689099999999939e+02 -1.481297772283262315e+00
3.489701900000000023e+02 -1.482234823789787104e+00
3.718972499999999854e+02 -1.479948003007525381e+00
4.000185399999999731e+02 -1.478984810294101671e+00
4.018233999999999924e+02 -1.480155605671600316e+00
4.234518699999999853e+02 -1.476132961572816926e+00
4.507231800000000135e+02 -1.475388308109583768e+00
4.530003300000000195e+02 -1.474189290634468685e+00
4.682861399999999890e+02 -1.470366144766499961e+00
4.997579799999999750e+02 -1.470378844869653756e+00
5.000763499999999908e+02 -1.470545975824993024e+00
5.207851000000000568e+02 -1.466585128181011832e+00
5.465733800000000429e+02 -1.464411335957081839e+00
5.482041600000000017e+02 -1.466075801097431519e+00
5.696609099999999444e+02 -1.461789753172168194e+00
5.934315900000000283e+02 -1.459893679138317246e+00
6.010099400000000287e+02 -1.460967223883522959e+00
6.206143100000000459e+02 -1.458722296813809827e+00
6.448399100000000317e+02 -1.456468558964309157e+00
6.497162600000000339e+02 -1.456764557879776767e+00
6.729502300000000332e+02 -1.454595701465989821e+00
7.005677100000000337e+02 -1.452993308005745332e+00
7.064771399999999630e+02 -1.454963869000575505e+00
7.196834199999999555e+02 -1.450043638186553574e+00
7.474286299999999983e+02 -1.450119950391850931e+00
7.619961600000000317e+02 -1.451202047064285017e+00
7.658300900000000411e+02 -1.445049392141456224e+00
7.961422499999999900e+02 -1.444370677791460444e+00
8.038905499999999620e+02 -1.444606466564303027e+00
8.134730899999999565e+02 -1.441299854252652057e+00
8.509599100000000362e+02 -1.442424232780399551e+00
8.599391699999999901e+02 -1.443414642462842457e+00
8.675573699999999917e+02 -1.439387101072544084e+00
9.025256000000000540e+02 -1.439165788149888936e+00
9.047908400000000029e+02 -1.438807677047660327e+00
9.243491800000000467e+02 -1.437006630888665315e+00
9.481485699999999497e+02 -1.434360651462928349e+00
9.519778599999999642e+02 -1.435409677121704863e+00
9.659925100000000384e+02 -1.431182855112265173e+00
9.988710300000000188e+02 -1.432261937458775947e+00
1.004576000000000022e+03 -1.430968314381621864e+00
1.013553599999999960e+03 -1.428218777314665511e+00
1.043278700000000072e+03 -1.428632800643037104e+00
1.047943299999999908e+03 -1.428099683858268687e+00
1.064186999999999898e+03 -1.425868869366619940e+00
1.096277199999999993e+03 -1.424934364946340848e+00
1.103213400000000092e+03 -1.425262214586083598e+00
1.115464199999999892e+03 -1.423465011842318662e+00
1.147664199999999937e+03 -1.423009279637133861e+00
1.156601699999999937e+03 -1.422851095848551628e+00
1.157534300000000030e+03 -1.417547972097814135e+00
1.196684799999999996e+03 -1.418224315575293604e+00
1.205698100000000068e+03 -1.417854097227403409e+00
1.213725100000000111e+03 -1.416248898657850086e+00
1.244172800000000052e+03 -1.416434554444376159e+00
1.247021300000000110e+03 -1.416809865563721793e+00
1.268859400000000051e+03 -1.414781370214304390e+00
1.299112000000000080e+03 -1.413538561084923817e+00
1.313528299999999945e+03 -1.416082528614234892e+00
1.319929100000000062e+03 -1.412450574469988673e+00
1.353195400000000063e+03 -1.412479488406481742e+00
1.361762300000000096e+03 -1.412894080489919491e+00
1.366334800000000087e+03 -1.409601503706042536e+00
1.396079199999999901e+03 -1.408186657319461688e+00
1.410199299999999994e+03 -1.410641889639677293e+00
1.412974300000000085e+03 -1.406732526840642983e+00
1.448490399999999909e+03 -1.404708670510985247e+00
1.450029800000000023e+03 -1.405681844689064874e+00
1.460528199999999970e+03 -1.403174029731264705e+00
1.496432299999999941e+03 -1.402047649897721682e+00
1.496908100000000104e+03 -1.402046086196375496e+00
1.507410900000000083e+03 -1.400104440275126594e+00
1.545228900000000067e+03 -1.398431980714348155e+00
1.545358899999999949e+03 -1.400945386796310199e+00
1.569212199999999939e+03 -1.399437199257230757e+00
1.591574299999999994e+03 -1.396739670070233252e+00
1.601351200000000063e+03 -1.399791211280198233e+00
1.622706899999999905e+03 -1.397463214556844191e+00
1.652899799999999914e+03 -1.396912940443486129e+00
1.656400900000000092e+03 -1.393725687484876907e+00
1.667721099999999979e+03 -1.394545935830874051e+00
1.668257900000000063e+03 -1.389700738220935872e+00
1.707324699999999893e+03 -1.388455993144417588e+00
1.713216200000000072e+03 -1.393202450120918812e+00
1.748231700000000046e+03 -1.392400135370449599e+00
1.752942700000000059e+03 -1.391709718163478771e+00
1.764421700000000101e+03 -1.387609387067198607e+00
1.784062100000000100e+03 -1.388614004471842245e+00
1.817241500000000087e+03 -1.390477668578823378e+00
1.820550999999999931e+03 -1.385461267899319671e+00
1.850216499999999996e+03 -1.383768187939384831e+00
1.855781500000000051e+03 -1.384187870976507195e+00
1.878768399999999929e+03 -1.384241626884952669e+00
1.898733899999999949e+03 -1.384002688867762343e+00
1.916229800000000068e+03 -1.379423244135819626e+00
1.917062400000000025e+03 -1.380767278774804652e+00
1.941883499999999913e+03 -1.370700819472086218e+00
1.943138099999999895e+03 -1.373707226532820069e+00
1.949239000000000033e+03 -1.375784481531044268e+00
1.997854000000000042e+03 -1.375744956929468854e+00
2.005113700000000108e+03 -1.375524848099687336e+00
2.011800700000000006e+03 -1.370598370242670505e+00
2.056919199999999819e+03 -1.368019575599142001e+00
2.057904100000000199e+03 -1.367121433868507818e+00
2.061963999999999942e+03 -1.373568108555992318e+00
2.089590200000000095e+03 -1.365472752617524321e+00
2.106467500000000200e+03 -1.369528064856399663e+00
2.116704999999999927e+03 -1.366035643495416174e+00
2.125680100000000039e+03 -1.360258134665630170e+00
2.153259199999999964e+03 -1.364778935433545559e+00
2.159853399999999965e+03 -1.360061725630377971e+00
2.189834299999999985e+03 -1.362707459462809023e+00
2.197910300000000007e+03 -1.356611468161184275e+00
2.204565799999999854e+03 -1.356041949715554029e+00
2.242831299999999828e+03 -1.359280058742202923e+00
2.255062399999999798e+03 -1.358212293992786979e+00
2.258025500000000193e+03 -1.349928141324764130e+00
2.310939300000000003e+03 -1.354146237650436291e+00
2.314802799999999934e+03 -1.344377931822419825e+00
2.317686000000000149e+03 -1.353733870411429008e+00
2.342546400000000176e+03 -1.336371800536086507e+00
2.349583500000000186e+03 -1.346941234529334563e+00
2.359980199999999968e+03 -1.343629446435889552e+00
2.381809499999999844e+03 -1.341191949060591249e+00
2.385190900000000056e+03 -1.328901544877667984e+00
2.406231999999999971e+03 -1.333616072869305835e+00
2.437596300000000156e+03 -1.338610690854004304e+00
