9.915779200000000060e+01 -4.538065110097637245e+00
1.271195500000000038e+02 -4.537623162464740290e+00
1.496082800000000077e+02 -4.537457962570570658e+00
1.755064399999999978e+02 -4.536540492248009038e+00
2.001014499999999998e+02 -4.536293866287756771e+00
2.253960199999999929e+02 -4.535493457907674220e+00
2.473514099999999871e+02 -4.534324512935627993e+00
2.748114499999999794e+02 -4.533696632837323826e+00
2.986053999999999746e+02 -4.532623997724792630e+00
3.229318999999999846e+02 -4.530614184957475921e+00
3.475687599999999975e+02 -4.529408451330399821e+00
3.731621200000000158e+02 -4.526576289574136602e+00
4.016266800000000217e+02 -4.525626172391056024e+00
4.231060600000000136e+02 -4.521678968868625859e+00
4.495921900000000164e+02 -4.520362055351426989e+00
4.711288599999999747e+02 -4.513726120810321873e+00
4.984761300000000119e+02 -4.512236958376489859e+00
5.241048799999999801e+02 -4.506963151827472203e+00
5.513679600000000391e+02 -4.505029570419721630e+00
5.736456600000000208e+02 -4.498876882034349656e+00
5.982278900000000021e+02 -4.496564821108853138e+00
6.214265599999999949e+02 -4.491661569249626673e+00
6.472308299999999690e+02 -4.489365460524968654e+00
6.736011099999999487e+02 -4.484031471484046349e+00
6.991869299999999612e+02 -4.480618488108267350e+00
7.184642599999999675e+02 -4.475407628569053387e+00
7.526926200000000335e+02 -4.474980135097348821e+00
7.765333200000000033e+02 -4.471441517400577048e+00
8.082211099999999533e+02 -4.470072837469165172e+00
8.263374999999999773e+02 -4.466434638311632455e+00
8.465999699999999848e+02 -4.462323561899507851e+00
8.670998399999999720e+02 -4.460293805192957706e+00
8.952642700000000104e+02 -4.458001239891017597e+00
9.213460599999999658e+02 -4.456490543431574025e+00
9.443768099999999777e+02 -4.452073038246903813e+00
9.690054699999999457e+02 -4.452678537087125576e+00
1.009732200000000034e+03 -4.454455172204349722e+00
1.018074399999999969e+03 -4.449339000327292126e+00
1.064005100000000084e+03 -4.446305663036043576e+00
1.065327800000000025e+03 -4.450618093784159512e+00
1.109056900000000041e+03 -4.448039260775078496e+00
1.110231999999999971e+03 -4.442382331053625677e+00
1.156469499999999925e+03 -4.443483569221446494e+00
1.157080600000000004e+03 -4.440706938484630051e+00
1.200923500000000104e+03 -4.442086336358106458e+00
1.212940399999999954e+03 -4.440905848791547150e+00
1.246225500000000011e+03 -4.441307931471431658e+00
1.260873499999999922e+03 -4.440256801116782448e+00
1.289071500000000015e+03 -4.439194876469445994e+00
1.309810300000000097e+03 -4.437557592178773547e+00
1.345926400000000058e+03 -4.438942460658345190e+00
1.361439599999999928e+03 -4.438146041826663613e+00
1.403230299999999943e+03 -4.436684605936702219e+00
1.412104299999999967e+03 -4.440317404871939821e+00
1.451065700000000106e+03 -4.439441198485390316e+00
1.453346199999999953e+03 -4.436033093866543986e+00
1.496120799999999917e+03 -4.436621049299416697e+00
1.511897799999999961e+03 -4.437685826187853344e+00
1.530298700000000053e+03 -4.435540219848581600e+00
1.546328999999999951e+03 -4.435030443192475857e+00
1.595644600000000082e+03 -4.438230403199902696e+00
1.617977799999999888e+03 -4.439565347831297082e+00
1.646923299999999927e+03 -4.439123442716609524e+00
1.664567900000000009e+03 -4.441155613109056155e+00
1.688981399999999894e+03 -4.437889134236146838e+00
1.705408799999999928e+03 -4.438732880887808818e+00
1.751514300000000048e+03 -4.440517834851007706e+00
1.765477200000000039e+03 -4.440880473841935405e+00
1.806303100000000086e+03 -4.441679082629299558e+00
1.808383700000000090e+03 -4.443355570998087423e+00
1.849339999999999918e+03 -4.443817801223270081e+00
1.866716499999999996e+03 -4.445660979953048653e+00
1.889219800000000077e+03 -4.440919860148055065e+00
1.908205899999999929e+03 -4.444924776378438303e+00
1.950700299999999970e+03 -4.444339592314205056e+00
1.954772699999999986e+03 -4.444768686369470423e+00
1.999492500000000064e+03 -4.445830357391653997e+00
2.000121100000000069e+03 -4.445421826979583990e+00
2.057148000000000138e+03 -4.446710009301971134e+00
2.058620300000000043e+03 -4.447994607402745437e+00
2.095487599999999929e+03 -4.450791262034295315e+00
2.100817399999999907e+03 -4.448828341880862958e+00
2.149095499999999902e+03 -4.450946073641872225e+00
2.166492999999999938e+03 -4.452498375570219658e+00
2.211356999999999971e+03 -4.454332313968492052e+00
2.213341100000000097e+03 -4.453974594022157341e+00
2.261656500000000051e+03 -4.456345099045953440e+00
2.270262000000000171e+03 -4.461036156869443658e+00
2.291684499999999844e+03 -4.453667216371471227e+00
2.304343199999999797e+03 -4.456534389198811397e+00
2.353151400000000194e+03 -4.457326156053791344e+00
2.375113600000000133e+03 -4.460823484120135518e+00
2.406649699999999939e+03 -4.462649305973783953e+00
2.415545799999999872e+03 -4.465257999351057272e+00
2.430799599999999828e+03 -4.458249293506069577e+00
