9.974226199999999665e+01 -3.868164711197912720e+00
1.270533800000000042e+02 -3.868135366196255198e+00
1.492070999999999970e+02 -3.867944367607620393e+00
1.749266700000000014e+02 -3.867692767701585765e+00
1.983246499999999912e+02 -3.867398338412650904e+00
2.225542000000000087e+02 -3.867017288722693902e+00
2.508200999999999965e+02 -3.867427171597124680e+00
2.737989499999999907e+02 -3.867146513833288335e+00
2.985557600000000207e+02 -3.866798524861643660e+00
3.218158700000000181e+02 -3.866252190457076132e+00
3.501978100000000040e+02 -3.866216496976659478e+00
3.713856599999999730e+02 -3.865354114403452890e+00
4.023206400000000258e+02 -3.865575878144125621e+00
4.226707599999999729e+02 -3.864680265805606751e+00
4.497108699999999999e+02 -3.863407493261985959e+00
4.665436799999999948e+02 -3.861927591350883038e+00
5.013190599999999790e+02 -3.862576380120036124e+00
5.192115900000000011e+02 -3.860762610751445667e+00
5.460772299999999859e+02 -3.860450586060999001e+00
5.684781299999999646e+02 -3.858669000330655852e+00
5.978696999999999662e+02 -3.858141059639974557e+00
6.146447200000000066e+02 -3.855224632274077301e+00
6.453391699999999673e+02 -3.854747943103593588e+00
6.668419000000000096e+02 -3.852478819578947000e+00
6.999086700000000292e+02 -3.853062603307486622e+00
7.134187399999999570e+02 -3.846944498730871409e+00
7.457784500000000207e+02 -3.846270793596449078e+00
7.671644800000000259e+02 -3.843164661799846726e+00
7.996079899999999725e+02 -3.843203746218981198e+00
8.147435000000000400e+02 -3.835058465753122814e+00
8.584766899999999623e+02 -3.836858921313753612e+00
8.632670500000000402e+02 -3.828952504879368668e+00
9.046796100000000251e+02 -3.831274647504073094e+00
9.228831000000000131e+02 -3.824036026289560297e+00
9.495294599999999718e+02 -3.821176778038996247e+00
9.757125099999999520e+02 -3.819764414811339659e+00
9.993985400000000254e+02 -3.815413931115634760e+00
1.024431199999999990e+03 -3.812010906397626631e+00
1.044480399999999918e+03 -3.807261141607749533e+00
1.069138400000000047e+03 -3.804954268165841480e+00
1.097862000000000080e+03 -3.801633147289982695e+00
1.111042699999999968e+03 -3.798325629813911863e+00
1.143820300000000088e+03 -3.798571121822352570e+00
1.169395800000000008e+03 -3.794623667142321910e+00
1.191339799999999968e+03 -3.789701624972293459e+00
1.224669000000000096e+03 -3.790715505286332387e+00
1.243171100000000024e+03 -3.784890178808909322e+00
1.262759900000000016e+03 -3.781994574843932533e+00
1.298985300000000052e+03 -3.781544988375123761e+00
1.314786000000000058e+03 -3.777917082903906376e+00
1.353191499999999905e+03 -3.777781146574115123e+00
1.370695400000000063e+03 -3.773618689602502130e+00
1.397597099999999955e+03 -3.771510420276550146e+00
1.401786900000000060e+03 -3.764462638841472142e+00
1.460781999999999925e+03 -3.760755162133018636e+00
1.463003799999999956e+03 -3.769595672340558146e+00
1.499613299999999981e+03 -3.760642085994482908e+00
1.516990999999999985e+03 -3.758841874561423602e+00
1.540686699999999973e+03 -3.754750302314403321e+00
1.563222400000000107e+03 -3.751979547156129247e+00
1.588711900000000014e+03 -3.749059676576463218e+00
1.614228399999999965e+03 -3.744886100099065640e+00
1.629613800000000083e+03 -3.743621419544934437e+00
1.666469200000000001e+03 -3.745382583785903385e+00
1.696225300000000061e+03 -3.741093345025469752e+00
1.727338600000000042e+03 -3.740857442516265507e+00
1.738879599999999982e+03 -3.738409410771786678e+00
1.761335499999999911e+03 -3.733338003335196831e+00
1.818508599999999888e+03 -3.736685047826390438e+00
1.823700000000000045e+03 -3.734142790609960016e+00
1.843227799999999888e+03 -3.728838836022738690e+00
1.870194600000000037e+03 -3.725770294775592184e+00
1.900888899999999921e+03 -3.724535526932964302e+00
1.915329300000000103e+03 -3.723815421515062063e+00
1.943788099999999986e+03 -3.718243522157366421e+00
1.970941499999999905e+03 -3.721944266929187783e+00
2.003483500000000049e+03 -3.709856054985150919e+00
2.013193600000000060e+03 -3.717798377136434240e+00
2.045524799999999914e+03 -3.714749094801116591e+00
2.070998599999999897e+03 -3.710505910421223241e+00
2.103579099999999926e+03 -3.702810462403513636e+00
2.113165599999999813e+03 -3.708171014681506339e+00
2.139252800000000207e+03 -3.696436955976179384e+00
2.144328799999999774e+03 -3.703688191432390475e+00
2.204057299999999941e+03 -3.698402605103887630e+00
2.205358900000000176e+03 -3.695886407868001822e+00
2.265713099999999940e+03 -3.696467950945439895e+00
2.274152799999999843e+03 -3.696418965219514075e+00
2.298253900000000158e+03 -3.690149223200471340e+00
2.311659999999999854e+03 -3.687411272672036056e+00
2.343125599999999849e+03 -3.684160299769720037e+00
2.350120899999999892e+03 -3.683759686841030501e+00
2.396774899999999889e+03 -3.676449516523674355e+00
2.405866599999999835e+03 -3.683717264080879517e+00
2.435338299999999890e+03 -3.671844579604143455e+00
