1.010229000000000070e+02 -6.251429376162219498e+00
1.258443400000000025e+02 -6.250829623929890388e+00
1.502752800000000093e+02 -6.251025011673911891e+00
1.755926699999999983e+02 -6.250597233839667588e+00
2.003832500000000039e+02 -6.250419485364202110e+00
2.254839900000000057e+02 -6.250150435605270616e+00
2.531665700000000072e+02 -6.249882244068732717e+00
2.748494600000000219e+02 -6.249612982688122820e+00
3.009502600000000143e+02 -6.248863103399253660e+00
3.204612999999999943e+02 -6.247406485059675774e+00
3.521133899999999812e+02 -6.247823049812413210e+00
3.727005700000000274e+02 -6.246841561609180360e+00
4.040312400000000252e+02 -6.247332268797509691e+00
4.205371900000000096e+02 -6.244815343152811060e+00
4.485454700000000230e+02 -6.244870004105081307e+00
4.708670799999999872e+02 -6.243209279989202720e+00
4.968136999999999830e+02 -6.241971750527387286e+00
5.183473999999999933e+02 -6.239648349627297641e+00
5.495367800000000216e+02 -6.239560092109025291e+00
5.721231099999999969e+02 -6.237362267051278053e+00
5.988440500000000384e+02 -6.235078222276792204e+00
6.126416500000000269e+02 -6.231457612966453397e+00
6.515163400000000138e+02 -6.231875904627571572e+00
6.608735500000000229e+02 -6.226782208353748516e+00
7.010940100000000257e+02 -6.227883743178773024e+00
7.190336700000000292e+02 -6.223794146455164267e+00
7.501144500000000335e+02 -6.223190331484666160e+00
7.706843599999999697e+02 -6.218465827858969952e+00
7.997581000000000131e+02 -6.217683067602830072e+00
8.209566700000000310e+02 -6.211572133342491142e+00
8.464596199999999726e+02 -6.210237207390711056e+00
8.676862399999999980e+02 -6.203500001308303702e+00
8.936082300000000487e+02 -6.202755799188692798e+00
9.134858000000000402e+02 -6.194697416713134785e+00
9.465895600000000059e+02 -6.193844650738132174e+00
9.703172700000000077e+02 -6.189740083613664012e+00
1.002128299999999967e+03 -6.188780578961811329e+00
1.021874099999999999e+03 -6.183316362541130928e+00
1.046990399999999909e+03 -6.182024467857581307e+00
1.064890400000000000e+03 -6.175697872864952309e+00
1.095437400000000025e+03 -6.175417086916382026e+00
1.113013400000000047e+03 -6.170444753048649034e+00
1.149397999999999911e+03 -6.170229992804838304e+00
1.172440000000000055e+03 -6.167446222348138996e+00
1.199681299999999965e+03 -6.164779196413815221e+00
1.214580999999999904e+03 -6.159419280441897904e+00
1.241703999999999951e+03 -6.157177095986625659e+00
1.271236699999999928e+03 -6.157155668706529639e+00
1.298674299999999903e+03 -6.151755958518555722e+00
1.310532699999999977e+03 -6.150086703973042468e+00
1.358751500000000078e+03 -6.151100971980143051e+00
1.366533899999999903e+03 -6.145893255907366459e+00
1.396994200000000092e+03 -6.142031130982462450e+00
1.417811999999999898e+03 -6.144073846398021566e+00
1.455075700000000097e+03 -6.143298136066256632e+00
1.460266800000000103e+03 -6.137585894923001995e+00
1.502491700000000037e+03 -6.137512659934621695e+00
1.525133199999999988e+03 -6.136234348794159743e+00
1.546328700000000026e+03 -6.133919689878309711e+00
1.563894999999999982e+03 -6.127566362717144166e+00
1.577678200000000061e+03 -6.122206838373281279e+00
1.615033200000000079e+03 -6.126225746581914322e+00
1.655476300000000037e+03 -6.124977958572578096e+00
1.671032099999999900e+03 -6.123068748496061531e+00
1.688958900000000085e+03 -6.115916087739701190e+00
1.723257499999999936e+03 -6.120074532067284245e+00
1.757219599999999900e+03 -6.117916084180885505e+00
1.757387999999999920e+03 -6.112174965972029028e+00
1.792155700000000024e+03 -6.110348433261059142e+00
1.814664500000000089e+03 -6.110374102708196808e+00
1.866658500000000004e+03 -6.108907689441721800e+00
1.868518299999999954e+03 -6.110203160119589860e+00
1.902205899999999929e+03 -6.107717794925659582e+00
1.906820099999999911e+03 -6.100442308212340237e+00
1.955685199999999895e+03 -6.098426018719467656e+00
1.956581400000000031e+03 -6.100643761660652586e+00
2.007546100000000024e+03 -6.098313350330572646e+00
2.011959900000000061e+03 -6.094953591338420296e+00
2.048024199999999837e+03 -6.089048455419334260e+00
2.062310699999999997e+03 -6.094775180925641855e+00
2.095378600000000006e+03 -6.088714691343046326e+00
2.127597200000000157e+03 -6.091533460260315280e+00
2.170123000000000047e+03 -6.088457920283407709e+00
2.175818900000000212e+03 -6.089189023466705208e+00
2.193514000000000124e+03 -6.083956414797439649e+00
2.214367200000000139e+03 -6.084128574917716747e+00
2.244678199999999833e+03 -6.082434753031461305e+00
2.260809200000000146e+03 -6.082143305279712919e+00
2.297960300000000188e+03 -6.080222568651178605e+00
2.307987200000000030e+03 -6.076383824308168258e+00
2.333437600000000202e+03 -6.069122937804415585e+00
2.351711600000000089e+03 -6.073768767096141552e+00
2.401035400000000209e+03 -6.071696014888662063e+00
2.406508400000000165e+03 -6.075402773039811244e+00
2.463002899999999954e+03 -6.071363313256396665e+00
