9.916883400000000393e+01 -3.299745758283266106e+00
1.264621000000000066e+02 -3.299022453588222881e+00
1.507073399999999879e+02 -3.299183013505314399e+00
1.775721100000000092e+02 -3.298529221057034722e+00
2.005630500000000040e+02 -3.297917015483205372e+00
2.242411899999999889e+02 -3.296697862714716099e+00
2.484031899999999951e+02 -3.296311358960736904e+00
2.750141699999999787e+02 -3.294835596068994121e+00
3.025793899999999894e+02 -3.294419570233331207e+00
3.274067800000000261e+02 -3.292787517399427433e+00
3.489828600000000165e+02 -3.291176426124882592e+00
3.718910599999999818e+02 -3.287849415185327473e+00
4.007709199999999896e+02 -3.286919647276082657e+00
4.233278500000000122e+02 -3.284005438911923758e+00
4.437194200000000137e+02 -3.281903821279199995e+00
4.720904699999999821e+02 -3.278638414491327868e+00
4.967225599999999872e+02 -3.275885905285856659e+00
5.244406800000000430e+02 -3.273994497720302377e+00
5.512404599999999846e+02 -3.272646771964622836e+00
5.688922300000000405e+02 -3.267572104717461734e+00
6.021165700000000243e+02 -3.266934818013855324e+00
6.251368499999999813e+02 -3.264260789720282219e+00
6.399549299999999903e+02 -3.261548051391251146e+00
6.651304800000000341e+02 -3.257147975131787998e+00
7.015837999999999965e+02 -3.257982478442478680e+00
7.194094700000000557e+02 -3.252612598867944627e+00
7.460147100000000364e+02 -3.250196567215421606e+00
7.688028299999999717e+02 -3.248828132582356254e+00
8.006622300000000223e+02 -3.248446367629078235e+00
8.102060500000000047e+02 -3.242600231891033413e+00
8.410979200000000446e+02 -3.240607614526602731e+00
8.655597900000000209e+02 -3.239967063831811878e+00
8.984948100000000295e+02 -3.238827697393401372e+00
9.191832000000000562e+02 -3.238297165359993901e+00
9.385602499999999964e+02 -3.234938566191422726e+00
9.724984100000000353e+02 -3.234963273934371220e+00
9.982408599999999979e+02 -3.232664617256139739e+00
1.032561500000000024e+03 -3.234105983054762046e+00
1.051830999999999904e+03 -3.229901393625850048e+00
1.073668400000000020e+03 -3.229529189936148015e+00
1.108003200000000106e+03 -3.228209612265141359e+00
1.114896099999999933e+03 -3.224428211815335565e+00
1.146955200000000104e+03 -3.224570696939421666e+00
1.173318400000000111e+03 -3.224305048552508435e+00
1.204975899999999911e+03 -3.222358621505117870e+00
1.217151399999999967e+03 -3.221182294162133974e+00
1.252230499999999893e+03 -3.219977736156770298e+00
1.265640200000000050e+03 -3.219168764335830435e+00
1.303588799999999992e+03 -3.219921121820780829e+00
1.314892299999999977e+03 -3.216226468719835641e+00
1.344335700000000088e+03 -3.214966099719335446e+00
1.353977200000000039e+03 -3.212494493633235138e+00
1.405901699999999892e+03 -3.214205411421563685e+00
1.409869500000000016e+03 -3.211810955033204795e+00
1.457383100000000013e+03 -3.213792721435934752e+00
1.471497499999999945e+03 -3.212799808098226073e+00
1.498379200000000083e+03 -3.212322435949912958e+00
1.500032099999999900e+03 -3.206278239334896085e+00
1.553819799999999987e+03 -3.207036371820686238e+00
1.554358799999999974e+03 -3.209790307986096991e+00
1.594688699999999926e+03 -3.207232062769143965e+00
1.599435999999999922e+03 -3.203944323138350647e+00
1.646866700000000037e+03 -3.207711395468387572e+00
1.663990600000000086e+03 -3.206076082571900798e+00
1.708557000000000016e+03 -3.206497089109002996e+00
1.717971199999999953e+03 -3.207040301744757738e+00
1.751409799999999905e+03 -3.206049999247771787e+00
1.757937400000000025e+03 -3.202455354229126527e+00
1.789212399999999889e+03 -3.204067380992097647e+00
1.811427500000000009e+03 -3.203498957051996499e+00
1.847136600000000044e+03 -3.203160044932473749e+00
1.862549700000000030e+03 -3.203480176509478028e+00
1.904397200000000112e+03 -3.200089449382426565e+00
1.907505699999999933e+03 -3.198324159679740042e+00
1.937375600000000077e+03 -3.202008061225841917e+00
1.964887400000000071e+03 -3.202497215690183641e+00
1.981036000000000058e+03 -3.199853102338254374e+00
2.016714799999999968e+03 -3.201332939601617245e+00
2.019922299999999950e+03 -3.197546428796341544e+00
2.062901199999999790e+03 -3.201802760603797093e+00
2.109048600000000079e+03 -3.200677215388960217e+00
2.113740200000000186e+03 -3.200880775364714825e+00
2.159154100000000199e+03 -3.197863692505357847e+00
2.159975100000000111e+03 -3.201167938164813709e+00
2.200899199999999837e+03 -3.197460995280353213e+00
2.212398900000000140e+03 -3.202438476364426467e+00
2.232093600000000151e+03 -3.195696445464855540e+00
2.261653899999999794e+03 -3.199627960376786540e+00
2.309116300000000138e+03 -3.201048658278474957e+00
2.309746700000000146e+03 -3.198631790026991606e+00
2.353259300000000167e+03 -3.195985385585027760e+00
2.368980599999999868e+03 -3.202648321432750578e+00
2.410208299999999781e+03 -3.199283655137706184e+00
2.422204499999999825e+03 -3.203505968051082231e+00
2.453344099999999798e+03 -3.199525134511678193e+00
