1.008132499999999965e+02 -3.376660390164294867e+00
1.270612600000000043e+02 -3.376359009276553635e+00
1.496517399999999895e+02 -3.375954848161305311e+00
1.760817499999999995e+02 -3.375645358116827310e+00
2.012817000000000007e+02 -3.375396562265024603e+00
2.231902499999999918e+02 -3.374140146934057505e+00
2.510911600000000021e+02 -3.374248365482591439e+00
2.768249999999999886e+02 -3.374001421478373342e+00
3.001384199999999964e+02 -3.372719733822058696e+00
3.228289800000000014e+02 -3.371094244076636492e+00
3.515401400000000081e+02 -3.370703094674945000e+00
3.730379500000000235e+02 -3.368333472690518082e+00
3.999362100000000169e+02 -3.367609771007026076e+00
4.251266299999999774e+02 -3.365005773825644031e+00
4.475232700000000250e+02 -3.363170929259271524e+00
4.729773000000000138e+02 -3.359673549878086085e+00
5.021258300000000077e+02 -3.358369212459464404e+00
5.184522899999999481e+02 -3.353284716747375160e+00
5.551795399999999745e+02 -3.353347119665262888e+00
5.731007600000000366e+02 -3.350002959376155331e+00
6.000964099999999917e+02 -3.348312016872104557e+00
6.203525899999999638e+02 -3.344475622124687852e+00
6.502265899999999874e+02 -3.343673203183121334e+00
6.744218600000000379e+02 -3.341079190066954308e+00
6.955737299999999550e+02 -3.337298997907527820e+00
7.154908599999999979e+02 -3.333841520273180148e+00
7.509170800000000554e+02 -3.334096076861257973e+00
7.634823099999999840e+02 -3.329809735130484949e+00
8.000412499999999909e+02 -3.329552776776207423e+00
8.220816499999999678e+02 -3.327100648801449623e+00
8.531382300000000214e+02 -3.325741137388621205e+00
8.655335099999999784e+02 -3.322664829260987052e+00
8.932327699999999595e+02 -3.320985826693848786e+00
9.222400699999999460e+02 -3.320366787993518365e+00
9.523289099999999507e+02 -3.318918148834151705e+00
9.757395999999999958e+02 -3.316009612701467102e+00
9.912026700000000119e+02 -3.313807144504890445e+00
1.005401299999999992e+03 -3.309869387125495166e+00
1.046218100000000049e+03 -3.310543416636317460e+00
1.068045900000000074e+03 -3.308796046441465410e+00
1.106857700000000023e+03 -3.309115340115243775e+00
1.116791300000000092e+03 -3.306184696503843501e+00
1.143014699999999948e+03 -3.302661911715109255e+00
1.160520899999999983e+03 -3.302321645105621428e+00
1.190546199999999999e+03 -3.300441812646396578e+00
1.221488000000000056e+03 -3.301703147349554612e+00
1.246266800000000103e+03 -3.302495384244345189e+00
1.267787900000000036e+03 -3.298573824711090285e+00
1.295391000000000076e+03 -3.296344367510251505e+00
1.325657600000000002e+03 -3.297822051260248077e+00
1.351097999999999956e+03 -3.295161826046312470e+00
1.359946899999999914e+03 -3.289848638879646625e+00
1.390069400000000087e+03 -3.290524872882464091e+00
1.408769800000000032e+03 -3.288992923665055468e+00
1.442437899999999900e+03 -3.287779690139739586e+00
1.462365099999999984e+03 -3.288807107679564190e+00
1.495553599999999960e+03 -3.287755202477701033e+00
1.503884700000000066e+03 -3.283320518855829206e+00
1.556912499999999909e+03 -3.284756413338976166e+00
1.567171900000000051e+03 -3.285643864840205985e+00
1.583538299999999936e+03 -3.279225454641248927e+00
1.615838600000000042e+03 -3.283276671726474305e+00
1.649360500000000002e+03 -3.283120645643586411e+00
1.657593800000000101e+03 -3.277457137150352029e+00
1.693075900000000047e+03 -3.276804299814661370e+00
1.702775799999999890e+03 -3.276104915248096106e+00
1.749634499999999889e+03 -3.276442463467612587e+00
1.770406300000000101e+03 -3.276176777706214072e+00
1.790323399999999992e+03 -3.276763460848733267e+00
1.811075599999999895e+03 -3.273738586379227655e+00
1.856809099999999944e+03 -3.274247491025836343e+00
1.865140599999999949e+03 -3.272398907148178715e+00
1.892689000000000078e+03 -3.270341549494517608e+00
1.910317099999999982e+03 -3.272068314475370610e+00
1.940996599999999944e+03 -3.269069289029846281e+00
1.959432700000000068e+03 -3.269688685298473896e+00
1.997237300000000005e+03 -3.269621300142052434e+00
2.008464799999999968e+03 -3.266358454850637472e+00
2.062126999999999953e+03 -3.268055952572887612e+00
2.062213400000000092e+03 -3.265979011265791154e+00
2.079449700000000121e+03 -3.265291492013588925e+00
2.111919400000000223e+03 -3.265135484663277854e+00
2.140560699999999997e+03 -3.265062220511588453e+00
2.156798600000000079e+03 -3.260340388998117067e+00
2.189967000000000098e+03 -3.266274891454082230e+00
2.207541999999999916e+03 -3.261798838858827931e+00
2.259213099999999940e+03 -3.261636798078767718e+00
2.262514000000000124e+03 -3.259939006613289614e+00
2.284103300000000218e+03 -3.258837846303919150e+00
2.308474900000000162e+03 -3.260785754254069246e+00
2.342566600000000108e+03 -3.254536497500857717e+00
2.361630000000000109e+03 -3.257987409939787415e+00
2.384063099999999849e+03 -3.259649778511840790e+00
2.421461499999999887e+03 -3.257656600968546368e+00
2.442538700000000063e+03 -3.262207858231525037e+00
