9.988189599999999757e+01 -4.362182592391514291e+00
1.267158000000000015e+02 -4.362031251975967194e+00
1.479967300000000137e+02 -4.361689421342872741e+00
1.751211900000000128e+02 -4.361744734212685159e+00
2.004132799999999861e+02 -4.361699231212488925e+00
2.227297800000000052e+02 -4.361139974580129142e+00
2.511707000000000107e+02 -4.361501270920248530e+00
2.733836600000000203e+02 -4.361268035656762798e+00
2.993196100000000115e+02 -4.360796575387761997e+00
3.205543299999999931e+02 -4.360234779009675599e+00
3.534608099999999808e+02 -4.361015726251043390e+00
3.743578200000000038e+02 -4.360846983347747674e+00
4.006392599999999788e+02 -4.359515317444924598e+00
4.212414299999999798e+02 -4.359496181963779193e+00
4.500341300000000047e+02 -4.359067339631462090e+00
4.699272000000000276e+02 -4.358284437855854065e+00
4.952129600000000096e+02 -4.357119702251218030e+00
5.248120300000000498e+02 -4.358558543053499434e+00
5.516141499999999951e+02 -4.357274825450365263e+00
5.679114200000000210e+02 -4.355276158262262776e+00
6.003413399999999456e+02 -4.355122028602020912e+00
6.183253600000000461e+02 -4.353295426383756883e+00
6.432750499999999647e+02 -4.352206541521900895e+00
6.745231199999999490e+02 -4.352930271110667881e+00
7.014004899999999907e+02 -4.349537775907400317e+00
7.233441100000000006e+02 -4.350819228009474848e+00
7.470274299999999812e+02 -4.347643496604930213e+00
7.665129100000000335e+02 -4.346209427834154759e+00
7.950775099999999611e+02 -4.345641218169010500e+00
8.128306900000000041e+02 -4.341698201987188810e+00
8.471233200000000352e+02 -4.342511575574567573e+00
8.714297299999999495e+02 -4.339415254263386146e+00
9.057653500000000122e+02 -4.338684022102010651e+00
9.246006499999999733e+02 -4.335708573517903730e+00
9.553226600000000417e+02 -4.333080195803781898e+00
9.592638299999999845e+02 -4.326374458531162759e+00
1.005057400000000030e+03 -4.327507736352278478e+00
1.021199799999999982e+03 -4.323965928176100704e+00
1.042553599999999960e+03 -4.318562435176378500e+00
1.055818299999999908e+03 -4.316123162987969053e+00
1.102230900000000020e+03 -4.318309816577241556e+00
1.113164099999999962e+03 -4.313092555882510837e+00
1.146282799999999952e+03 -4.311650888099689993e+00
1.162052200000000084e+03 -4.307037280533989154e+00
1.201210600000000113e+03 -4.305829954940772808e+00
1.214318700000000035e+03 -4.302893247588146508e+00
1.246023699999999963e+03 -4.299559649798819549e+00
1.266635500000000093e+03 -4.299552214122894789e+00
1.298498100000000022e+03 -4.297711272362493062e+00
1.319400799999999890e+03 -4.294405744789200341e+00
1.343988200000000006e+03 -4.288861456397792260e+00
1.359719399999999951e+03 -4.286520692687668443e+00
1.405842699999999923e+03 -4.289578821478461812e+00
1.426694999999999936e+03 -4.285554585690437790e+00
1.455168899999999894e+03 -4.281513355706958457e+00
1.460027399999999943e+03 -4.278525277391938886e+00
1.496221900000000005e+03 -4.278336428487373944e+00
1.508771500000000060e+03 -4.273866318836200939e+00
1.564868999999999915e+03 -4.275373270003279380e+00
1.565462399999999889e+03 -4.269550184774882240e+00
1.608007299999999987e+03 -4.266968336853495636e+00
1.612566600000000108e+03 -4.264782056542296473e+00
1.655150499999999965e+03 -4.264673500748775048e+00
1.667609699999999975e+03 -4.260134173146961523e+00
1.687474400000000060e+03 -4.258993133172120693e+00
1.715517299999999977e+03 -4.257785016015250612e+00
1.733101400000000012e+03 -4.252854415890105599e+00
1.753035200000000032e+03 -4.250059043426850813e+00
1.792627700000000004e+03 -4.247574464428105934e+00
1.822449599999999919e+03 -4.254215832858184498e+00
1.856456300000000056e+03 -4.252626873437234778e+00
1.877783400000000029e+03 -4.248841401627834635e+00
1.891095499999999902e+03 -4.244444405672690657e+00
1.915542300000000068e+03 -4.242929920409963529e+00
1.952506800000000112e+03 -4.241994426563600484e+00
1.957004400000000032e+03 -4.238009272716293019e+00
1.990978399999999965e+03 -4.239492411292120622e+00
2.007618600000000015e+03 -4.234525610223242253e+00
2.031023500000000013e+03 -4.231166717093381102e+00
2.062125599999999849e+03 -4.233911584945849960e+00
2.076507399999999961e+03 -4.227459456660628057e+00
2.122757500000000164e+03 -4.234096620609995476e+00
2.139309900000000198e+03 -4.226415283512240606e+00
2.158745499999999993e+03 -4.225396316918820894e+00
2.217769200000000183e+03 -4.226253327305370178e+00
2.226647599999999784e+03 -4.228020023752633527e+00
2.251650900000000092e+03 -4.224514405836972131e+00
2.262477899999999863e+03 -4.221107416767962306e+00
2.286432600000000093e+03 -4.217233320208514158e+00
2.313298899999999776e+03 -4.218375007765470031e+00
2.350440399999999954e+03 -4.218094828222259451e+00
2.350562600000000202e+03 -4.214768186096438107e+00
2.390269099999999980e+03 -4.212334704664896456e+00
2.404086600000000089e+03 -4.211530047960994949e+00
2.457069800000000214e+03 -4.211969169223959142e+00
