9.995787199999999473e+01 -4.417049272169488283e+00
1.007651800000000009e+02 -4.417299499851532474e+00
1.275046300000000059e+02 -4.416182259413475641e+00
1.479128399999999885e+02 -4.415888831197061215e+00
1.500697399999999959e+02 -4.416091456196070020e+00
1.761511199999999917e+02 -4.414604061030254378e+00
2.002564199999999914e+02 -4.414518999339914096e+00
2.019347699999999861e+02 -4.414942505606346934e+00
2.233700900000000047e+02 -4.411746073308775884e+00
2.499380099999999914e+02 -4.411464094079978082e+00
2.501243599999999958e+02 -4.412013846712608434e+00
2.723964899999999716e+02 -4.408036341615797937e+00
3.000315200000000004e+02 -4.408150117583782723e+00
3.011907100000000241e+02 -4.408142443424460488e+00
3.217932099999999878e+02 -4.403471093234530009e+00
3.524807999999999879e+02 -4.404191897867622885e+00
3.532784199999999828e+02 -4.404044037862036021e+00
3.720844599999999787e+02 -4.399121069764548864e+00
3.989670499999999720e+02 -4.399600878645424373e+00
3.999965199999999754e+02 -4.398754102420083356e+00
4.226104900000000271e+02 -4.396060776811506088e+00
4.479882200000000125e+02 -4.396047692308343358e+00
4.547418099999999868e+02 -4.396802636497439742e+00
4.687453899999999862e+02 -4.392784025336967879e+00
4.975046100000000138e+02 -4.392393138790052554e+00
5.024501700000000142e+02 -4.393978198197345364e+00
5.192300199999999677e+02 -4.391052130005712151e+00
5.431568800000000010e+02 -4.390086620904958714e+00
5.492388999999999442e+02 -4.389741276748909016e+00
5.702943999999999960e+02 -4.388302087980870070e+00
6.007266300000000001e+02 -4.387696496347163411e+00
6.013464699999999539e+02 -4.388783462342823682e+00
6.202358500000000276e+02 -4.386274620202349261e+00
6.439679599999999482e+02 -4.385959659932465726e+00
6.479874600000000555e+02 -4.386272849503759730e+00
6.660892000000000053e+02 -4.384363561991499125e+00
6.975829899999999952e+02 -4.384920914827700855e+00
7.081732399999999643e+02 -4.386369981499973036e+00
7.113476799999999685e+02 -4.383004193312074470e+00
7.437745300000000270e+02 -4.382826982187856046e+00
7.645617300000000114e+02 -4.386045127012254241e+00
7.660754899999999452e+02 -4.382785130912063565e+00
7.939892300000000205e+02 -4.381423431994619477e+00
8.074986499999999978e+02 -4.384373294938785470e+00
8.142774699999999939e+02 -4.381513094579283951e+00
8.415401799999999639e+02 -4.381066747053056432e+00
8.500295999999999594e+02 -4.381587403050175134e+00
8.601955600000000004e+02 -4.379327504883023359e+00
8.941039799999999786e+02 -4.380319285082470593e+00
9.059618299999999635e+02 -4.382095390081110153e+00
9.146327800000000252e+02 -4.378973223518091373e+00
9.454970799999999826e+02 -4.379449613504324823e+00
9.484804599999999937e+02 -4.378449810072326365e+00
9.597730299999999488e+02 -4.378155089337785633e+00
9.993641300000000456e+02 -4.377755992091200810e+00
1.000532900000000041e+03 -4.378354753437197822e+00
1.020459299999999985e+03 -4.379461650706994114e+00
1.046804399999999987e+03 -4.379009814866292594e+00
1.050931199999999990e+03 -4.378304844987551903e+00
1.067235200000000077e+03 -4.378254895045316175e+00
1.095723400000000083e+03 -4.378979014654524882e+00
1.103206200000000081e+03 -4.375234096373208814e+00
1.103468100000000049e+03 -4.378991096447939491e+00
1.145474899999999934e+03 -4.377471543400726972e+00
1.151253600000000006e+03 -4.379048700923188875e+00
1.155800600000000031e+03 -4.375927172834206402e+00
1.192973099999999931e+03 -4.376613026948171559e+00
1.199804699999999912e+03 -4.378152386189066547e+00
1.212648799999999937e+03 -4.377820897929742827e+00
1.253173299999999927e+03 -4.379670888633346415e+00
1.258530400000000100e+03 -4.379687700610372048e+00
1.269813000000000102e+03 -4.379343689629568992e+00
1.292219800000000077e+03 -4.375492491369009862e+00
1.303187599999999975e+03 -4.380318166914381806e+00
1.307997800000000097e+03 -4.376117825983542708e+00
1.350500199999999950e+03 -4.377901848283344499e+00
1.351554900000000089e+03 -4.379402017881885989e+00
1.360838799999999992e+03 -4.376851093511091584e+00
1.385919900000000098e+03 -4.378299946270526100e+00
1.410982299999999896e+03 -4.377463179036993779e+00
1.413991500000000087e+03 -4.379711400070014804e+00
1.443926099999999906e+03 -4.377460623417020358e+00
1.443981399999999894e+03 -4.377553842832796249e+00
1.453067199999999957e+03 -4.375908351302062016e+00
1.491184999999999945e+03 -4.378913436718326224e+00
1.505482400000000098e+03 -4.379550368652602721e+00
1.513503899999999931e+03 -4.379306357627172908e+00
1.537885199999999941e+03 -4.376164416208431440e+00
1.550449100000000044e+03 -4.377961182712127197e+00
1.566780400000000100e+03 -4.378653889793491238e+00
1.597334000000000060e+03 -4.379327232221648991e+00
1.597578700000000026e+03 -4.378414306413421109e+00
1.604290899999999965e+03 -4.377345656101587323e+00
1.640820400000000063e+03 -4.378889045398697277e+00
1.641254100000000108e+03 -4.379083447184838107e+00
1.654518900000000031e+03 -4.377797060608241253e+00
1.697662900000000036e+03 -4.378360983476650148e+00
1.701073300000000017e+03 -4.377368581154315486e+00
1.702075000000000045e+03 -4.382144230960350662e+00
1.740385899999999992e+03 -4.378527854523413865e+00
1.756688100000000077e+03 -4.379289519440743739e+00
1.760153600000000097e+03 -4.378889368892893152e+00
1.800280999999999949e+03 -4.380650084202427408e+00
1.803182900000000018e+03 -4.378244726440012613e+00
1.819869300000000067e+03 -4.382512034673813339e+00
1.825222500000000082e+03 -4.378067732581548910e+00
1.853479700000000093e+03 -4.382528796009140137e+00
1.855046700000000101e+03 -4.381591336152910188e+00
1.892855900000000020e+03 -4.382306536483612902e+00
1.893210100000000011e+03 -4.380366148200371512e+00
1.913278000000000020e+03 -4.382430702772484032e+00
1.938029999999999973e+03 -4.380967944979143880e+00
1.949577999999999975e+03 -4.381561718803196115e+00
1.960412700000000086e+03 -4.381462032773877802e+00
1.995387099999999919e+03 -4.379165376185089720e+00
2.001440399999999954e+03 -4.385038538540184661e+00
2.018719700000000103e+03 -4.383969809163303921e+00
2.040575100000000020e+03 -4.381982169273649141e+00
2.054252199999999903e+03 -4.384901088143300818e+00
2.061734599999999773e+03 -4.383522899346347756e+00
2.087179399999999987e+03 -4.385350734070653012e+00
2.105704000000000178e+03 -4.384424059626008230e+00
2.111191100000000006e+03 -4.386078183648765894e+00
2.139047300000000178e+03 -4.383996235996878710e+00
2.141596799999999803e+03 -4.384105871890178641e+00
2.159584199999999782e+03 -4.382411834900103997e+00
2.198118100000000140e+03 -4.387662033703097819e+00
2.210264700000000175e+03 -4.385937628580704128e+00
2.211353000000000065e+03 -4.385223860796651607e+00
2.244235099999999875e+03 -4.384052342082254583e+00
2.257565900000000056e+03 -4.386895627223275085e+00
2.259783800000000156e+03 -4.387978870298223200e+00
2.293239300000000185e+03 -4.387455688670458542e+00
2.301072200000000066e+03 -4.388647655168371742e+00
2.320098100000000159e+03 -4.391031728799703160e+00
2.356748999999999796e+03 -4.387573121587386105e+00
2.361862399999999980e+03 -4.389555326319173112e+00
2.366005700000000161e+03 -4.390285061668839361e+00
2.394675299999999879e+03 -4.387183137648485776e+00
2.396271799999999985e+03 -4.387742465538079450e+00
2.428882700000000114e+03 -4.392885122810968213e+00
2.455893399999999929e+03 -4.391178073066964060e+00
