1.027085699999999946e+02 1.742730103806228570e+01
1.266151200000000046e+02 1.746164410746997575e+01
1.506898999999999944e+02 1.748823071443110067e+01
1.753954600000000141e+02 1.751938123346224430e+01
1.994702299999999866e+02 1.756170059027071062e+01
2.260658200000000022e+02 1.759327040504783213e+01
2.504306100000000015e+02 1.762577040504783454e+01
2.729379099999999880e+02 1.766924536942804735e+01
2.996777599999999779e+02 1.769923366578465362e+01
3.255597700000000145e+02 1.774905302259312023e+01
3.505406800000000089e+02 1.777659780175045867e+01
3.712653199999999742e+02 1.782102228780785680e+01
3.977484999999999786e+02 1.786551394260126102e+01
4.176144300000000271e+02 1.790904131894972551e+01
4.504606800000000248e+02 1.794283380826378860e+01
4.727020699999999920e+02 1.799674944026053325e+01
4.980043600000000197e+02 1.803922705068186616e+01
5.239931299999999510e+02 1.809056788113169389e+01
5.466269999999999527e+02 1.813050071239568339e+01
5.687906100000000151e+02 1.818870954610217794e+01
5.986443600000000060e+02 1.823315693059230469e+01
6.223804800000000341e+02 1.829838947689802708e+01
6.439106199999999944e+02 1.835905912884184588e+01
6.725273300000000063e+02 1.841298493791980206e+01
7.008106599999999844e+02 1.844799511500101730e+01
7.211809600000000273e+02 1.853269082027274450e+01
7.463690500000000156e+02 1.854390952574801332e+01
7.726453800000000456e+02 1.865144005699165319e+01
8.013504400000000487e+02 1.868589609200081370e+01
8.214758000000000493e+02 1.877649806635456997e+01
8.524418399999999565e+02 1.879443313657642989e+01
8.617853000000000065e+02 1.889752238957866837e+01
8.963447999999999638e+02 1.890056381029920729e+01
9.183368199999999888e+02 1.900627976796254615e+01
9.476594499999999925e+02 1.906510482393649397e+01
9.703027100000000473e+02 1.911325666598819240e+01
9.961244900000000371e+02 1.918087726440056784e+01
1.019241899999999987e+03 1.923558823529412010e+01
1.053858899999999949e+03 1.936282515774475854e+01
1.055776000000000067e+03 1.929470893547730626e+01
1.097255100000000084e+03 1.942558263789944917e+01
1.110236900000000105e+03 1.946944992876043301e+01
1.154336000000000013e+03 1.954347242010991437e+01
1.165191100000000006e+03 1.959906777936087963e+01
1.195486599999999953e+03 1.966917209444331505e+01
1.213680000000000064e+03 1.970875534296763831e+01
1.245940800000000081e+03 1.978649959291675131e+01
1.271957699999999932e+03 1.986208681050274549e+01
1.297417799999999943e+03 1.991967229798493833e+01
1.317112300000000005e+03 1.999104925707306890e+01
1.347754200000000083e+03 2.004279869733360542e+01
1.368615099999999984e+03 2.007183289232647994e+01
1.395623199999999997e+03 2.020441176470588118e+01
1.414793499999999995e+03 2.023730612660288841e+01
1.438483999999999924e+03 2.028837370242214533e+01
1.458342499999999973e+03 2.034033838795033589e+01
1.499575399999999945e+03 2.050987838387950291e+01
1.503921199999999999e+03 2.041622837370242038e+01
1.541877799999999979e+03 2.056200742926928626e+01
1.564712399999999889e+03 2.063547832281701488e+01
1.594826700000000073e+03 2.066431152045593223e+01
1.606708399999999983e+03 2.074717891308772622e+01
1.643629899999999907e+03 2.085106859352737629e+01
1.656710600000000113e+03 2.089883014451455168e+01
1.696254699999999957e+03 2.098378434764909528e+01
1.719212199999999939e+03 2.103423163036841004e+01
1.763225899999999911e+03 2.110137950335843726e+01
1.763234999999999900e+03 2.110928556889884078e+01
1.803454099999999926e+03 2.123094443313657820e+01
1.819779500000000098e+03 2.127607927946264965e+01
1.843142499999999927e+03 2.139850346020761407e+01
1.865475599999999986e+03 2.146547832281701673e+01
1.910026499999999942e+03 2.153286637492367106e+01
1.919699699999999893e+03 2.164489263179320133e+01
1.955874700000000075e+03 2.164198096885813172e+01
1.966622599999999920e+03 2.167081569305922883e+01
1.996288800000000037e+03 2.181487125992265419e+01
2.027677899999999909e+03 2.187347394667209599e+01
2.049209400000000187e+03 2.200945552615510081e+01
2.054444199999999910e+03 2.213003409322206494e+01
2.099869700000000194e+03 2.221915835538367645e+01
2.106384300000000167e+03 2.204229594952167659e+01
2.138915599999999813e+03 2.232452116832892131e+01
2.170730700000000070e+03 2.239799206187665348e+01
2.202559999999999945e+03 2.246943975167921792e+01
2.221773499999999785e+03 2.249739110523101715e+01
2.237950800000000072e+03 2.262624923671890897e+01
2.261139400000000023e+03 2.272122633828617921e+01
2.321155999999999949e+03 2.279349328312639855e+01
2.322963699999999790e+03 2.281218807246081681e+01
2.356621200000000044e+03 2.302791878689191662e+01
2.359857300000000123e+03 2.286326378994504438e+01
2.377899699999999939e+03 2.313089049460614888e+01
2.407098800000000210e+03 2.321168685121107345e+01
2.452609699999999975e+03 2.337866018725829420e+01
