1.233214499999999987e+02 -3.311949796215342356e+00
1.323136000000000081e+02 -3.311475952223076558e+00
1.712217799999999954e+02 -3.311185163063392167e+00
1.719472299999999905e+02 -3.311241778181569728e+00
1.818434599999999932e+02 -3.310945377609523899e+00
2.199185899999999947e+02 -3.309887732408708594e+00
2.202596000000000060e+02 -3.310094860362257752e+00
2.285719699999999932e+02 -3.309264229431470472e+00
2.698306699999999978e+02 -3.308716807866266318e+00
2.706055400000000191e+02 -3.309036555236188448e+00
2.775918599999999969e+02 -3.307773555665395993e+00
3.179831100000000106e+02 -3.306710460284592479e+00
3.191403799999999933e+02 -3.306900284882045682e+00
3.264633000000000038e+02 -3.305775544716530678e+00
3.675004799999999818e+02 -3.304347377294726051e+00
3.691935799999999972e+02 -3.304676335239892015e+00
3.758018999999999892e+02 -3.303213081050275335e+00
4.156187899999999900e+02 -3.301075235127926888e+00
4.186664999999999850e+02 -3.301958030122097654e+00
4.262783299999999826e+02 -3.300619865774348849e+00
4.649757399999999734e+02 -3.298229147705828534e+00
4.660018200000000093e+02 -3.298403681135039900e+00
4.749272799999999961e+02 -3.297437835611451096e+00
5.140389999999999873e+02 -3.294548179740187432e+00
5.156936299999999846e+02 -3.295058114468012000e+00
5.235945600000000013e+02 -3.293678364187689667e+00
5.635720700000000534e+02 -3.291303952988976711e+00
5.666471199999999726e+02 -3.292013528923768639e+00
5.720627799999999752e+02 -3.290207193647141981e+00
6.141712499999999864e+02 -3.288301803415352165e+00
6.176726700000000392e+02 -3.289115498235017476e+00
6.225452599999999848e+02 -3.286901976367408107e+00
6.642317699999999832e+02 -3.284576184160507673e+00
6.673682099999999764e+02 -3.285481561428361452e+00
6.717602799999999661e+02 -3.283460017487370486e+00
7.100027999999999793e+02 -3.280295788413260194e+00
7.110627299999999877e+02 -3.280626335106545000e+00
7.136651699999999892e+02 -3.278129567485512652e+00
7.632068799999999555e+02 -3.277837299565122819e+00
7.658447599999999511e+02 -3.275215101990621491e+00
7.667506700000000137e+02 -3.278671209017235633e+00
8.031687600000000202e+02 -3.271972637645275572e+00
8.099659100000000080e+02 -3.273687957555543093e+00
8.209181899999999814e+02 -3.273058877944998724e+00
8.568247900000000072e+02 -3.269849539689062556e+00
8.618741800000000239e+02 -3.271207166844397385e+00
8.688129300000000512e+02 -3.269895944384851649e+00
9.067365200000000414e+02 -3.267804720471693791e+00
9.077309000000000196e+02 -3.268023012819383233e+00
9.172874299999999721e+02 -3.267180773494254620e+00
9.484091100000000552e+02 -3.263726754459029600e+00
9.544738499999999704e+02 -3.265290844971889594e+00
9.649545299999999770e+02 -3.265137089383252089e+00
1.011329399999999964e+03 -3.263937538782284431e+00
1.012051799999999957e+03 -3.264193192404358346e+00
1.023687900000000013e+03 -3.264104622760542807e+00
1.055148599999999988e+03 -3.260416804034751426e+00
1.057207799999999907e+03 -3.260987006973476987e+00
1.064200299999999970e+03 -3.259524353274733777e+00
1.102380900000000111e+03 -3.257103683104198399e+00
1.104528199999999970e+03 -3.257671269829279570e+00
1.114577999999999975e+03 -3.257187163279952280e+00
1.159659200000000055e+03 -3.256668387964722022e+00
1.165998700000000099e+03 -3.258230997704135046e+00
1.167387099999999919e+03 -3.255447651150431110e+00
1.208189399999999978e+03 -3.254954793510727029e+00
1.209208300000000008e+03 -3.255161360447432095e+00
1.220990600000000086e+03 -3.255116997975476600e+00
1.251790500000000065e+03 -3.251745119088241154e+00
1.254896999999999935e+03 -3.252569074202036337e+00
1.259201299999999947e+03 -3.250488762215732574e+00
1.306676899999999932e+03 -3.250524718702751059e+00
1.307784799999999905e+03 -3.250841867695195564e+00
1.311625700000000052e+03 -3.248993375738974176e+00
1.349467599999999948e+03 -3.247544324602514187e+00
1.353810400000000072e+03 -3.248686463088436671e+00
1.362498399999999947e+03 -3.248216068425831882e+00
1.393107600000000048e+03 -3.245372540921606319e+00
1.398935899999999947e+03 -3.246854542199883120e+00
1.401942600000000084e+03 -3.244922542335125559e+00
1.447796000000000049e+03 -3.244473943620594714e+00
1.456114299999999957e+03 -3.246588261141322374e+00
1.459790899999999965e+03 -3.244045197885322196e+00
1.491384900000000016e+03 -3.241799686393016522e+00
1.494631200000000035e+03 -3.242591850572992485e+00
1.510164399999999887e+03 -3.243546734848629320e+00
1.547834200000000010e+03 -3.238441956938171273e+00
1.552875000000000000e+03 -3.243114023289433323e+00
1.554501199999999926e+03 -3.243557479454397097e+00
1.597912700000000086e+03 -3.240732282431436850e+00
1.599255900000000111e+03 -3.241061360283240322e+00
1.608575399999999945e+03 -3.240151483308322700e+00
1.651250700000000052e+03 -3.240329481127623978e+00
1.654292699999999968e+03 -3.241139865717058477e+00
1.662364499999999907e+03 -3.239787038580930645e+00
1.697562799999999925e+03 -3.238719748418208866e+00
1.706467000000000098e+03 -3.241028785348775809e+00
1.716588199999999915e+03 -3.239966353078613803e+00
1.748178699999999935e+03 -3.235838448877353279e+00
1.749823599999999942e+03 -3.236261042234551688e+00
1.754426799999999957e+03 -3.234266754138891198e+00
1.787623299999999972e+03 -3.233433841582356916e+00
1.797011199999999917e+03 -3.235896318649492009e+00
1.813153199999999970e+03 -3.236799349055985875e+00
1.846434700000000021e+03 -3.233779169901976225e+00
1.846434899999999971e+03 -3.233753626246706592e+00
1.853508199999999988e+03 -3.232007769769962735e+00
1.901836299999999937e+03 -3.232491266932080443e+00
1.902603800000000092e+03 -3.232704183302966605e+00
1.909924400000000105e+03 -3.231300703741708524e+00
1.931841300000000047e+03 -3.228979838055441753e+00
1.945919799999999896e+03 -3.232658541471562508e+00
1.965936200000000099e+03 -3.233802444592806413e+00
2.001973700000000008e+03 -3.231088324569754366e+00
2.002628500000000031e+03 -3.231248647574700428e+00
2.011696599999999989e+03 -3.229952132042919644e+00
2.034537100000000009e+03 -3.227523454843892914e+00
2.045297199999999975e+03 -3.230234627743916676e+00
2.056274300000000039e+03 -3.228969841658372975e+00
2.101661000000000058e+03 -3.229310626304387366e+00
2.104947700000000168e+03 -3.227213529824042748e+00
2.114497400000000198e+03 -3.232660538445223608e+00
2.135502399999999852e+03 -3.225575534397354893e+00
2.142568699999999808e+03 -3.227337282081370162e+00
2.156038100000000213e+03 -3.227752730261708614e+00
2.186969300000000203e+03 -3.223943901490794683e+00
2.187393399999999929e+03 -3.223997565837529500e+00
2.206367900000000191e+03 -3.225466763920867841e+00
2.245829999999999927e+03 -3.223796479218071998e+00
2.248233799999999974e+03 -3.220161599584973722e+00
2.259046400000000176e+03 -3.227166825138453987e+00
2.280912600000000111e+03 -3.221062193017938391e+00
2.298130500000000211e+03 -3.225539060089172239e+00
2.309245699999999943e+03 -3.223740924107029837e+00
2.333343600000000151e+03 -3.220208498524665508e+00
2.335033699999999953e+03 -3.220728569776377448e+00
2.348317700000000059e+03 -3.220256326509287614e+00
2.399548099999999977e+03 -3.221153569927578619e+00
2.401735999999999876e+03 -3.221704327097908660e+00
2.412113100000000031e+03 -3.219417901487074296e+00
2.441579799999999977e+03 -3.219978587549404914e+00
2.467267899999999827e+03 -3.226620846729751690e+00
