1.233214499999999987e+02 1.751989772033380888e+01
1.323136000000000081e+02 1.753898025646244463e+01
1.712217799999999954e+02 1.757208375737838679e+01
1.719472299999999905e+02 1.757165937309179782e+01
1.818434599999999932e+02 1.757566659881945981e+01
2.199185899999999947e+02 1.763420160797883085e+01
2.202596000000000060e+02 1.763374211276206083e+01
2.285719699999999932e+02 1.764731121514349965e+01
2.698306699999999978e+02 1.768824140036637615e+01
2.706055400000000191e+02 1.768881844087115596e+01
2.775918599999999969e+02 1.771001831874618659e+01
3.179831100000000106e+02 1.775954864644819864e+01
3.191403799999999933e+02 1.775925859963362541e+01
3.264633000000000038e+02 1.776751170364339671e+01
3.675004799999999818e+02 1.783838947689802623e+01
3.691935799999999972e+02 1.783882302055770452e+01
3.758018999999999892e+02 1.784547018115204509e+01
4.156187899999999900e+02 1.791976338286179526e+01
4.186664999999999850e+02 1.792014909423977187e+01
4.262783299999999826e+02 1.793041217178913271e+01
4.649757399999999734e+02 1.801040555668634013e+01
4.660018200000000093e+02 1.800969010787705926e+01
4.749272799999999961e+02 1.804178302462853623e+01
5.140389999999999873e+02 1.811421280276816503e+01
5.156936299999999846e+02 1.811474099328312803e+01
5.235945600000000013e+02 1.813385914919600950e+01
5.635720700000000534e+02 1.820355587217586191e+01
5.666471199999999726e+02 1.820260584164461548e+01
5.720627799999999752e+02 1.824341084876857266e+01
6.141712499999999864e+02 1.831820069204152546e+01
6.176726700000000392e+02 1.831765265621819694e+01
6.225452599999999848e+02 1.834760227966619084e+01
6.642317699999999832e+02 1.842957154488092897e+01
6.673682099999999764e+02 1.843007276613067091e+01
6.717602799999999661e+02 1.846194178709546208e+01
7.100027999999999793e+02 1.854425961734174422e+01
7.110627299999999877e+02 1.854452320374516461e+01
7.136651699999999892e+02 1.857548544677386460e+01
7.632068799999999555e+02 1.865105892530022302e+01
7.658447599999999511e+02 1.869600956645633971e+01
7.667506700000000137e+02 1.865073834724201163e+01
8.031687600000000202e+02 1.876647211479747668e+01
8.099659100000000080e+02 1.876553022593120446e+01
8.209181899999999814e+02 1.880952015062080207e+01
8.568247900000000072e+02 1.887740535314472012e+01
8.618741800000000239e+02 1.887815896600854870e+01
8.688129300000000512e+02 1.894351058416446065e+01
9.067365200000000414e+02 1.899688581314878988e+01
9.077309000000000196e+02 1.899707358029716886e+01
9.172874299999999721e+02 1.900401129656014731e+01
9.484091100000000552e+02 1.910193517199267177e+01
9.544738499999999704e+02 1.910142631793201673e+01
9.649545299999999770e+02 1.910000610624872763e+01
1.011329399999999964e+03 1.921543964990840792e+01
1.012051799999999957e+03 1.921462548341135701e+01
1.023687900000000013e+03 1.921951404437207600e+01
1.055148599999999988e+03 1.932333095868104778e+01
1.057207799999999907e+03 1.932340067168735942e+01
1.064200299999999970e+03 1.934156523509057735e+01
1.102380900000000111e+03 1.943876501119478917e+01
1.104528199999999970e+03 1.943873244453490656e+01
1.114577999999999975e+03 1.943996438021575202e+01
1.159659200000000055e+03 1.953709647872990018e+01
1.165998700000000099e+03 1.953701811520455678e+01
1.167387099999999919e+03 1.959223234276409542e+01
1.208189399999999978e+03 1.965411917362100525e+01
1.209208300000000008e+03 1.965501170364339245e+01
1.220990600000000086e+03 1.966441685324648958e+01
1.251790500000000065e+03 1.976445603500916093e+01
1.254896999999999935e+03 1.976409220435579073e+01
1.259201299999999947e+03 1.978375585182169871e+01
1.306676899999999932e+03 1.988403165072257295e+01
1.307784799999999905e+03 1.988361439039283596e+01
1.311625700000000052e+03 1.989640087522898426e+01
1.349467599999999948e+03 1.998874363932424103e+01
1.353810400000000072e+03 1.998858640341950021e+01
1.362498399999999947e+03 2.001536433950742833e+01
1.393107600000000048e+03 2.010166904131894938e+01
1.398935899999999947e+03 2.010111693466313909e+01
1.401942600000000084e+03 2.008348107062894528e+01
1.447796000000000049e+03 2.021015367392631745e+01
1.456114299999999957e+03 2.021084724201099192e+01
1.459790899999999965e+03 2.018520201506208167e+01
1.491384900000000016e+03 2.030393395074292684e+01
1.494631200000000035e+03 2.030425096682271757e+01
1.510164399999999887e+03 2.030528546712802651e+01
1.547834200000000010e+03 2.043815133319763788e+01
1.552875000000000000e+03 2.043159474862609315e+01
1.554501199999999926e+03 2.043106299613270949e+01
1.597912700000000086e+03 2.055008803175249454e+01
1.599255900000000111e+03 2.054961123549766100e+01
1.608575399999999945e+03 2.052289741502137232e+01
1.651250700000000052e+03 2.063224251984530966e+01
1.654292699999999968e+03 2.063206035009159223e+01
1.662364499999999907e+03 2.063715754121717794e+01
1.697562799999999925e+03 2.074219163443924074e+01
1.706467000000000098e+03 2.074192397720333858e+01
1.716588199999999915e+03 2.076441837980867078e+01
1.748178699999999935e+03 2.089547119886016802e+01
1.749823599999999942e+03 2.089512670466110578e+01
1.754426799999999957e+03 2.090334520659474649e+01
1.787623299999999972e+03 2.099280022389578804e+01
1.797011199999999917e+03 2.099306889883981242e+01
1.813153199999999970e+03 2.099079483004274138e+01
1.846434700000000021e+03 2.112425758192550163e+01
1.846434899999999971e+03 2.112378841848158118e+01
1.853508199999999988e+03 2.110029360879299531e+01
1.901836299999999937e+03 2.125569763891715880e+01
1.902603800000000092e+03 2.125540453897822246e+01
1.909924400000000105e+03 2.128049053531447399e+01
1.931841300000000047e+03 2.135044473844901347e+01
1.945919799999999896e+03 2.135105536332179810e+01
1.965936200000000099e+03 2.129744657032362909e+01
2.001973700000000008e+03 2.148158253612863788e+01
2.002628500000000031e+03 2.148235752086301531e+01
2.011696599999999989e+03 2.152987634846326159e+01
2.034537100000000009e+03 2.158177793608792783e+01
2.045297199999999975e+03 2.158135711377977017e+01
2.056274300000000039e+03 2.154240535314471572e+01
2.101661000000000058e+03 2.170310858945654431e+01
2.104947700000000168e+03 2.171797730510889579e+01
2.114497400000000198e+03 2.170305058009362753e+01
2.135502399999999852e+03 2.182794830042744039e+01
2.142568699999999808e+03 2.182785670669651878e+01
2.156038100000000213e+03 2.179867748829635588e+01
2.186969300000000203e+03 2.197318440871158174e+01
2.187393399999999929e+03 2.197282210462039487e+01
2.206367900000000191e+03 2.193251628332994230e+01
2.245829999999999927e+03 2.212762975778546704e+01
2.248233799999999974e+03 2.216265163851007358e+01
2.259046400000000176e+03 2.212813708528394230e+01
2.280912600000000111e+03 2.221154640749033149e+01
2.298130500000000211e+03 2.221176775900671529e+01
2.309245699999999943e+03 2.224014756767758882e+01
2.333343600000000151e+03 2.233899297781396243e+01
2.335033699999999953e+03 2.233923315693059308e+01
2.348317700000000059e+03 2.232677793608793237e+01
2.399548099999999977e+03 2.251170974964380278e+01
2.401735999999999876e+03 2.251201251780989310e+01
2.412113100000000031e+03 2.255028444941990529e+01
2.441579799999999977e+03 2.250623905963769644e+01
2.467267899999999827e+03 2.250725829432118985e+01
