1.003778199999999998e+02 -4.561177987709034376e+00
1.012969099999999969e+02 -4.561275045280643425e+00
1.276343399999999946e+02 -4.560956734428592618e+00
1.488844599999999900e+02 -4.560555391880757092e+00
1.506529800000000137e+02 -4.560799786742055772e+00
1.758394800000000089e+02 -4.560053162077549516e+00
1.972465799999999945e+02 -4.559287608579777995e+00
2.019613799999999912e+02 -4.560049629071074584e+00
2.265110500000000116e+02 -4.559570388270417496e+00
2.502834000000000003e+02 -4.558395537741732007e+00
2.517503499999999974e+02 -4.559062225181104822e+00
2.728520599999999945e+02 -4.557470164787813971e+00
3.001284400000000119e+02 -4.557425987499859055e+00
3.004171000000000049e+02 -4.556779005913376146e+00
3.221464000000000283e+02 -4.555116134869994227e+00
3.482549000000000206e+02 -4.553880458681880405e+00
3.489255899999999997e+02 -4.554927598707199543e+00
3.730603100000000154e+02 -4.551483767748909948e+00
3.970319299999999885e+02 -4.548395797839706489e+00
4.028579199999999787e+02 -4.551083949341838242e+00
4.245698100000000181e+02 -4.545293434784161590e+00
4.485895899999999870e+02 -4.543992798157344026e+00
4.512611600000000180e+02 -4.541899664281002558e+00
4.711624499999999784e+02 -4.534916974247779287e+00
4.987735099999999875e+02 -4.533234404908160542e+00
5.021499400000000151e+02 -4.531063924918537822e+00
5.204491199999999935e+02 -4.523251781755004863e+00
5.508502899999999727e+02 -4.522229245369781658e+00
5.563558500000000322e+02 -4.523114174643803054e+00
5.729664500000000089e+02 -4.513889059875340060e+00
5.990203000000000202e+02 -4.512700928686349755e+00
6.036512500000000045e+02 -4.512615503913645298e+00
6.198265000000000100e+02 -4.503716881786331783e+00
6.448367200000000139e+02 -4.501060294839431819e+00
6.498954599999999573e+02 -4.502517224969064813e+00
6.756435099999999920e+02 -4.497169385023289223e+00
6.991328899999999749e+02 -4.493872785553162608e+00
7.056328800000000001e+02 -4.496588833046115674e+00
7.261731200000000399e+02 -4.491276361963947750e+00
7.478976099999999860e+02 -4.487441068933799571e+00
7.574168899999999667e+02 -4.487605788384437133e+00
7.745702800000000252e+02 -4.484125005407378239e+00
8.049705599999999777e+02 -4.482139945025330974e+00
8.064581200000000081e+02 -4.483537789992146472e+00
8.217481400000000349e+02 -4.478141388914732346e+00
8.510618100000000368e+02 -4.475905898572601238e+00
8.513919799999999896e+02 -4.476100250630747901e+00
8.711166100000000370e+02 -4.472993679601277250e+00
8.945484800000000405e+02 -4.471290445909885669e+00
9.042842000000000553e+02 -4.471287936018624620e+00
9.141767499999999700e+02 -4.467731679147251000e+00
9.521753800000000183e+02 -4.467666164358417014e+00
9.530256399999999530e+02 -4.468864347198666209e+00
9.618299299999999903e+02 -4.463763014391486372e+00
1.006301500000000033e+03 -4.464760513016658550e+00
1.006770300000000020e+03 -4.464914426466098263e+00
1.023247600000000034e+03 -4.463647218182855703e+00
1.043137300000000096e+03 -4.459318716923222681e+00
1.051691700000000083e+03 -4.461003942763243302e+00
1.079231500000000096e+03 -4.462428129393829934e+00
1.087531799999999976e+03 -4.456482989973863162e+00
1.107742299999999886e+03 -4.454722563362466303e+00
1.109477699999999913e+03 -4.458520425354373096e+00
1.141425799999999981e+03 -4.456921768198236933e+00
1.151520400000000109e+03 -4.456523179835845561e+00
1.158765000000000100e+03 -4.453652362958939293e+00
1.182001099999999951e+03 -4.451671417257691665e+00
1.186766300000000001e+03 -4.455098716287348992e+00
1.218834200000000010e+03 -4.455102371155616581e+00
1.251782200000000103e+03 -4.452676160834831975e+00
1.254634199999999964e+03 -4.452823392446564554e+00
1.259938599999999951e+03 -4.452291011525545628e+00
1.308567099999999982e+03 -4.451461164608119248e+00
1.308884000000000015e+03 -4.455987064735203340e+00
1.312930299999999988e+03 -4.453167146002567023e+00
1.344822899999999890e+03 -4.450516485790992682e+00
1.358296000000000049e+03 -4.451804201303055208e+00
1.366937799999999925e+03 -4.451945972526047512e+00
1.389298399999999901e+03 -4.447587868300892922e+00
1.405273200000000088e+03 -4.454002783073371496e+00
1.411660499999999956e+03 -4.451046709966735015e+00
1.448254100000000108e+03 -4.452667631106478119e+00
1.449423800000000028e+03 -4.452422087791521932e+00
1.461671700000000101e+03 -4.451158381218303539e+00
1.500716100000000097e+03 -4.452216617939829035e+00
1.502556499999999915e+03 -4.451318899099831583e+00
1.505584599999999909e+03 -4.446246797528966788e+00
1.538859300000000076e+03 -4.448954048308495501e+00
1.540787299999999959e+03 -4.452197844121095649e+00
1.556240299999999934e+03 -4.450469772425492465e+00
1.599590899999999920e+03 -4.450728312508933193e+00
1.609467200000000048e+03 -4.451067203355841606e+00
1.610598899999999958e+03 -4.455220547865860858e+00
1.643070899999999938e+03 -4.450819155058420407e+00
1.656621699999999919e+03 -4.451086910752837689e+00
1.673665500000000065e+03 -4.454878681985016797e+00
1.678125299999999925e+03 -4.448638691969536652e+00
1.691625000000000000e+03 -4.451479030091231692e+00
1.714239299999999957e+03 -4.453273475525955760e+00
1.750570300000000088e+03 -4.453688508116345979e+00
1.762136400000000094e+03 -4.455498695325388780e+00
1.762772200000000112e+03 -4.453801012619375221e+00
1.792823499999999967e+03 -4.452292292070619162e+00
1.794865299999999934e+03 -4.454919161021019036e+00
1.797134199999999964e+03 -4.451575938702919011e+00
1.834955400000000054e+03 -4.452903543124758556e+00
1.856097600000000057e+03 -4.454908251851271039e+00
1.857005699999999933e+03 -4.456727127356860052e+00
1.903916400000000067e+03 -4.456606360012011159e+00
1.917100599999999986e+03 -4.459754052260974433e+00
1.922455600000000004e+03 -4.458810011962922815e+00
1.955948799999999892e+03 -4.458623209957262468e+00
1.958500500000000102e+03 -4.460824855669061506e+00
1.961641499999999951e+03 -4.459150758419086813e+00
2.007203199999999924e+03 -4.461323065343701266e+00
2.008140900000000101e+03 -4.460722206513052512e+00
2.008366800000000012e+03 -4.460312765737128871e+00
2.040163000000000011e+03 -4.459285108081759930e+00
2.044908500000000004e+03 -4.459673119276335029e+00
2.058083500000000186e+03 -4.461175597807310211e+00
2.118962399999999889e+03 -4.461035316303390452e+00
2.124290899999999965e+03 -4.465838445174830085e+00
2.129082199999999830e+03 -4.463512976003178423e+00
2.139567300000000159e+03 -4.463448242168813529e+00
2.148895700000000033e+03 -4.464691235937634062e+00
2.152895300000000134e+03 -4.462985134819852817e+00
2.198081299999999828e+03 -4.461742943537025496e+00
2.198947900000000118e+03 -4.462351161705960578e+00
2.205855199999999968e+03 -4.465423321109544652e+00
2.244001200000000154e+03 -4.467531717548488324e+00
2.253340299999999843e+03 -4.464074342939321483e+00
2.268730599999999868e+03 -4.468245694042168203e+00
2.317002300000000105e+03 -4.471037325926685568e+00
2.319523099999999886e+03 -4.472645699432732158e+00
2.330714300000000094e+03 -4.472787422646962163e+00
2.357772199999999884e+03 -4.469751693707429752e+00
2.357903999999999996e+03 -4.469826983810349041e+00
2.363786000000000058e+03 -4.472294778863591169e+00
2.396245899999999892e+03 -4.470188751757231849e+00
2.397733999999999924e+03 -4.471219292807598222e+00
2.411349999999999909e+03 -4.476018915194872605e+00
2.437856299999999919e+03 -4.470141268537977552e+00
