9.918278800000000217e+01 -1.527373169863033731e+00
1.269015100000000018e+02 -1.527061706243175276e+00
1.502722500000000139e+02 -1.527133428440004215e+00
1.762223700000000122e+02 -1.526603805629744626e+00
1.994374300000000062e+02 -1.526206521015632367e+00
2.244192099999999925e+02 -1.525387381274021070e+00
2.486122900000000016e+02 -1.524607426464956728e+00
2.751043000000000234e+02 -1.524590526836802740e+00
2.991894199999999842e+02 -1.523493429570286217e+00
3.212311300000000074e+02 -1.521655979764038769e+00
3.476462999999999965e+02 -1.521411653894735760e+00
3.733903599999999869e+02 -1.519610258538382164e+00
3.962816900000000260e+02 -1.518382743481741848e+00
4.204954500000000053e+02 -1.515140650638871378e+00
4.524002699999999777e+02 -1.515296782758578376e+00
4.711924099999999953e+02 -1.511400701592590101e+00
4.989772600000000011e+02 -1.510984717256777410e+00
5.188868800000000192e+02 -1.507125440617049783e+00
5.492940499999999702e+02 -1.507192029135120404e+00
5.639442299999999477e+02 -1.500681610939258448e+00
6.048889500000000226e+02 -1.502206031709065082e+00
6.206176100000000133e+02 -1.498456205089289783e+00
6.536439800000000560e+02 -1.497983340664798213e+00
6.624692900000000009e+02 -1.492480155155958332e+00
7.092646600000000490e+02 -1.494912414151078783e+00
7.201760100000000193e+02 -1.490528757798574411e+00
7.451849099999999453e+02 -1.488326999562651576e+00
7.681895899999999529e+02 -1.487392374141115692e+00
8.013553399999999556e+02 -1.487064945844581487e+00
8.202059600000000046e+02 -1.483879637309193811e+00
8.470602199999999584e+02 -1.482322405243904795e+00
8.719836099999999988e+02 -1.481765343331645779e+00
9.015315500000000384e+02 -1.481065584370435229e+00
9.185721800000000030e+02 -1.477648618325318797e+00
9.455892599999999675e+02 -1.475816207964794513e+00
9.635000599999999622e+02 -1.473650862141670626e+00
1.016025300000000016e+03 -1.471880303208628060e+00
1.018286799999999971e+03 -1.477145538288958004e+00
1.049139300000000048e+03 -1.472720648552396261e+00
1.063723199999999906e+03 -1.470114223277564136e+00
1.101552699999999959e+03 -1.470271777200522489e+00
1.109089400000000069e+03 -1.465603534847980560e+00
1.151819300000000112e+03 -1.468901387728117403e+00
1.165672600000000102e+03 -1.465940404925620388e+00
1.193230700000000070e+03 -1.463258036087476288e+00
1.205797499999999900e+03 -1.460554432819975101e+00
1.243011099999999942e+03 -1.462395070457582769e+00
1.261723899999999958e+03 -1.460368056990852370e+00
1.298359500000000025e+03 -1.458126489742471055e+00
1.329699299999999994e+03 -1.461611059354756215e+00
1.350458900000000085e+03 -1.458206711814115097e+00
1.363786900000000060e+03 -1.456713174992327664e+00
1.403970800000000054e+03 -1.455506764537498832e+00
1.409656500000000051e+03 -1.455338375535820017e+00
1.447354000000000042e+03 -1.457059606581248223e+00
1.463490800000000036e+03 -1.453470808255149738e+00
1.498415500000000065e+03 -1.452797167261079547e+00
1.515565700000000106e+03 -1.453682952237303594e+00
1.553854000000000042e+03 -1.451468223582196959e+00
1.555932199999999966e+03 -1.449635288327953742e+00
1.597483799999999974e+03 -1.451129086938782731e+00
1.601738499999999931e+03 -1.445332258084511823e+00
1.663205200000000104e+03 -1.449417260453242928e+00
1.668173999999999978e+03 -1.448692787460208464e+00
1.701115399999999909e+03 -1.445042399912706887e+00
1.720285000000000082e+03 -1.446421286197114187e+00
1.759053599999999960e+03 -1.443793527422466028e+00
1.759569600000000037e+03 -1.443161200105036013e+00
1.804701999999999998e+03 -1.445707462352521233e+00
1.810235100000000102e+03 -1.440327986738069832e+00
1.823934199999999919e+03 -1.438585943340854545e+00
1.861377700000000004e+03 -1.439110480408778203e+00
1.896402800000000070e+03 -1.437687402995944552e+00
1.907575499999999920e+03 -1.436461021792551085e+00
1.946572100000000091e+03 -1.437554021148443439e+00
1.968485899999999901e+03 -1.436792653256646179e+00
2.010807600000000093e+03 -1.433809728971439768e+00
2.018759099999999989e+03 -1.438191118397484480e+00
2.046104100000000017e+03 -1.430950656727774772e+00
2.060061999999999898e+03 -1.430980128500798365e+00
2.107189600000000155e+03 -1.428299008315133012e+00
2.110961200000000190e+03 -1.433551520123192979e+00
2.149588099999999940e+03 -1.426927328548231344e+00
2.161040199999999913e+03 -1.426862990549118138e+00
2.198768700000000081e+03 -1.423379992683025730e+00
2.212534900000000107e+03 -1.421705112784242608e+00
2.251346199999999953e+03 -1.427153271702442439e+00
2.272070400000000063e+03 -1.424044881451792088e+00
2.309205100000000130e+03 -1.418575176824818485e+00
2.309624600000000100e+03 -1.417902585828944018e+00
2.353637299999999868e+03 -1.417766039145435197e+00
2.356548200000000179e+03 -1.414298536252716065e+00
2.391216600000000199e+03 -1.411942516109327528e+00
2.409617699999999786e+03 -1.409516226688773077e+00
2.411702400000000125e+03 -1.405581877981250116e+00
