1.234508500000000026e+02 -1.455482943379130756e+00
1.326062000000000012e+02 -1.455040247702897416e+00
1.708094199999999887e+02 -1.454386721812849892e+00
1.709644000000000119e+02 -1.454550744077522495e+00
1.814103100000000097e+02 -1.454279664722135212e+00
2.192309700000000134e+02 -1.453220298686313416e+00
2.197039399999999887e+02 -1.453457622750787159e+00
2.298462900000000104e+02 -1.453006906904565687e+00
2.676514300000000048e+02 -1.451564279708349670e+00
2.700038499999999999e+02 -1.452279082923793041e+00
2.783926700000000096e+02 -1.451391836845544292e+00
3.168308000000000106e+02 -1.449861628916780942e+00
3.176192500000000223e+02 -1.450163667772738307e+00
3.285539499999999862e+02 -1.449875453518566504e+00
3.679352499999999964e+02 -1.448491679145164968e+00
3.684307900000000018e+02 -1.448515165706000030e+00
3.760876499999999965e+02 -1.447377936220317407e+00
4.171304999999999836e+02 -1.445513518343420234e+00
4.187448899999999981e+02 -1.445824977769288644e+00
4.248819300000000112e+02 -1.444386743598864209e+00
4.667352999999999952e+02 -1.443004556169714903e+00
4.669088800000000106e+02 -1.442955953564576843e+00
4.762216999999999985e+02 -1.442073812326779114e+00
5.153432000000000244e+02 -1.439510875702269210e+00
5.195356600000000071e+02 -1.440690730841200917e+00
5.251820199999999659e+02 -1.438842723264103896e+00
5.617896500000000515e+02 -1.435710351022945641e+00
5.622080799999999954e+02 -1.435752983105456071e+00
5.730870800000000145e+02 -1.435309213175927079e+00
6.152518300000000409e+02 -1.432999178469447799e+00
6.152942000000000462e+02 -1.433095721210994489e+00
6.217216799999999921e+02 -1.431424511314619119e+00
6.646182999999999765e+02 -1.429724501882101428e+00
6.658247400000000198e+02 -1.430121369269244935e+00
6.681356799999999794e+02 -1.427312015331661410e+00
7.121140799999999444e+02 -1.425858134083704876e+00
7.144237399999999525e+02 -1.426528298619835766e+00
7.224893399999999701e+02 -1.425513376089541318e+00
7.596892100000000028e+02 -1.422512381610899324e+00
7.600366900000000214e+02 -1.422549851026037038e+00
7.718051500000000260e+02 -1.422360601865897189e+00
8.137591700000000401e+02 -1.419562392943097606e+00
8.158897399999999607e+02 -1.420191449460144417e+00
8.196546799999999848e+02 -1.417857515324511208e+00
8.621926499999999578e+02 -1.415481539202307681e+00
8.668957299999999577e+02 -1.416779609832129472e+00
8.699412700000000314e+02 -1.414293280841964595e+00
9.086189600000000155e+02 -1.411742264272338732e+00
9.100914400000000342e+02 -1.412070314158071049e+00
9.117440199999999777e+02 -1.409458001028773610e+00
9.551082099999999855e+02 -1.408113907440723844e+00
9.636033800000000156e+02 -1.410360301911850023e+00
9.743827700000000505e+02 -1.409901924718113930e+00
1.009216999999999985e+03 -1.406164085332211933e+00
1.010342300000000023e+03 -1.406396123370991624e+00
1.017423499999999990e+03 -1.404987847569124426e+00
1.059237300000000005e+03 -1.402194860590628700e+00
1.059930100000000039e+03 -1.402324349912670076e+00
1.073560999999999922e+03 -1.402211479854160059e+00
1.103136400000000094e+03 -1.397922392005156444e+00
1.105919000000000096e+03 -1.398662663405832784e+00
1.122195400000000063e+03 -1.399571688633669542e+00
1.156459299999999985e+03 -1.396528153975203690e+00
1.162155700000000024e+03 -1.397937180027249315e+00
1.167585399999999936e+03 -1.396304278970185386e+00
1.205292099999999891e+03 -1.394481379137632482e+00
1.207366500000000087e+03 -1.394977097168227820e+00
1.215652900000000045e+03 -1.394025209426350331e+00
1.251202299999999923e+03 -1.389627201785237132e+00
1.251733400000000074e+03 -1.389754731710942659e+00
1.256783300000000054e+03 -1.388117121283382938e+00
1.301430299999999988e+03 -1.387994340059447662e+00
1.305269399999999905e+03 -1.389008450139667339e+00
1.312755799999999908e+03 -1.387897019012824362e+00
1.351909499999999980e+03 -1.385850955477603286e+00
1.355252799999999979e+03 -1.386695216239373307e+00
1.368276900000000069e+03 -1.386753025658925997e+00
1.402920800000000099e+03 -1.384349505484259835e+00
1.407909699999999930e+03 -1.385606007288108898e+00
1.418424199999999928e+03 -1.384853881063025760e+00
1.456399200000000064e+03 -1.381805715620938013e+00
1.457013899999999921e+03 -1.381917864120826067e+00
1.474988800000000083e+03 -1.382631597056680484e+00
1.503769900000000007e+03 -1.379181742459671511e+00
1.507112800000000107e+03 -1.380013331118179698e+00
1.508442399999999907e+03 -1.376892933400462260e+00
1.548151299999999992e+03 -1.375574462809538101e+00
1.552830300000000079e+03 -1.376787995640016193e+00
1.569539099999999962e+03 -1.377013720406730535e+00
1.602864399999999932e+03 -1.373292061656568253e+00
1.606048000000000002e+03 -1.374149687714985246e+00
1.617089199999999892e+03 -1.373322295063769793e+00
1.650210000000000036e+03 -1.369574432944995479e+00
1.657962899999999991e+03 -1.371600134703435225e+00
1.666658500000000004e+03 -1.369643662862564337e+00
1.700888699999999972e+03 -1.367927972158882621e+00
1.702164199999999937e+03 -1.368277814038207918e+00
1.711272799999999961e+03 -1.366780085273509471e+00
1.745687699999999950e+03 -1.364308001124966196e+00
1.757162800000000061e+03 -1.367249151115105255e+00
1.768209700000000112e+03 -1.365884304691731277e+00
1.792014200000000073e+03 -1.360124034660148196e+00
1.792642700000000104e+03 -1.360252522971702849e+00
1.815460900000000038e+03 -1.362752743917317266e+00
1.850296000000000049e+03 -1.359331585784057328e+00
1.854101899999999887e+03 -1.360322254464727099e+00
1.867877600000000029e+03 -1.359934890549858499e+00
1.890250199999999950e+03 -1.353460613171793891e+00
1.894608999999999924e+03 -1.354553814497733599e+00
1.907788900000000012e+03 -1.353964388597757029e+00
1.948710600000000113e+03 -1.350582135666491990e+00
1.949667200000000093e+03 -1.350836661539102757e+00
1.979209900000000061e+03 -1.354644910848285200e+00
1.985634600000000091e+03 -1.344007787884311744e+00
2.003295299999999997e+03 -1.348586813302983245e+00
2.007055599999999913e+03 -1.345516283746512887e+00
2.033465699999999970e+03 -1.341495611561487333e+00
2.046243400000000065e+03 -1.344843120820587545e+00
2.069568499999999858e+03 -1.346159811927776673e+00
2.093165100000000166e+03 -1.340613096645174807e+00
2.109165599999999813e+03 -1.344747865230729200e+00
2.122673999999999978e+03 -1.343983287810458060e+00
2.149714300000000094e+03 -1.334403318303796215e+00
2.156403600000000097e+03 -1.336093250226775275e+00
2.157786599999999908e+03 -1.332049500948689236e+00
2.189444100000000162e+03 -1.327568675366798345e+00
2.195154300000000148e+03 -1.329078256577549189e+00
2.222735499999999774e+03 -1.331452439642931918e+00
2.228298600000000079e+03 -1.317499201205234005e+00
2.251830300000000079e+03 -1.323512748485321300e+00
2.275394699999999830e+03 -1.325097236645081278e+00
2.285125100000000202e+03 -1.318549488207875431e+00
2.297454999999999927e+03 -1.321694472634383555e+00
2.314842500000000200e+03 -1.321065632473757745e+00
2.344969300000000203e+03 -1.314954661401416480e+00
2.351043799999999919e+03 -1.316521427724806514e+00
2.379492000000000189e+03 -1.319567539124669064e+00
2.391599400000000060e+03 -1.309739218218463286e+00
2.401328599999999824e+03 -1.307738991839068277e+00
2.405789900000000216e+03 -1.313378638534858478e+00
2.460284000000000106e+03 -1.313089082136513319e+00
2.462392400000000180e+03 -1.313575271097831010e+00
