1.237419000000000011e+02 2.376609047425198540e+01
1.334626599999999996e+02 2.379221758599633318e+01
1.709521499999999889e+02 2.388385762263382972e+01
1.720294399999999939e+02 2.388377875025442876e+01
1.827968999999999937e+02 2.390381793201709826e+01
2.202494700000000023e+02 2.401301190718502099e+01
2.221761500000000069e+02 2.401337370242214675e+01
2.291178800000000138e+02 2.403572460818237388e+01
2.678372100000000273e+02 2.414693975167921636e+01
2.701507100000000037e+02 2.414749898229187863e+01
2.826238099999999918e+02 2.418859454508447016e+01
3.175294299999999907e+02 2.431085487482189933e+01
3.211048700000000053e+02 2.431050071239568666e+01
3.276977600000000166e+02 2.433022440464074876e+01
3.651910100000000057e+02 2.446131589660085481e+01
3.696180499999999824e+02 2.446142530022389394e+01
3.781974599999999782e+02 2.450092153470384559e+01
4.186919300000000135e+02 2.462293710563810478e+01
4.200346599999999739e+02 2.462228780785670779e+01
4.263342700000000036e+02 2.464923977203337913e+01
4.646690399999999954e+02 2.478328719723183227e+01
4.679420600000000263e+02 2.478299257073071260e+01
4.779737700000000018e+02 2.482871259922654161e+01
5.159110100000000330e+02 2.494122735599430030e+01
5.175342500000000427e+02 2.494170313454101162e+01
5.262168299999999590e+02 2.501043507022185963e+01
5.633485299999999825e+02 2.510784347649094528e+01
5.640311400000000503e+02 2.510899145125178222e+01
5.711694599999999582e+02 2.519041776918379938e+01
6.116849999999999454e+02 2.532502086301648703e+01
6.128760399999999890e+02 2.532668532464889211e+01
6.210823199999999815e+02 2.531912222674537105e+01
6.646052600000000439e+02 2.546224353755343017e+01
6.674514699999999721e+02 2.546258854060655352e+01
6.718639600000000200e+02 2.553383472420109968e+01
7.077417400000000498e+02 2.563364492163647412e+01
7.083699599999999919e+02 2.563416039079992004e+01
7.166547500000000355e+02 2.567155912884184588e+01
7.664049999999999727e+02 2.581080500712395676e+01
7.667448600000000170e+02 2.581059128841848249e+01
7.713915200000000141e+02 2.584270048849989720e+01
8.063230600000000550e+02 2.597770506818644165e+01
8.080015100000000530e+02 2.597752849582739643e+01
8.210835399999999709e+02 2.601845104823936339e+01
8.602267100000000255e+02 2.615185884388357351e+01
8.632624499999999443e+02 2.615294931813555834e+01
8.698315099999999802e+02 2.614752646041115369e+01
9.107481199999999717e+02 2.630120903724811754e+01
9.130413099999999531e+02 2.630113932424180589e+01
9.209612399999999752e+02 2.632409780175045810e+01
9.597730199999999741e+02 2.647440616731121565e+01
9.627124099999999771e+02 2.647446214125788799e+01
9.716002899999999727e+02 2.655172908609810634e+01
1.003598399999999970e+03 2.665227610421331406e+01
1.007612499999999955e+03 2.665274933848972339e+01
1.017778099999999995e+03 2.666626908202727719e+01
1.055568500000000085e+03 2.681954610217789536e+01
1.056166199999999890e+03 2.681924587828210704e+01
1.069723799999999983e+03 2.685208273967026216e+01
1.101542899999999918e+03 2.699533635253409258e+01
1.102352699999999913e+03 2.699495623855078463e+01
1.114908100000000104e+03 2.704020201506208210e+01
1.145082699999999932e+03 2.716085894565438252e+01
1.152987300000000005e+03 2.716104009769998129e+01
1.167199499999999944e+03 2.716999389375127194e+01
1.198652499999999918e+03 2.733590932220639402e+01
1.202340899999999920e+03 2.733562080195400057e+01
1.211282799999999952e+03 2.732555973946672268e+01
1.252790600000000040e+03 2.754545033584367886e+01
1.260194400000000087e+03 2.754619529818847568e+01
1.261288700000000063e+03 2.755407744758803190e+01
1.304272099999999909e+03 2.770581060451862143e+01
1.307088799999999992e+03 2.770655505800936069e+01
1.316433999999999969e+03 2.771927335640138423e+01
1.346135700000000043e+03 2.786236108284144208e+01
1.347887899999999945e+03 2.786201353551801674e+01
1.357448499999999967e+03 2.783314828007327790e+01
1.398971800000000030e+03 2.804582027274577527e+01
1.404220700000000079e+03 2.804623651536739359e+01
1.411163299999999936e+03 2.803172297984938055e+01
1.445932000000000016e+03 2.822052564624465631e+01
1.449120799999999917e+03 2.822039894158355366e+01
1.457050799999999981e+03 2.821572715245267560e+01
1.498225599999999986e+03 2.846337472013026471e+01
1.502069400000000087e+03 2.846266435986159138e+01
1.517655500000000075e+03 2.842473336047221721e+01
1.543012999999999920e+03 2.865168532464889140e+01
1.546739600000000110e+03 2.865228271931610138e+01
1.569752799999999979e+03 2.863678251577447753e+01
1.589189499999999953e+03 2.884586861388153878e+01
1.593352499999999964e+03 2.884555312436393493e+01
1.618670299999999997e+03 2.879823274984734383e+01
1.646390100000000075e+03 2.901738957866883695e+01
1.655409799999999905e+03 2.901713769590881498e+01
1.668217799999999897e+03 2.898803226134744904e+01
1.697159599999999955e+03 2.927809027071036141e+01
1.698671700000000101e+03 2.927927437410950873e+01
1.722940900000000056e+03 2.929837522898433022e+01
1.741277700000000095e+03 2.944609861591695577e+01
1.745453700000000026e+03 2.944623498880521240e+01
1.762740000000000009e+03 2.940107520863016788e+01
1.795631399999999985e+03 2.967964481986566128e+01
1.797729800000000068e+03 2.967919702829228257e+01
1.815043300000000045e+03 2.966247608385914702e+01
1.834970199999999977e+03 2.991757225727661407e+01
1.847458499999999958e+03 2.991710207612456784e+01
1.870334200000000010e+03 2.987634795440667546e+01
1.895185400000000072e+03 3.016666598819458400e+01
1.906827700000000050e+03 3.016556991654793407e+01
1.921666600000000017e+03 3.014732037451658897e+01
1.933013799999999947e+03 3.042235701200895903e+01
1.934399200000000064e+03 3.042191329126806210e+01
1.953431199999999990e+03 3.046082790555668396e+01
1.988968200000000024e+03 3.060975320578058145e+01
1.990651900000000069e+03 3.061001323020557763e+01
2.002485100000000102e+03 3.060919448402198384e+01
2.032968599999999924e+03 3.090999185833502949e+01
2.038518399999999929e+03 3.090940464074903460e+01
2.067896499999999833e+03 3.090968705475269829e+01
2.089689499999999953e+03 3.116614543049053410e+01
2.110755900000000111e+03 3.116679421941786998e+01
2.118639700000000175e+03 3.115687818033787693e+01
2.138802900000000136e+03 3.157435528190514873e+01
2.147462899999999991e+03 3.157564420924079229e+01
2.163275900000000092e+03 3.159983156930592330e+01
2.176738100000000031e+03 3.178436800325666667e+01
2.193815700000000106e+03 3.178468858131487806e+01
2.224651899999999841e+03 3.178066100142479300e+01
2.239468400000000202e+03 3.215708223081620076e+01
2.241309000000000196e+03 3.215647211479747369e+01
2.256680699999999888e+03 3.219946010584164497e+01
2.293440999999999804e+03 3.259831874618359393e+01
2.293804500000000189e+03 3.259735243232240975e+01
2.305300999999999931e+03 3.263661561164258273e+01
2.330067799999999806e+03 3.289125534296763220e+01
2.342555699999999888e+03 3.289140392835334836e+01
2.362628299999999854e+03 3.292768980256462186e+01
2.399938500000000204e+03 3.347677386525544563e+01
2.403642199999999775e+03 3.351452473030734325e+01
2.407613299999999981e+03 3.347542387543252573e+01
2.450379699999999957e+03 3.357841390189293662e+01
2.462116399999999885e+03 3.357818593527376549e+01
