1.006731199999999973e+02 -2.804275802279522001e+00
1.276210899999999953e+02 -2.803909293163551641e+00
1.492027500000000089e+02 -2.803617729103414558e+00
1.762749000000000024e+02 -2.803256099297498860e+00
2.021464300000000094e+02 -2.803307523136473467e+00
2.232616899999999873e+02 -2.802017103282087973e+00
2.456485500000000002e+02 -2.801244303971302418e+00
2.726896300000000224e+02 -2.800760048017354009e+00
3.046937599999999975e+02 -2.801172313753294674e+00
3.209038600000000088e+02 -2.798540435626532652e+00
3.528173100000000204e+02 -2.798950477991454022e+00
3.710865099999999757e+02 -2.796388369868177737e+00
3.999572299999999814e+02 -2.795800071775749185e+00
4.176872399999999743e+02 -2.792732248264473416e+00
4.476453999999999951e+02 -2.793395663297182363e+00
4.692642200000000230e+02 -2.789210286337576505e+00
5.026120799999999917e+02 -2.789633122528089704e+00
5.195110499999999547e+02 -2.783785935936747169e+00
5.440814699999999675e+02 -2.783446040698372315e+00
5.728209500000000389e+02 -2.778972857807452623e+00
6.048940099999999802e+02 -2.778427063003195308e+00
6.178141799999999648e+02 -2.772325549736617489e+00
6.454722299999999677e+02 -2.772496416666003771e+00
6.700503499999999804e+02 -2.767047530960298207e+00
7.001400499999999738e+02 -2.766033573725040551e+00
7.155982500000000073e+02 -2.761442761252566047e+00
7.399160399999999527e+02 -2.760081114037172156e+00
7.709964899999999943e+02 -2.757716782246861342e+00
7.875023400000000038e+02 -2.755229344285688775e+00
8.101562999999999874e+02 -2.749970181435391847e+00
8.534361999999999853e+02 -2.751419328753164084e+00
8.667975699999999506e+02 -2.747050132154133184e+00
9.074979200000000219e+02 -2.748408946091366989e+00
9.191055699999999433e+02 -2.742881462427298800e+00
9.460604600000000346e+02 -2.740102585949131253e+00
9.605931299999999737e+02 -2.736363285109701060e+00
1.004823300000000017e+03 -2.737304839475410478e+00
1.015545200000000023e+03 -2.733873733088328262e+00
1.056023100000000113e+03 -2.736042940757659636e+00
1.063115500000000111e+03 -2.728779937744944650e+00
1.103646199999999908e+03 -2.730754724840068981e+00
1.118309999999999945e+03 -2.724906590152292196e+00
1.152435300000000097e+03 -2.724710697054548714e+00
1.160784400000000005e+03 -2.720005580285848268e+00
1.203668100000000095e+03 -2.720507553389580835e+00
1.210413999999999987e+03 -2.716066178194813219e+00
1.242540600000000040e+03 -2.715687440504147787e+00
1.261672299999999950e+03 -2.714231676451681619e+00
1.312846099999999979e+03 -2.716922398776850045e+00
1.324321699999999964e+03 -2.713714990870419896e+00
1.347093900000000076e+03 -2.707631927675510308e+00
1.356508299999999963e+03 -2.703821131359843033e+00
1.407662900000000036e+03 -2.701385579294698136e+00
1.409127199999999903e+03 -2.706758990571433987e+00
1.453402900000000045e+03 -2.701422064992403005e+00
1.470932600000000093e+03 -2.701302660899779884e+00
1.483747599999999920e+03 -2.700210443930520565e+00
1.527487300000000005e+03 -2.700158216487918761e+00
1.549383000000000038e+03 -2.696854768612310327e+00
1.583165199999999913e+03 -2.696974360114167801e+00
1.598892299999999977e+03 -2.692135640482186343e+00
1.606857799999999997e+03 -2.689008843772750623e+00
1.635690100000000029e+03 -2.690647993764713863e+00
1.663082400000000007e+03 -2.687667775555863336e+00
1.683509700000000066e+03 -2.682143632169021963e+00
1.711894199999999955e+03 -2.685162131946753128e+00
1.738984899999999925e+03 -2.683322089869150773e+00
1.774137300000000096e+03 -2.684022243636499550e+00
1.813201399999999921e+03 -2.679557738883114659e+00
1.815747200000000021e+03 -2.683676798875588521e+00
1.842215799999999945e+03 -2.677924405000415842e+00
1.848148200000000088e+03 -2.673374342015589100e+00
1.904296199999999999e+03 -2.673947676343630064e+00
1.914857099999999946e+03 -2.673606588796690442e+00
1.936526499999999942e+03 -2.671239345783444907e+00
1.969690100000000029e+03 -2.671515524095322114e+00
1.990102300000000014e+03 -2.669320623811366033e+00
2.006883599999999888e+03 -2.665631038757743987e+00
2.053864000000000033e+03 -2.664185780582324803e+00
2.065614199999999983e+03 -2.665753107408793010e+00
2.096275900000000092e+03 -2.660414603451570770e+00
2.105974900000000162e+03 -2.658173209298706929e+00
2.144137000000000171e+03 -2.655812279204746496e+00
2.170665599999999813e+03 -2.664381675783221493e+00
2.183414200000000164e+03 -2.657649303065545254e+00
2.207556799999999839e+03 -2.653526306313139127e+00
2.247910800000000108e+03 -2.658307336408692212e+00
2.261736800000000130e+03 -2.649581663201769910e+00
2.301025799999999890e+03 -2.647301597153774111e+00
2.308947999999999865e+03 -2.653479604903944633e+00
2.342709600000000137e+03 -2.649609696256963520e+00
2.366872299999999996e+03 -2.645505787470584291e+00
2.396185800000000199e+03 -2.637945858716399972e+00
2.404179500000000189e+03 -2.641728652288751977e+00
2.442215299999999843e+03 -2.639032506505818443e+00
