1.007546600000000012e+02 -3.485115221093247673e+00
1.269903599999999955e+02 -3.484927541603159984e+00
1.492374499999999955e+02 -3.484728216129357570e+00
1.746141200000000140e+02 -3.484056756638446384e+00
1.979656200000000013e+02 -3.483843889605895860e+00
2.250941400000000101e+02 -3.483693504661693918e+00
2.507063100000000020e+02 -3.483345698846274541e+00
2.735115200000000186e+02 -3.482739518670988410e+00
2.983246300000000133e+02 -3.482268541117623961e+00
3.237350000000000136e+02 -3.481453900810540070e+00
3.518948399999999879e+02 -3.481214850713738596e+00
3.723164600000000064e+02 -3.478944785443075727e+00
4.053297999999999774e+02 -3.479017962233459382e+00
4.227531299999999987e+02 -3.476143347185971511e+00
4.523260599999999840e+02 -3.475345275586198657e+00
4.716512900000000172e+02 -3.472830037497868005e+00
5.010555600000000140e+02 -3.472002001219068212e+00
5.219328699999999799e+02 -3.468278348661027799e+00
5.434648600000000442e+02 -3.466552053015321100e+00
5.728690800000000536e+02 -3.463251939898456033e+00
6.038006299999999555e+02 -3.461311611949424272e+00
6.222044700000000148e+02 -3.457022149334646244e+00
6.500840299999999843e+02 -3.456731148096394257e+00
6.699293300000000499e+02 -3.450412235110912995e+00
7.027875599999999849e+02 -3.449884606588775604e+00
7.209187399999999570e+02 -3.445041804317453771e+00
7.521744099999999662e+02 -3.445074592083134490e+00
7.631931399999999712e+02 -3.437410177381483134e+00
8.020677299999999832e+02 -3.438214307224805033e+00
8.184374800000000505e+02 -3.433738651933816666e+00
8.493632300000000441e+02 -3.432637044394267090e+00
8.642875699999999597e+02 -3.427805480848327591e+00
8.935917299999999841e+02 -3.426010642097879533e+00
9.129926299999999628e+02 -3.423540917768156611e+00
9.426090299999999615e+02 -3.422404246862127408e+00
9.708686099999999897e+02 -3.419282829698997439e+00
1.002891499999999951e+03 -3.418583265032322238e+00
1.019513699999999972e+03 -3.415028002341292446e+00
1.051207300000000032e+03 -3.413713796118264643e+00
1.072304100000000062e+03 -3.410749715323627917e+00
1.106399400000000014e+03 -3.409287517880394969e+00
1.120345399999999927e+03 -3.405378232419768114e+00
1.157225799999999936e+03 -3.403733331671489282e+00
1.162260299999999916e+03 -3.399940864808346230e+00
1.196964999999999918e+03 -3.401249174999124048e+00
1.228667999999999893e+03 -3.398513676086933888e+00
1.243627500000000055e+03 -3.395674155489962764e+00
1.266664999999999964e+03 -3.392101515607778062e+00
1.309550099999999929e+03 -3.390864129491408363e+00
1.312763300000000072e+03 -3.388031259967912323e+00
1.354531899999999951e+03 -3.386308157195452750e+00
1.363767599999999902e+03 -3.383073746315258923e+00
1.399101200000000063e+03 -3.383202333550203722e+00
1.416777599999999893e+03 -3.381187361553958048e+00
1.434597800000000007e+03 -3.377939159672794567e+00
1.461081799999999930e+03 -3.377593199680792857e+00
1.496376099999999951e+03 -3.376245211451317285e+00
1.536743199999999888e+03 -3.379050694715789227e+00
1.550101200000000063e+03 -3.373980647258826959e+00
1.562973799999999983e+03 -3.370947540454197977e+00
1.585138799999999947e+03 -3.366544975983569721e+00
1.616629200000000083e+03 -3.368899335604388146e+00
1.660030700000000024e+03 -3.367828982651623893e+00
1.660992500000000064e+03 -3.364196444523262830e+00
1.688731600000000071e+03 -3.360915691725142374e+00
1.723231299999999919e+03 -3.363485833341902875e+00
1.724038800000000037e+03 -3.359663039216659541e+00
1.749897099999999909e+03 -3.357411276910106324e+00
1.797149200000000064e+03 -3.358115130973363893e+00
1.801638400000000047e+03 -3.355372666132807602e+00
1.851493799999999965e+03 -3.355310333135413270e+00
1.856295499999999947e+03 -3.352499815953677409e+00
1.884869899999999916e+03 -3.351411801090379505e+00
1.913321999999999889e+03 -3.351695894053934754e+00
1.951144199999999955e+03 -3.348129903952735464e+00
1.967502999999999929e+03 -3.350178641560988879e+00
2.010038399999999911e+03 -3.348647563835209784e+00
2.024103699999999890e+03 -3.347089290774691417e+00
2.051104299999999967e+03 -3.347872302481132767e+00
2.071452900000000227e+03 -3.346025045411363585e+00
2.111847600000000057e+03 -3.343179868181114678e+00
2.116447000000000116e+03 -3.348010111652401033e+00
2.150865400000000136e+03 -3.340320175962863569e+00
2.164012999999999920e+03 -3.337618949839295190e+00
2.182726900000000114e+03 -3.339757293001741179e+00
2.214629699999999957e+03 -3.336144126196393778e+00
2.253932600000000093e+03 -3.334610834930719747e+00
2.278244700000000194e+03 -3.339063918650335250e+00
2.295239900000000034e+03 -3.332599588261507151e+00
2.309976200000000063e+03 -3.329543603553922981e+00
2.333041299999999865e+03 -3.331288652454444499e+00
2.368544300000000021e+03 -3.331302117838831123e+00
2.419439899999999852e+03 -3.331872833216583896e+00
2.426091199999999844e+03 -3.332176185836511983e+00
2.464805299999999988e+03 -3.333295583401563178e+00
