9.899746500000000538e+01 -4.252791268726686447e+00
1.252833200000000033e+02 -4.252350068431068664e+00
1.497021200000000078e+02 -4.252807990448462583e+00
1.772478999999999871e+02 -4.252793615151044371e+00
1.996169500000000028e+02 -4.252257001342181653e+00
2.247120500000000050e+02 -4.251909758338615397e+00
2.524281499999999880e+02 -4.251947759358692736e+00
2.732784500000000207e+02 -4.251357567898651268e+00
3.025804800000000228e+02 -4.251558362095342325e+00
3.218371900000000210e+02 -4.250681475763250283e+00
3.497478100000000154e+02 -4.250524394647978710e+00
3.712101999999999862e+02 -4.249725658632115710e+00
3.996077599999999848e+02 -4.249342028878920985e+00
4.181377899999999954e+02 -4.248182278246232180e+00
4.512816199999999753e+02 -4.248480671082567106e+00
4.700185500000000047e+02 -4.247794009277466643e+00
4.964212699999999927e+02 -4.246747411303850583e+00
5.179441100000000233e+02 -4.245782031291960301e+00
5.547143399999999929e+02 -4.246246294428713597e+00
5.699394999999999527e+02 -4.244788651905101240e+00
5.999274599999999964e+02 -4.244464045205207370e+00
6.193926999999999907e+02 -4.243544640185244354e+00
6.508515099999999620e+02 -4.243484360538485767e+00
6.709819700000000466e+02 -4.241167113355266416e+00
7.058052400000000262e+02 -4.242035386245547990e+00
7.182615600000000313e+02 -4.237940510524064841e+00
7.550846199999999726e+02 -4.238116070184769768e+00
7.680458700000000363e+02 -4.234755178951470356e+00
8.036642699999999877e+02 -4.233467366196086878e+00
8.174144599999999627e+02 -4.231315265773369028e+00
8.554544100000000526e+02 -4.231210209131387678e+00
8.661457699999999704e+02 -4.227117279192936117e+00
9.016366600000000062e+02 -4.226601357031695372e+00
9.194955599999999549e+02 -4.224960350996594727e+00
9.584990500000000111e+02 -4.225474630842264823e+00
9.675249199999999519e+02 -4.219437501291747772e+00
9.978156400000000303e+02 -4.217484671101688676e+00
1.019490499999999997e+03 -4.216342328310585863e+00
1.041479000000000042e+03 -4.212705248448703976e+00
1.069353900000000067e+03 -4.209904697301081633e+00
1.098174099999999953e+03 -4.207155109594982179e+00
1.120014300000000048e+03 -4.206330037251357012e+00
1.150802500000000009e+03 -4.205241974715177022e+00
1.164501700000000028e+03 -4.200716169260325650e+00
1.206600899999999911e+03 -4.201297543957487335e+00
1.215904500000000098e+03 -4.196149687189739019e+00
1.241248700000000099e+03 -4.192931618617427247e+00
1.259883000000000038e+03 -4.190729110849339634e+00
1.303303300000000036e+03 -4.189415348174670761e+00
1.313937599999999975e+03 -4.188962969349524279e+00
1.350852399999999989e+03 -4.187341056943594708e+00
1.369308899999999994e+03 -4.183627847922091192e+00
1.399882700000000114e+03 -4.181219093095602801e+00
1.415245499999999993e+03 -4.179866746258574572e+00
1.452439900000000080e+03 -4.178559941176946069e+00
1.466391399999999976e+03 -4.175970467561570310e+00
1.499321400000000040e+03 -4.174149516359526579e+00
1.500987200000000030e+03 -4.168861504234075532e+00
1.560487399999999980e+03 -4.172085949306378438e+00
1.564227000000000089e+03 -4.166918016688219595e+00
1.595707799999999907e+03 -4.166011396655099119e+00
1.610658599999999979e+03 -4.162259999416091816e+00
1.665003500000000031e+03 -4.158639178991634822e+00
1.668007100000000037e+03 -4.167631270855807202e+00
1.702097800000000007e+03 -4.155263090815741300e+00
1.723530099999999948e+03 -4.156668106568831789e+00
1.751847199999999930e+03 -4.152291001766815981e+00
1.775703800000000001e+03 -4.155609333942257066e+00
1.809383700000000090e+03 -4.150603862940468680e+00
1.813216599999999971e+03 -4.148759867042357108e+00
1.841295299999999997e+03 -4.146459997367188954e+00
1.858197200000000066e+03 -4.144007065084285735e+00
1.900833100000000059e+03 -4.142361830201056527e+00
1.910164099999999962e+03 -4.139797232331695831e+00
1.953052899999999909e+03 -4.138613062051018865e+00
1.965493300000000090e+03 -4.139534628396635441e+00
2.000969599999999900e+03 -4.131633802738490679e+00
2.010873800000000074e+03 -4.141218711501525540e+00
2.039657400000000052e+03 -4.132949026916889146e+00
2.071277799999999843e+03 -4.135635844115700621e+00
2.099182299999999941e+03 -4.132561294434811572e+00
2.117288100000000213e+03 -4.130620642509717833e+00
2.118826500000000124e+03 -4.125831650982868304e+00
2.169986699999999928e+03 -4.130018246812401372e+00
2.205881400000000212e+03 -4.129282119570321541e+00
2.208965200000000095e+03 -4.126159131582406658e+00
2.239319300000000112e+03 -4.118348933076629415e+00
2.256252199999999903e+03 -4.124926760687415594e+00
2.299051399999999830e+03 -4.122372999178397279e+00
2.304534500000000207e+03 -4.118846718065138468e+00
2.349592799999999897e+03 -4.120881558569088554e+00
2.375103900000000067e+03 -4.122385193859471997e+00
2.404916799999999967e+03 -4.115776474568237475e+00
2.407675200000000132e+03 -4.117176732408732498e+00
2.435010900000000220e+03 -4.108905370676471769e+00
