1.202429499999999933e+02 -6.217064231704592103e+00
1.321926300000000083e+02 -6.217465185888329415e+00
1.698693199999999877e+02 -6.217299498359771803e+00
1.701127500000000055e+02 -6.217242849156964901e+00
1.791920599999999979e+02 -6.216872750868048136e+00
2.163067900000000066e+02 -6.216305323044858611e+00
2.178320400000000063e+02 -6.216797839369767154e+00
2.273394700000000057e+02 -6.216388815530459411e+00
2.651285700000000247e+02 -6.215862914868470313e+00
2.661466199999999844e+02 -6.216216168230564776e+00
2.766411699999999882e+02 -6.216087777266861458e+00
3.145833200000000147e+02 -6.215466596750871986e+00
3.154925499999999943e+02 -6.215787647143981687e+00
3.247575299999999743e+02 -6.215357162331648588e+00
3.619479999999999791e+02 -6.214340660216503665e+00
3.630114500000000248e+02 -6.214542817083056114e+00
3.734078900000000090e+02 -6.214475567921391885e+00
4.127765499999999861e+02 -6.213761129153714258e+00
4.141991899999999873e+02 -6.214049019829531062e+00
4.238506699999999796e+02 -6.213618717566139260e+00
4.630541600000000244e+02 -6.212728259301201206e+00
4.643172599999999761e+02 -6.212974396856674630e+00
4.740789800000000014e+02 -6.212604142779811767e+00
5.114699699999999893e+02 -6.211346379137880902e+00
5.136803400000000011e+02 -6.211844019950342854e+00
5.163944300000000567e+02 -6.209854845977414328e+00
5.599566399999999931e+02 -6.209598632879518298e+00
5.609399899999999661e+02 -6.209912384357130222e+00
5.720701299999999492e+02 -6.209908106591595534e+00
6.116271699999999782e+02 -6.208532007535700892e+00
6.119781500000000278e+02 -6.208555065263294814e+00
6.230351000000000568e+02 -6.208523215906589954e+00
6.562193499999999631e+02 -6.205547456041520249e+00
6.575808600000000297e+02 -6.205859234012031322e+00
6.704755000000000109e+02 -6.205974253237774185e+00
7.070108000000000175e+02 -6.203826642459209673e+00
7.095205399999999827e+02 -6.204425592517679888e+00
7.177570799999999736e+02 -6.203482950124777240e+00
7.607154199999999946e+02 -6.202349578405485175e+00
7.637851699999999937e+02 -6.203209829778083773e+00
7.701102899999999636e+02 -6.201814264439634350e+00
8.134753600000000233e+02 -6.200026830264430799e+00
8.145201499999999442e+02 -6.200375292805495597e+00
8.240747000000000071e+02 -6.199821723373617921e+00
8.573529200000000401e+02 -6.195710578220164244e+00
8.614243699999999535e+02 -6.196812487947545023e+00
8.682805200000000241e+02 -6.195123205046997761e+00
9.156398599999999988e+02 -6.194278810874039642e+00
9.163853500000000167e+02 -6.194378923441961504e+00
9.203007400000000189e+02 -6.192518139681999934e+00
9.615654299999999921e+02 -6.189530784868026103e+00
9.633318500000000313e+02 -6.190056134903869633e+00
9.668375499999999647e+02 -6.187402993994566280e+00
1.005160899999999970e+03 -6.185025079362739042e+00
1.012127799999999979e+03 -6.186866870041602517e+00
1.026973300000000108e+03 -6.187627177991817717e+00
1.062076199999999972e+03 -6.183367455845979244e+00
1.063888300000000072e+03 -6.181021447963593651e+00
1.065104399999999941e+03 -6.184227142797572796e+00
1.099090599999999995e+03 -6.176177306677983481e+00
1.104365600000000086e+03 -6.177546596592626393e+00
1.125576900000000023e+03 -6.179282429781670416e+00
1.158355600000000095e+03 -6.174796372251975640e+00
1.162359600000000000e+03 -6.175768388064090786e+00
1.172068899999999985e+03 -6.174254926358941908e+00
1.199370200000000068e+03 -6.168396613328908096e+00
1.203228299999999990e+03 -6.169380778784243624e+00
1.220343499999999949e+03 -6.170357912469819794e+00
1.257293400000000020e+03 -6.166291227175998202e+00
1.258775499999999965e+03 -6.166721194106706605e+00
1.269684700000000021e+03 -6.166050700641874549e+00
1.302226200000000063e+03 -6.161682947673176258e+00
1.306227000000000089e+03 -6.162738097141590821e+00
1.311007000000000062e+03 -6.160144186646117959e+00
1.361591100000000097e+03 -6.158550921006269441e+00
1.362115000000000009e+03 -6.158618173142467178e+00
1.375777599999999893e+03 -6.158581124869733081e+00
1.403573599999999942e+03 -6.147639018349448925e+00
1.412470800000000054e+03 -6.153290943381340306e+00
1.412738000000000056e+03 -6.153289798040654901e+00
1.452739000000000033e+03 -6.145515648361230987e+00
1.458334000000000060e+03 -6.146989036517301663e+00
1.477374800000000050e+03 -6.148046206955849691e+00
1.507483999999999924e+03 -6.143127510683772385e+00
1.508618699999999990e+03 -6.143372003234691014e+00
1.509971500000000106e+03 -6.139712976677743406e+00
1.561843599999999924e+03 -6.138872998134787373e+00
1.562990000000000009e+03 -6.139241113781017667e+00
1.565201399999999921e+03 -6.136067638821357306e+00
1.595958300000000008e+03 -6.129510971687133214e+00
1.596453999999999951e+03 -6.129621310113901878e+00
1.612911900000000060e+03 -6.129848933888204954e+00
1.665594800000000077e+03 -6.131138978512381321e+00
1.666715899999999920e+03 -6.131516328080793166e+00
1.668963600000000042e+03 -6.127595571405634267e+00
1.700017800000000079e+03 -6.122177740664944245e+00
1.704724200000000110e+03 -6.123372558040053981e+00
1.720531799999999976e+03 -6.123658506374526134e+00
1.754092900000000100e+03 -6.116135349871501425e+00
1.759550700000000006e+03 -6.117584463885391344e+00
1.760937500000000000e+03 -6.114786557556946889e+00
1.791125099999999975e+03 -6.111529692445408557e+00
1.795811699999999973e+03 -6.112704634358561151e+00
1.810823000000000093e+03 -6.112467707209709111e+00
1.848162299999999959e+03 -6.104518379981641374e+00
1.861993300000000090e+03 -6.112492503343325723e+00
1.865038399999999911e+03 -6.113356559281379887e+00
1.910636799999999994e+03 -6.108170299744582366e+00
1.912516800000000103e+03 -6.108715853098599879e+00
1.926755900000000111e+03 -6.108643127529386874e+00
1.949181800000000067e+03 -6.100034501845414958e+00
1.959642299999999977e+03 -6.102762156640299196e+00
1.962896500000000060e+03 -6.099908642793748115e+00
1.992327399999999898e+03 -6.095661834478386609e+00
1.996641000000000076e+03 -6.096750016692634055e+00
2.010557999999999993e+03 -6.096583335925458869e+00
2.044924800000000005e+03 -6.090801646197869346e+00
2.047652499999999918e+03 -6.091485439083101916e+00
2.071960599999999886e+03 -6.093498754751983881e+00
2.072848899999999958e+03 -6.081423797946440502e+00
2.079304900000000089e+03 -6.082965588963780590e+00
2.100338299999999890e+03 -6.085610041678803483e+00
2.127321100000000115e+03 -6.081151681936441733e+00
2.136819899999999961e+03 -6.083503504619676150e+00
2.168238100000000031e+03 -6.087183438875099384e+00
2.190371000000000095e+03 -6.078813029813214364e+00
2.198650099999999838e+03 -6.080973187300181770e+00
2.211543299999999817e+03 -6.079542444475045215e+00
2.240109399999999823e+03 -6.074469076080503349e+00
2.240283199999999852e+03 -6.074466683413046297e+00
2.267783800000000156e+03 -6.076417882409628213e+00
2.297699399999999969e+03 -6.069346042850478185e+00
2.312500000000000000e+03 -6.072622730230116339e+00
2.328475899999999911e+03 -6.076852553840198290e+00
2.333440200000000004e+03 -6.065559596115348562e+00
2.350158300000000054e+03 -6.069832198962118675e+00
2.361529100000000199e+03 -6.069128382069082228e+00
2.399229499999999916e+03 -6.066696281812680169e+00
2.401927599999999984e+03 -6.067382599589818071e+00
2.402863699999999881e+03 -6.063824477951659020e+00
2.459340999999999894e+03 -6.064200986850725172e+00
2.462979699999999866e+03 -6.065202216876820707e+00
