1.000972900000000010e+02 -1.458272776334106124e+00
1.273952900000000028e+02 -1.457917172166796504e+00
1.481206200000000024e+02 -1.457452214690905690e+00
1.481709799999999859e+02 -1.457465131982710771e+00
1.750179899999999975e+02 -1.456803288013235109e+00
1.998713400000000036e+02 -1.456919041410107862e+00
1.999505499999999927e+02 -1.456939518772099706e+00
2.245613800000000140e+02 -1.455612512822738402e+00
2.468690499999999872e+02 -1.454967826706070166e+00
2.470229899999999930e+02 -1.455007775917079860e+00
2.732862600000000270e+02 -1.453688103120699626e+00
2.986657000000000153e+02 -1.453379358508686048e+00
2.987799899999999980e+02 -1.453408955634491795e+00
3.244585999999999899e+02 -1.451655722584451746e+00
3.487091599999999971e+02 -1.450396174009017880e+00
3.491136300000000006e+02 -1.450500737556611019e+00
3.728312099999999987e+02 -1.448281959929962115e+00
3.994816000000000145e+02 -1.447751557300505532e+00
3.995174900000000093e+02 -1.447760835580039540e+00
4.208917799999999829e+02 -1.444394493917450228e+00
4.493870699999999943e+02 -1.443771474318016335e+00
4.494586100000000215e+02 -1.443789968832306148e+00
4.721610699999999952e+02 -1.441159719121267058e+00
5.002874299999999721e+02 -1.440812889006896302e+00
5.005268399999999929e+02 -1.440874781258310033e+00
5.224764199999999619e+02 -1.438089689465726684e+00
5.493402200000000448e+02 -1.436138271940088140e+00
5.495798099999999522e+02 -1.436200159839679635e+00
5.716386700000000474e+02 -1.434147827549729026e+00
5.951920699999999442e+02 -1.432557733745018602e+00
5.953749299999999494e+02 -1.432604752268548109e+00
6.184365099999999984e+02 -1.429367464352203854e+00
6.476005999999999858e+02 -1.428987310301248925e+00
6.478657899999999472e+02 -1.429055968966729040e+00
6.665677899999999454e+02 -1.426285526399697412e+00
6.972555899999999838e+02 -1.425943338303856667e+00
6.973449299999999766e+02 -1.425966587128744800e+00
7.148284999999999627e+02 -1.422374693702420201e+00
7.574197400000000471e+02 -1.423727378005583910e+00
7.577280899999999519e+02 -1.423807448817366428e+00
7.644950300000000425e+02 -1.419155707874360184e+00
8.026653400000000147e+02 -1.420364984902168004e+00
8.031164099999999735e+02 -1.420481442821302176e+00
8.139043299999999590e+02 -1.416076817718734393e+00
8.521468099999999595e+02 -1.417039944475209312e+00
8.527838699999999790e+02 -1.417204535397624587e+00
8.644065900000000511e+02 -1.413023813494654446e+00
8.961201700000000301e+02 -1.411830842110644246e+00
8.970746299999999565e+02 -1.412077487252176189e+00
9.214705199999999650e+02 -1.412158328426613263e+00
9.551332099999999627e+02 -1.411912605325483350e+00
9.555036700000000565e+02 -1.412008122183940895e+00
9.625941100000000006e+02 -1.408843533701595874e+00
9.907992699999999786e+02 -1.406478452932850676e+00
9.908153800000000047e+02 -1.406483075657239290e+00
1.018934600000000046e+03 -1.407424700952322194e+00
1.044930599999999913e+03 -1.406955076629625268e+00
1.044982099999999946e+03 -1.406968644831969151e+00
1.061128799999999956e+03 -1.402994811714968648e+00
1.098330200000000104e+03 -1.402004288082188577e+00
1.098788000000000011e+03 -1.402122536725716406e+00
1.123279800000000023e+03 -1.405564575964124874e+00
1.150138599999999997e+03 -1.402963687536479043e+00
1.151173299999999927e+03 -1.403231228971727251e+00
1.168036900000000060e+03 -1.400826455624629041e+00
1.202225699999999961e+03 -1.400337849699259340e+00
1.202474899999999934e+03 -1.400402374631394053e+00
1.218802400000000034e+03 -1.400474671289068107e+00
1.253067299999999932e+03 -1.398708415301131769e+00
1.253772400000000061e+03 -1.398890443261937566e+00
1.260915700000000015e+03 -1.397726340821811242e+00
1.291082200000000057e+03 -1.398680894540844433e+00
1.292230600000000095e+03 -1.398978338543806821e+00
1.305868400000000065e+03 -1.394038379893267177e+00
1.352450299999999970e+03 -1.395545515741317022e+00
1.353320300000000088e+03 -1.395770224520522795e+00
1.360763899999999921e+03 -1.392899764157817577e+00
1.405041899999999941e+03 -1.396137166127966012e+00
1.405308899999999994e+03 -1.396206089172856935e+00
1.419098899999999958e+03 -1.393723704404919772e+00
1.460686799999999948e+03 -1.394742559993513487e+00
1.460735400000000027e+03 -1.394755683800557700e+00
1.461207900000000109e+03 -1.391202636004476689e+00
1.497399799999999914e+03 -1.388384425756208795e+00
1.497607899999999972e+03 -1.388438172863865727e+00
1.518653900000000021e+03 -1.390862343340896423e+00
1.535691700000000083e+03 -1.387282168582870012e+00
1.535982600000000048e+03 -1.387356659628713240e+00
1.570728699999999890e+03 -1.390761312682131656e+00
1.587696500000000015e+03 -1.386407902104462853e+00
1.587900799999999890e+03 -1.386460107096998851e+00
1.617311999999999898e+03 -1.388087912839491178e+00
1.641005599999999959e+03 -1.383848077366853335e+00
1.641625900000000001e+03 -1.384008793464248432e+00
1.672749000000000024e+03 -1.387093560008874293e+00
1.699316000000000031e+03 -1.383098896371436126e+00
1.700421700000000101e+03 -1.383384894491035633e+00
1.711148400000000038e+03 -1.383894271824674282e+00
1.754305499999999938e+03 -1.387272745561981324e+00
1.754996900000000096e+03 -1.387451231800033602e+00
1.762605999999999995e+03 -1.382847299612738112e+00
1.801779600000000073e+03 -1.382554955832336230e+00
1.802228599999999915e+03 -1.382671133042289391e+00
1.811009099999999989e+03 -1.380501926048918193e+00
1.847802100000000110e+03 -1.378388674503458144e+00
1.847983199999999897e+03 -1.378435645115196229e+00
1.857203700000000026e+03 -1.375591717514799583e+00
1.904385700000000043e+03 -1.380341717600297446e+00
1.904695500000000038e+03 -1.380422061495135910e+00
1.906907500000000027e+03 -1.372494111075468037e+00
1.946569799999999987e+03 -1.381630670599060196e+00
1.947603699999999890e+03 -1.381898157874599686e+00
1.971160399999999981e+03 -1.373189082054304677e+00
2.001118300000000090e+03 -1.376614438827668652e+00
2.001196400000000040e+03 -1.376634781888779635e+00
2.012051300000000083e+03 -1.370059043791056030e+00
2.041700100000000020e+03 -1.370727461732845764e+00
2.043790400000000091e+03 -1.371267795013222379e+00
2.056360299999999825e+03 -1.370624071113880849e+00
2.098611199999999826e+03 -1.368682990169086455e+00
2.099663199999999961e+03 -1.368955003998760356e+00
2.106891700000000128e+03 -1.366519878401349697e+00
2.159126299999999901e+03 -1.368525139887589059e+00
2.161236100000000079e+03 -1.369070208993754978e+00
2.181333200000000033e+03 -1.361729224620769729e+00
2.182218400000000202e+03 -1.361957099621501577e+00
2.183676100000000133e+03 -1.367480392291507307e+00
2.224830899999999929e+03 -1.363913438006230772e+00
2.255683599999999842e+03 -1.358708882896508374e+00
2.256457800000000134e+03 -1.358908825468432058e+00
2.267583799999999883e+03 -1.357681820601652767e+00
2.294213900000000194e+03 -1.351975299409674758e+00
2.294457899999999881e+03 -1.352038022069628198e+00
2.299860599999999977e+03 -1.351876260250413075e+00
2.321666000000000167e+03 -1.352457365442043757e+00
2.323731299999999919e+03 -1.352992864057689371e+00
2.346026899999999841e+03 -1.349557300634419033e+00
2.403089199999999892e+03 -1.353087893262988839e+00
2.403183799999999792e+03 -1.353112603673410463e+00
2.418585599999999886e+03 -1.349821428060523187e+00
2.457770700000000033e+03 -1.349922144781973365e+00
2.459899100000000089e+03 -1.350472785639537543e+00
