1.008755799999999994e+02 -3.479840965342626102e+00
1.266361299999999943e+02 -3.479650946759339725e+00
1.504425799999999924e+02 -3.479618943919128959e+00
1.750060799999999972e+02 -3.479412055163650930e+00
2.002990499999999940e+02 -3.479498979945935044e+00
2.232200799999999958e+02 -3.478789320011804520e+00
2.487382499999999936e+02 -3.478578927145415722e+00
2.736016000000000190e+02 -3.478675792100019315e+00
3.008617300000000228e+02 -3.478784700653692497e+00
3.234307900000000018e+02 -3.477987051706148858e+00
3.480535199999999918e+02 -3.477144650741303522e+00
3.717629299999999830e+02 -3.476197728033254553e+00
4.006138500000000136e+02 -3.475923362742658895e+00
4.187565099999999916e+02 -3.474174562271343358e+00
4.506950600000000122e+02 -3.474396609463998420e+00
4.730515599999999949e+02 -3.473388503723663145e+00
4.993169300000000135e+02 -3.471584283243068114e+00
5.188243999999999687e+02 -3.469757008626944028e+00
5.461138200000000325e+02 -3.469250092119043227e+00
5.663985900000000129e+02 -3.466648342679313544e+00
6.014783400000000029e+02 -3.466866250696828633e+00
6.130774000000000115e+02 -3.462501822145642283e+00
6.501341700000000401e+02 -3.463367354738121850e+00
6.683961699999999837e+02 -3.459512626061242546e+00
6.984166800000000421e+02 -3.458392444768551233e+00
7.190310899999999492e+02 -3.454570346968201200e+00
7.471759200000000192e+02 -3.453984041767435009e+00
7.683213700000000017e+02 -3.449249208025397362e+00
8.056783199999999852e+02 -3.448710254787096030e+00
8.185694399999999860e+02 -3.444164532962306957e+00
8.536210099999999557e+02 -3.443585516157460891e+00
8.717524899999999661e+02 -3.439751696388173574e+00
8.950607199999999466e+02 -3.437090384904839535e+00
9.174872699999999668e+02 -3.433739509184311700e+00
9.525640100000000530e+02 -3.433988798633533790e+00
9.580449399999999969e+02 -3.426946690910251725e+00
9.928348999999999478e+02 -3.425979719080829877e+00
1.020934799999999996e+03 -3.424642433630420424e+00
1.049862699999999904e+03 -3.420594309524015220e+00
1.061108199999999897e+03 -3.416049887181842770e+00
1.101092000000000098e+03 -3.416437533581600849e+00
1.116162399999999934e+03 -3.413205758763564024e+00
1.153492899999999963e+03 -3.412450319800679477e+00
1.166090799999999945e+03 -3.409534371808678355e+00
1.202559500000000071e+03 -3.408630891049727829e+00
1.217102900000000091e+03 -3.403729800725705079e+00
1.257828199999999924e+03 -3.402944901901369334e+00
1.260573799999999892e+03 -3.397891107760100393e+00
1.298655600000000049e+03 -3.398268527005132267e+00
1.318674199999999928e+03 -3.395173379493013677e+00
1.342722299999999905e+03 -3.392400520083255433e+00
1.365325199999999995e+03 -3.389726824008766126e+00
1.401430599999999913e+03 -3.388669123760687629e+00
1.419596900000000005e+03 -3.387445516727295658e+00
1.461884099999999989e+03 -3.379943191111579370e+00
1.467060300000000097e+03 -3.386856296067679128e+00
1.507541500000000042e+03 -3.378839658297855486e+00
1.509445500000000038e+03 -3.375749089648922840e+00
1.544315399999999954e+03 -3.374032785936442735e+00
1.571381699999999910e+03 -3.376371811507357545e+00
1.592351699999999937e+03 -3.370142404082539400e+00
1.607832200000000057e+03 -3.368038732545416192e+00
1.640768100000000004e+03 -3.364138398815190723e+00
1.675618099999999913e+03 -3.366798743758231183e+00
1.683994599999999991e+03 -3.360344756842527758e+00
1.721340999999999894e+03 -3.363647468647437577e+00
1.752248299999999972e+03 -3.362505115433478409e+00
1.756118300000000090e+03 -3.355090311682407567e+00
1.788166699999999992e+03 -3.353722143405528211e+00
1.823362200000000030e+03 -3.355866983040633134e+00
1.851072100000000091e+03 -3.353477114190662967e+00
1.886120400000000018e+03 -3.355973580134813172e+00
1.906515900000000101e+03 -3.346898472073770670e+00
1.931719399999999951e+03 -3.353066887474667634e+00
1.957409900000000107e+03 -3.349165293257894582e+00
1.980607999999999947e+03 -3.348831403507004811e+00
1.995013999999999896e+03 -3.344822128187623811e+00
2.010281899999999951e+03 -3.339331926011923635e+00
2.054135499999999865e+03 -3.337252864727847879e+00
2.066962399999999889e+03 -3.340994784597368650e+00
2.094288199999999961e+03 -3.335099807136979955e+00
2.114271000000000186e+03 -3.337476017272407613e+00
2.147420700000000124e+03 -3.333310631467544027e+00
2.154333399999999983e+03 -3.328427846557041825e+00
2.187306099999999788e+03 -3.331784532974570112e+00
2.216461099999999988e+03 -3.333164597672940932e+00
2.244434499999999844e+03 -3.325450624109039577e+00
2.261136300000000119e+03 -3.328991250003742852e+00
2.301563500000000204e+03 -3.327389209048717156e+00
2.315934999999999945e+03 -3.327132311352622107e+00
2.363425999999999931e+03 -3.329325312347684473e+00
2.374785899999999856e+03 -3.324869135556295596e+00
2.389219700000000103e+03 -3.319722532537158877e+00
2.406023099999999886e+03 -3.317854048520319843e+00
2.422223300000000108e+03 -3.315691878500152789e+00
