9.881292799999999943e+01 -3.307053708788208812e+00
1.013215299999999957e+02 -3.307253423067467946e+00
1.267820200000000028e+02 -3.306937390093712459e+00
1.505134600000000091e+02 -3.306971890240566037e+00
1.506276900000000012e+02 -3.306791366013532407e+00
1.744996700000000089e+02 -3.306289890386377994e+00
1.994482999999999890e+02 -3.305964063469807090e+00
1.998265299999999911e+02 -3.306197351291340958e+00
2.236583899999999971e+02 -3.305706315976518095e+00
2.498469499999999925e+02 -3.305739148819857309e+00
2.509377200000000130e+02 -3.305847208263065440e+00
2.741795099999999934e+02 -3.305178236287911631e+00
2.990149000000000115e+02 -3.304957217621828924e+00
3.016015300000000252e+02 -3.304620570006408631e+00
3.221776300000000219e+02 -3.302741397536921752e+00
3.507000600000000077e+02 -3.302435693374006220e+00
3.509475100000000225e+02 -3.302575127182683090e+00
3.724205200000000104e+02 -3.299669936566837158e+00
4.001764299999999821e+02 -3.299004459673610778e+00
4.011023200000000202e+02 -3.298855310596843893e+00
4.223281799999999748e+02 -3.295616228820905214e+00
4.489266600000000267e+02 -3.294045335386945439e+00
4.493674599999999941e+02 -3.294078739365031261e+00
4.690785200000000259e+02 -3.289596535245838727e+00
4.978286200000000008e+02 -3.289468963702422144e+00
5.021994399999999814e+02 -3.290703680742166348e+00
5.232982799999999770e+02 -3.286603347356639393e+00
5.476667099999999664e+02 -3.284713523525117473e+00
5.565745500000000447e+02 -3.285621150562393566e+00
5.679014200000000301e+02 -3.281062449513406865e+00
5.997038499999999885e+02 -3.280959005734445544e+00
5.998102699999999459e+02 -3.281064677406877461e+00
6.173513500000000249e+02 -3.277094154615415089e+00
6.535437799999999697e+02 -3.276358363084306724e+00
6.555199099999999817e+02 -3.277550842046326629e+00
6.680363200000000461e+02 -3.272515872860264796e+00
6.947214400000000296e+02 -3.270678348484768794e+00
7.020612999999999602e+02 -3.272394543722229709e+00
7.157223599999999806e+02 -3.269201845954930796e+00
7.514606400000000122e+02 -3.270171362852417829e+00
7.549498499999999694e+02 -3.268803598681140343e+00
7.692952099999999973e+02 -3.265599123001878823e+00
7.980507900000000063e+02 -3.263698441381839732e+00
8.075200200000000450e+02 -3.266726061520232260e+00
8.164569199999999682e+02 -3.262161046454429059e+00
8.412026299999999992e+02 -3.259968492410063590e+00
8.437734000000000378e+02 -3.260691860280529486e+00
8.631210999999999558e+02 -3.258285677623461662e+00
8.951261799999999766e+02 -3.258621046677720123e+00
8.996816099999999778e+02 -3.258259636034917861e+00
9.174333800000000565e+02 -3.255733719211386656e+00
9.495539599999999609e+02 -3.256095487107522057e+00
9.549046499999999469e+02 -3.256589677184632325e+00
9.631724400000000514e+02 -3.252781767314584016e+00
1.000122200000000021e+03 -3.253325976013197174e+00
1.012021799999999985e+03 -3.256119641977046175e+00
1.015852200000000039e+03 -3.250301765502752627e+00
1.047579199999999901e+03 -3.250281660972713649e+00
1.059488599999999906e+03 -3.250284098982453518e+00
1.078657200000000103e+03 -3.251575967129610056e+00
1.099093399999999974e+03 -3.245652333403665768e+00
1.103617899999999963e+03 -3.249336814385101579e+00
1.123563100000000077e+03 -3.248328126073030120e+00
1.146725799999999936e+03 -3.244752487526236351e+00
1.146969299999999976e+03 -3.245727150944553330e+00
1.164112599999999929e+03 -3.244128300515249919e+00
1.207630400000000009e+03 -3.245112591079031716e+00
1.213544499999999971e+03 -3.241630308883514111e+00
1.214463500000000067e+03 -3.244709431525397036e+00
1.249926099999999906e+03 -3.241960111976781356e+00
1.259428400000000011e+03 -3.241249181836709958e+00
1.265844499999999925e+03 -3.240437842929017709e+00
1.299342100000000073e+03 -3.237627661822314984e+00
1.302942700000000059e+03 -3.239950764202019773e+00
1.314876199999999926e+03 -3.238439129264546246e+00
1.349517399999999952e+03 -3.236594192584192342e+00
1.352716799999999921e+03 -3.237580776043656350e+00
1.366479499999999916e+03 -3.236554034679557379e+00
1.394863299999999981e+03 -3.236024266784620629e+00
1.401845100000000002e+03 -3.237461808453482970e+00
1.416812400000000025e+03 -3.234495411578238944e+00
1.443286900000000060e+03 -3.231570514881784817e+00
1.456643399999999929e+03 -3.235021655057130907e+00
1.464476100000000088e+03 -3.232444894907036126e+00
1.505357799999999997e+03 -3.232898678138499626e+00
1.508975300000000061e+03 -3.234233273461515346e+00
1.518499900000000025e+03 -3.231664023235016003e+00
1.546145700000000033e+03 -3.228529921952142168e+00
1.557849099999999908e+03 -3.232894736857371942e+00
1.565326399999999921e+03 -3.231065860587918337e+00
1.597859699999999975e+03 -3.229687540778559907e+00
1.613564800000000105e+03 -3.228153636456392750e+00
1.618866700000000037e+03 -3.230927244692552769e+00
1.653639899999999898e+03 -3.229623047742975039e+00
1.664707599999999957e+03 -3.226950785942623412e+00
1.671549199999999928e+03 -3.231627983791931946e+00
1.700499900000000025e+03 -3.222692053552722591e+00
1.702619799999999941e+03 -3.226646257219027536e+00
1.708212999999999965e+03 -3.228068701716444000e+00
1.741277900000000045e+03 -3.225176528778476825e+00
1.756914500000000089e+03 -3.227619827301936972e+00
1.767522999999999911e+03 -3.225691564333807104e+00
1.798569899999999961e+03 -3.223972131356054760e+00
1.809083699999999908e+03 -3.224006207232372301e+00
1.818126600000000053e+03 -3.225381377690926588e+00
1.850101899999999887e+03 -3.223158111730823450e+00
1.858161200000000008e+03 -3.222254729668192041e+00
1.865068600000000060e+03 -3.224537224307037153e+00
1.894566600000000108e+03 -3.222016240186219793e+00
1.896257599999999911e+03 -3.221531099367400675e+00
1.909914099999999962e+03 -3.220404187943699093e+00
1.936537900000000036e+03 -3.220016310822070515e+00
1.949947899999999890e+03 -3.218836716373915774e+00
1.967882900000000063e+03 -3.222661241631836759e+00
2.005726799999999912e+03 -3.222281351947977601e+00
2.005965099999999893e+03 -3.217253755125459413e+00
2.013320699999999988e+03 -3.218883138131054977e+00
2.035815200000000004e+03 -3.216797640765883592e+00
2.055985200000000077e+03 -3.221658333758258053e+00
2.061463000000000193e+03 -3.218636483425772354e+00
2.083282000000000153e+03 -3.212587326755618644e+00
2.111990099999999984e+03 -3.218542272096154289e+00
2.116667100000000119e+03 -3.217006661792778388e+00
2.157367699999999786e+03 -3.213932759981402043e+00
2.163197400000000016e+03 -3.218054549200171532e+00
2.164807299999999941e+03 -3.218022592630451317e+00
2.177177000000000135e+03 -3.213214249214674467e+00
2.191575299999999970e+03 -3.215311420092320294e+00
2.200812300000000050e+03 -3.212233563484629073e+00
2.257391399999999976e+03 -3.211469282036911288e+00
2.261132000000000062e+03 -3.214440474211814447e+00
2.270500199999999950e+03 -3.219049954915471634e+00
2.302143300000000181e+03 -3.215452491930831602e+00
2.309661599999999908e+03 -3.212014328960956622e+00
2.314325699999999870e+03 -3.211266702700479758e+00
2.354299799999999777e+03 -3.211615102193940530e+00
2.356569599999999809e+03 -3.211654261943311717e+00
2.372563099999999849e+03 -3.212827980099761227e+00
2.391369799999999941e+03 -3.209267181404165115e+00
2.395547399999999925e+03 -3.208560841996073165e+00
2.405690399999999954e+03 -3.207869097363041710e+00
2.435655999999999949e+03 -3.209232227357250000e+00
