9.988288099999999758e+01 -4.543755104310237769e+00
1.269680199999999957e+02 -4.543419476425119008e+00
1.483106099999999969e+02 -4.543044329056542097e+00
1.485669300000000135e+02 -4.543110694650428272e+00
1.755319200000000137e+02 -4.542644524887906599e+00
1.990251199999999869e+02 -4.542378222957725420e+00
1.990752400000000080e+02 -4.542391230860969742e+00
2.247918400000000076e+02 -4.541574136914290349e+00
2.470643900000000031e+02 -4.540733418596532900e+00
2.472067700000000059e+02 -4.540770328431988467e+00
2.753659900000000107e+02 -4.540065720128968252e+00
3.008786699999999996e+02 -4.539281599826259672e+00
3.011072599999999966e+02 -4.539340796663069000e+00
3.254530399999999872e+02 -4.537680615014880736e+00
3.486473199999999792e+02 -4.536397488175907711e+00
3.488611599999999839e+02 -4.536452719187842320e+00
3.746169300000000248e+02 -4.533002000193863346e+00
4.005609299999999848e+02 -4.532096125996899261e+00
4.008145999999999844e+02 -4.532161704742215136e+00
4.231735100000000216e+02 -4.527486554621874326e+00
4.478865900000000124e+02 -4.526151482027895412e+00
4.485453600000000165e+02 -4.526322041615376435e+00
4.718659000000000106e+02 -4.519141115850205281e+00
4.964194899999999961e+02 -4.517409530010791485e+00
4.965287099999999896e+02 -4.517437663784440893e+00
5.192124400000000151e+02 -4.509462810139205580e+00
5.471706400000000485e+02 -4.508099120384310154e+00
5.476090599999999995e+02 -4.508212460682814005e+00
5.710711800000000267e+02 -4.500077957049730237e+00
6.026401399999999740e+02 -4.499753409629852818e+00
6.026911700000000565e+02 -4.499766754557026793e+00
6.186103299999999763e+02 -4.490791140360132161e+00
6.560153900000000249e+02 -4.491406340370544648e+00
6.562980400000000145e+02 -4.491479818106072663e+00
6.772393299999999954e+02 -4.485690729262637788e+00
7.006595700000000306e+02 -4.482235252265794223e+00
7.006903800000000047e+02 -4.482243166378785837e+00
7.135099099999999908e+02 -4.473854949733291342e+00
7.435762999999999465e+02 -4.472916026850817239e+00
7.441986100000000306e+02 -4.473077466114853351e+00
7.686565200000000004e+02 -4.469435026629320795e+00
8.068039700000000494e+02 -4.468948743983601979e+00
8.070034500000000435e+02 -4.469000059108018341e+00
8.177160400000000209e+02 -4.464020698149719024e+00
8.543626000000000431e+02 -4.465195509974635435e+00
8.548043300000000499e+02 -4.465310011286473646e+00
8.598917900000000145e+02 -4.457366316036653231e+00
9.098344600000000355e+02 -4.459950144723051402e+00
9.102382700000000568e+02 -4.460055148272377146e+00
9.170808700000000044e+02 -4.455360072583788522e+00
9.528299500000000535e+02 -4.455272184060917517e+00
9.530330599999999777e+02 -4.455324539383416216e+00
9.623697899999999663e+02 -4.450495037732381753e+00
1.001679700000000025e+03 -4.450234014624507850e+00
1.002403699999999958e+03 -4.450421437465653440e+00
1.018701199999999972e+03 -4.448907055261250854e+00
1.057808399999999892e+03 -4.449822001285046902e+00
1.057902199999999993e+03 -4.449846046910886699e+00
1.064906899999999951e+03 -4.446243304736957391e+00
1.097468900000000076e+03 -4.446253943223666738e+00
1.098171700000000101e+03 -4.446435427474088264e+00
1.114815100000000029e+03 -4.444549801725096394e+00
1.141636999999999944e+03 -4.441729573383599750e+00
1.141973700000000008e+03 -4.441817176776425846e+00
1.170230399999999918e+03 -4.444628456964825780e+00
1.184160200000000032e+03 -4.440674122500602117e+00
1.185869099999999889e+03 -4.441116772224995124e+00
1.208758299999999963e+03 -4.440005132330026250e+00
1.246774499999999989e+03 -4.442154621775480372e+00
1.247030500000000075e+03 -4.442220446674342682e+00
1.266172499999999900e+03 -4.440493225694464030e+00
1.293946200000000090e+03 -4.439319626518901885e+00
1.294485699999999952e+03 -4.439459352436837314e+00
1.319012899999999945e+03 -4.439361845946419471e+00
1.357585800000000063e+03 -4.437613578277646020e+00
1.358293300000000045e+03 -4.437796023144609414e+00
1.371965200000000095e+03 -4.440086994820442889e+00
1.401662700000000086e+03 -4.436329675793952099e+00
1.411587299999999914e+03 -4.440743489545708300e+00
1.411958000000000084e+03 -4.440839068448943827e+00
1.441714600000000019e+03 -4.435769631246450295e+00
1.443539999999999964e+03 -4.436241431717525607e+00
1.457527800000000070e+03 -4.436969555279386412e+00
1.489798999999999978e+03 -4.435998543552906348e+00
1.490861300000000028e+03 -4.436273728991704246e+00
1.511206400000000031e+03 -4.438806139054218391e+00
1.548891399999999976e+03 -4.438824413381976086e+00
1.550320200000000114e+03 -4.439194295482016273e+00
1.555725500000000011e+03 -4.437263614933229405e+00
1.600835499999999911e+03 -4.436988851244177745e+00
1.604205899999999929e+03 -4.437941328968145527e+00
1.604578700000000026e+03 -4.438038214044281560e+00
1.666162100000000009e+03 -4.439784771804853314e+00
1.666454400000000078e+03 -4.439859115924509325e+00
1.669902000000000044e+03 -4.442704185214069845e+00
1.704422499999999900e+03 -4.444356490122689962e+00
1.704853800000000092e+03 -4.444468549498908239e+00
1.711651000000000067e+03 -4.441769624244392034e+00
1.735031899999999951e+03 -4.437788253483854639e+00
1.736404800000000023e+03 -4.438142615727453943e+00
1.766652399999999943e+03 -4.443148513998528948e+00
1.799687799999999925e+03 -4.442426559217445003e+00
1.802478599999999915e+03 -4.443148647204354873e+00
1.812909200000000055e+03 -4.444131090063852874e+00
1.852420699999999897e+03 -4.442284944044275541e+00
1.874000199999999950e+03 -4.447387183478144657e+00
1.875019500000000107e+03 -4.447652117612757472e+00
1.898091300000000047e+03 -4.443079999756856857e+00
1.939959000000000060e+03 -4.446441645149226574e+00
1.941894999999999982e+03 -4.446944633077947628e+00
1.945011999999999944e+03 -4.443952607352599671e+00
1.947926899999999932e+03 -4.444706675889404046e+00
1.953182099999999991e+03 -4.445156283706632294e+00
1.998563900000000103e+03 -4.444331034660252477e+00
1.998886899999999969e+03 -4.444414841903296498e+00
2.008681700000000092e+03 -4.447128195638968329e+00
2.042949200000000019e+03 -4.448349534253436488e+00
2.043803900000000112e+03 -4.448570949188313861e+00
2.060878499999999804e+03 -4.449063385866460330e+00
2.109069599999999809e+03 -4.451307669749752449e+00
2.110315099999999802e+03 -4.451629249213163497e+00
2.117622499999999945e+03 -4.449434752874023680e+00
2.138293799999999919e+03 -4.453148886798063089e+00
2.138634399999999914e+03 -4.453235971856353004e+00
2.146290599999999813e+03 -4.450037102177002879e+00
2.203061799999999948e+03 -4.455247884398512603e+00
2.203856900000000223e+03 -4.455453331807345485e+00
2.216097499999999854e+03 -4.455573347645955806e+00
2.245681099999999788e+03 -4.453839147826296418e+00
2.249909400000000005e+03 -4.454554779615326865e+00
2.250258299999999963e+03 -4.454644773669953040e+00
2.302968499999999949e+03 -4.453085474503560626e+00
2.305843600000000151e+03 -4.453830882280981562e+00
2.310666499999999814e+03 -4.458865760233834408e+00
2.347167199999999866e+03 -4.459072322924103382e+00
2.347810300000000097e+03 -4.459238119108927201e+00
2.361858299999999872e+03 -4.460086018880931036e+00
2.395497699999999895e+03 -4.457532015539090509e+00
2.395766299999999774e+03 -4.457601301330430310e+00
2.422731499999999869e+03 -4.462752171405632851e+00
2.428066800000000057e+03 -4.460764110929733128e+00
2.429231900000000223e+03 -4.461063684142715147e+00
