1.231252800000000036e+02 1.749706035009159422e+01
1.326456300000000113e+02 1.751528088744148093e+01
1.708834600000000137e+02 1.756182322409932794e+01
1.709333000000000027e+02 1.756249694687563689e+01
1.808028799999999876e+02 1.758125381640545370e+01
2.186547099999999944e+02 1.763391614085080406e+01
2.195943599999999947e+02 1.763376501119478945e+01
2.304411200000000122e+02 1.764203236311825762e+01
2.684636699999999792e+02 1.770232291878689068e+01
2.686344300000000089e+02 1.770269896193771686e+01
2.791462700000000154e+02 1.771995522084266383e+01
3.166511399999999981e+02 1.777617189090168992e+01
3.178454399999999964e+02 1.777492519845308294e+01
3.245084299999999757e+02 1.779460818237329534e+01
3.661543500000000222e+02 1.786151740280887168e+01
3.673581300000000169e+02 1.786094239772033276e+01
3.748583699999999794e+02 1.788861846122532029e+01
4.157014300000000162e+02 1.794742265418278038e+01
4.164261999999999944e+02 1.794743690209648079e+01
4.266638899999999808e+02 1.796221504172603289e+01
4.649602499999999736e+02 1.802276460411153991e+01
4.659417900000000259e+02 1.802158406269082036e+01
4.743385799999999790e+02 1.805093629147160428e+01
5.132763499999999794e+02 1.812004783228170268e+01
5.135095599999999649e+02 1.812138459189904438e+01
5.255527499999999463e+02 1.816096275188276010e+01
5.654597099999999728e+02 1.822477661306737318e+01
5.657939900000000080e+02 1.822508039894158571e+01
5.723107499999999845e+02 1.823552768166090132e+01
6.171642500000000382e+02 1.832308518216975557e+01
6.179421999999999571e+02 1.832305108894768964e+01
6.232407399999999598e+02 1.834909118664766936e+01
6.639918000000000120e+02 1.843148636271117624e+01
6.681710699999999861e+02 1.843207968654589735e+01
6.727473999999999705e+02 1.846438683085690968e+01
7.140628299999999626e+02 1.853973030734785254e+01
7.161307799999999588e+02 1.853978068389985978e+01
7.273841400000000021e+02 1.856922145328719864e+01
7.656797299999999495e+02 1.864228933441889069e+01
7.673164199999999937e+02 1.864298900875229137e+01
7.704743999999999460e+02 1.869327549358843754e+01
8.165299700000000485e+02 1.876269539995929136e+01
8.185596600000000080e+02 1.876278139629554076e+01
8.222395400000000336e+02 1.880038265825361421e+01
8.651334399999999505e+02 1.887426419702829250e+01
8.657880599999999731e+02 1.887358029717077201e+01
8.690000800000000254e+02 1.892438326887848632e+01
9.094506000000000085e+02 1.901407083248524543e+01
9.124755999999999858e+02 1.901402707103602552e+01
9.188375099999999520e+02 1.903999236718908961e+01
9.679376200000000381e+02 1.912192499491145981e+01
9.690284500000000207e+02 1.912186342357011881e+01
9.717470100000000457e+02 1.916439191939751652e+01
1.003731899999999996e+03 1.924924282515774365e+01
1.007485199999999963e+03 1.925001323020557820e+01
1.025890900000000101e+03 1.927816659881946038e+01
1.061161800000000085e+03 1.936560757174841996e+01
1.063577600000000075e+03 1.936585029513535616e+01
1.066328700000000026e+03 1.941046661917362215e+01
1.106920800000000099e+03 1.950183238347242209e+01
1.107924600000000055e+03 1.950212751882759932e+01
1.119975300000000061e+03 1.953419041318949567e+01
1.157560099999999920e+03 1.960381131691430667e+01
1.166803900000000112e+03 1.967309434154284631e+01
1.168484200000000101e+03 1.960468959902300057e+01
1.208586900000000014e+03 1.978685019336454332e+01
1.210309199999999919e+03 1.975032464889069672e+01
1.213589699999999993e+03 1.975031956035009273e+01
1.253129400000000032e+03 1.987093323834724146e+01
1.256087899999999991e+03 1.987074140036637360e+01
1.265873900000000049e+03 1.989857266435986105e+01
1.306113299999999981e+03 2.000268878485650603e+01
1.306747100000000046e+03 2.002906269082027180e+01
1.309026800000000094e+03 2.000286790148585325e+01
1.350284000000000106e+03 2.016210156727050773e+01
1.354283599999999979e+03 2.016364288622023082e+01
1.370042999999999893e+03 2.012411662935070211e+01
1.405697400000000016e+03 2.020170771422755962e+01
1.405971399999999903e+03 2.020252289843272919e+01
1.415000999999999976e+03 2.028775798900875316e+01
1.452733300000000099e+03 2.038182576836963378e+01
1.457757800000000088e+03 2.038271219214329477e+01
1.472622800000000097e+03 2.036599480968858344e+01
1.497651599999999917e+03 2.050458986362711400e+01
1.499331300000000056e+03 2.050499491145939146e+01
1.519827999999999975e+03 2.055367443517199177e+01
1.555640599999999949e+03 2.065815235090575896e+01
1.557140400000000000e+03 2.065765570934255990e+01
1.565133399999999938e+03 2.067888662731528626e+01
1.602172000000000025e+03 2.078087268471402638e+01
1.603045599999999922e+03 2.078038520252391663e+01
1.615511999999999944e+03 2.078792845511907217e+01
1.654299800000000005e+03 2.091984072867901645e+01
1.659259099999999989e+03 2.092042845511907245e+01
1.661688300000000027e+03 2.094953338082637728e+01
1.701811799999999948e+03 2.105374313047018120e+01
1.711457499999999982e+03 2.105482240993283227e+01
1.718933899999999994e+03 2.108853450030531107e+01
1.747632800000000088e+03 2.118616222267453963e+01
1.753643299999999954e+03 2.118577956442092258e+01
1.760810999999999922e+03 2.120685324648890813e+01
1.805221199999999953e+03 2.131262263382861732e+01
1.809046499999999924e+03 2.131216568288214930e+01
1.817898699999999963e+03 2.135196672094443215e+01
1.849084200000000010e+03 2.148666344392428229e+01
1.851958599999999933e+03 2.148584266232444762e+01
1.863340899999999920e+03 2.148822562589049312e+01
1.880125399999999900e+03 2.165440464074903204e+01
1.901449499999999944e+03 2.165407083248524245e+01
1.916596299999999928e+03 2.165920364339507387e+01
1.947153999999999996e+03 2.175485853857113838e+01
1.947170000000000073e+03 2.175517250152656246e+01
1.966131200000000035e+03 2.182330093629147072e+01
1.988123100000000022e+03 2.191686393242418163e+01
1.993986300000000028e+03 2.191782566659881937e+01
2.030053100000000086e+03 2.191397058823529420e+01
2.041430000000000064e+03 2.206218349277427393e+01
2.048580399999999827e+03 2.206205169957256373e+01
2.068793500000000222e+03 2.207242010991247838e+01
2.097440599999999904e+03 2.224854722165682830e+01
2.104924100000000180e+03 2.224935680846732922e+01
2.116262400000000071e+03 2.227616883777732681e+01
2.129413700000000063e+03 2.242301699572562512e+01
2.130966499999999996e+03 2.242270710360268637e+01
2.163883299999999963e+03 2.242403215957663321e+01
2.188980000000000018e+03 2.258248422552411938e+01
2.194416999999999916e+03 2.258354722165682915e+01
2.194631699999999910e+03 2.256742825157744647e+01
2.248447200000000066e+03 2.276751628332993960e+01
2.251221399999999903e+03 2.276676470588235546e+01
2.253605700000000070e+03 2.276787095461021693e+01
2.293451900000000023e+03 2.286467942194178704e+01
2.299456099999999878e+03 2.283176928556889962e+01
2.310043900000000122e+03 2.286595155709342464e+01
2.345259000000000015e+03 2.304792641970282929e+01
2.356635800000000017e+03 2.304751221249745541e+01
2.366532700000000204e+03 2.307328363525340720e+01
2.388022800000000188e+03 2.328648992468959733e+01
2.389025999999999840e+03 2.328650213718705686e+01
2.411100500000000011e+03 2.334958070425401999e+01
2.421507799999999861e+03 2.333705169957256231e+01
2.429427200000000084e+03 2.333707408915122983e+01
