1.003979199999999992e+02 -4.367892526519758789e+00
1.267145900000000012e+02 -4.367794423799484349e+00
1.488946500000000128e+02 -4.367624787851387858e+00
1.753720700000000079e+02 -4.367601063293397701e+00
1.993911300000000040e+02 -4.367201217532040047e+00
2.233985600000000034e+02 -4.367205804630508226e+00
2.500472300000000132e+02 -4.367274489201072640e+00
2.746643700000000194e+02 -4.367520404966233727e+00
3.034156899999999837e+02 -4.367459656042835370e+00
3.199507500000000277e+02 -4.366233738509876616e+00
3.466368400000000065e+02 -4.366274899663602049e+00
3.695513799999999947e+02 -4.365773973089345006e+00
4.002529599999999732e+02 -4.365698832030457055e+00
4.201053200000000061e+02 -4.365416702469500088e+00
4.483919099999999958e+02 -4.365154140512055747e+00
4.729589000000000283e+02 -4.365539035326293060e+00
5.026201800000000048e+02 -4.364584789101941809e+00
5.216355200000000423e+02 -4.364362224763847387e+00
5.521133399999999938e+02 -4.363859351273432274e+00
5.650646299999999655e+02 -4.361248327681329862e+00
5.995416599999999789e+02 -4.361759535173225011e+00
6.217320899999999710e+02 -4.360936158338338586e+00
6.466651100000000270e+02 -4.359460203925175747e+00
6.703138800000000401e+02 -4.357930334063026656e+00
6.997511799999999766e+02 -4.357179531995008404e+00
7.187339899999999489e+02 -4.354133221142887145e+00
7.494882800000000316e+02 -4.352982758978600764e+00
7.604327299999999923e+02 -4.347244948460648573e+00
7.956837199999999939e+02 -4.347908407739613956e+00
8.230712800000000016e+02 -4.345428388937764730e+00
8.433242500000000064e+02 -4.341518957950232682e+00
8.699104200000000446e+02 -4.336899543239389310e+00
9.061923500000000331e+02 -4.335995102144676316e+00
9.135027700000000550e+02 -4.327183332393589765e+00
9.575508300000000190e+02 -4.328577349730016621e+00
9.704450699999999870e+02 -4.319050753233526940e+00
1.001605800000000045e+03 -4.318445624434333219e+00
1.010499000000000024e+03 -4.306879641785938517e+00
1.050993500000000040e+03 -4.307296678439188398e+00
1.070316900000000032e+03 -4.300635842081326210e+00
1.104298299999999927e+03 -4.298675849943030869e+00
1.110231999999999971e+03 -4.290426448700685569e+00
1.156702900000000000e+03 -4.292193867059882706e+00
1.158557000000000016e+03 -4.282371387479784630e+00
1.192711700000000064e+03 -4.281526113389653609e+00
1.217731700000000046e+03 -4.278370121122033964e+00
1.246508599999999888e+03 -4.275223119271835515e+00
1.267649300000000039e+03 -4.274208867045270921e+00
1.303188599999999951e+03 -4.273931187494131478e+00
1.308644500000000107e+03 -4.266175250987810585e+00
1.354804900000000089e+03 -4.265369929955360462e+00
1.364337500000000091e+03 -4.262972908686015749e+00
1.402364800000000059e+03 -4.262538508085118139e+00
1.411576999999999998e+03 -4.256684496646131244e+00
1.457364299999999957e+03 -4.257417313734676689e+00
1.458743799999999965e+03 -4.250202804151461677e+00
1.488486200000000053e+03 -4.245332779621867836e+00
1.516558600000000069e+03 -4.247195793789083851e+00
1.563267800000000079e+03 -4.247372670078458867e+00
1.573624700000000075e+03 -4.242152414590173670e+00
1.614074599999999919e+03 -4.238880280302907089e+00
1.615164600000000064e+03 -4.235586502175709533e+00
1.651035300000000007e+03 -4.234621852116713825e+00
1.667771799999999985e+03 -4.231232104056289245e+00
1.695285000000000082e+03 -4.227464140293811568e+00
1.715025000000000091e+03 -4.227119480838688936e+00
1.752668899999999894e+03 -4.218584131830061423e+00
1.768389699999999948e+03 -4.227412315987543856e+00
1.810121499999999969e+03 -4.221714301758557220e+00
1.813721900000000005e+03 -4.216560963262693917e+00
1.852588600000000042e+03 -4.214648316970337483e+00
1.876888400000000047e+03 -4.215049727103092003e+00
1.903952900000000000e+03 -4.209491533827077525e+00
1.909453500000000076e+03 -4.207508856804083486e+00
1.954532500000000027e+03 -4.201909673542936652e+00
1.954754799999999932e+03 -4.205067946508123100e+00
2.003005200000000059e+03 -4.202144373160183299e+00
2.009452099999999973e+03 -4.200127481501836790e+00
2.057507999999999811e+03 -4.199744710908452916e+00
2.067290500000000065e+03 -4.196379727104486257e+00
2.111605700000000070e+03 -4.191803928999170203e+00
2.118784099999999853e+03 -4.193508711314138715e+00
2.172441200000000208e+03 -4.192865790238831991e+00
2.174530699999999797e+03 -4.189589969217020204e+00
2.193575800000000072e+03 -4.186855507550083288e+00
2.207437600000000202e+03 -4.182858456341452147e+00
2.221601299999999810e+03 -4.176174695525587843e+00
2.260241100000000188e+03 -4.179470285020693510e+00
2.300837199999999939e+03 -4.177260625766064273e+00
2.324633699999999862e+03 -4.177183510453287951e+00
2.361063099999999849e+03 -4.172250584293014875e+00
2.373284400000000005e+03 -4.174802970762514498e+00
2.399454299999999876e+03 -4.169232516363615915e+00
2.422641799999999876e+03 -4.164512820964828776e+00
2.423791400000000067e+03 -4.171444098497198105e+00
