9.953615600000000541e+01 2.293849226541827946e+01
1.005234499999999969e+02 2.294035874211276038e+01
1.276284299999999945e+02 2.297525086505190473e+01
1.493326800000000105e+02 2.301297170771422529e+01
1.517075600000000009e+02 2.300534703846936679e+01
1.762729799999999898e+02 2.306212700997354048e+01
1.992417299999999898e+02 2.309173570120089281e+01
2.011884200000000078e+02 2.308120343985345002e+01
2.236633799999999894e+02 2.313110268674943981e+01
2.486254099999999880e+02 2.315581263993486871e+01
2.496115599999999972e+02 2.316989924689599079e+01
2.749338999999999942e+02 2.322508141664970438e+01
2.984908899999999790e+02 2.326779106452269374e+01
3.019112400000000207e+02 2.327354213311622289e+01
3.236811999999999898e+02 2.332092611439039587e+01
3.471780200000000036e+02 2.337064013840830512e+01
3.501582799999999907e+02 2.338701557093425620e+01
3.723815000000000168e+02 2.343729340525137417e+01
3.976875800000000254e+02 2.349288316710767432e+01
3.983219300000000089e+02 2.348402859759820771e+01
4.207057199999999852e+02 2.409310197435375756e+01
4.512256699999999796e+02 2.410664308976185666e+01
4.525670099999999820e+02 2.409065336861388218e+01
4.691030600000000277e+02 2.426974557296967205e+01
4.970148100000000113e+02 2.433005241196824642e+01
4.978820999999999799e+02 2.433585894565438679e+01
5.156011200000000372e+02 2.445144311011602056e+01
5.446471199999999726e+02 2.453034245878281894e+01
5.512251199999999471e+02 2.452227966619173927e+01
5.648805599999999458e+02 2.461143191532668340e+01
5.967012600000000475e+02 2.468070323631182461e+01
6.037241099999999960e+02 2.470330602483207727e+01
6.153976699999999482e+02 2.477658151842051737e+01
6.480765999999999849e+02 2.484123753307551397e+01
6.489725700000000188e+02 2.485515011194789281e+01
6.697600099999999657e+02 2.495774323224099334e+01
6.957929500000000189e+02 2.503082587014044336e+01
7.023354100000000244e+02 2.504242519845308479e+01
7.188292999999999893e+02 2.509800732749847185e+01
7.474170400000000427e+02 2.519274475880317610e+01
7.521063199999999824e+02 2.522575005088540578e+01
7.680742299999999432e+02 2.529362609403623097e+01
8.042332900000000109e+02 2.538324343578261733e+01
8.087324700000000348e+02 2.537210360268674947e+01
8.199506499999999960e+02 2.549344748626094059e+01
8.456626599999999598e+02 2.557037248117240225e+01
8.544780799999999772e+02 2.561672348870343896e+01
8.736980899999999792e+02 2.560571901078770907e+01
8.965612999999999602e+02 2.573629757785467120e+01
8.989367200000000366e+02 2.578673519234683553e+01
9.205709799999999632e+02 2.577027376348463150e+01
9.470960199999999531e+02 2.588735650315489778e+01
9.512111499999999751e+02 2.592701862405862201e+01
9.659536900000000514e+02 2.600180592306126570e+01
1.001576400000000035e+03 2.611002696926521338e+01
1.006142100000000028e+03 2.612793964990840578e+01
1.024964600000000019e+03 2.617092051699572508e+01
1.043919499999999971e+03 2.633067524933849057e+01
1.059673500000000104e+03 2.630880164868715809e+01
1.060045800000000099e+03 2.638245013230205416e+01
1.087076199999999972e+03 2.647112914716059606e+01
1.091422199999999975e+03 2.652052106655811414e+01
1.112728499999999940e+03 2.657233971097089409e+01
1.139062200000000075e+03 2.669852584978628229e+01
1.159694199999999910e+03 2.659662935070221934e+01
1.169631900000000087e+03 2.671889324241807273e+01
1.199634700000000066e+03 2.688627315285976138e+01
1.202906600000000026e+03 2.682597089354772990e+01
1.217493799999999965e+03 2.693551801343375018e+01
1.249206699999999955e+03 2.706947944229595038e+01
1.252317199999999957e+03 2.712729798493792188e+01
1.275330200000000104e+03 2.715886322002849340e+01
1.301913299999999936e+03 2.723358843883574210e+01
1.303101000000000113e+03 2.726162019132912562e+01
1.312422600000000102e+03 2.733989161408508295e+01
1.351723700000000008e+03 2.746874058619987480e+01
1.353754400000000032e+03 2.741097496438021608e+01
1.367840599999999995e+03 2.757749338489721325e+01
1.396333800000000110e+03 2.778719824954203332e+01
1.396755300000000034e+03 2.762468451048239615e+01
1.413475899999999911e+03 2.778293049053531405e+01
1.441167400000000043e+03 2.784565235090575896e+01
1.447815399999999954e+03 2.776879401587624585e+01
1.460748100000000022e+03 2.799425452880113951e+01
1.501349699999999984e+03 2.809740840626908209e+01
1.507878699999999981e+03 2.816569662120903672e+01
1.523448499999999967e+03 2.818412070018318616e+01
1.549293400000000020e+03 2.844738143700386601e+01
1.549941100000000006e+03 2.833398076531650744e+01
1.557584399999999960e+03 2.838364950132302056e+01
1.597344800000000077e+03 2.860434154284551411e+01
1.598880200000000059e+03 2.870514909423977201e+01
1.599105099999999993e+03 2.849483818440871374e+01
1.647826700000000073e+03 2.886437868919194116e+01
1.655022899999999936e+03 2.868019539995928824e+01
1.657179499999999962e+03 2.891473437818033787e+01
1.708784100000000080e+03 2.897045949521676889e+01
1.715675799999999981e+03 2.922505139426012377e+01
1.721171700000000101e+03 2.911006971300630752e+01
1.732192299999999932e+03 2.925141664970486133e+01
1.750553699999999935e+03 2.927661306737227775e+01
1.763374600000000100e+03 2.943036841033991280e+01
1.787881100000000060e+03 2.955514247913698611e+01
1.799184799999999996e+03 2.961378485650315540e+01
1.804232400000000098e+03 2.977108182373295620e+01
1.849686799999999948e+03 2.980307093425605203e+01
1.858644299999999930e+03 2.993861846122532100e+01
1.862844700000000103e+03 3.002800580093629179e+01
1.892811699999999973e+03 3.007228526358640508e+01
1.899238700000000108e+03 3.018677030327702226e+01
1.919185400000000072e+03 3.027403368613881796e+01
1.939834800000000087e+03 3.035865764298798908e+01
1.951460499999999911e+03 3.072145583146753722e+01
1.953470700000000079e+03 3.050497964583757238e+01
1.968620300000000043e+03 3.065142580907795278e+01
1.974890300000000025e+03 3.082188683085690784e+01
2.008545499999999947e+03 3.091706136779971459e+01
2.036416500000000042e+03 3.104896193771626045e+01
2.050551399999999830e+03 3.106118562996132937e+01
2.067712399999999889e+03 3.124579075921025861e+01
2.092485900000000129e+03 3.144776155098717751e+01
2.105140400000000227e+03 3.119368613881538366e+01
2.106350100000000111e+03 3.159510635049867844e+01
2.142889999999999873e+03 3.185888204762873954e+01
2.151798400000000129e+03 3.164600498676979612e+01
2.162787299999999959e+03 3.195186495013230399e+01
2.194235900000000129e+03 3.213340677793608791e+01
2.198917300000000068e+03 3.206898330958681242e+01
2.222550999999999931e+03 3.248123651536739231e+01
2.242889700000000175e+03 3.247766843069408083e+01
2.246843800000000101e+03 3.261182322409933221e+01
2.251276100000000042e+03 3.286432882149399859e+01
2.298576900000000023e+03 3.306422705068186474e+01
2.316570400000000063e+03 3.323571239568491364e+01
2.321466300000000047e+03 3.287787502544270524e+01
2.321832800000000134e+03 3.340808823529411598e+01
2.356790800000000218e+03 3.349944687563606749e+01
2.370039200000000164e+03 3.398101974353755139e+01
2.400821100000000115e+03 3.413114085080399462e+01
2.403543400000000020e+03 3.419055821290454134e+01
2.408148400000000038e+03 3.456869275391817098e+01
2.442200299999999970e+03 3.486657439446366880e+01
