1.006163499999999971e+02 -3.531596562701071917e+00
1.267244299999999981e+02 -3.531272542640477852e+00
1.501984899999999925e+02 -3.531143924432440961e+00
1.755361599999999953e+02 -3.531029195203242654e+00
2.005199599999999975e+02 -3.531119136597147268e+00
2.238276799999999866e+02 -3.530277558931188331e+00
2.509044700000000034e+02 -3.529994474474869914e+00
2.728162699999999745e+02 -3.529637840917160485e+00
3.007848299999999995e+02 -3.529820132909082808e+00
3.243241699999999810e+02 -3.529324002523286374e+00
3.484835100000000239e+02 -3.527919459182880857e+00
3.712508799999999951e+02 -3.527651908989569041e+00
4.022778099999999881e+02 -3.527932452795246476e+00
4.208851300000000037e+02 -3.525733605209882437e+00
4.540690000000000168e+02 -3.525491972631367155e+00
4.727317699999999832e+02 -3.524635772614892915e+00
5.020996999999999844e+02 -3.524296611618793040e+00
5.261560299999999870e+02 -3.523543995032445419e+00
5.475566999999999780e+02 -3.520639948394748142e+00
5.684418699999999944e+02 -3.518868918073902563e+00
5.982952199999999721e+02 -3.518227505088643348e+00
6.184816200000000208e+02 -3.515693038255316871e+00
6.517914700000000039e+02 -3.515879862474128092e+00
6.685052600000000211e+02 -3.511775307949264846e+00
6.967044399999999769e+02 -3.510051058597635887e+00
7.233294399999999769e+02 -3.509333652497780953e+00
7.388386600000000044e+02 -3.505078643185519649e+00
7.639528800000000501e+02 -3.501933320489493795e+00
7.969789600000000291e+02 -3.501499715513117561e+00
8.177387599999999566e+02 -3.498622388941672767e+00
8.574619199999999637e+02 -3.497666906696880407e+00
8.673891899999999850e+02 -3.493663997710837243e+00
8.995649100000000544e+02 -3.492226973376640231e+00
9.150296100000000479e+02 -3.487420153516425980e+00
9.402026299999999992e+02 -3.484201134986653070e+00
9.676744200000000546e+02 -3.483900279877699013e+00
9.906693000000000211e+02 -3.481943937162969238e+00
1.014439300000000003e+03 -3.477443982878018147e+00
1.054580200000000104e+03 -3.477676079515097385e+00
1.067848099999999931e+03 -3.472241858079101462e+00
1.099495200000000068e+03 -3.471801749141530724e+00
1.119594000000000051e+03 -3.468923701708120699e+00
1.157450700000000097e+03 -3.469547222849908685e+00
1.160991199999999935e+03 -3.463456101026558542e+00
1.213999900000000025e+03 -3.466249005672787931e+00
1.215139400000000023e+03 -3.460482373965596548e+00
1.246738800000000083e+03 -3.460465614475099816e+00
1.263484699999999975e+03 -3.454679863772327053e+00
1.284698100000000068e+03 -3.453657029594682459e+00
1.310740999999999985e+03 -3.451741713857346294e+00
1.341895700000000033e+03 -3.449939931536246007e+00
1.372507900000000063e+03 -3.448179054210106731e+00
1.396368699999999990e+03 -3.448383725578486825e+00
1.411760899999999992e+03 -3.444181051280518435e+00
1.462457599999999957e+03 -3.446347914725961026e+00
1.471213299999999890e+03 -3.441627364625290397e+00
1.515496599999999944e+03 -3.437305684888551038e+00
1.527240199999999959e+03 -3.442252080977207918e+00
1.544204400000000078e+03 -3.433917839463262567e+00
1.561332599999999957e+03 -3.433623807141932271e+00
1.602469700000000103e+03 -3.429023475914433572e+00
1.604084299999999985e+03 -3.435043110940290578e+00
1.646095800000000054e+03 -3.430596928442450455e+00
1.667398400000000038e+03 -3.428560160550479630e+00
1.694552200000000084e+03 -3.423554668408669066e+00
1.708631699999999910e+03 -3.421972588211582789e+00
1.743299999999999955e+03 -3.419455337249787785e+00
1.761462199999999939e+03 -3.420895284573390427e+00
1.788818600000000060e+03 -3.417427004714136185e+00
1.813038900000000012e+03 -3.419389075622205620e+00
1.834562899999999900e+03 -3.416765538338921271e+00
1.850531500000000051e+03 -3.412857050980005358e+00
1.870929699999999912e+03 -3.411349453460881254e+00
1.908873700000000099e+03 -3.412125301176192060e+00
1.937308399999999892e+03 -3.409759770715231397e+00
1.964578500000000076e+03 -3.412535667459395849e+00
1.994039500000000089e+03 -3.404730693107033801e+00
2.023828700000000026e+03 -3.409620375695095795e+00
2.051664800000000014e+03 -3.405809437777161719e+00
2.071742099999999937e+03 -3.409564342241018231e+00
2.076018399999999929e+03 -3.401913490252116645e+00
2.104412699999999859e+03 -3.404002709969084162e+00
2.135283199999999852e+03 -3.399066393802567365e+00
2.136251999999999953e+03 -3.396466908952894048e+00
2.207682899999999790e+03 -3.402083076241544823e+00
2.218558599999999842e+03 -3.402272790668329439e+00
2.260780499999999847e+03 -3.398307064264329824e+00
2.262590400000000045e+03 -3.402979111696764036e+00
2.293391200000000026e+03 -3.395965393423711731e+00
2.300413599999999860e+03 -3.392107711481238574e+00
2.362731699999999819e+03 -3.396017234553738717e+00
2.373733000000000175e+03 -3.396023715844781243e+00
2.413577699999999822e+03 -3.393900285088763180e+00
2.425035300000000007e+03 -3.396128331701032010e+00
2.440955199999999877e+03 -3.389020250555256908e+00
