9.980747599999999409e+01 -4.295363638298161035e+00
1.263543599999999998e+02 -4.294858736619032946e+00
1.512213399999999979e+02 -4.295130975172897436e+00
1.512989599999999939e+02 -4.295151143259047011e+00
1.741654499999999928e+02 -4.294282054929356995e+00
1.998438400000000001e+02 -4.294604482489162045e+00
1.998683200000000113e+02 -4.294610811056534416e+00
2.237446999999999946e+02 -4.293366273853271409e+00
2.502991800000000069e+02 -4.293544895020213303e+00
2.503310299999999984e+02 -4.293553179764720618e+00
2.741986099999999738e+02 -4.292480344789596280e+00
2.968490199999999959e+02 -4.291895309990487739e+00
2.968616299999999910e+02 -4.291898722582757841e+00
3.210852300000000241e+02 -4.290966012574367383e+00
3.486933999999999969e+02 -4.290536359861448545e+00
3.487441000000000031e+02 -4.290549517706240046e+00
3.725323200000000270e+02 -4.289787074386781640e+00
4.007908600000000092e+02 -4.289475280485885555e+00
4.007998400000000174e+02 -4.289477500223855877e+00
4.211822199999999725e+02 -4.288227567448573474e+00
4.509594500000000039e+02 -4.288358863471093407e+00
4.510603500000000281e+02 -4.288384897244505112e+00
4.733693900000000099e+02 -4.286737563061153722e+00
4.991479400000000055e+02 -4.285338631786972385e+00
4.992710799999999836e+02 -4.285370465928567185e+00
5.181340500000000020e+02 -4.283482365990301410e+00
5.452774500000000444e+02 -4.282642615935515096e+00
5.453774600000000419e+02 -4.282668216084583257e+00
5.694511099999999715e+02 -4.281858811034156886e+00
6.015601100000000088e+02 -4.281691989910495266e+00
6.017348100000000386e+02 -4.281737255109409723e+00
6.234559100000000171e+02 -4.279486827605991195e+00
6.535147799999999734e+02 -4.277836363666216890e+00
6.539324299999999539e+02 -4.277944181849992589e+00
6.657438499999999522e+02 -4.273872440089225400e+00
7.013176399999999830e+02 -4.274103626004341905e+00
7.015888099999999667e+02 -4.274173779733471790e+00
7.211408400000000256e+02 -4.271832174978210439e+00
7.521066399999999703e+02 -4.271290890629772186e+00
7.522090299999999843e+02 -4.271317207827036277e+00
7.679310500000000275e+02 -4.267199187940581950e+00
7.986683199999999943e+02 -4.265895842152545470e+00
7.987354299999999512e+02 -4.265913140538232007e+00
8.116158299999999599e+02 -4.259835998896403630e+00
8.393471500000000560e+02 -4.260777486797922009e+00
8.394241899999999532e+02 -4.260797912025772405e+00
8.649403200000000425e+02 -4.256330783759229242e+00
8.916172699999999622e+02 -4.254827092726920945e+00
8.918760899999999765e+02 -4.254893595766519709e+00
9.210162699999999631e+02 -4.253540234247670249e+00
9.498143800000000283e+02 -4.251697616479972908e+00
9.500678100000000086e+02 -4.251763133180510579e+00
9.705474100000000135e+02 -4.247944958990649944e+00
9.963560300000000325e+02 -4.245392240245874582e+00
9.965049299999999448e+02 -4.245430530318699880e+00
1.013543199999999956e+03 -4.241529949892224316e+00
1.048597800000000007e+03 -4.240280029042637899e+00
1.048801200000000108e+03 -4.240332662877534631e+00
1.068265699999999924e+03 -4.237669936082658850e+00
1.096616500000000087e+03 -4.235474299355169059e+00
1.096959000000000060e+03 -4.235562995080219828e+00
1.110808199999999943e+03 -4.231274522466184962e+00
1.160080500000000029e+03 -4.232632635192938864e+00
1.160106299999999919e+03 -4.232639813860651579e+00
1.167118300000000090e+03 -4.228020436594251308e+00
1.199762899999999945e+03 -4.226497421701488122e+00
1.199979599999999891e+03 -4.226553442965768070e+00
1.220402000000000044e+03 -4.224032612517918395e+00
1.257971500000000106e+03 -4.222690832396228444e+00
1.258294000000000096e+03 -4.222774663035535170e+00
1.267545299999999997e+03 -4.220382164162196581e+00
1.293579300000000103e+03 -4.218670328179799256e+00
1.293764100000000099e+03 -4.218717797346546838e+00
1.314051099999999906e+03 -4.213558462387080539e+00
1.342028199999999970e+03 -4.211899383877272030e+00
1.342135899999999992e+03 -4.211926870273629220e+00
1.365294799999999896e+03 -4.209821041128099850e+00
1.397180100000000039e+03 -4.207344201028334396e+00
1.397220000000000027e+03 -4.207354414201891046e+00
1.411398599999999988e+03 -4.205596192692737212e+00
1.457540600000000040e+03 -4.207150810599233459e+00
1.457665899999999965e+03 -4.207183610227080095e+00
1.462346600000000080e+03 -4.201179742118036131e+00
1.487238700000000108e+03 -4.198081464718476319e+00
1.487992299999999886e+03 -4.198275674697026005e+00
1.499826900000000023e+03 -4.194869502061171040e+00
1.566346199999999953e+03 -4.197105908716864953e+00
1.566484799999999950e+03 -4.197142604628155027e+00
1.571141000000000076e+03 -4.193889679394408709e+00
1.601401399999999967e+03 -4.191616981570715161e+00
1.601554200000000037e+03 -4.191656585183622497e+00
1.615539299999999912e+03 -4.188978504940791936e+00
1.656683800000000019e+03 -4.188865940617733763e+00
1.656987699999999904e+03 -4.188944148620236341e+00
1.659676999999999907e+03 -4.185558987269926590e+00
1.711599600000000009e+03 -4.184023993556973409e+00
1.712144999999999982e+03 -4.184165651825621168e+00
1.724135299999999916e+03 -4.185092270939068548e+00
1.751724699999999984e+03 -4.182648250236523424e+00
1.751983600000000024e+03 -4.182715282811774848e+00
1.769813599999999951e+03 -4.181050573106769974e+00
1.780758700000000090e+03 -4.175463602314120060e+00
1.781006399999999985e+03 -4.175526670872863555e+00
1.813880900000000111e+03 -4.176114483967305446e+00
1.842104499999999916e+03 -4.170126600592674926e+00
1.842292799999999943e+03 -4.170174872808290800e+00
1.860244699999999966e+03 -4.171924080506776100e+00
1.881208200000000033e+03 -4.166611321625814490e+00
1.881524300000000039e+03 -4.166692072946333703e+00
1.919536399999999958e+03 -4.170990919720490631e+00
1.945011799999999994e+03 -4.170238735172329569e+00
1.945704400000000078e+03 -4.170417582519679200e+00
1.954957100000000082e+03 -4.166333353166316478e+00
1.993815000000000055e+03 -4.167425047001549032e+00
1.994328700000000026e+03 -4.167558153991238967e+00
1.997752300000000105e+03 -4.163478842535936586e+00
2.052640899999999874e+03 -4.156247663448693785e+00
2.068006600000000162e+03 -4.168387975539837420e+00
2.068384799999999814e+03 -4.168484831832111936e+00
2.082376000000000204e+03 -4.149536396950712636e+00
2.097123799999999846e+03 -4.159244681782229058e+00
2.098048400000000129e+03 -4.159483556633872148e+00
2.149478399999999965e+03 -4.151715527025348074e+00
2.157388199999999870e+03 -4.157072956851016521e+00
2.158293500000000222e+03 -4.157307452893288513e+00
2.198250199999999950e+03 -4.152037625257777087e+00
2.198628799999999956e+03 -4.152135500895324682e+00
2.205311400000000049e+03 -4.148636493325997598e+00
2.250849200000000110e+03 -4.148206651748947316e+00
2.253114000000000033e+03 -4.150208899114527838e+00
2.253619099999999889e+03 -4.150339273978939758e+00
2.292627899999999954e+03 -4.142046357462944250e+00
2.293398000000000138e+03 -4.142245799842707576e+00
2.332958000000000084e+03 -4.152206258800370087e+00
2.358256800000000112e+03 -4.148838096005097675e+00
2.358422599999999875e+03 -4.146091064447653629e+00
2.358739300000000185e+03 -4.148963289829844747e+00
2.406122699999999895e+03 -4.148288864882617055e+00
2.407094099999999798e+03 -4.148539685809782718e+00
2.418736600000000180e+03 -4.145430533770934289e+00
2.442275000000000091e+03 -4.142218813337954053e+00
2.442450800000000072e+03 -4.142264668221204538e+00
