1.001870399999999961e+02 -3.888764836627427002e+00
1.003379699999999985e+02 -3.888913971056017882e+00
1.265370099999999951e+02 -3.888606799978152395e+00
1.500874599999999930e+02 -3.888583519358965290e+00
1.532660400000000038e+02 -3.889062379705245043e+00
1.763786399999999901e+02 -3.888473178686138176e+00
2.006028100000000052e+02 -3.888437878399249037e+00
2.021277900000000045e+02 -3.888300058284253957e+00
2.237374100000000112e+02 -3.887725115886733196e+00
2.482092800000000068e+02 -3.887249678378005946e+00
2.497937400000000139e+02 -3.887481448338821366e+00
2.723297600000000216e+02 -3.886842263796192132e+00
2.999970700000000079e+02 -3.886690010677333884e+00
3.002734199999999873e+02 -3.887000054323227261e+00
3.226546200000000226e+02 -3.886214546115016599e+00
3.503784699999999930e+02 -3.885626930065976037e+00
3.503903399999999806e+02 -3.885792475798863332e+00
3.723489299999999957e+02 -3.885032306390952428e+00
3.980977399999999875e+02 -3.883795745761748464e+00
3.994713800000000106e+02 -3.882937954510569334e+00
4.209702800000000025e+02 -3.882478292717076229e+00
4.497347899999999754e+02 -3.880985832564009641e+00
4.507646899999999732e+02 -3.881873698338785594e+00
4.719722100000000182e+02 -3.879496962627073220e+00
4.973689299999999776e+02 -3.879009345121032570e+00
5.000897499999999809e+02 -3.878468990164784191e+00
5.210995100000000093e+02 -3.874880433443512295e+00
5.455023800000000165e+02 -3.873569327814778696e+00
5.497056199999999535e+02 -3.873158289765763040e+00
5.683861699999999928e+02 -3.868724150104631665e+00
5.956852800000000343e+02 -3.868129417058882691e+00
6.014473400000000538e+02 -3.867161818912236093e+00
6.231562999999999874e+02 -3.862853703821819806e+00
6.433510700000000497e+02 -3.861351372304304252e+00
6.462707699999999704e+02 -3.859738016969727958e+00
6.685604799999999841e+02 -3.856584209919760031e+00
6.945504799999999932e+02 -3.857266708403927158e+00
6.986790799999999990e+02 -3.856158835247140537e+00
7.125498999999999796e+02 -3.849607022462482320e+00
7.481368300000000318e+02 -3.850105802357494778e+00
7.547216899999999669e+02 -3.851181313333557288e+00
7.707971800000000258e+02 -3.846393375919190394e+00
7.947214500000000044e+02 -3.845563570140129173e+00
7.990910300000000461e+02 -3.844840506814656944e+00
8.187828200000000152e+02 -3.840484350937436009e+00
8.510008199999999761e+02 -3.840113060407323697e+00
8.575511400000000322e+02 -3.841642343103083945e+00
8.679981099999999969e+02 -3.835767629779613941e+00
8.922110199999999622e+02 -3.833691458045624945e+00
8.943435899999999492e+02 -3.832596830503364860e+00
9.168268199999999979e+02 -3.831817853773103799e+00
9.511748800000000301e+02 -3.830591873015637638e+00
9.621265899999999647e+02 -3.826970177088842906e+00
9.656699399999999969e+02 -3.834008175926737927e+00
9.925607300000000350e+02 -3.826049793252181530e+00
1.002373199999999997e+03 -3.826250464881989721e+00
1.010916200000000003e+03 -3.822188391875120050e+00
1.038828299999999899e+03 -3.820238898742811973e+00
1.048783799999999928e+03 -3.823343226711312770e+00
1.065503099999999904e+03 -3.819784875788486911e+00
1.096607299999999896e+03 -3.819054457100644395e+00
1.097194400000000087e+03 -3.818420716125784153e+00
1.111007000000000062e+03 -3.815878938817214738e+00
1.138979499999999916e+03 -3.814972385750467598e+00
1.149452700000000050e+03 -3.814912310110907701e+00
1.163504400000000032e+03 -3.814124691747507789e+00
1.184219700000000103e+03 -3.810419201158167901e+00
1.200583200000000033e+03 -3.813465337404537525e+00
1.224440000000000055e+03 -3.814237873533094625e+00
1.242136099999999942e+03 -3.808457233133381248e+00
1.245164199999999937e+03 -3.809348443184743971e+00
1.254703700000000026e+03 -3.806012232773807735e+00
1.306749800000000050e+03 -3.810756621999313865e+00
1.314242600000000039e+03 -3.809287543547659638e+00
1.316035900000000083e+03 -3.807590858271363121e+00
1.343631499999999960e+03 -3.807417675075746022e+00
1.349881100000000060e+03 -3.807280166203856009e+00
1.371866800000000012e+03 -3.805528022978799552e+00
1.389225400000000036e+03 -3.802382196021869110e+00
1.394360200000000077e+03 -3.803606194020071385e+00
1.418532899999999927e+03 -3.803194265914158212e+00
1.447397999999999911e+03 -3.800943869712892997e+00
1.450423600000000079e+03 -3.801072068310809016e+00
1.460428499999999985e+03 -3.798550860629128056e+00
1.503616800000000012e+03 -3.798815784067099521e+00
1.512056800000000067e+03 -3.799794964641294293e+00
1.515126600000000053e+03 -3.797679501278581782e+00
1.544388500000000022e+03 -3.796433578714312418e+00
1.544951700000000073e+03 -3.795731375376603101e+00
1.557468100000000049e+03 -3.795776191922052956e+00
1.603211900000000014e+03 -3.796324956555558572e+00
1.603593299999999999e+03 -3.797234058796663092e+00
1.615261899999999969e+03 -3.794280799252617076e+00
1.655689399999999978e+03 -3.794109937013751654e+00
1.666621699999999919e+03 -3.794622801884361074e+00
1.666917500000000018e+03 -3.794020053673279769e+00
1.685812599999999975e+03 -3.792772409379243204e+00
1.715119999999999891e+03 -3.792422637828253063e+00
1.728403600000000097e+03 -3.793788322905693011e+00
1.750294799999999896e+03 -3.789880566972399389e+00
1.757146199999999908e+03 -3.789952268599738883e+00
1.770541699999999992e+03 -3.793437101879950202e+00
1.788518100000000004e+03 -3.788921220560252046e+00
1.805089799999999968e+03 -3.791261257997493583e+00
1.810265799999999899e+03 -3.788533409560216558e+00
1.852877799999999979e+03 -3.788602838713487131e+00
1.860004100000000108e+03 -3.789685308257623397e+00
1.872222500000000082e+03 -3.787905833682118750e+00
1.893467200000000048e+03 -3.790846566447318544e+00
1.902485599999999977e+03 -3.789040153829612567e+00
1.921452800000000025e+03 -3.788223269724739772e+00
1.950124099999999999e+03 -3.785942719444287174e+00
1.958537000000000035e+03 -3.784665504753821352e+00
1.965311500000000024e+03 -3.788099780912147274e+00
1.986680299999999988e+03 -3.780344527608068272e+00
1.992871000000000095e+03 -3.785963672638146704e+00
2.001342200000000048e+03 -3.786735114026378302e+00
2.047432499999999891e+03 -3.783563411029195134e+00
2.056263899999999921e+03 -3.785388636869759793e+00
2.057074799999999868e+03 -3.781708793765942822e+00
2.110488299999999981e+03 -3.782347849408521867e+00
2.110918900000000122e+03 -3.781911132258011232e+00
2.126255900000000111e+03 -3.786485761037821529e+00
2.146050600000000031e+03 -3.781735946875740773e+00
2.152445600000000013e+03 -3.781816924417182868e+00
2.165446100000000115e+03 -3.774639444897964324e+00
2.176483999999999924e+03 -3.786061453558079215e+00
2.199226799999999912e+03 -3.781187256395248220e+00
2.203405400000000100e+03 -3.779088238401426825e+00
2.238395399999999881e+03 -3.779125657466960053e+00
2.238617600000000039e+03 -3.777179436841503257e+00
2.250166400000000067e+03 -3.779179025053230223e+00
2.299812500000000000e+03 -3.777873086586693852e+00
2.307497199999999793e+03 -3.777340601618706106e+00
2.321181000000000040e+03 -3.779061171155097654e+00
2.342603799999999865e+03 -3.776002556533880394e+00
2.344825800000000072e+03 -3.775140034789793653e+00
2.348204600000000028e+03 -3.777848500486452377e+00
2.397312699999999950e+03 -3.777108699151536797e+00
2.408121099999999842e+03 -3.777378613397278428e+00
2.409500700000000052e+03 -3.775971935487345998e+00
2.439719799999999850e+03 -3.774267026087564147e+00
