1.001870399999999961e+02 1.763895277834317099e+01
1.003379699999999985e+02 1.764040708324852602e+01
1.265370099999999951e+02 1.766862660289028852e+01
1.500874599999999930e+02 1.769435579075921083e+01
1.532660400000000038e+02 1.769084673315693124e+01
1.763786399999999901e+02 1.772839609200081412e+01
2.006028100000000052e+02 1.774428098921229235e+01
2.021277900000000045e+02 1.775341135762263178e+01
2.237374100000000112e+02 1.777525595359250943e+01
2.482092800000000068e+02 1.780868359454508365e+01
2.497937400000000139e+02 1.779981884795440550e+01
2.723297600000000216e+02 1.783177895379605005e+01
2.999970700000000079e+02 1.787407693873397108e+01
3.002734199999999873e+02 1.787057805821290302e+01
3.226546200000000226e+02 1.789475727661306692e+01
3.503784699999999930e+02 1.791764909423977414e+01
3.503903399999999806e+02 1.793228221046204141e+01
3.723489299999999957e+02 1.796196061469570537e+01
3.980977399999999875e+02 1.800981630368410080e+01
3.994713800000000106e+02 1.799986362711174337e+01
4.209702800000000025e+02 1.802750356197842407e+01
4.497347899999999754e+02 1.808372379401587793e+01
4.507646899999999732e+02 1.806129299816812761e+01
4.719722100000000182e+02 1.811029208223081710e+01
4.973689299999999776e+02 1.814958172196214292e+01
5.000897499999999809e+02 1.816867341746387154e+01
5.210995100000000093e+02 1.823032159576633404e+01
5.455023800000000165e+02 1.826566354569509443e+01
5.497056199999999535e+02 1.826515469163443939e+01
5.683861699999999928e+02 1.833230103806228328e+01
5.956852800000000343e+02 1.838256208019539883e+01
6.014473400000000538e+02 1.838349888052106706e+01
6.231562999999999874e+02 1.845782922857724628e+01
6.433510700000000497e+02 1.849711632403826655e+01
6.462707699999999704e+02 1.848985294117647271e+01
6.685604799999999841e+02 1.855882200284958117e+01
6.945504799999999932e+02 1.859138001221249681e+01
6.986790799999999990e+02 1.859047476083859252e+01
7.125498999999999796e+02 1.867987227763077485e+01
7.481368300000000318e+02 1.872539130877264313e+01
7.547216899999999669e+02 1.872605943415428698e+01
7.707971800000000258e+02 1.877796967229798497e+01
7.947214500000000044e+02 1.880862558518217043e+01
7.990910300000000461e+02 1.884386067575819368e+01
8.187828200000000152e+02 1.888993384897211314e+01
8.510008199999999761e+02 1.894377671483818304e+01
8.575511400000000322e+02 1.893424740484429236e+01
8.679981099999999969e+02 1.900179778139629505e+01
8.922110199999999622e+02 1.907133625076328087e+01
8.943435899999999492e+02 1.905701200895583369e+01
9.168268199999999979e+02 1.909370293099938820e+01
9.511748800000000301e+02 1.916794931813555891e+01
9.621265899999999647e+02 1.920060197435375571e+01
9.656699399999999969e+02 1.913893191532668325e+01
9.925607300000000350e+02 1.925335182169753523e+01
1.002373199999999997e+03 1.927754121717891422e+01
1.010916200000000003e+03 1.932446722979849341e+01
1.038828299999999899e+03 1.935617799715041798e+01
1.048783799999999928e+03 1.935724048442906664e+01
1.065503099999999904e+03 1.940159016893954913e+01
1.096607299999999896e+03 1.943520964787299121e+01
1.097194400000000087e+03 1.947776969265214930e+01
1.111007000000000062e+03 1.948021219214329491e+01
1.138979499999999916e+03 1.955206085894565149e+01
1.149452700000000050e+03 1.951967128027681753e+01
1.163504400000000032e+03 1.958464380215754019e+01
1.184219700000000103e+03 1.963756462446570339e+01
1.200583200000000033e+03 1.963567321392224585e+01
1.224440000000000055e+03 1.967047526969265192e+01
1.242136099999999942e+03 1.972382505597394697e+01
1.245164199999999937e+03 1.973345359250966879e+01
1.254703700000000026e+03 1.977802004884999221e+01
1.306749800000000050e+03 1.979285009159373132e+01
1.314242600000000039e+03 1.984655811113372792e+01
1.316035900000000083e+03 1.984718552819051496e+01
1.343631499999999960e+03 1.989473641359657918e+01
1.349881100000000060e+03 1.987072409932831007e+01
1.371866800000000012e+03 1.994132760024425011e+01
1.389225400000000036e+03 1.999567066965194329e+01
1.394360200000000077e+03 2.000059281498066355e+01
1.418532899999999927e+03 2.002211988601668935e+01
1.447397999999999911e+03 2.008058212904538919e+01
1.450423600000000079e+03 2.010215041726032936e+01
1.460428499999999985e+03 2.011407897415021395e+01
1.503616800000000012e+03 2.017318389985751992e+01
1.512056800000000067e+03 2.018911255851821807e+01
1.515126600000000053e+03 2.021545288011398256e+01
1.544388500000000022e+03 2.028997761042133163e+01
1.544951700000000073e+03 2.019197995115001021e+01
1.557468100000000049e+03 2.029443924282515965e+01
1.603211900000000014e+03 2.035823580297170565e+01
1.603593299999999999e+03 2.031169499287604197e+01
1.615261899999999969e+03 2.037275951557093379e+01
1.655689399999999978e+03 2.044513942601262002e+01
1.666621699999999919e+03 2.043471911255851836e+01
1.666917500000000018e+03 2.045750763281090912e+01
1.685812599999999975e+03 2.048755241196824883e+01
1.715119999999999891e+03 2.053663800122124883e+01
1.728403600000000097e+03 2.053780175045796952e+01
1.750294799999999896e+03 2.060749796458375727e+01
1.757146199999999908e+03 2.059696112354976449e+01
1.770541699999999992e+03 2.060059281498066142e+01
1.788518100000000004e+03 2.065568797069000695e+01
1.805089799999999968e+03 2.065630266639527690e+01
1.810265799999999899e+03 2.071042896397313271e+01
1.852877799999999979e+03 2.077959647872989990e+01
1.860004100000000108e+03 2.077135813148788657e+01
1.872222500000000082e+03 2.082278139629554303e+01
1.893467200000000048e+03 2.080847801750458004e+01
1.902485599999999977e+03 2.082883981274170537e+01
1.921452800000000025e+03 2.086561164258090884e+01
1.950124099999999999e+03 2.091057042540199618e+01
1.958537000000000035e+03 2.094316151027885198e+01
1.965311500000000024e+03 2.089407032363118333e+01
1.986680299999999988e+03 2.103411510278851893e+01
1.992871000000000095e+03 2.103338438835741897e+01
2.001342200000000048e+03 2.097259312029310152e+01
2.047432499999999891e+03 2.111336912273559818e+01
2.056263899999999921e+03 2.108942957459800382e+01
2.057074799999999868e+03 2.112037756971300340e+01
2.110488299999999981e+03 2.120166649704864881e+01
2.110918900000000122e+03 2.117731274170567701e+01
2.126255900000000111e+03 2.119228119275392075e+01
2.146050600000000031e+03 2.127341339303887580e+01
2.152445600000000013e+03 2.124351974353755423e+01
2.165446100000000115e+03 2.132730968858131249e+01
2.176483999999999924e+03 2.126601261958070310e+01
2.199226799999999912e+03 2.135227305108894669e+01
2.203405400000000100e+03 2.136054447384490018e+01
2.238395399999999881e+03 2.143805007123956941e+01
2.238617600000000039e+03 2.143340118054141996e+01
2.250166400000000067e+03 2.143036586606961080e+01
2.299812500000000000e+03 2.154839710970893307e+01
2.307497199999999793e+03 2.152061418685121197e+01
2.321181000000000040e+03 2.157258752289843073e+01
2.342603799999999865e+03 2.160358894768980065e+01
2.344825800000000072e+03 2.160050122124974337e+01
2.348204600000000028e+03 2.160518522287807741e+01
2.397312699999999950e+03 2.171619886016690515e+01
2.408121099999999842e+03 2.168693568084673018e+01
2.409500700000000052e+03 2.171082637899450418e+01
2.439719799999999850e+03 2.179223081620191138e+01
