9.933083600000000501e+01 -3.335279802673030147e+00
1.272656099999999952e+02 -3.334990913740984109e+00
1.518919300000000021e+02 -3.334906513934054129e+00
1.519089600000000075e+02 -3.334911018298916563e+00
1.761330199999999877e+02 -3.334327602866105522e+00
1.992438099999999963e+02 -3.334040854748271165e+00
1.993262200000000064e+02 -3.334062159373972101e+00
2.231555600000000084e+02 -3.332635809450366082e+00
2.521264999999999930e+02 -3.333029099034534148e+00
2.522226599999999905e+02 -3.333054110965202099e+00
2.737368500000000040e+02 -3.331031334975923741e+00
3.041278699999999731e+02 -3.331567338871716188e+00
3.044564899999999739e+02 -3.331652090142587230e+00
3.237512800000000084e+02 -3.328617024637801514e+00
3.454631299999999783e+02 -3.327035486102040807e+00
3.455966199999999731e+02 -3.327069792383068769e+00
3.690180199999999786e+02 -3.324119958236957384e+00
3.963125099999999748e+02 -3.324304816499898507e+00
3.966180699999999888e+02 -3.324383657187074625e+00
4.182085900000000152e+02 -3.319475311763138148e+00
4.438848100000000159e+02 -3.318117298424299477e+00
4.442432999999999765e+02 -3.318209720799446316e+00
4.736467200000000162e+02 -3.316373475769971435e+00
4.984516800000000103e+02 -3.314556507705158861e+00
4.985624799999999937e+02 -3.314585253481887595e+00
5.180000099999999748e+02 -3.310451683043372562e+00
5.557846100000000433e+02 -3.311997334287061889e+00
5.561480699999999615e+02 -3.312091652131029296e+00
5.709930000000000518e+02 -3.306610666785551711e+00
6.033814399999999978e+02 -3.306506825321358090e+00
6.037612500000000182e+02 -3.306605268195025538e+00
6.191806900000000269e+02 -3.302045652669791220e+00
6.520071400000000494e+02 -3.300563288946720686e+00
6.522764300000000048e+02 -3.300633007543827269e+00
6.690031999999999925e+02 -3.298449323364151642e+00
6.959106199999999944e+02 -3.298351030634891767e+00
6.966928400000000465e+02 -3.298553504505139955e+00
7.174087600000000293e+02 -3.293478440837671162e+00
7.532715699999999970e+02 -3.293183234875033616e+00
7.543228699999999662e+02 -3.293455322167801569e+00
7.699644899999999552e+02 -3.290710573865234689e+00
7.913149700000000166e+02 -3.288617488608318151e+00
7.916050300000000561e+02 -3.288692932861777329e+00
8.204890799999999444e+02 -3.288268929608308966e+00
8.458061599999999771e+02 -3.285247696912763526e+00
8.459465699999999515e+02 -3.285283792151561855e+00
8.684186899999999696e+02 -3.283738967486564242e+00
9.030945100000000139e+02 -3.283349703745309434e+00
9.039563600000000179e+02 -3.283572407358068990e+00
9.215912399999999707e+02 -3.280687399762972856e+00
9.532179099999999607e+02 -3.280384691942269448e+00
9.545357599999999820e+02 -3.280725331518938859e+00
9.567502600000000257e+02 -3.275245869857826619e+00
9.899532100000000128e+02 -3.274999654268241134e+00
9.899874600000000555e+02 -3.275007847064845379e+00
1.019807300000000055e+03 -3.274374563261437387e+00
1.054096099999999979e+03 -3.272907891150700355e+00
1.054357600000000048e+03 -3.272975239679873471e+00
1.070070200000000114e+03 -3.272769907678557910e+00
1.091351200000000063e+03 -3.269758087000192326e+00
1.091367099999999937e+03 -3.269761790383496791e+00
1.112298199999999952e+03 -3.268751209090701160e+00
1.155125199999999950e+03 -3.269693897614474487e+00
1.155836999999999989e+03 -3.269878166512730999e+00
1.162233600000000024e+03 -3.266668594934144298e+00
1.193286000000000058e+03 -3.265043042598712475e+00
1.194117999999999938e+03 -3.265257927621376677e+00
1.214840099999999893e+03 -3.263944587802751762e+00
1.248726499999999987e+03 -3.262332873643344122e+00
1.249353800000000092e+03 -3.262495195838477802e+00
1.270091699999999946e+03 -3.262294937174208265e+00
1.298002500000000055e+03 -3.258784808759831009e+00
1.299066000000000031e+03 -3.259059693797646151e+00
1.314313699999999926e+03 -3.260001476928700015e+00
1.347480900000000020e+03 -3.258916739789717187e+00
1.347634999999999991e+03 -3.258956577707694091e+00
1.367970000000000027e+03 -3.258554461392442647e+00
1.400695099999999911e+03 -3.257603600727073001e+00
1.401768600000000106e+03 -3.257881427161820831e+00
1.422429900000000089e+03 -3.253905921134072621e+00
1.439606600000000071e+03 -3.256582497453730962e+00
1.439647200000000112e+03 -3.256592586278787227e+00
1.465529600000000073e+03 -3.254652112311403833e+00
1.504684400000000096e+03 -3.253004664106763588e+00
1.506310999999999922e+03 -3.253425070819930820e+00
1.511826700000000073e+03 -3.251093916010558971e+00
1.550366400000000112e+03 -3.251226949462080462e+00
1.551524400000000014e+03 -3.251526824370763347e+00
1.575380400000000009e+03 -3.252431761051600034e+00
1.601433500000000095e+03 -3.247557093615666357e+00
1.601780400000000100e+03 -3.247646977713722460e+00
1.614431900000000041e+03 -3.247926954371746167e+00
1.637576499999999896e+03 -3.243976954139533131e+00
1.637923600000000079e+03 -3.244067297024820107e+00
1.665496599999999944e+03 -3.246554819213311571e+00
1.706143399999999929e+03 -3.244511533761138544e+00
1.712852399999999989e+03 -3.248379365365323679e+00
1.712905600000000049e+03 -3.248394034561791877e+00
1.747899799999999914e+03 -3.244658165301437247e+00
1.749891100000000051e+03 -3.245173057767041236e+00
1.757448499999999967e+03 -3.242306726923165794e+00
1.798989199999999983e+03 -3.239590349637269551e+00
1.800586900000000014e+03 -3.240003590437502634e+00
1.811520800000000008e+03 -3.240144489538378636e+00
1.861246000000000095e+03 -3.242730310804704974e+00
1.862543799999999919e+03 -3.243065359973950290e+00
1.869265100000000075e+03 -3.240288549268395712e+00
1.909073100000000068e+03 -3.241504297634078657e+00
1.910657300000000077e+03 -3.241913692217698095e+00
1.916851000000000113e+03 -3.239347372221303534e+00
1.943849500000000035e+03 -3.236112692654092182e+00
1.944900799999999890e+03 -3.236384271092799469e+00
1.962300400000000081e+03 -3.237434469871840914e+00
2.000489499999999907e+03 -3.233978545461667409e+00
2.001816600000000108e+03 -3.234321779889119952e+00
2.006542300000000068e+03 -3.234736577539099489e+00
2.053360999999999876e+03 -3.238148712704979726e+00
2.054223100000000159e+03 -3.238371684489340652e+00
2.067595800000000054e+03 -3.235832508311067723e+00
2.090286599999999908e+03 -3.228345183602485680e+00
2.114380299999999806e+03 -3.231888661855880418e+00
2.115049500000000080e+03 -3.232061205410329041e+00
2.158833000000000084e+03 -3.235804394361804448e+00
2.159024800000000141e+03 -3.235853520511696502e+00
2.160452600000000075e+03 -3.233486425182810375e+00
2.183073899999999867e+03 -3.229777337289260419e+00
2.183515899999999874e+03 -3.229890890693353445e+00
2.215467999999999847e+03 -3.231827259068105196e+00
2.246032200000000103e+03 -3.226879588499747431e+00
2.246348399999999856e+03 -3.226961179838754745e+00
2.260669100000000071e+03 -3.230397896736127539e+00
2.280396699999999782e+03 -3.226741920500406202e+00
2.280686799999999948e+03 -3.226817629521691710e+00
2.307100699999999961e+03 -3.228829183351644705e+00
2.360653200000000197e+03 -3.230403369272158987e+00
2.360835099999999784e+03 -3.230449885189545345e+00
2.367865899999999783e+03 -3.230303106749988551e+00
2.405021900000000187e+03 -3.227310310998867671e+00
2.406452299999999923e+03 -3.227681573553477623e+00
2.409300900000000183e+03 -3.228169927011685481e+00
2.456864999999999782e+03 -3.225436985592271100e+00
2.457512799999999970e+03 -3.225603996820666453e+00
