1.032576899999999966e+02 1.214026155098717830e+01
1.272511499999999955e+02 1.215450132302055763e+01
1.509663099999999929e+02 1.216902554447384510e+01
1.758686999999999898e+02 1.218983004274374160e+01
1.989084499999999878e+02 1.221126755546509202e+01
2.250819400000000030e+02 1.222337777325463115e+01
2.486964700000000050e+02 1.224172450641156118e+01
2.725684400000000096e+02 1.226252340728678902e+01
2.973160199999999804e+02 1.228531650722572799e+01
3.202741800000000012e+02 1.230551546916344385e+01
3.495458199999999920e+02 1.232655251373905969e+01
3.716515099999999734e+02 1.234715906777936034e+01
4.007199600000000146e+02 1.235882454711988565e+01
4.237027499999999804e+02 1.239248575208630143e+01
4.476983599999999797e+02 1.241714736413596576e+01
4.708620199999999727e+02 1.242516486871565284e+01
5.008417000000000030e+02 1.245080297170771466e+01
5.221139799999999696e+02 1.247666293507022139e+01
5.451053500000000440e+02 1.250425198453083730e+01
5.707209299999999530e+02 1.252876144921636481e+01
5.997755499999999529e+02 1.254718654589863647e+01
6.204151399999999512e+02 1.258121259922654112e+01
6.461758200000000443e+02 1.260169448402198178e+01
6.728238000000000056e+02 1.263553378790962789e+01
7.028380700000000161e+02 1.265790810095664476e+01
7.185961999999999534e+02 1.269203745165886410e+01
7.527826499999999896e+02 1.270132251170364412e+01
7.663551300000000310e+02 1.276338896804396406e+01
7.980577299999999923e+02 1.275846987583961045e+01
8.153585500000000366e+02 1.281869936902096363e+01
8.502979299999999512e+02 1.281722470995318552e+01
8.647403299999999717e+02 1.287316049257073125e+01
8.993975799999999481e+02 1.287846631386118368e+01
9.126279200000000174e+02 1.294131894972521835e+01
9.542654199999999491e+02 1.294454355790759337e+01
9.642275700000000143e+02 1.300360217789537920e+01
1.000165200000000027e+03 1.301409322206391117e+01
1.021158500000000004e+03 1.305843374720130257e+01
1.057429599999999937e+03 1.308978017504579583e+01
1.064049199999999928e+03 1.312727610421331192e+01
1.097994899999999916e+03 1.314841848157948334e+01
1.126050600000000031e+03 1.318259871768776748e+01
1.150720000000000027e+03 1.322644870751068602e+01
1.166510899999999992e+03 1.325250865051903126e+01
1.200370200000000068e+03 1.327593730917972792e+01
1.219239399999999932e+03 1.331524119682475060e+01
1.248318500000000085e+03 1.334897465906777825e+01
1.267230199999999968e+03 1.338235294117647101e+01
1.284376299999999901e+03 1.342010685935273706e+01
1.314773799999999937e+03 1.342513230205577024e+01
1.351007800000000088e+03 1.346124211276206140e+01
1.366946799999999939e+03 1.349585741909220538e+01
1.397536599999999908e+03 1.353608538571137920e+01
1.414044799999999896e+03 1.356125381640545591e+01
1.459930399999999963e+03 1.360185171992672615e+01
1.462088400000000092e+03 1.361630928149806685e+01
1.496009800000000041e+03 1.366191939751679030e+01
1.506851599999999962e+03 1.369737431304701758e+01
1.546512099999999919e+03 1.374361642580907805e+01
1.563541699999999992e+03 1.375611846122532000e+01
1.598884199999999964e+03 1.378891817626704608e+01
1.623141399999999976e+03 1.380795593323834858e+01
1.656572799999999916e+03 1.384520761245674869e+01
1.664100899999999911e+03 1.387071239568491698e+01
1.693173299999999927e+03 1.391240026460411094e+01
1.722727000000000089e+03 1.394467229798493868e+01
1.749274499999999989e+03 1.399089660085487452e+01
1.768669900000000098e+03 1.401748829635660520e+01
1.792877500000000055e+03 1.406557754935884219e+01
1.821449900000000071e+03 1.407820679829024968e+01
1.857463500000000067e+03 1.411707663342153296e+01
1.864494599999999991e+03 1.412238449012822983e+01
1.906894900000000007e+03 1.417647516792184170e+01
1.918789600000000064e+03 1.421147618562996051e+01
1.955669399999999996e+03 1.426924994911459343e+01
1.981100699999999961e+03 1.424259617341746420e+01
2.004778199999999970e+03 1.433187207408915143e+01
2.022252999999999929e+03 1.434496590677793648e+01
2.057543799999999919e+03 1.441046967229798348e+01
2.076177000000000135e+03 1.441829737431304714e+01
2.119377500000000055e+03 1.445572867901485736e+01
2.120493100000000140e+03 1.445560706289436403e+01
2.147609899999999925e+03 1.450962853653572004e+01
2.152661000000000058e+03 1.455077549358844102e+01
2.209286300000000210e+03 1.462226694484021827e+01
2.223359599999999773e+03 1.458374160390799901e+01
2.245754800000000159e+03 1.466165224913494747e+01
2.269707399999999780e+03 1.466864034194992783e+01
2.294488199999999779e+03 1.469834724201099085e+01
2.307989999999999782e+03 1.479846580500712427e+01
2.337841699999999946e+03 1.476136372888255721e+01
2.364893799999999828e+03 1.481839303887645087e+01
2.389281300000000101e+03 1.486475982088337133e+01
2.399510999999999967e+03 1.487817219621412690e+01
2.448572799999999916e+03 1.491595868105027378e+01
