1.033160100000000057e+02 -6.202069005324325701e+00
1.276996199999999959e+02 -6.201802330331434909e+00
1.511285799999999995e+02 -6.201577888413869921e+00
1.748699400000000139e+02 -6.201072921732810883e+00
2.004132799999999861e+02 -6.201186967829626973e+00
2.234125300000000038e+02 -6.200569532172362841e+00
2.486631099999999890e+02 -6.200543778368978742e+00
2.750931600000000117e+02 -6.200625505667130000e+00
2.976033100000000218e+02 -6.199568682675068665e+00
3.231904499999999985e+02 -6.199360752534172292e+00
3.498197599999999738e+02 -6.199400872216290104e+00
3.719630300000000034e+02 -6.198401350804151555e+00
4.001716799999999807e+02 -6.198602967099930972e+00
4.238360200000000191e+02 -6.197875056445278474e+00
4.466116700000000037e+02 -6.196494544008293026e+00
4.702857599999999820e+02 -6.196208294977100017e+00
4.987256499999999733e+02 -6.195901301430883912e+00
5.211728500000000395e+02 -6.194875528038194190e+00
5.467233899999999949e+02 -6.194082622126026116e+00
5.706259999999999764e+02 -6.192971061707017277e+00
5.984193500000000085e+02 -6.191880702431383554e+00
6.190008299999999508e+02 -6.190721168305622690e+00
6.510581799999999930e+02 -6.190776899371181585e+00
6.710171800000000530e+02 -6.189040199150849908e+00
6.905626099999999497e+02 -6.186439916863558430e+00
7.211197200000000294e+02 -6.187318369831138476e+00
7.429556000000000040e+02 -6.184353568835383896e+00
7.743414400000000342e+02 -6.185358233254654614e+00
7.955943600000000515e+02 -6.181990333878665034e+00
8.151149699999999712e+02 -6.179493038750273115e+00
8.511087300000000369e+02 -6.179921183221907199e+00
8.693485200000000077e+02 -6.177113124786096421e+00
8.938123900000000503e+02 -6.174639435523552322e+00
9.181678900000000567e+02 -6.173458715599930535e+00
9.455461299999999483e+02 -6.171774577642885617e+00
9.649488900000000058e+02 -6.169725138760234096e+00
9.980264399999999796e+02 -6.168081961725007112e+00
1.012724699999999984e+03 -6.165978538605002335e+00
1.052761899999999969e+03 -6.166025166031405824e+00
1.072412499999999909e+03 -6.163133020786913718e+00
1.097109999999999900e+03 -6.159746800566734848e+00
1.111922900000000027e+03 -6.156670062815545741e+00
1.155562799999999925e+03 -6.156598293990971804e+00
1.156156099999999924e+03 -6.151136978147709655e+00
1.191277000000000044e+03 -6.150483069547490800e+00
1.220966300000000047e+03 -6.150146437496745833e+00
1.242810699999999997e+03 -6.144858376033421443e+00
1.273823100000000068e+03 -6.146027540910992570e+00
1.306919100000000071e+03 -6.143543926973337399e+00
1.319164800000000014e+03 -6.141176914021472477e+00
1.352941199999999981e+03 -6.139457432324017638e+00
1.354036399999999958e+03 -6.130989291193203350e+00
1.402258700000000090e+03 -6.133862799049498271e+00
1.416530600000000049e+03 -6.130244716173683273e+00
1.444278900000000021e+03 -6.125002673938657161e+00
1.462340300000000070e+03 -6.124311127894064732e+00
1.509027199999999993e+03 -6.119214938151407601e+00
1.518569799999999987e+03 -6.126639655347996261e+00
1.547550199999999904e+03 -6.118479823667080986e+00
1.561604199999999992e+03 -6.114802356178731024e+00
1.600587999999999965e+03 -6.109788850876285871e+00
1.609687100000000100e+03 -6.118272840811166624e+00
1.650900100000000066e+03 -6.111139210422452450e+00
1.655691700000000083e+03 -6.104531404803109851e+00
1.700999399999999923e+03 -6.105681554693024538e+00
1.712937400000000025e+03 -6.102797889527058040e+00
1.754141499999999951e+03 -6.100615652591633520e+00
1.758273699999999963e+03 -6.098207417617206083e+00
1.797003899999999931e+03 -6.090904150566714748e+00
1.805677200000000084e+03 -6.098419117069956208e+00
1.833519700000000057e+03 -6.090072483791387548e+00
1.874539800000000014e+03 -6.091922671051043459e+00
1.890493999999999915e+03 -6.088529339491087100e+00
1.919579899999999952e+03 -6.088879378851696167e+00
1.937363399999999956e+03 -6.083167384384519316e+00
1.958246599999999944e+03 -6.081263542723682747e+00
2.017010600000000068e+03 -6.081724899308306398e+00
2.021508000000000038e+03 -6.079968779855123628e+00
2.049628999999999905e+03 -6.073553497108846067e+00
2.052408600000000206e+03 -6.077572506485312331e+00
2.102608900000000176e+03 -6.069034916080453534e+00
2.104201300000000174e+03 -6.077123155542592414e+00
2.139411200000000008e+03 -6.067843771599377156e+00
2.162603099999999813e+03 -6.067927473000218619e+00
2.190295000000000073e+03 -6.066745753560052634e+00
2.211586099999999988e+03 -6.065773232310541552e+00
2.248119599999999991e+03 -6.062553000690340532e+00
2.276361699999999928e+03 -6.068545373168302781e+00
2.298725899999999911e+03 -6.063904106392756788e+00
2.301511800000000221e+03 -6.058586254723502762e+00
2.346505799999999908e+03 -6.057228073048637640e+00
2.354935899999999947e+03 -6.054289367591426441e+00
2.390729800000000068e+03 -6.049445510465783826e+00
2.398405499999999847e+03 -6.047245524790525906e+00
2.462802000000000135e+03 -6.049437267101285265e+00
