1.002288499999999942e+02 -4.413083552936925003e+00
1.266550500000000028e+02 -4.411657110091169010e+00
1.506466200000000129e+02 -4.411830098590442617e+00
1.748394399999999962e+02 -4.409787355214685789e+00
1.989582000000000050e+02 -4.409802150161409529e+00
2.249173600000000022e+02 -4.407440954336524719e+00
2.505597699999999861e+02 -4.406936504530749588e+00
2.718375599999999963e+02 -4.403499724143919991e+00
2.973934899999999857e+02 -4.403497800499978965e+00
3.220744100000000003e+02 -4.400375816307518839e+00
3.503868499999999813e+02 -4.400782617732912350e+00
3.726367599999999811e+02 -4.396543974470681349e+00
4.008844599999999900e+02 -4.396327383506053899e+00
4.214644299999999930e+02 -4.394062533307923069e+00
4.475885200000000168e+02 -4.393548269899901548e+00
4.688580499999999915e+02 -4.390271424156941826e+00
4.977588099999999827e+02 -4.390193181845852166e+00
5.161262900000000400e+02 -4.387791378270712528e+00
5.547617699999999559e+02 -4.390008759569620445e+00
5.639012599999999793e+02 -4.385237772845587578e+00
5.961267800000000534e+02 -4.385536093798176438e+00
6.143560999999999694e+02 -4.384018123285419399e+00
6.461521999999999935e+02 -4.384349385432446233e+00
6.688715700000000197e+02 -4.382821054616496070e+00
6.962580199999999877e+02 -4.382970761070045462e+00
7.179084900000000289e+02 -4.381835444954750969e+00
7.491499000000000024e+02 -4.382389225648471331e+00
7.673023200000000088e+02 -4.381168238378282176e+00
7.974481200000000172e+02 -4.382103396363125292e+00
8.145503599999999551e+02 -4.379883000921134695e+00
8.525371199999999590e+02 -4.380865709990294121e+00
8.620179200000000037e+02 -4.378212981085980893e+00
9.063458100000000286e+02 -4.380485721078463790e+00
9.132417500000000246e+02 -4.378368194255621404e+00
9.472858199999999442e+02 -4.378646111274250963e+00
9.626410600000000386e+02 -4.377867222198500663e+00
9.983249600000000328e+02 -4.379917938263490740e+00
1.010516399999999976e+03 -4.377073637284542684e+00
1.038720600000000104e+03 -4.375987821872203476e+00
1.060614399999999932e+03 -4.376057330803883261e+00
1.110009800000000041e+03 -4.376329823814234743e+00
1.112133499999999913e+03 -4.378834979324949472e+00
1.149166600000000017e+03 -4.376836057721670059e+00
1.161000199999999950e+03 -4.376747863895440460e+00
1.190337099999999964e+03 -4.375209250128945904e+00
1.214258399999999938e+03 -4.376463248090637137e+00
1.260216100000000097e+03 -4.377219966350874181e+00
1.270663999999999987e+03 -4.378970518893622099e+00
1.296442999999999984e+03 -4.377139127116437045e+00
1.316880000000000109e+03 -4.376871714861416685e+00
1.354650799999999890e+03 -4.379372123382792914e+00
1.356057099999999991e+03 -4.375670851923493032e+00
1.398162700000000086e+03 -4.376195566472721232e+00
1.415960399999999936e+03 -4.378600920985402212e+00
1.443630200000000059e+03 -4.378417253775296558e+00
1.460059700000000021e+03 -4.375968392494423043e+00
1.494740000000000009e+03 -4.375959484968361402e+00
1.512405099999999948e+03 -4.377492019134554546e+00
1.551669100000000071e+03 -4.376708848525633577e+00
1.566904700000000048e+03 -4.381191112358786555e+00
1.601609899999999925e+03 -4.379449887653199092e+00
1.614148599999999988e+03 -4.378887350934935974e+00
1.644336099999999988e+03 -4.377731721929476905e+00
1.659397799999999961e+03 -4.379171675191569690e+00
1.689380599999999959e+03 -4.378146518164198753e+00
1.709367700000000013e+03 -4.379159449542400218e+00
1.750858300000000099e+03 -4.376243421854208115e+00
1.751585499999999911e+03 -4.380859923536511324e+00
1.781557099999999991e+03 -4.377205369966681303e+00
1.806118199999999888e+03 -4.380113472406002018e+00
1.849659499999999980e+03 -4.381717516184796324e+00
1.855093200000000024e+03 -4.380054151141013818e+00
1.901538999999999987e+03 -4.384367645274960701e+00
1.917683099999999968e+03 -4.383183593904018238e+00
1.962867899999999963e+03 -4.382356927935667557e+00
1.964117600000000039e+03 -4.382373161267369532e+00
2.001727399999999989e+03 -4.381722086491702584e+00
2.010380499999999984e+03 -4.386521928592761022e+00
2.050305499999999938e+03 -4.383019755662415307e+00
2.062121099999999842e+03 -4.384378821769091772e+00
2.095851999999999862e+03 -4.385152767727197087e+00
2.104777599999999893e+03 -4.383451664278748439e+00
2.130047900000000027e+03 -4.383718663688458861e+00
2.155177000000000135e+03 -4.384558105741405143e+00
2.196353399999999965e+03 -4.383202159870449144e+00
2.222052400000000034e+03 -4.386370491548376549e+00
2.247012900000000172e+03 -4.385384543765874277e+00
2.252240899999999783e+03 -4.385833022548680127e+00
2.277054700000000139e+03 -4.384684022682012738e+00
2.308287400000000162e+03 -4.389358083725131365e+00
2.338032700000000204e+03 -4.384698304120044909e+00
2.343861399999999776e+03 -4.385279686233518603e+00
2.400379500000000007e+03 -4.388516936109414956e+00
2.434275500000000193e+03 -4.393907805511945597e+00
2.448994299999999839e+03 -4.389552619319427862e+00
