9.979576199999999631e+01 -1.512870074681475163e+00
9.984225000000000705e+01 -1.512901734521745700e+00
1.268363899999999944e+02 -1.512683432387417426e+00
1.499649000000000001e+02 -1.512592390827552702e+00
1.501800499999999943e+02 -1.512557486248583549e+00
1.757826799999999992e+02 -1.512209351340286556e+00
1.988407100000000014e+02 -1.511929012562043262e+00
1.997521399999999971e+02 -1.511794138721139991e+00
2.231235299999999881e+02 -1.510994209293788915e+00
2.489532000000000096e+02 -1.511178817188538304e+00
2.533474999999999966e+02 -1.511288574355127201e+00
2.736440600000000245e+02 -1.510572632889549904e+00
2.992370999999999981e+02 -1.509328623701033045e+00
3.008057600000000207e+02 -1.510552848839673556e+00
3.242060000000000173e+02 -1.508920463199179718e+00
3.519972599999999829e+02 -1.507535242428252875e+00
3.523277299999999741e+02 -1.508806051036876816e+00
3.726350699999999847e+02 -1.505000284976879321e+00
3.981685499999999820e+02 -1.504021256930003769e+00
4.022924100000000180e+02 -1.504464773898720464e+00
4.204670100000000161e+02 -1.500301372828893864e+00
4.475937700000000063e+02 -1.499461442720712467e+00
4.529342599999999948e+02 -1.500210526934848243e+00
4.669316900000000032e+02 -1.494950299416524242e+00
4.983033300000000168e+02 -1.494992102948752954e+00
5.003447199999999953e+02 -1.494975063748448685e+00
5.200286700000000337e+02 -1.491427790906202144e+00
5.479375300000000379e+02 -1.490693824915979793e+00
5.496513700000000426e+02 -1.491176526408145131e+00
5.690319200000000137e+02 -1.487049597375762700e+00
5.997081600000000208e+02 -1.486567895245299864e+00
6.013477799999999434e+02 -1.486878091661343992e+00
6.153464699999999539e+02 -1.482305397287020376e+00
6.448065599999999904e+02 -1.482924775509752546e+00
6.468529200000000401e+02 -1.481621722150750164e+00
6.667502399999999625e+02 -1.478721050776186763e+00
6.955048699999999826e+02 -1.477356557512977231e+00
6.977972999999999502e+02 -1.478175738135769857e+00
7.213484999999999445e+02 -1.475066858611888687e+00
7.560989700000000084e+02 -1.473412087764091716e+00
7.575458599999999478e+02 -1.473362974598383612e+00
7.740352400000000443e+02 -1.472739943581254707e+00
7.979618100000000140e+02 -1.469142820735048982e+00
8.007893900000000258e+02 -1.471280737051645415e+00
8.198827999999999747e+02 -1.467208927314811007e+00
8.471166500000000497e+02 -1.465487207241074952e+00
8.520422700000000304e+02 -1.466637537163376859e+00
8.775704299999999876e+02 -1.464844646511936910e+00
8.953632599999999684e+02 -1.461200706209335509e+00
9.078582199999999602e+02 -1.463007230240592538e+00
9.194238299999999526e+02 -1.459619143003661135e+00
9.485534400000000232e+02 -1.458217608261757947e+00
9.515339599999999791e+02 -1.458773599148958322e+00
9.747428999999999633e+02 -1.457855345053292062e+00
1.002944899999999961e+03 -1.454709832055304242e+00
1.004874900000000025e+03 -1.454843316493311445e+00
1.015985300000000052e+03 -1.452899068864537346e+00
1.041612300000000005e+03 -1.450204852649419118e+00
1.054752099999999928e+03 -1.452400500768708191e+00
1.066781799999999976e+03 -1.450573668277745032e+00
1.095702299999999923e+03 -1.448394178650982411e+00
1.105584000000000060e+03 -1.450669128644011874e+00
1.119530999999999949e+03 -1.448323912002499769e+00
1.149225699999999961e+03 -1.446778366575994124e+00
1.153476300000000037e+03 -1.446187734049001472e+00
1.175291999999999916e+03 -1.445695937167687184e+00
1.191365600000000086e+03 -1.441595074757449746e+00
1.205173099999999977e+03 -1.443720816774669569e+00
1.221922000000000025e+03 -1.442727160581348755e+00
1.244245400000000018e+03 -1.441170756329887670e+00
1.250864600000000110e+03 -1.440142077507347684e+00
1.269080600000000004e+03 -1.439014007698289133e+00
1.290413099999999986e+03 -1.437030969958680515e+00
1.297990800000000036e+03 -1.436920345037612012e+00
1.317290099999999939e+03 -1.435509639025700501e+00
1.345248000000000047e+03 -1.435720622376342126e+00
1.350289399999999887e+03 -1.435906124930532934e+00
1.364062500000000000e+03 -1.432594569629217718e+00
1.400630499999999984e+03 -1.433442029589882871e+00
1.405621699999999919e+03 -1.431562905757485460e+00
1.419944799999999987e+03 -1.430988895657086868e+00
1.448510299999999916e+03 -1.429108176954182463e+00
1.457353900000000067e+03 -1.429811633065746213e+00
1.475264599999999973e+03 -1.430273831103638038e+00
1.488251999999999953e+03 -1.426655197825229315e+00
1.498126999999999953e+03 -1.425668136882842774e+00
1.516239700000000084e+03 -1.425636148452020802e+00
1.549638999999999896e+03 -1.425945730901768460e+00
1.558273799999999937e+03 -1.426399858982447144e+00
1.560850200000000086e+03 -1.422443224961970953e+00
1.596651399999999967e+03 -1.421718138809396681e+00
1.598615099999999984e+03 -1.423908218535445247e+00
1.618141800000000103e+03 -1.420001445483101810e+00
1.629720700000000079e+03 -1.417427144067354483e+00
1.651020500000000084e+03 -1.418890008517480705e+00
1.664424600000000055e+03 -1.417245831606666728e+00
1.697846399999999903e+03 -1.416857943557134458e+00
1.701161200000000008e+03 -1.415733305868483560e+00
1.722976799999999912e+03 -1.416984664490765766e+00
1.752193999999999960e+03 -1.413039826021430967e+00
1.760169000000000096e+03 -1.411761149814533489e+00
1.762137799999999970e+03 -1.415746665639176616e+00
1.781212700000000041e+03 -1.408656382524595019e+00
1.787877600000000029e+03 -1.408468644868328123e+00
1.807074200000000019e+03 -1.408447784139596592e+00
1.837755000000000109e+03 -1.404876888378746580e+00
1.838175700000000006e+03 -1.406709645261963404e+00
1.867628799999999956e+03 -1.405591209917199658e+00
1.903269099999999980e+03 -1.401027916879311608e+00
1.909989000000000033e+03 -1.405317404127830017e+00
1.913612200000000030e+03 -1.405965604095133159e+00
1.945793400000000020e+03 -1.404317295452683467e+00
1.946050199999999904e+03 -1.404724615585953629e+00
1.952688400000000001e+03 -1.396481227229105837e+00
1.977682600000000093e+03 -1.397097264516854676e+00
2.009995499999999993e+03 -1.399797881839153657e+00
2.019400499999999965e+03 -1.397668860606299024e+00
2.048022300000000087e+03 -1.395335466775777578e+00
2.054849000000000160e+03 -1.395306695845549783e+00
2.062679200000000037e+03 -1.391372226501320641e+00
2.087890100000000075e+03 -1.392300391302077500e+00
2.100599900000000162e+03 -1.389634570548060166e+00
2.113075100000000020e+03 -1.390461988668414861e+00
2.148848899999999958e+03 -1.382891482005404349e+00
2.162932400000000143e+03 -1.391111423064831820e+00
2.164752300000000105e+03 -1.389549235016526829e+00
2.201163399999999911e+03 -1.387299803058955394e+00
2.212389700000000175e+03 -1.379834327169132679e+00
2.221458099999999831e+03 -1.387303103929738324e+00
2.224112799999999879e+03 -1.377124548370670887e+00
2.252074900000000071e+03 -1.372414370405398376e+00
2.255603599999999915e+03 -1.377974024629658567e+00
2.266794699999999921e+03 -1.371432229217626197e+00
2.301628700000000208e+03 -1.377158354390056960e+00
2.310284799999999905e+03 -1.372361526498226958e+00
2.345659700000000157e+03 -1.360685402858619497e+00
2.357108200000000124e+03 -1.373871457208391655e+00
2.372760800000000017e+03 -1.374416388488417073e+00
2.405590499999999793e+03 -1.361838131798120077e+00
2.409241799999999785e+03 -1.358874473439266595e+00
2.417450800000000072e+03 -1.363946948330521547e+00
2.437119599999999991e+03 -1.360555895284542016e+00
