1.239142599999999987e+02 -4.536984537291870900e+00
1.337548800000000142e+02 -4.536662362096726575e+00
1.728872000000000071e+02 -4.536102985938722298e+00
1.728931000000000040e+02 -4.535967680349275000e+00
1.831445200000000000e+02 -4.535677565096110975e+00
2.208962899999999934e+02 -4.534076422597501654e+00
2.219806199999999876e+02 -4.534230700339603182e+00
2.306535000000000082e+02 -4.533379386882434581e+00
2.690128500000000145e+02 -4.531379392848869259e+00
2.700168800000000147e+02 -4.531750088319949299e+00
2.785910400000000209e+02 -4.530630733932055954e+00
3.210144099999999980e+02 -4.528716124711408497e+00
3.222122800000000211e+02 -4.529152044647251074e+00
3.275310200000000123e+02 -4.526987761294562596e+00
3.718524600000000078e+02 -4.525068776841977503e+00
3.723236400000000117e+02 -4.525316883830555525e+00
3.816625000000000227e+02 -4.524002028084406213e+00
4.189650599999999940e+02 -4.519430542545851637e+00
4.224272199999999771e+02 -4.520440682622514750e+00
4.326293600000000197e+02 -4.519276083156515966e+00
4.719846699999999942e+02 -4.514868390583428592e+00
4.738856900000000110e+02 -4.515230694940242095e+00
4.822117299999999886e+02 -4.513278216336065185e+00
5.192431699999999637e+02 -4.507455234407159672e+00
5.235549099999999498e+02 -4.508683074182680883e+00
5.285478900000000522e+02 -4.505942360851565631e+00
5.694465999999999894e+02 -4.501140771508715943e+00
5.719961799999999812e+02 -4.501900183833659419e+00
5.776746699999999919e+02 -4.499330734892852846e+00
6.213415899999999965e+02 -4.495321569025048980e+00
6.217659200000000510e+02 -4.495308480293199516e+00
6.281344599999999900e+02 -4.493145745832613613e+00
6.737002700000000459e+02 -4.489010851484108500e+00
6.740142600000000357e+02 -4.489221222196336569e+00
6.746731399999999894e+02 -4.485255793530595447e+00
7.112253100000000359e+02 -4.479630811843674287e+00
7.185993700000000217e+02 -4.481612463564811577e+00
7.251486800000000130e+02 -4.479375558023364512e+00
7.624842200000000503e+02 -4.475171900323637431e+00
7.677009100000000217e+02 -4.476433300961723205e+00
7.769505199999999832e+02 -4.475159640581556353e+00
8.100142700000000104e+02 -4.469328385489190758e+00
8.126150699999999460e+02 -4.466924619501044802e+00
8.182869699999999966e+02 -4.471537214115339331e+00
8.585482500000000528e+02 -4.465577756842121104e+00
8.636970499999999902e+02 -4.466970039293078010e+00
8.772873499999999467e+02 -4.466840617962939852e+00
9.113260400000000345e+02 -4.462128440704606014e+00
9.124318799999999783e+02 -4.462487444689291038e+00
9.197106400000000122e+02 -4.461174308842299041e+00
9.493597899999999754e+02 -4.456021068843504018e+00
9.562763800000000174e+02 -4.457821103131320406e+00
9.677544699999999693e+02 -4.457591694933764614e+00
1.008651100000000042e+03 -4.455418511488474564e+00
1.015721599999999967e+03 -4.457312680189162712e+00
1.023346300000000042e+03 -4.456159249465266647e+00
1.050066299999999956e+03 -4.450777159931609717e+00
1.062738800000000083e+03 -4.454073556755431262e+00
1.069147200000000112e+03 -4.453272032658647461e+00
1.099040400000000091e+03 -4.448934581370165731e+00
1.104253799999999956e+03 -4.450289473020595743e+00
1.106787700000000086e+03 -4.448228477183857166e+00
1.151850599999999986e+03 -4.448538677447269940e+00
1.153114800000000059e+03 -4.448843108737558616e+00
1.163172800000000052e+03 -4.448415467665162382e+00
1.207036100000000033e+03 -4.448592832200471747e+00
1.207249800000000050e+03 -4.448599126144389793e+00
1.215778800000000047e+03 -4.447854317229444021e+00
1.249183199999999943e+03 -4.444973634576889765e+00
1.256183500000000095e+03 -4.446793783004105549e+00
1.259005400000000009e+03 -4.444758390911335511e+00
1.297334900000000061e+03 -4.443486584801006778e+00
1.307499099999999999e+03 -4.446091232656522507e+00
1.309485799999999927e+03 -4.443207775336204257e+00
1.342842699999999923e+03 -4.442516013883555992e+00
1.354460000000000036e+03 -4.442616864545809285e+00
1.355787199999999984e+03 -4.445855962399036798e+00
1.397952600000000075e+03 -4.443661351175236085e+00
1.403763400000000047e+03 -4.445168494546841487e+00
1.413015900000000101e+03 -4.444541367977588919e+00
1.441334399999999960e+03 -4.443006371490582751e+00
1.445654700000000048e+03 -4.444092825580608697e+00
1.466619200000000092e+03 -4.446355482964316153e+00
1.496361799999999903e+03 -4.444251335499989075e+00
1.498737100000000055e+03 -4.442174781108715109e+00
1.498828099999999949e+03 -4.444871418571869626e+00
1.543605900000000020e+03 -4.442352775383213270e+00
1.555296199999999999e+03 -4.445362432865504587e+00
1.562472899999999981e+03 -4.444000726439554683e+00
1.593070999999999913e+03 -4.441625782651536625e+00
1.594647500000000036e+03 -4.442515274968921624e+00
1.603478000000000065e+03 -4.444789331850096836e+00
1.640906799999999976e+03 -4.443821161693881194e+00
1.647529099999999971e+03 -4.445507766269623851e+00
1.659528299999999945e+03 -4.445319090036844223e+00
1.687220299999999952e+03 -4.442740795593794978e+00
1.693891300000000001e+03 -4.444407881397880011e+00
1.710575299999999970e+03 -4.446356586281394740e+00
1.736296700000000101e+03 -4.443603067852707866e+00
1.744211299999999937e+03 -4.445698050399708556e+00
1.753952600000000075e+03 -4.444870400513410758e+00
1.793873499999999922e+03 -4.446249215280178468e+00
1.797390300000000025e+03 -4.447134309299080712e+00
1.803006599999999935e+03 -4.447056161389012274e+00
1.838948900000000094e+03 -4.447495122108604981e+00
1.846685899999999947e+03 -4.449519970066479146e+00
1.859792599999999993e+03 -4.449461386436296628e+00
1.898427699999999959e+03 -4.449785528850377148e+00
1.910034400000000005e+03 -4.450242788397605231e+00
1.910838099999999940e+03 -4.453026532759724709e+00
1.937708300000000008e+03 -4.449782143260384792e+00
1.944072899999999890e+03 -4.451363963201029783e+00
1.955149300000000039e+03 -4.450822894142857145e+00
1.984838999999999942e+03 -4.450730564563782465e+00
1.989078400000000101e+03 -4.451773256845847015e+00
1.991119999999999891e+03 -4.449442359864705487e+00
2.028063799999999901e+03 -4.449986757888467537e+00
2.032504200000000083e+03 -4.451226334308715948e+00
2.049697500000000218e+03 -4.453515333546752331e+00
2.089533100000000104e+03 -4.453585815270757031e+00
2.095435800000000199e+03 -4.455065271476467359e+00
2.106868300000000090e+03 -4.457615803389234799e+00
2.138873900000000049e+03 -4.455994152385753360e+00
2.141107300000000123e+03 -4.456522884302315468e+00
2.171864199999999983e+03 -4.460260233044337497e+00
2.197239099999999780e+03 -4.457131721224561360e+00
2.199966100000000097e+03 -4.455689442651250332e+00
2.214506800000000112e+03 -4.459383013574441001e+00
2.237847800000000007e+03 -4.458025817997765650e+00
2.249696699999999964e+03 -4.456690510932616256e+00
2.255427400000000034e+03 -4.462546781990795353e+00
2.283793099999999868e+03 -4.458964349947584616e+00
2.297556599999999889e+03 -4.462470229403077582e+00
2.308213099999999940e+03 -4.460381772093205299e+00
2.332729400000000169e+03 -4.459712090927313355e+00
2.343697900000000118e+03 -4.462478411511523468e+00
2.354128799999999956e+03 -4.463014921342829844e+00
2.405203399999999874e+03 -4.466233529940206282e+00
2.409170500000000175e+03 -4.467583956703522929e+00
2.414776299999999992e+03 -4.469069754216356216e+00
2.422873399999999947e+03 -4.462507408199771319e+00
2.433074900000000071e+03 -4.465235478615855236e+00
