1.225821700000000050e+02 1.749638560960716305e+01
1.327910899999999970e+02 1.750284398534500241e+01
1.712543799999999976e+02 1.756220384693669700e+01
1.716845299999999952e+02 1.756107622633828669e+01
1.806823200000000043e+02 1.756905302259312052e+01
2.191298800000000142e+02 1.762270405047832256e+01
2.192354100000000017e+02 1.762146957052717156e+01
2.295407899999999870e+02 1.763871616120496455e+01
2.678084000000000060e+02 1.769387136169346775e+01
2.680776200000000244e+02 1.769528750254426797e+01
2.788188799999999787e+02 1.770401994707917837e+01
3.192152300000000196e+02 1.777952218603704537e+01
3.196225299999999834e+02 1.777764756767759025e+01
3.251089999999999804e+02 1.780167972725422132e+01
3.675087100000000078e+02 1.784806228373702552e+01
3.679535200000000259e+02 1.784617850600447753e+01
3.764473499999999717e+02 1.787366018725829520e+01
4.160216699999999719e+02 1.794928302462853509e+01
4.168900499999999738e+02 1.794808212904539246e+01
4.273556600000000003e+02 1.796739364950132156e+01
4.651995699999999943e+02 1.802711428862202325e+01
4.679300099999999816e+02 1.802768980256462328e+01
4.755228399999999738e+02 1.805974760838591209e+01
5.156224700000000212e+02 1.812742977813962852e+01
5.176413300000000390e+02 1.812768318746183382e+01
5.276172500000000127e+02 1.815294830042743612e+01
5.660429900000000316e+02 1.822237736617137926e+01
5.670192299999999932e+02 1.822276053327905743e+01
5.734618199999999888e+02 1.824197995115001092e+01
6.101834999999999809e+02 1.832891105231019679e+01
6.105409799999999905e+02 1.832958070425402042e+01
6.249174699999999802e+02 1.834982648076531575e+01
6.659190800000000081e+02 1.843627875025442719e+01
6.664084199999999782e+02 1.843651129656014831e+01
6.738752600000000257e+02 1.845583452065947583e+01
7.102636400000000094e+02 1.854093425605536183e+01
7.112603900000000294e+02 1.854184917565642010e+01
7.207698599999999942e+02 1.857409983716670254e+01
7.625711400000000140e+02 1.864463515163851071e+01
7.642314400000000205e+02 1.864546916344392358e+01
7.686207600000000184e+02 1.867857469977610307e+01
8.126741200000000163e+02 1.876579228577243796e+01
8.177482599999999593e+02 1.876642530022389366e+01
8.214590899999999465e+02 1.880818339100346037e+01
8.615655100000000175e+02 1.887847089354773189e+01
8.652877700000000232e+02 1.892321188683085964e+01
8.658911000000000513e+02 1.887961327091390018e+01
9.143556300000000192e+02 1.900985853857113739e+01
9.150097500000000537e+02 1.900995878282108720e+01
9.201027199999999766e+02 1.906024221453287382e+01
9.620112900000000309e+02 1.911820069204152261e+01
9.652394100000000208e+02 1.911920669651943783e+01
9.709998900000000503e+02 1.918332230816201900e+01
1.011629599999999982e+03 1.924477254223488742e+01
1.015045899999999961e+03 1.924483665784653041e+01
1.016924200000000042e+03 1.927908202727457976e+01
1.060257200000000012e+03 1.937911103195603246e+01
1.064843599999999924e+03 1.940179421941786941e+01
1.066279500000000098e+03 1.937863423570119892e+01
1.106916099999999915e+03 1.949723844901282277e+01
1.111597600000000057e+03 1.949708884591898794e+01
1.120122100000000046e+03 1.951323224099328257e+01
1.157343599999999924e+03 1.961403368613881426e+01
1.158181399999999940e+03 1.961413189497251963e+01
1.168776299999999992e+03 1.963592967636881781e+01
1.208171800000000076e+03 1.974485141461428839e+01
1.208223400000000083e+03 1.975500101770812122e+01
1.210202500000000100e+03 1.974454406676165519e+01
1.248734200000000101e+03 1.982407948300427591e+01
1.256151499999999942e+03 1.982519692652147469e+01
1.260223099999999931e+03 1.988650010177081384e+01
1.308867600000000039e+03 1.999593781803378789e+01
1.312884099999999989e+03 1.999486311825768325e+01
1.318429100000000062e+03 2.000598972114797647e+01
1.351916899999999941e+03 2.011887390596377045e+01
1.352931399999999940e+03 2.011887034398534269e+01
1.364953700000000026e+03 2.014061571341339274e+01
1.401856899999999996e+03 2.026760889476897987e+01
1.403498800000000074e+03 2.026825819255037686e+01
1.415396199999999908e+03 2.024754223488703531e+01
1.448482700000000023e+03 2.037702218603704551e+01
1.450561400000000049e+03 2.037667667412986106e+01
1.463280999999999949e+03 2.043027630775493364e+01
1.502786299999999983e+03 2.052315387746794428e+01
1.504605000000000018e+03 2.052365611642580845e+01
1.507932299999999941e+03 2.055133777732546463e+01
1.560686999999999898e+03 2.064408457154488019e+01
1.562730099999999993e+03 2.064485904742520006e+01
1.562876700000000028e+03 2.068916089965398086e+01
1.587143700000000081e+03 2.080104467738652474e+01
1.590213400000000092e+03 2.080088998575208592e+01
1.605597700000000032e+03 2.080175249338489607e+01
1.649090699999999970e+03 2.092441787095460981e+01
1.656265900000000101e+03 2.092392937105638140e+01
1.660536900000000060e+03 2.093961428862202112e+01
1.704595199999999977e+03 2.104406167311215370e+01
1.706312400000000025e+03 2.104422297984937984e+01
1.712192999999999984e+03 2.110077702015061973e+01
1.746991299999999910e+03 2.118817932017097405e+01
1.750973500000000058e+03 2.118819713006309868e+01
1.760231399999999894e+03 2.121541929574597773e+01
1.797456799999999930e+03 2.132133319763891777e+01
1.799506800000000112e+03 2.132177539181762782e+01
1.812409499999999980e+03 2.135224455526154941e+01
1.842424400000000105e+03 2.146866680236108138e+01
1.849391800000000103e+03 2.146860319560349950e+01
1.867570699999999988e+03 2.147705526155098710e+01
1.893293699999999944e+03 2.163732851618156161e+01
1.901628300000000081e+03 2.163753663749236722e+01
1.910693400000000111e+03 2.167802819051495788e+01
1.935946200000000090e+03 2.177677182983920190e+01
1.945289399999999887e+03 2.177619377162629632e+01
1.965366199999999935e+03 2.175067524933849228e+01
1.994528700000000072e+03 2.192729187868919283e+01
2.001298500000000104e+03 2.192665937309179824e+01
2.013473899999999958e+03 2.195672552411968326e+01
2.034558899999999994e+03 2.209559434154284574e+01
2.037922399999999925e+03 2.209586657846529434e+01
2.060631499999999960e+03 2.210108487685731760e+01
2.086016299999999774e+03 2.222588845918990330e+01
2.094495300000000043e+03 2.222587319356808422e+01
2.116416200000000117e+03 2.227798646448198738e+01
2.155363699999999881e+03 2.239685833502951340e+01
2.158152799999999843e+03 2.239575615713413370e+01
2.160335500000000138e+03 2.242013484632607145e+01
2.203646699999999782e+03 2.254045491553022629e+01
2.205536700000000110e+03 2.253978221046203956e+01
2.217854100000000017e+03 2.256996387136169346e+01
2.245564800000000105e+03 2.270868562996132667e+01
2.254266500000000178e+03 2.270820578058212647e+01
2.268857100000000173e+03 2.270282668430694173e+01
2.290370199999999841e+03 2.297604620394870878e+01
2.291159999999999854e+03 2.297597445552615270e+01
2.313199900000000071e+03 2.301458426623244335e+01
2.343184299999999894e+03 2.309042489314064994e+01
2.345977199999999812e+03 2.309023763484632497e+01
2.364142400000000180e+03 2.311254427030327463e+01
2.373091399999999794e+03 2.327925147567677300e+01
2.381595800000000054e+03 2.327886576429879995e+01
2.419190599999999904e+03 2.330803734988804976e+01
2.448960999999999785e+03 2.332682424180745073e+01
2.453617499999999836e+03 2.332654589863627237e+01
