9.951433699999999760e+01 -1.459763990775111653e+00
1.261860800000000040e+02 -1.459245061913781782e+00
1.519303899999999885e+02 -1.459555017570470570e+00
1.766638199999999870e+02 -1.459156408787639414e+00
1.992544000000000040e+02 -1.458606537721410579e+00
2.242146600000000092e+02 -1.457817352644791065e+00
2.515304600000000050e+02 -1.457730801587184377e+00
2.724130999999999858e+02 -1.456113961501626308e+00
2.993441599999999880e+02 -1.455921790360096946e+00
3.224622499999999832e+02 -1.454740379468129508e+00
3.505453200000000038e+02 -1.454336662932251167e+00
3.706310799999999972e+02 -1.451973105176756818e+00
4.010959300000000098e+02 -1.451430851815626921e+00
4.202426199999999881e+02 -1.448935863037659422e+00
4.515520999999999958e+02 -1.449406589848387661e+00
4.693844500000000153e+02 -1.445516760003862089e+00
5.041837100000000191e+02 -1.446116867760703029e+00
5.182007599999999456e+02 -1.441140818855263017e+00
5.520483100000000150e+02 -1.441345999931362254e+00
5.703298200000000406e+02 -1.438743872478415620e+00
5.996249199999999746e+02 -1.438250324755585563e+00
6.217218900000000303e+02 -1.434341520621100985e+00
6.491778399999999465e+02 -1.432634575848870773e+00
6.708809300000000349e+02 -1.430204344834212993e+00
7.013930199999999786e+02 -1.429545411220020101e+00
7.207615600000000313e+02 -1.426458375531655998e+00
7.466229100000000471e+02 -1.424432060778604070e+00
7.702636999999999716e+02 -1.422522354672950406e+00
8.001560299999999870e+02 -1.420508411425537298e+00
8.250575999999999794e+02 -1.420407391898096838e+00
8.443659099999999853e+02 -1.418250338171123115e+00
8.751468800000000101e+02 -1.416127534563683454e+00
9.066789899999999989e+02 -1.415252447047871120e+00
9.190624000000000251e+02 -1.411949530700071120e+00
9.583071400000000040e+02 -1.413625964755081510e+00
9.781465100000000348e+02 -1.411468860900010558e+00
9.993101599999999962e+02 -1.409386249012501313e+00
1.008853799999999978e+03 -1.403147231406046247e+00
1.039109699999999975e+03 -1.401938198250089584e+00
1.069468299999999999e+03 -1.403331076375170738e+00
1.100528199999999970e+03 -1.399027074174553853e+00
1.119268499999999904e+03 -1.400652854922886492e+00
1.146910699999999906e+03 -1.397707829074589236e+00
1.174337500000000091e+03 -1.397905214923706119e+00
1.203291799999999967e+03 -1.395290996956006557e+00
1.217388699999999972e+03 -1.393991452864078884e+00
1.235150200000000041e+03 -1.393124269635883650e+00
1.260091599999999971e+03 -1.390133333237712820e+00
1.296605299999999943e+03 -1.390375060065589308e+00
1.311210299999999961e+03 -1.386705241606430494e+00
1.355338400000000092e+03 -1.384914679148305794e+00
1.367317500000000109e+03 -1.385217041145306638e+00
1.401796700000000101e+03 -1.386456878015391636e+00
1.421965400000000045e+03 -1.384513347286861151e+00
1.448655700000000024e+03 -1.382074322638835007e+00
1.461740800000000036e+03 -1.379410724895165030e+00
1.501855499999999893e+03 -1.379240617820093107e+00
1.522859300000000076e+03 -1.380229138272534906e+00
1.548142200000000003e+03 -1.376511709301366349e+00
1.568197899999999890e+03 -1.373681241418478027e+00
1.605344800000000077e+03 -1.371153730017927952e+00
1.610999499999999898e+03 -1.376353217393676109e+00
1.633355199999999968e+03 -1.370329791871811365e+00
1.655263200000000097e+03 -1.367909536003581561e+00
1.696575000000000045e+03 -1.368909120901111276e+00
1.706475400000000036e+03 -1.365239892393316445e+00
1.744743099999999913e+03 -1.365218138655521551e+00
1.764169699999999921e+03 -1.365667637159839298e+00
1.789675600000000031e+03 -1.362218574594895149e+00
1.810398599999999988e+03 -1.359500368726501041e+00
1.846719499999999925e+03 -1.360523873107251536e+00
1.861520299999999907e+03 -1.354711511844850058e+00
1.879848400000000083e+03 -1.357066828793755953e+00
1.924359099999999899e+03 -1.358757936077239492e+00
1.950229199999999992e+03 -1.354819981480454238e+00
1.963726899999999887e+03 -1.352035896598561049e+00
1.994920900000000074e+03 -1.349816022532437376e+00
2.001595199999999977e+03 -1.343375779078926469e+00
2.064709600000000137e+03 -1.345195466460316513e+00
2.070258499999999913e+03 -1.349466625429895927e+00
2.099973500000000058e+03 -1.342693985193447626e+00
2.117242000000000189e+03 -1.342803564961737361e+00
2.156239099999999780e+03 -1.344218034916887961e+00
2.159282700000000204e+03 -1.336472248566632715e+00
2.206175400000000081e+03 -1.338483098980864705e+00
2.214598199999999906e+03 -1.330882827924084300e+00
2.262370100000000093e+03 -1.326653179504348579e+00
2.268325899999999820e+03 -1.333437783837764457e+00
2.302301300000000083e+03 -1.331708685114922908e+00
2.309915599999999813e+03 -1.320664513677317409e+00
2.321100699999999961e+03 -1.317638264642269075e+00
2.353300699999999779e+03 -1.314792851997434564e+00
2.410925999999999931e+03 -1.307124904218956107e+00
2.421649499999999989e+03 -1.321950012400019858e+00
2.429099499999999807e+03 -1.304785460584679146e+00
