1.004582500000000067e+02 -3.831106372567900653e+00
1.272024100000000004e+02 -3.830953305182999369e+00
1.511076700000000130e+02 -3.831080268229700270e+00
1.767514199999999960e+02 -3.830880663110499462e+00
2.008948900000000037e+02 -3.830537659232962522e+00
2.237477700000000027e+02 -3.830021759143830806e+00
2.481404799999999966e+02 -3.829792954695545149e+00
2.730061299999999846e+02 -3.829466182615570258e+00
3.007972700000000259e+02 -3.829638583987327038e+00
3.218133000000000266e+02 -3.828620292598667429e+00
3.508647599999999898e+02 -3.828726541499212654e+00
3.713773299999999722e+02 -3.827475154500696419e+00
3.999452699999999936e+02 -3.827336365181932099e+00
4.204928899999999885e+02 -3.826100145554954590e+00
4.517208699999999908e+02 -3.826010163261774899e+00
4.733093400000000202e+02 -3.824921407961583419e+00
4.994527299999999741e+02 -3.823193733824972629e+00
5.165969000000000051e+02 -3.821043815818675249e+00
5.516272099999999909e+02 -3.821944749654429874e+00
5.667274899999999889e+02 -3.818630784898755515e+00
5.984393300000000409e+02 -3.818749138573067636e+00
6.183840599999999768e+02 -3.815848053161279285e+00
6.505679699999999457e+02 -3.815268885978941427e+00
6.726027299999999514e+02 -3.812793826310536538e+00
7.052130499999999529e+02 -3.811616315323133275e+00
7.185321400000000267e+02 -3.807805596196222719e+00
7.514074399999999514e+02 -3.806187886409868604e+00
7.693840900000000147e+02 -3.802232826894989426e+00
7.941806400000000394e+02 -3.799629438799458914e+00
8.205720900000000029e+02 -3.797055604082368419e+00
8.514194800000000214e+02 -3.795888400025945408e+00
8.660972900000000436e+02 -3.788991271692222274e+00
9.071981700000000046e+02 -3.789604862035434341e+00
9.113152700000000550e+02 -3.782585507859800966e+00
9.609390700000000152e+02 -3.776769682681402784e+00
9.613823300000000245e+02 -3.784293341995626836e+00
1.008749699999999962e+03 -3.778033152782929172e+00
1.022412699999999973e+03 -3.772386142784839080e+00
1.046286700000000110e+03 -3.769541305793710162e+00
1.068737100000000055e+03 -3.766158635260087539e+00
1.112595800000000054e+03 -3.766201694381546616e+00
1.120902299999999968e+03 -3.761171296396862651e+00
1.148450900000000047e+03 -3.757505095678202345e+00
1.167422700000000077e+03 -3.754159378375332423e+00
1.211281999999999925e+03 -3.753137662830598131e+00
1.217290500000000065e+03 -3.749506876304679270e+00
1.242682199999999966e+03 -3.747405402510479266e+00
1.265569099999999935e+03 -3.745537316198022992e+00
1.294346099999999979e+03 -3.744522896682616953e+00
1.311882800000000088e+03 -3.738953287167276596e+00
1.342086399999999912e+03 -3.735944910094209259e+00
1.363694400000000087e+03 -3.734518897561238227e+00
1.412809099999999944e+03 -3.735852550880274237e+00
1.415397699999999986e+03 -3.729345132272257946e+00
1.444254100000000108e+03 -3.727390929854358159e+00
1.460747200000000021e+03 -3.724092847911710358e+00
1.505144800000000032e+03 -3.724833741629105965e+00
1.509204199999999901e+03 -3.717001791229239238e+00
1.544525499999999965e+03 -3.715258686558576162e+00
1.565537600000000111e+03 -3.715569218388790507e+00
1.609604599999999891e+03 -3.709777973329827283e+00
1.618359300000000076e+03 -3.716669417915029250e+00
1.650259399999999914e+03 -3.711006754001510366e+00
1.667567800000000034e+03 -3.707419087142827863e+00
1.676182399999999916e+03 -3.701033523347276422e+00
1.724308999999999969e+03 -3.702125828401710006e+00
1.749717300000000023e+03 -3.700061416239505796e+00
1.759723700000000008e+03 -3.696158650479760333e+00
1.789406899999999951e+03 -3.691152519617553196e+00
1.808525499999999965e+03 -3.691881695842128330e+00
1.845620799999999917e+03 -3.689706965310914910e+00
1.868820699999999988e+03 -3.688133921518698788e+00
1.899800799999999981e+03 -3.683304404430361778e+00
1.910257900000000063e+03 -3.683234060371539442e+00
1.954599500000000035e+03 -3.681035838260414028e+00
1.967350899999999911e+03 -3.684337417568642525e+00
2.005439599999999928e+03 -3.682852230208211619e+00
2.006112399999999980e+03 -3.674341448378968700e+00
2.048461999999999989e+03 -3.673420235069119855e+00
2.063514599999999973e+03 -3.669705891977528722e+00
2.095976700000000164e+03 -3.671407730582198603e+00
2.116519200000000183e+03 -3.667041141943505167e+00
2.130882200000000012e+03 -3.667145266856679520e+00
2.156731499999999869e+03 -3.661488216340311741e+00
2.174504699999999957e+03 -3.659790147760449308e+00
2.218990400000000136e+03 -3.663846306395892594e+00
2.239615699999999833e+03 -3.659893297030210935e+00
2.281374800000000050e+03 -3.658359321872452607e+00
2.324234599999999773e+03 -3.654068071774744464e+00
2.331110200000000077e+03 -3.660814816475801425e+00
2.357767899999999827e+03 -3.653680716409293705e+00
2.366385299999999916e+03 -3.651317757194095570e+00
2.394715799999999945e+03 -3.647593923194317966e+00
2.408502700000000004e+03 -3.646765275992884359e+00
2.461010699999999815e+03 -3.645672531701137142e+00
