1.032294299999999936e+02 1.704396142886220034e+01
1.275256100000000004e+02 1.707099633625076152e+01
1.525380900000000111e+02 1.711922806838998667e+01
1.765283499999999890e+02 1.714314624465703218e+01
2.017566400000000044e+02 1.717824241807449681e+01
2.242434599999999989e+02 1.723569000610624968e+01
2.494988999999999919e+02 1.727848259719112534e+01
2.782019799999999918e+02 1.731319916547933957e+01
3.002365899999999783e+02 1.736092713209851368e+01
3.242983600000000024e+02 1.740845511907185283e+01
3.475751700000000142e+02 1.746346529615306409e+01
3.737554000000000087e+02 1.751960970893547653e+01
3.978316100000000120e+02 1.757371768776715015e+01
4.234021299999999997e+02 1.762520150620802184e+01
4.481801899999999819e+02 1.769168888662731476e+01
4.711578600000000279e+02 1.773973488703439827e+01
5.035805300000000102e+02 1.779813250559739757e+01
5.227195100000000139e+02 1.787847343781803389e+01
5.485043600000000197e+02 1.794346631386118318e+01
5.726476999999999862e+02 1.799320628943618772e+01
5.990465100000000120e+02 1.806771575412171771e+01
6.185102900000000545e+02 1.816507225727661279e+01
6.484493099999999686e+02 1.817074445349073741e+01
6.704332299999999805e+02 1.828270506818644137e+01
6.963561899999999696e+02 1.835008650519031193e+01
7.227269599999999627e+02 1.841178149806635389e+01
7.466036900000000287e+02 1.848661154081009528e+01
7.726137800000000198e+02 1.855271168328923181e+01
8.040358300000000327e+02 1.862511754528800978e+01
8.180358599999999569e+02 1.869284856503154657e+01
8.505867100000000391e+02 1.874023916140850687e+01
8.677244500000000471e+02 1.880891156116425833e+01
9.007895399999999881e+02 1.889726389171585907e+01
9.256404199999999491e+02 1.893564217382454729e+01
9.512083900000000085e+02 1.900394718094850433e+01
9.692408699999999726e+02 1.906300427437410860e+01
9.919990199999999732e+02 1.916317881131691436e+01
1.010524900000000002e+03 1.918905302259312151e+01
1.045158300000000054e+03 1.926836861388153821e+01
1.067010600000000068e+03 1.932285467128027534e+01
1.106995100000000093e+03 1.939263789945043825e+01
1.122022999999999911e+03 1.943459444331366015e+01
1.154432600000000093e+03 1.951072715245267730e+01
1.160030999999999949e+03 1.957251679218400042e+01
1.197232299999999896e+03 1.962441481783024599e+01
1.221098400000000083e+03 1.968877213515163760e+01
1.247948499999999967e+03 1.977675859963362370e+01
1.267313699999999926e+03 1.981676165275798951e+01
1.285322799999999916e+03 1.989084266232444520e+01
1.315046299999999974e+03 1.992608029717077400e+01
1.353313499999999976e+03 2.000050376552005105e+01
1.362722999999999956e+03 2.006838744148178222e+01
1.389240900000000011e+03 2.012535772440464044e+01
1.414342699999999923e+03 2.017330093629147214e+01
1.451273200000000088e+03 2.025918481579482844e+01
1.473517700000000104e+03 2.028590576022796554e+01
1.502910100000000057e+03 2.039605638102991847e+01
1.504236699999999928e+03 2.036840067168736113e+01
1.539724200000000110e+03 2.050234887034398312e+01
1.568042400000000043e+03 2.056159932831263859e+01
1.595832699999999932e+03 2.065394005699165447e+01
1.615707200000000057e+03 2.066062385507836296e+01
1.656404800000000023e+03 2.073677030327701942e+01
1.667797100000000000e+03 2.078105231019743471e+01
1.697911399999999958e+03 2.087336606961123664e+01
1.713028800000000047e+03 2.092660594341542790e+01
1.740302599999999984e+03 2.100234683492774224e+01
1.766725799999999936e+03 2.106457612456747341e+01
1.783630599999999959e+03 2.112036841033991408e+01
1.817024400000000014e+03 2.117089100346020558e+01
1.851245499999999993e+03 2.120485090576022813e+01
1.859106700000000046e+03 2.131151842051699674e+01
1.885995499999999993e+03 2.133867647058823280e+01
1.921030600000000049e+03 2.139817168736006536e+01
1.962337700000000041e+03 2.147936444127823918e+01
1.969536200000000008e+03 2.154012466924486091e+01
2.003949000000000069e+03 2.166023712599226414e+01
2.017278600000000097e+03 2.166248626094036211e+01
2.043676899999999932e+03 2.171644361897007869e+01
2.072353799999999865e+03 2.180262874007734553e+01
2.098983799999999974e+03 2.185918837777325408e+01
2.121637600000000020e+03 2.192237482190108011e+01
2.136479100000000017e+03 2.197728424587828400e+01
2.179820200000000114e+03 2.210301445145532284e+01
2.201935599999999795e+03 2.205546865458986261e+01
2.212789299999999912e+03 2.216858284144107571e+01
2.254335399999999936e+03 2.223690056991654984e+01
2.266821699999999964e+03 2.225686545898636126e+01
2.311209299999999985e+03 2.239178709546102297e+01
2.322124499999999898e+03 2.240823224099328570e+01
2.347459199999999782e+03 2.249168379808670792e+01
2.400836200000000190e+03 2.257946773865255352e+01
2.416639500000000226e+03 2.268990484429065901e+01
2.416777599999999893e+03 2.259028801139833220e+01
2.452056599999999889e+03 2.268098768573173274e+01
