1.229000099999999946e+02 1.756240993283126173e+01
1.333727900000000091e+02 1.757528750254427052e+01
1.721002499999999884e+02 1.761957459800529335e+01
1.721021700000000010e+02 1.762193669855485467e+01
1.816133900000000096e+02 1.763165072257276833e+01
2.198048699999999940e+02 1.766615662527986785e+01
2.200857100000000059e+02 1.766672806838998611e+01
2.290691199999999981e+02 1.767902300020353934e+01
2.685730500000000234e+02 1.773320781599837304e+01
2.698349600000000237e+02 1.773369071850193279e+01
2.777957499999999982e+02 1.773914766944839982e+01
3.196920499999999947e+02 1.779560706289436212e+01
3.199343000000000075e+02 1.779589863627111868e+01
3.274425299999999766e+02 1.782074496234480065e+01
3.655041800000000194e+02 1.787743181355586941e+01
3.656933500000000095e+02 1.787678404233665930e+01
3.784852599999999825e+02 1.789678913087726642e+01
4.169040800000000218e+02 1.795663698351312831e+01
4.169201800000000162e+02 1.795659932831264172e+01
4.216252700000000004e+02 1.797624058619987863e+01
4.711829200000000242e+02 1.803871717891308890e+01
4.721122599999999920e+02 1.803954304905353112e+01
4.722812400000000252e+02 1.807303124363932412e+01
5.160261100000000170e+02 1.813895277834317099e+01
5.195719000000000278e+02 1.813736668023610932e+01
5.240214399999999841e+02 1.820476287400773430e+01
5.658881099999999833e+02 1.826013433747201020e+01
5.663782300000000305e+02 1.826020863016486828e+01
5.694723900000000185e+02 1.829087217585996328e+01
6.132785699999999451e+02 1.837371005495624132e+01
6.159096200000000181e+02 1.837304294728271969e+01
6.257876899999999978e+02 1.839011550987176946e+01
6.621606000000000449e+02 1.847469519641767022e+01
6.666064099999999826e+02 1.847551496030938267e+01
6.712096800000000485e+02 1.852586403419499561e+01
7.106388200000000097e+02 1.859709393445959691e+01
7.124410299999999552e+02 1.859788214939955253e+01
7.246724000000000387e+02 1.863483004274374011e+01
7.580756599999999708e+02 1.870772186037044804e+01
7.597306599999999435e+02 1.870817474048442719e+01
7.710811800000000176e+02 1.874701099124770920e+01
8.077516299999999774e+02 1.880657999185833518e+01
8.128624899999999798e+02 1.880724862609403658e+01
8.227652799999999615e+02 1.885948961937716106e+01
8.603765899999999647e+02 1.898309128841848192e+01
8.636690399999999954e+02 1.891556126602890231e+01
8.640839999999999463e+02 1.891666089965397646e+01
9.138381699999999910e+02 1.903888917158558769e+01
9.146337499999999636e+02 1.903827294931813796e+01
9.147936899999999696e+02 1.909540301241603899e+01
9.562887899999999490e+02 1.916588184408711371e+01
9.570755799999999454e+02 1.916583706492977868e+01
9.646837900000000445e+02 1.918756767759006721e+01
1.008507399999999961e+03 1.930322308162019240e+01
1.015557199999999966e+03 1.927739212293914051e+01
1.016093499999999949e+03 1.927675300223895860e+01
1.062613299999999981e+03 1.938567321392224585e+01
1.064518299999999954e+03 1.938520506818644407e+01
1.068841499999999996e+03 1.941666853246488955e+01
1.101060500000000047e+03 1.950391156116425861e+01
1.110419599999999946e+03 1.950439141054345527e+01
1.116688000000000102e+03 1.951872633828617865e+01
1.150547399999999925e+03 1.963243995522084262e+01
1.160566600000000108e+03 1.963144972521880760e+01
1.173383299999999963e+03 1.961925249338489508e+01
1.201276100000000042e+03 1.972014247913698171e+01
1.208622499999999945e+03 1.972043303480561960e+01
1.216276399999999967e+03 1.976896346427844264e+01
1.252372299999999996e+03 1.984559535925096796e+01
1.253113000000000056e+03 1.984602483207816093e+01
1.259790199999999913e+03 1.987163647465906990e+01
1.304073100000000068e+03 1.995690158762467092e+01
1.308512699999999995e+03 1.995723437818033830e+01
1.314117999999999938e+03 1.997804498269896101e+01
1.354346299999999928e+03 2.007510685935273642e+01
1.357960900000000038e+03 2.007444738449012789e+01
1.375587299999999914e+03 2.006451760635049908e+01
1.400903099999999995e+03 2.018273458172195944e+01
1.402095299999999952e+03 2.018253511093018560e+01
1.410968599999999924e+03 2.017644819865662598e+01
1.453284400000000005e+03 2.028576786077752914e+01
1.456329300000000103e+03 2.028623702422145314e+01
1.473311699999999973e+03 2.028245929167514916e+01
1.500710100000000011e+03 2.038695196417667432e+01
1.502704300000000103e+03 2.038676674129859379e+01
1.502804499999999962e+03 2.043973336047221778e+01
1.543723400000000083e+03 2.052119122735599532e+01
1.545751999999999953e+03 2.052066100142479144e+01
1.562030899999999974e+03 2.050331213108080775e+01
1.588311899999999923e+03 2.062576124567474167e+01
1.595300600000000031e+03 2.062553022593120033e+01
1.611535000000000082e+03 2.060161662935070126e+01
1.653222899999999981e+03 2.075668990433543470e+01
1.655565499999999929e+03 2.075217738652554189e+01
1.657443500000000085e+03 2.075122124974557281e+01
1.706733799999999974e+03 2.086142530022389607e+01
1.712507800000000088e+03 2.086279818847954459e+01
1.719337999999999965e+03 2.087133217993079626e+01
1.748383299999999963e+03 2.096177793608793039e+01
1.750988700000000108e+03 2.096231986566252914e+01
1.765675600000000031e+03 2.097041217178912831e+01
1.791010999999999967e+03 2.108468094850396923e+01
1.794269700000000057e+03 2.108487991044168552e+01
1.807569999999999936e+03 2.108754172603297405e+01
1.842172199999999975e+03 2.120435222878078463e+01
1.842706100000000106e+03 2.120451862405862187e+01
1.860448000000000093e+03 2.120462039487075145e+01
1.898373800000000074e+03 2.134005800936291664e+01
1.899693899999999985e+03 2.133975015265621877e+01
1.914048099999999977e+03 2.135736515367392485e+01
1.940236699999999928e+03 2.142925503765519935e+01
1.940619500000000016e+03 2.142934459596987651e+01
1.959770199999999932e+03 2.142822511703643329e+01
1.989293699999999944e+03 2.156054803582332724e+01
1.997124600000000100e+03 2.156091746387136254e+01
2.004069199999999910e+03 2.156075717484225507e+01
2.030036399999999958e+03 2.168602788520252389e+01
2.046626700000000028e+03 2.168641461428862272e+01
2.069021600000000035e+03 2.166220588235293931e+01
2.093358000000000175e+03 2.183299257073071331e+01
2.101372299999999996e+03 2.182978322817016092e+01
2.105157999999999902e+03 2.183251017708121111e+01
2.137330300000000079e+03 2.195522236922450787e+01
2.145223700000000008e+03 2.195572257276613115e+01
2.165816800000000057e+03 2.195790504783228059e+01
2.181894200000000183e+03 2.205140545491552828e+01
2.188513399999999820e+03 2.205122379401587907e+01
2.200977600000000166e+03 2.203248982291878733e+01
2.250272199999999884e+03 2.218462802768166142e+01
2.252011599999999817e+03 2.218263993486667829e+01
2.253633800000000065e+03 2.218422603297374351e+01
2.284117299999999886e+03 2.228523000203541926e+01
2.291304399999999987e+03 2.228532464889070042e+01
2.307823899999999867e+03 2.227900875228984390e+01
2.343136800000000221e+03 2.248414359861591905e+01
2.353789699999999812e+03 2.248495522084266440e+01
2.360308300000000145e+03 2.249362863830653225e+01
2.390588000000000193e+03 2.262294422959494966e+01
2.393380200000000059e+03 2.262316812538163902e+01
2.418863800000000083e+03 2.268819509464685424e+01
2.433088900000000194e+03 2.271170567881131674e+01
2.452868300000000090e+03 2.271263230205576988e+01
