9.967046700000000214e+01 1.714775137390596171e+01
1.007793499999999938e+02 1.715337064929778066e+01
1.264753199999999964e+02 1.718452015062080207e+01
1.497695099999999968e+02 1.721476032973743031e+01
1.507704999999999984e+02 1.720333502951353566e+01
1.758565499999999986e+02 1.724198300427437403e+01
2.000587400000000002e+02 1.728172247099531589e+01
2.002797799999999881e+02 1.728395176063504834e+01
2.250912099999999896e+02 1.733604620394870821e+01
2.489710399999999879e+02 1.736045542438428413e+01
2.504338700000000131e+02 1.734965906777935984e+01
2.714141500000000065e+02 1.739669448402198526e+01
2.999562399999999798e+02 1.743694891105230838e+01
3.016153100000000222e+02 1.743989670262568481e+01
3.236803199999999947e+02 1.748049715041726060e+01
3.511696400000000153e+02 1.753295389782210378e+01
3.525408400000000029e+02 1.752917209444331093e+01
3.726991600000000062e+02 1.759749898229187792e+01
3.976359499999999798e+02 1.763707663342153609e+01
4.039998299999999745e+02 1.765168430694076918e+01
4.223208099999999945e+02 1.771869275391817666e+01
4.490339099999999917e+02 1.777598921229391493e+01
4.495169200000000274e+02 1.778928251577447384e+01
4.716386100000000283e+02 1.785755546509260938e+01
5.037506099999999947e+02 1.794370649297781384e+01
5.041314300000000230e+02 1.791733411357622785e+01
5.148301300000000538e+02 1.800136881742316319e+01
5.497528899999999794e+02 1.806749440260533390e+01
5.506124700000000303e+02 1.802996641563199631e+01
5.700879999999999654e+02 1.813903317728475528e+01
5.984508700000000090e+02 1.821245115001017822e+01
6.072153200000000197e+02 1.822061978424587636e+01
6.209891000000000076e+02 1.828810400976999873e+01
6.469884100000000444e+02 1.836430032566659776e+01
6.490815999999999804e+02 1.833992723386932511e+01
6.679952899999999545e+02 1.842014247913698455e+01
6.947338200000000370e+02 1.847517555465092798e+01
7.089821799999999712e+02 1.849639782210462258e+01
7.195537699999999859e+02 1.857464176674129774e+01
7.435819599999999809e+02 1.864272135151638565e+01
7.517049500000000535e+02 1.863512517809892088e+01
7.689013200000000552e+02 1.870342865866069815e+01
8.013428000000000111e+02 1.875874516588642393e+01
8.096978000000000293e+02 1.876591288418481440e+01
8.203513199999999870e+02 1.885215499694687580e+01
8.501790499999999611e+02 1.891225727661306877e+01
8.603931900000000041e+02 1.892086708731935829e+01
8.666846600000000080e+02 1.896571493995521962e+01
8.972349299999999630e+02 1.902035619784245668e+01
9.016828400000000556e+02 1.904192601261958018e+01
9.212785400000000209e+02 1.907487634846325975e+01
9.471740800000000036e+02 1.915734734378180448e+01
9.518402200000000448e+02 1.920040911866476563e+01
9.607040299999999888e+02 1.925729493181355423e+01
9.902843400000000429e+02 1.933412019132912718e+01
1.002347200000000043e+03 1.933663240382658088e+01
1.016905099999999948e+03 1.936377773254630696e+01
1.050769999999999982e+03 1.942999084062690685e+01
1.052125600000000077e+03 1.944953490738856061e+01
1.065266699999999901e+03 1.950886118461225394e+01
1.098718299999999999e+03 1.958759820883370395e+01
1.110706899999999905e+03 1.961436189700793875e+01
1.112964799999999968e+03 1.963842611439039132e+01
1.138137099999999919e+03 1.972810451862406111e+01
1.138757599999999911e+03 1.971484479951149993e+01
1.178645299999999907e+03 1.977422705068186204e+01
1.194230999999999995e+03 1.983008141664970481e+01
1.209663000000000011e+03 1.991865153673926514e+01
1.212394099999999980e+03 1.981269031141868453e+01
1.241616600000000062e+03 2.002280938326887849e+01
1.254622699999999895e+03 1.998829991858335120e+01
1.265516800000000103e+03 2.002571951964176833e+01
1.294250700000000052e+03 2.011059586810502609e+01
1.301372800000000097e+03 2.010929676368817454e+01
1.312445999999999913e+03 2.018672552411968368e+01
1.351750399999999900e+03 2.025268573173213937e+01
1.358295399999999972e+03 2.023374363932424203e+01
1.361651800000000094e+03 2.029483665784653112e+01
1.392446699999999964e+03 2.043102686749440267e+01
1.397499800000000050e+03 2.036302411968247483e+01
1.411422199999999975e+03 2.044528750254426797e+01
1.440681800000000067e+03 2.049026155098717794e+01
1.445964500000000044e+03 2.052035619784245668e+01
1.454982999999999947e+03 2.058510940362303998e+01
1.501210000000000036e+03 2.069218145735802850e+01
1.501596299999999928e+03 2.065760584164461733e+01
1.504106099999999969e+03 2.073272491349480973e+01
1.543887600000000020e+03 2.080467178913087523e+01
1.555235500000000002e+03 2.080849480968857890e+01
1.565943099999999959e+03 2.084157897415021310e+01
1.591883599999999888e+03 2.093885660492570722e+01
1.614125900000000001e+03 2.098793964990840522e+01
1.615114600000000110e+03 2.097268980256462356e+01
1.649600699999999961e+03 2.109322664359861577e+01
1.652715699999999970e+03 2.112570985141461577e+01
1.666341899999999896e+03 2.111709240789741315e+01
1.697511400000000094e+03 2.123929778139629576e+01
1.703752300000000105e+03 2.120533177284754700e+01
1.705959200000000010e+03 2.123924944026053296e+01
1.737506699999999910e+03 2.137029004681457423e+01
1.746517399999999952e+03 2.139508039894158387e+01
1.755072699999999941e+03 2.137153368613881455e+01
1.793829400000000078e+03 2.147581009566456345e+01
1.811121799999999894e+03 2.153362456747404607e+01
1.812215999999999894e+03 2.149512772236922586e+01
1.844605499999999893e+03 2.156455526155098923e+01
1.850617700000000013e+03 2.165220486464481908e+01
1.862239299999999957e+03 2.165593680032566581e+01
1.878432299999999941e+03 2.175642784449419764e+01
1.899515900000000101e+03 2.181673722776307756e+01
1.903658100000000104e+03 2.180445807042540451e+01
1.940378300000000081e+03 2.196260075310400950e+01
1.943201199999999972e+03 2.192387746794219439e+01
1.952178699999999935e+03 2.199941380012212377e+01
1.992394600000000082e+03 2.206784042336657947e+01
1.993593699999999899e+03 2.198219214329330384e+01
2.003770800000000008e+03 2.205392784449419707e+01
2.046324200000000019e+03 2.219636372888255593e+01
2.059850899999999911e+03 2.220863627111744165e+01
2.066765699999999924e+03 2.219345155709342521e+01
2.111662200000000212e+03 2.231979849379197844e+01
2.116885200000000168e+03 2.230430694076938636e+01
2.120661399999999958e+03 2.237154437207409075e+01
2.145548800000000028e+03 2.243552462853653395e+01
2.151464500000000044e+03 2.244412527986973416e+01
2.152969900000000052e+03 2.250795949521677031e+01
2.200764400000000023e+03 2.251043812334622629e+01
2.214854600000000119e+03 2.261503714634642748e+01
2.215171100000000024e+03 2.266045898636271261e+01
2.238351099999999860e+03 2.275220333808263717e+01
2.238424300000000130e+03 2.272199521677183043e+01
2.263659099999999853e+03 2.280224760838591536e+01
2.292385699999999815e+03 2.281956289436189778e+01
2.312152500000000146e+03 2.291307805821290344e+01
2.320697299999999814e+03 2.282779971504172423e+01
2.349608099999999922e+03 2.294787655200488530e+01
2.352396499999999833e+03 2.301437665377569886e+01
2.359177700000000186e+03 2.306486159169550021e+01
2.393798899999999776e+03 2.307381894972521863e+01
2.403265699999999924e+03 2.315063759413800071e+01
2.412867000000000189e+03 2.309436495013230228e+01
2.432171899999999823e+03 2.327032871972318162e+01
