1.006645000000000039e+02 -6.192109163090909085e+00
1.260650899999999979e+02 -6.191753270665098619e+00
1.503145600000000002e+02 -6.192141415063802334e+00
1.503474999999999966e+02 -6.192149930709605066e+00
1.767144800000000089e+02 -6.191940063110280335e+00
2.009612799999999879e+02 -6.191577975229480835e+00
2.010830499999999859e+02 -6.191609455198800127e+00
2.232814500000000066e+02 -6.190646575567914311e+00
2.498398899999999969e+02 -6.190806273394517945e+00
2.501347499999999968e+02 -6.190882500574885761e+00
2.727912099999999782e+02 -6.189606021476020459e+00
3.004717699999999923e+02 -6.189801891486645502e+00
3.007796799999999848e+02 -6.189881492351825720e+00
3.243853500000000167e+02 -6.188755756080499104e+00
3.523714800000000196e+02 -6.188549246078336452e+00
3.524098099999999931e+02 -6.188559664000508498e+00
3.715869000000000142e+02 -6.186968371801558675e+00
4.003653899999999908e+02 -6.186571323029363079e+00
4.005195899999999938e+02 -6.186611186799330753e+00
4.201816299999999842e+02 -6.185142210705885546e+00
4.504814099999999826e+02 -6.185156255578174722e+00
4.505994900000000030e+02 -6.185186781609029794e+00
4.716199799999999982e+02 -6.183554031576582233e+00
4.993542400000000043e+02 -6.182612247367057279e+00
4.995120900000000006e+02 -6.182653054734692510e+00
5.211300800000000208e+02 -6.181116760984958880e+00
5.508893799999999601e+02 -6.180498510286116520e+00
5.510436099999999442e+02 -6.180538890665742358e+00
5.687151300000000447e+02 -6.178092777181899642e+00
5.889577299999999696e+02 -6.175906291233406620e+00
5.895818199999999933e+02 -6.176067122069354376e+00
6.207313100000000077e+02 -6.175176266419470927e+00
6.463806399999999712e+02 -6.173861881573907695e+00
6.464247800000000552e+02 -6.173873292642691801e+00
6.675875600000000532e+02 -6.170770101680434827e+00
7.044040300000000343e+02 -6.171716754356856072e+00
7.047000000000000455e+02 -6.171792759640262638e+00
7.192482099999999718e+02 -6.166774502457088580e+00
7.611122400000000425e+02 -6.166173414021347554e+00
7.614768000000000256e+02 -6.166268168893433099e+00
7.671016600000000381e+02 -6.161874047469658500e+00
8.014904500000000098e+02 -6.161969709600771061e+00
8.019222999999999502e+02 -6.162081351423473130e+00
8.151310300000000097e+02 -6.157116262430204046e+00
8.600211299999999710e+02 -6.157766127925356159e+00
8.602156999999999698e+02 -6.157815919289989282e+00
8.671398000000000366e+02 -6.152327797362342032e+00
9.087220800000000054e+02 -6.152694477496280179e+00
9.091240199999999732e+02 -6.152798386988504120e+00
9.185347799999999552e+02 -6.147958713572437617e+00
9.530150800000000118e+02 -6.148168608883220365e+00
9.534969399999999951e+02 -6.148292670432510931e+00
9.701817300000000159e+02 -6.143167286853897124e+00
1.004251399999999990e+03 -6.141158264074604745e+00
1.004273800000000051e+03 -6.141163546066506385e+00
1.017249800000000050e+03 -6.136454798960544466e+00
1.054480499999999893e+03 -6.134856390974735341e+00
1.054747599999999920e+03 -6.134925950496490366e+00
1.072160900000000083e+03 -6.132922953770521879e+00
1.106893700000000081e+03 -6.132036920391909618e+00
1.107258000000000038e+03 -6.132130590340698184e+00
1.125114499999999907e+03 -6.127990999274059547e+00
1.153249900000000025e+03 -6.124553182344941504e+00
1.153754799999999932e+03 -6.124683709046996327e+00
1.165296900000000051e+03 -6.119383427581195356e+00
1.198047800000000052e+03 -6.117646136790540368e+00
1.198226599999999962e+03 -6.117692360150269515e+00
1.219522999999999911e+03 -6.115509627537853987e+00
1.250889899999999898e+03 -6.113123480670448195e+00
1.251139300000000048e+03 -6.113187955535752671e+00
1.261985200000000077e+03 -6.110039770669290604e+00
1.287212899999999991e+03 -6.105999349640545582e+00
1.287652399999999943e+03 -6.106112460286491128e+00
1.326495799999999917e+03 -6.107728138129347784e+00
1.346033899999999903e+03 -6.101882016254445595e+00
1.346230999999999995e+03 -6.101932970528509692e+00
1.372212500000000091e+03 -6.099946265690743274e+00
1.390009700000000066e+03 -6.094748193569156314e+00
1.390236599999999953e+03 -6.094806342882447936e+00
1.411515000000000100e+03 -6.093482991106664137e+00
1.438013999999999896e+03 -6.090917674636886936e+00
1.438023300000000063e+03 -6.090919570017980789e+00
1.460138099999999895e+03 -6.086950140202898041e+00
1.494894600000000082e+03 -6.088067485934201883e+00
1.495790199999999913e+03 -6.088299016364702609e+00
1.524297000000000025e+03 -6.085805982302960437e+00
1.547777599999999893e+03 -6.083602217851969307e+00
1.548212600000000066e+03 -6.083715182866444415e+00
1.569605099999999993e+03 -6.080710560860353553e+00
1.595013899999999921e+03 -6.076666581235123488e+00
1.595051200000000108e+03 -6.076675715173668557e+00
1.612602699999999913e+03 -6.076060471138286623e+00
1.653599699999999984e+03 -6.076062634888470981e+00
1.653682600000000093e+03 -6.076084066188927046e+00
1.673914299999999912e+03 -6.073062785984253864e+00
1.705343699999999899e+03 -6.068804439192068578e+00
1.705421800000000076e+03 -6.068824629596962339e+00
1.720629699999999957e+03 -6.068133744234049054e+00
1.758543300000000045e+03 -6.067579984521573877e+00
1.759258100000000013e+03 -6.067764265698467163e+00
1.770213999999999942e+03 -6.062078366994107625e+00
1.794766100000000051e+03 -6.064614256737558939e+00
1.795457300000000032e+03 -6.064792436844598456e+00
1.832148300000000063e+03 -6.062640807312589253e+00
1.834451000000000022e+03 -6.056892217532852563e+00
1.835630300000000034e+03 -6.057198107769656836e+00
1.854251400000000103e+03 -6.053355407567267754e+00
1.913280199999999923e+03 -6.051490044160289017e+00
1.914240999999999985e+03 -6.055308550178414961e+00
1.914903199999999970e+03 -6.055480759770276222e+00
1.936335299999999961e+03 -6.047024844519567566e+00
1.936664099999999962e+03 -6.047109337011585595e+00
1.948895999999999958e+03 -6.043476289560490322e+00
1.993237499999999955e+03 -6.042412989694260439e+00
1.993886999999999944e+03 -6.042580389521094553e+00
2.008765799999999899e+03 -6.043805748276688483e+00
2.037745799999999917e+03 -6.040817297006249476e+00
2.038240700000000061e+03 -6.040944729655152834e+00
2.063355799999999817e+03 -6.038173285993386763e+00
2.082337500000000091e+03 -6.034417192967394428e+00
2.083010299999999916e+03 -6.034590107454047114e+00
2.106076700000000073e+03 -6.035110019196173958e+00
2.153304799999999886e+03 -6.036737803119088142e+00
2.154338200000000143e+03 -6.037004957593048893e+00
2.176496799999999894e+03 -6.033702763834164706e+00
2.231085099999999784e+03 -6.035634995386780943e+00
2.231573699999999917e+03 -6.035759781652137335e+00
2.234985200000000077e+03 -6.034446525904023417e+00
2.268556999999999789e+03 -6.032771342158773642e+00
2.268641999999999825e+03 -6.032794334059158992e+00
2.269173999999999978e+03 -6.024788675118078807e+00
2.294733499999999822e+03 -6.021341867347674182e+00
2.295711600000000089e+03 -6.021594725670667003e+00
2.316800200000000132e+03 -6.021247647748375620e+00
2.346219500000000153e+03 -6.019093810477909479e+00
2.346775000000000091e+03 -6.012521053540767824e+00
2.346793000000000120e+03 -6.019242071645720671e+00
2.388693200000000161e+03 -6.013256989686201592e+00
2.388947500000000218e+03 -6.013323240153122029e+00
2.414366399999999885e+03 -6.017986329140543766e+00
2.443428399999999783e+03 -6.015028744729795207e+00
2.444192900000000009e+03 -6.015226892054285734e+00
