1.221338800000000049e+02 -6.232101212350254826e+00
1.317422200000000032e+02 -6.231888233011223299e+00
1.696797300000000064e+02 -6.231706011725322902e+00
1.705699899999999900e+02 -6.232055742363763251e+00
1.795598899999999958e+02 -6.231557705873287389e+00
2.184003899999999874e+02 -6.231431844266906772e+00
2.191107100000000116e+02 -6.231725388605769744e+00
2.271817200000000128e+02 -6.230951127847503379e+00
2.636390000000000100e+02 -6.229905879403445645e+00
2.641082099999999855e+02 -6.230106560763409185e+00
2.741186599999999771e+02 -6.229916118215279575e+00
3.137377399999999739e+02 -6.229694364268225648e+00
3.149906799999999976e+02 -6.229935330991120956e+00
3.237370500000000106e+02 -6.229425222553272690e+00
3.649315599999999904e+02 -6.229296276816969069e+00
3.673066400000000158e+02 -6.230001876013354867e+00
3.735247200000000021e+02 -6.228831030317931727e+00
4.146218999999999824e+02 -6.228436743722254754e+00
4.150573600000000170e+02 -6.228463831319639432e+00
4.205046699999999760e+02 -6.227111536126077596e+00
4.619616899999999760e+02 -6.226890165421980150e+00
4.621085299999999734e+02 -6.226997330637666472e+00
4.756900999999999726e+02 -6.227534693747673877e+00
5.124794200000000046e+02 -6.226242493698531000e+00
5.126087199999999484e+02 -6.226204171900212359e+00
5.224549700000000030e+02 -6.225658335135721089e+00
5.587633100000000468e+02 -6.223989400566663832e+00
5.604249499999999671e+02 -6.224472906118683646e+00
5.694443300000000363e+02 -6.224040500158040778e+00
6.077444299999999657e+02 -6.222541981003868017e+00
6.107374600000000555e+02 -6.223366624253167778e+00
6.190379699999999730e+02 -6.222334168880168548e+00
6.584090800000000172e+02 -6.220724271485453372e+00
6.639270699999999579e+02 -6.222209808829153310e+00
6.684156400000000531e+02 -6.220395941552562036e+00
7.108889900000000353e+02 -6.219352435530260514e+00
7.122932100000000446e+02 -6.219781096530701880e+00
7.198943400000000565e+02 -6.218791224436372111e+00
7.610351399999999558e+02 -6.217554866219408005e+00
7.613703000000000429e+02 -6.217576887286405452e+00
7.695883599999999660e+02 -6.216799933555904545e+00
8.102395699999999579e+02 -6.214269186507489273e+00
8.123316300000000183e+02 -6.211930420539062858e+00
8.131798400000000129e+02 -6.215091893889785446e+00
8.620575499999999920e+02 -6.212463659773634461e+00
8.630945199999999886e+02 -6.212800432461857980e+00
8.723357499999999618e+02 -6.211868692800669223e+00
9.048106299999999464e+02 -6.208103501481511799e+00
9.049891699999999446e+02 -6.208120144090547576e+00
9.215074499999999489e+02 -6.209001480289018993e+00
9.624809699999999566e+02 -6.206391732347123380e+00
9.636854100000000471e+02 -6.206775870196993061e+00
9.665770700000000488e+02 -6.204224012147762757e+00
1.007650300000000016e+03 -6.202162634346287895e+00
1.009621099999999956e+03 -6.202623275393121638e+00
1.016520499999999970e+03 -6.201036767209555656e+00
1.063525399999999991e+03 -6.195599929073555501e+00
1.068765400000000000e+03 -6.200341506024438232e+00
1.070190599999999904e+03 -6.200818334513663821e+00
1.112944700000000012e+03 -6.191688950801326641e+00
1.114687599999999975e+03 -6.195287296369937025e+00
1.114905600000000049e+03 -6.195430667754470377e+00
1.159255100000000084e+03 -6.189964795298479316e+00
1.162722299999999905e+03 -6.187001986330954217e+00
1.164455799999999954e+03 -6.191238549074784991e+00
1.211305299999999988e+03 -6.186516676370938939e+00
1.213903399999999920e+03 -6.187252452558153593e+00
1.223364900000000034e+03 -6.185882542076303281e+00
1.254378400000000056e+03 -6.179879184486774868e+00
1.257868400000000065e+03 -6.180745290330879271e+00
1.272894600000000082e+03 -6.181258704035652585e+00
1.315828400000000101e+03 -6.177563014291120425e+00
1.315936999999999898e+03 -6.173813357006932456e+00
1.316805699999999888e+03 -6.177907259529104245e+00
1.363154500000000098e+03 -6.173156190156770862e+00
1.365014699999999948e+03 -6.173554654533666586e+00
1.380681599999999889e+03 -6.173348804732657236e+00
1.413456200000000081e+03 -6.167716256780800599e+00
1.422300899999999956e+03 -6.166491694801410794e+00
1.423086999999999989e+03 -6.170301674883801546e+00
1.449475500000000011e+03 -6.159737610812034525e+00
1.456808500000000095e+03 -6.161604332623274338e+00
1.476938499999999976e+03 -6.163050960007564250e+00
1.517020199999999932e+03 -6.157754420289641928e+00
1.517025900000000092e+03 -6.153620436902176749e+00
1.518781199999999899e+03 -6.158306356120915481e+00
1.554916500000000042e+03 -6.151317906074050157e+00
1.555136999999999944e+03 -6.151343869616284543e+00
1.567856600000000071e+03 -6.151220272974106784e+00
1.605787900000000036e+03 -6.148007238056489854e+00
1.615629400000000032e+03 -6.150604382563221506e+00
1.623024100000000089e+03 -6.148984612553355156e+00
1.655333100000000059e+03 -6.143059196205306272e+00
1.660263699999999972e+03 -6.144376089355655601e+00
1.665428699999999935e+03 -6.141737194471922123e+00
1.697231899999999996e+03 -6.136204629582315384e+00
1.701074800000000096e+03 -6.137193007200004935e+00
1.701977799999999888e+03 -6.133503185870178953e+00
1.746144299999999930e+03 -6.130854852632330321e+00
1.752786499999999933e+03 -6.132566396177222323e+00
1.758159400000000005e+03 -6.130124744427674521e+00
1.798909400000000005e+03 -6.126601828439758535e+00
1.807116299999999910e+03 -6.128736196832447192e+00
1.808514799999999923e+03 -6.125265048140327018e+00
1.854322499999999991e+03 -6.125644804005502486e+00
1.855140100000000075e+03 -6.125884665710498389e+00
1.862016200000000026e+03 -6.123225067047857628e+00
1.899139400000000023e+03 -6.119108536398983667e+00
1.907182299999999941e+03 -6.121205596067202492e+00
1.914655500000000075e+03 -6.119533862593579343e+00
1.950604900000000043e+03 -6.115444127560886400e+00
1.960265300000000025e+03 -6.117964940576579913e+00
1.961697799999999916e+03 -6.115616971954201730e+00
1.993200199999999995e+03 -6.110261071306294589e+00
1.997978900000000067e+03 -6.111476615087067188e+00
2.014613700000000108e+03 -6.111992185566145430e+00
2.047508599999999888e+03 -6.103887684434978311e+00
2.060084100000000035e+03 -6.109208211015292989e+00
2.062087199999999939e+03 -6.109657356946823548e+00
2.080447599999999966e+03 -6.098321044442951866e+00
2.091986199999999826e+03 -6.101220041344930678e+00
2.116067399999999907e+03 -6.104096742404368392e+00
2.148186099999999897e+03 -6.099333711236058164e+00
2.149125300000000152e+03 -6.099577530842712036e+00
2.155212500000000091e+03 -6.096420377030863591e+00
2.188358000000000175e+03 -6.092486604404319550e+00
2.193998999999999796e+03 -6.093891994388680011e+00
2.204893599999999878e+03 -6.091751209130366718e+00
2.244803300000000036e+03 -6.088577413432426866e+00
2.261255700000000161e+03 -6.092838319194168406e+00
2.261685800000000199e+03 -6.087857406022051165e+00
2.296090400000000045e+03 -6.087553634082825127e+00
2.299790100000000166e+03 -6.088503465087363509e+00
2.300768399999999929e+03 -6.084137506805770812e+00
2.351760400000000118e+03 -6.081779042139021207e+00
2.359569700000000012e+03 -6.087850415403434745e+00
2.362355199999999968e+03 -6.088635655929717672e+00
2.398326599999999871e+03 -6.081063413749229873e+00
2.399764599999999973e+03 -6.081432621108068481e+00
2.409401100000000042e+03 -6.078960485703513328e+00
2.449945400000000063e+03 -6.077628438577806769e+00
2.450551300000000083e+03 -6.077793726309701050e+00
