1.006631000000000000e+02 -3.455745428478321557e+00
1.260166899999999970e+02 -3.455126520564885784e+00
1.510730700000000013e+02 -3.455442939561345739e+00
1.748177499999999895e+02 -3.454753302975869023e+00
2.012676299999999969e+02 -3.455020901686159718e+00
2.241818199999999877e+02 -3.453975003701783564e+00
2.506301499999999862e+02 -3.453772376752012097e+00
2.747840600000000109e+02 -3.453316409294338030e+00
2.973730800000000158e+02 -3.451818088936644102e+00
3.214563800000000242e+02 -3.450863000300876227e+00
3.516600900000000252e+02 -3.451386556814601825e+00
3.727212900000000104e+02 -3.449710341711815342e+00
3.991615600000000086e+02 -3.449056007643581445e+00
4.189625500000000216e+02 -3.446457320894749543e+00
4.466105499999999893e+02 -3.445763234722457380e+00
4.724881100000000060e+02 -3.444798611085984508e+00
4.973146100000000160e+02 -3.442851042193380007e+00
5.201271100000000160e+02 -3.441078061507123032e+00
5.498161099999999806e+02 -3.439560454281841650e+00
5.685569100000000162e+02 -3.436676187208915323e+00
5.984818699999999581e+02 -3.435932790192776753e+00
6.188342400000000225e+02 -3.431948404751002268e+00
6.527157899999999700e+02 -3.432232597364377469e+00
6.663082299999999805e+02 -3.426274653345819488e+00
7.011210200000000441e+02 -3.425387011166872941e+00
7.165736699999999928e+02 -3.421380505818123918e+00
7.490468600000000379e+02 -3.421479980388841380e+00
7.710317800000000261e+02 -3.417097572420352058e+00
7.982792699999999968e+02 -3.416340400337129157e+00
8.130132599999999456e+02 -3.410119153274526749e+00
8.511003100000000359e+02 -3.410335808845356365e+00
8.656450099999999566e+02 -3.405643481220460345e+00
9.068317500000000564e+02 -3.406124474677807878e+00
9.162915699999999788e+02 -3.399857529027634495e+00
9.526383399999999710e+02 -3.398761881709230881e+00
9.728476399999999558e+02 -3.396362125944572874e+00
9.978794900000000325e+02 -3.395173933551471457e+00
1.019022600000000011e+03 -3.392315861044228331e+00
1.049354499999999916e+03 -3.390111871289815504e+00
1.064049999999999955e+03 -3.385490688043829799e+00
1.104968699999999899e+03 -3.387194113857742828e+00
1.111145999999999958e+03 -3.382620043041822289e+00
1.162112100000000055e+03 -3.384722672247391095e+00
1.172388699999999972e+03 -3.379821165039681219e+00
1.209051200000000108e+03 -3.374368762438892055e+00
1.219943800000000010e+03 -3.381058673248840574e+00
1.239219499999999925e+03 -3.371254628226918459e+00
1.272878600000000006e+03 -3.372495357458610510e+00
1.298512300000000096e+03 -3.369031094373086788e+00
1.313528700000000072e+03 -3.367184809917577848e+00
1.357109600000000000e+03 -3.368688669753605591e+00
1.360547800000000052e+03 -3.362331431080996413e+00
1.410893800000000056e+03 -3.365644706701212296e+00
1.415854700000000093e+03 -3.362300289915042484e+00
1.442359400000000051e+03 -3.359917344627310509e+00
1.466661100000000033e+03 -3.359926359727659850e+00
1.482001700000000028e+03 -3.356693146535136840e+00
1.525624800000000050e+03 -3.359085536509736514e+00
1.538324200000000019e+03 -3.354375504657316487e+00
1.569933299999999917e+03 -3.354395091604970069e+00
1.603380000000000109e+03 -3.352419044731296704e+00
1.618060799999999972e+03 -3.351727655787732907e+00
1.649531799999999976e+03 -3.351279676694676191e+00
1.656563000000000102e+03 -3.346587052141405394e+00
1.707765499999999975e+03 -3.344794048048617352e+00
1.715843599999999924e+03 -3.346520449832166122e+00
1.753643800000000056e+03 -3.342528967692928177e+00
1.779243400000000065e+03 -3.348136542447121222e+00
1.795929499999999962e+03 -3.341820015746564732e+00
1.819817299999999932e+03 -3.343255308512145252e+00
1.847132900000000063e+03 -3.340893924557803096e+00
1.853222500000000082e+03 -3.338718207395649618e+00
1.903245799999999917e+03 -3.335450602911533835e+00
1.914151699999999892e+03 -3.338066199135804712e+00
1.937959000000000060e+03 -3.332703202929435449e+00
1.948449299999999994e+03 -3.331755272384960165e+00
1.986476699999999937e+03 -3.334661473658850017e+00
2.022970700000000079e+03 -3.337081447762573205e+00
2.033184299999999894e+03 -3.327967592331026125e+00
2.059956400000000031e+03 -3.331961886400687245e+00
2.104219000000000051e+03 -3.330530641990209428e+00
2.104745199999999841e+03 -3.330285696131112250e+00
2.144763699999999972e+03 -3.329752433261270905e+00
2.158179500000000189e+03 -3.328153515920426297e+00
2.211009599999999864e+03 -3.328361219804456095e+00
2.214838699999999790e+03 -3.329915030458026060e+00
2.237768599999999878e+03 -3.320972165936217912e+00
2.254944700000000012e+03 -3.328960005829051827e+00
2.304193999999999960e+03 -3.327837767957149584e+00
2.323576700000000073e+03 -3.325558891180592891e+00
2.362561000000000149e+03 -3.324483842025951930e+00
2.374321199999999862e+03 -3.317874637422159267e+00
2.378014099999999871e+03 -3.321125733084437037e+00
2.396319899999999961e+03 -3.317653027762759166e+00
2.433268500000000131e+03 -3.314705434441091114e+00
