1.000714399999999955e+02 -1.484176433508971105e+00
1.265760400000000061e+02 -1.483815851947916764e+00
1.503999599999999930e+02 -1.483874463557578904e+00
1.504730399999999975e+02 -1.483893407077934601e+00
1.752661500000000103e+02 -1.483210155523704055e+00
1.990150899999999865e+02 -1.482917610463041935e+00
1.990871699999999862e+02 -1.482936295463488818e+00
2.248497299999999939e+02 -1.482618209084092031e+00
2.485216700000000003e+02 -1.482163533280483447e+00
2.487147300000000030e+02 -1.482213392248709072e+00
2.730822400000000130e+02 -1.481053688812130176e+00
2.999043199999999842e+02 -1.480689491127970880e+00
3.001532799999999952e+02 -1.480753852244515389e+00
3.212719200000000228e+02 -1.479062006167068066e+00
3.466859000000000037e+02 -1.478801423480788024e+00
3.467632199999999898e+02 -1.478821564896370289e+00
3.757321200000000090e+02 -1.477888965813541233e+00
4.022237900000000081e+02 -1.477246952845915340e+00
4.022402500000000032e+02 -1.477251360739835651e+00
4.214558499999999981e+02 -1.473632674254529151e+00
4.542728900000000181e+02 -1.474058523086063444e+00
4.542871599999999717e+02 -1.474061957738134643e+00
4.744857099999999832e+02 -1.471080143421804376e+00
5.008174599999999828e+02 -1.469233344026048771e+00
5.009802700000000186e+02 -1.469275382767027072e+00
5.191484799999999495e+02 -1.466284612270756016e+00
5.492931499999999687e+02 -1.466121981690080345e+00
5.494029399999999441e+02 -1.466150313705483210e+00
5.728940800000000309e+02 -1.463557202000597801e+00
5.965568700000000035e+02 -1.460974321130621867e+00
5.966658300000000281e+02 -1.461002336803688406e+00
6.238485299999999825e+02 -1.459073927122745751e+00
6.483324599999999691e+02 -1.457765407486246279e+00
6.486608099999999695e+02 -1.457850394269178729e+00
6.716290699999999561e+02 -1.454216958071181232e+00
7.040104300000000421e+02 -1.453371616023462654e+00
7.043017599999999447e+02 -1.453447185055581903e+00
7.157074199999999564e+02 -1.449328911817296728e+00
7.436267299999999523e+02 -1.447572357313308578e+00
7.440245800000000145e+02 -1.447675514771540772e+00
7.670532100000000355e+02 -1.446128161707850746e+00
7.997587800000000016e+02 -1.445260792755212353e+00
8.001804499999999507e+02 -1.445369853730646525e+00
8.126875999999999749e+02 -1.441270461340233400e+00
8.418115599999999858e+02 -1.441740608643522936e+00
8.421059400000000323e+02 -1.441817118817583010e+00
8.663503699999999981e+02 -1.438021383438982115e+00
8.991242799999999988e+02 -1.437654838667517421e+00
8.999238400000000411e+02 -1.437861540845957409e+00
9.164217700000000377e+02 -1.434880705926137034e+00
9.569105200000000195e+02 -1.436068696553985280e+00
9.579036300000000210e+02 -1.436325893229466910e+00
9.685324200000000019e+02 -1.432811841638839567e+00
9.985772100000000364e+02 -1.431833750358327828e+00
9.989174299999999675e+02 -1.431921653116361659e+00
1.016475400000000036e+03 -1.429257806923597052e+00
1.051355299999999943e+03 -1.430102352200151916e+00
1.052090200000000095e+03 -1.430292440252088237e+00
1.069723300000000108e+03 -1.426833341308977543e+00
1.088409499999999980e+03 -1.423779605904302192e+00
1.088611699999999928e+03 -1.423831217119623016e+00
1.106217699999999923e+03 -1.420391165614883766e+00
1.146638300000000072e+03 -1.422719231984330923e+00
1.147143199999999979e+03 -1.422849606030166747e+00
1.177124600000000100e+03 -1.422011447140056672e+00
1.199413199999999961e+03 -1.416932459992342963e+00
1.199694099999999935e+03 -1.417005027349374835e+00
1.214166699999999992e+03 -1.414667050465500120e+00
1.244167999999999893e+03 -1.416577166591760362e+00
1.244733099999999922e+03 -1.416723663275584855e+00
1.264112200000000030e+03 -1.413332162361041533e+00
1.302320300000000088e+03 -1.415463177103716941e+00
1.302975899999999911e+03 -1.415632866297681591e+00
1.324450800000000072e+03 -1.412695597624581856e+00
1.352859699999999975e+03 -1.411299379438306190e+00
1.353280600000000049e+03 -1.411408343124222808e+00
1.367277700000000095e+03 -1.410464690176274516e+00
1.401909699999999930e+03 -1.411676198642169533e+00
1.402105600000000095e+03 -1.411726944463154609e+00
1.421105600000000095e+03 -1.407476142090962945e+00
1.443155500000000075e+03 -1.402016700057376442e+00
1.444164500000000089e+03 -1.402277953728805926e+00
1.460828800000000001e+03 -1.401695003588146804e+00
1.495844200000000001e+03 -1.401941818287946173e+00
1.496600799999999936e+03 -1.402137617992719854e+00
1.524435400000000072e+03 -1.402946941592703389e+00
1.556103100000000040e+03 -1.397554443937699009e+00
1.556596600000000080e+03 -1.397681718200354029e+00
1.558458900000000085e+03 -1.396273835585077228e+00
1.609337899999999991e+03 -1.394911600871644453e+00
1.615377799999999979e+03 -1.402157393096188809e+00
1.617093200000000024e+03 -1.402601926741614768e+00
1.644620300000000043e+03 -1.393110098640759409e+00
1.645228100000000040e+03 -1.393267023499825452e+00
1.651828400000000101e+03 -1.390180436057884883e+00
1.683916799999999967e+03 -1.389922852827313982e+00
1.684687300000000050e+03 -1.390122907469101721e+00
1.705330500000000029e+03 -1.389206023676145874e+00
1.759275300000000016e+03 -1.391500393494717880e+00
1.761017700000000104e+03 -1.391951398323626465e+00
1.773359799999999950e+03 -1.389851266796830576e+00
1.796811799999999948e+03 -1.382747425997833846e+00
1.797176300000000083e+03 -1.382841503848446507e+00
1.811595100000000002e+03 -1.384431660115958751e+00
1.841324100000000044e+03 -1.379813056418565775e+00
1.841559799999999996e+03 -1.379874447529771730e+00
1.869937400000000025e+03 -1.384075317804681848e+00
1.900368699999999990e+03 -1.381974014548600138e+00
1.900979499999999916e+03 -1.382132020279829732e+00
1.910019600000000082e+03 -1.377624673680928780e+00
1.950294799999999896e+03 -1.376439983333767270e+00
1.951797100000000000e+03 -1.376828561334682233e+00
1.956790099999999939e+03 -1.374611260460754991e+00
2.001942399999999907e+03 -1.377495610466316078e+00
2.003375500000000102e+03 -1.377866400660340274e+00
2.006332100000000082e+03 -1.369133742862247649e+00
2.043709000000000060e+03 -1.373615619801198839e+00
2.044814599999999928e+03 -1.373901286756371132e+00
2.065753999999999905e+03 -1.367279936462761025e+00
2.112969799999999850e+03 -1.363892836947399045e+00
2.114741599999999835e+03 -1.364351900230286629e+00
2.115131199999999808e+03 -1.363254013846959101e+00
2.153986800000000130e+03 -1.359733979359553979e+00
2.154133299999999963e+03 -1.359771699870004236e+00
2.169943200000000161e+03 -1.360320811495566273e+00
2.202248999999999796e+03 -1.359990995728302732e+00
2.202438500000000204e+03 -1.360039832594840181e+00
2.213498099999999795e+03 -1.356636187143493988e+00
2.253108299999999872e+03 -1.354824054901748509e+00
2.253893799999999828e+03 -1.355027427602704559e+00
2.268436700000000201e+03 -1.349878904945248870e+00
2.301126200000000154e+03 -1.354301397453919975e+00
2.301204499999999825e+03 -1.354321639562794388e+00
2.306711699999999837e+03 -1.347739610354753648e+00
2.338339800000000196e+03 -1.351492839080943753e+00
2.338727300000000014e+03 -1.351593778826772230e+00
2.369646099999999933e+03 -1.341341229448676842e+00
2.398179900000000089e+03 -1.347188932802862116e+00
2.398478599999999915e+03 -1.347266254470492308e+00
2.411196199999999862e+03 -1.333324870281677565e+00
2.444073300000000017e+03 -1.332726962285464278e+00
2.444445299999999861e+03 -1.332822877264581818e+00
