9.946980100000000391e+01 -3.311314811954874759e+00
1.268351300000000066e+02 -3.310855404637270016e+00
1.508767799999999966e+02 -3.310911174944870528e+00
1.764800799999999867e+02 -3.310148598956291099e+00
1.988434200000000089e+02 -3.309309063853215438e+00
2.246584300000000098e+02 -3.308368571038038386e+00
2.482692800000000091e+02 -3.308119708196604503e+00
2.739508900000000153e+02 -3.306073234830044782e+00
2.967243500000000154e+02 -3.305011716584549841e+00
3.253921599999999899e+02 -3.302785576506008347e+00
3.511770200000000273e+02 -3.302170079871243225e+00
3.724537399999999820e+02 -3.296889444606356356e+00
3.992228799999999751e+02 -3.295749297495352170e+00
4.222730799999999931e+02 -3.289350050728488739e+00
4.506162299999999732e+02 -3.288745912814638128e+00
4.684188700000000267e+02 -3.280223529557131368e+00
5.043472899999999868e+02 -3.281760011322239379e+00
5.251978599999999915e+02 -3.276034738024062420e+00
5.496254099999999880e+02 -3.273487340165156301e+00
5.687256999999999607e+02 -3.267802765996242975e+00
6.056824699999999666e+02 -3.268160103833727348e+00
6.146026799999999639e+02 -3.261932316916154484e+00
6.488468199999999797e+02 -3.262647667390954798e+00
6.673315000000000055e+02 -3.258134446493257119e+00
7.030738900000000058e+02 -3.256782310662302837e+00
7.191955299999999625e+02 -3.253275640396041002e+00
7.480040800000000445e+02 -3.252384276430660304e+00
7.658069900000000416e+02 -3.247841557925696510e+00
7.969527199999999993e+02 -3.246642382388319703e+00
8.187998800000000301e+02 -3.244763491594431226e+00
8.617255999999999858e+02 -3.245722694486747439e+00
8.651536800000000085e+02 -3.240510967009715415e+00
8.957229099999999562e+02 -3.239336782833544870e+00
9.182275399999999763e+02 -3.237080588581992213e+00
9.540376800000000230e+02 -3.235583490373305615e+00
9.755393100000000004e+02 -3.235434884430758107e+00
1.006082199999999943e+03 -3.233783506146514330e+00
1.022542599999999993e+03 -3.231737605652710066e+00
1.051923500000000104e+03 -3.229954769367544554e+00
1.058456599999999980e+03 -3.225092871264373162e+00
1.098888599999999997e+03 -3.226273823698295296e+00
1.119088299999999890e+03 -3.226140719055190953e+00
1.145160000000000082e+03 -3.224282665503772183e+00
1.170682600000000093e+03 -3.223734521076183412e+00
1.205346099999999979e+03 -3.222368431009990708e+00
1.210367799999999988e+03 -3.219424222362520016e+00
1.237172199999999975e+03 -3.217068480710322476e+00
1.267418599999999969e+03 -3.219927264361006625e+00
1.294027100000000019e+03 -3.217715057368181863e+00
1.317109099999999899e+03 -3.215496125977738373e+00
1.368058399999999892e+03 -3.216658273233448107e+00
1.373263899999999921e+03 -3.219908181400126246e+00
1.394769500000000107e+03 -3.212376722278259322e+00
1.416439100000000053e+03 -3.213470908945792015e+00
1.460078500000000076e+03 -3.214262078233540265e+00
1.463036599999999908e+03 -3.209970577602650810e+00
1.499468100000000049e+03 -3.208789822667180935e+00
1.503330500000000029e+03 -3.207610536354909669e+00
1.531036299999999983e+03 -3.207444470182716501e+00
1.567778399999999920e+03 -3.208836124293041880e+00
1.596887699999999995e+03 -3.209554415339896050e+00
1.616584499999999935e+03 -3.207631164661667533e+00
1.658144800000000032e+03 -3.210913951658883825e+00
1.664251999999999953e+03 -3.206009831058160842e+00
1.696546199999999999e+03 -3.206170401357164135e+00
1.706645299999999907e+03 -3.203560326222415711e+00
1.759838999999999942e+03 -3.207425024078066400e+00
1.774549600000000055e+03 -3.207167707845214544e+00
1.805582000000000107e+03 -3.202764493762121578e+00
1.808083900000000085e+03 -3.202380753478809794e+00
1.856470800000000054e+03 -3.200094595108421203e+00
1.857058700000000044e+03 -3.203288559422926340e+00
1.883068199999999933e+03 -3.203785329657979464e+00
1.918824200000000019e+03 -3.203789907886487320e+00
1.948873599999999897e+03 -3.199436965231931662e+00
1.952386999999999944e+03 -3.199048180079601789e+00
1.975172900000000027e+03 -3.195008094797146647e+00
2.033095000000000027e+03 -3.205398455210663577e+00
2.080204200000000128e+03 -3.202404925093600419e+00
2.087758899999999812e+03 -3.201831861236811072e+00
2.101189800000000105e+03 -3.202160773864524579e+00
2.104213499999999840e+03 -3.197323286892362226e+00
2.130112299999999777e+03 -3.197697911597140674e+00
2.165421400000000176e+03 -3.200807392857392131e+00
2.202195600000000013e+03 -3.197470830089403915e+00
2.216138399999999820e+03 -3.199978639205084185e+00
2.239817599999999857e+03 -3.197572705715002073e+00
2.261666999999999916e+03 -3.197967343323845579e+00
2.310164000000000215e+03 -3.197155862121227266e+00
2.317920500000000175e+03 -3.201405525286124654e+00
2.334018199999999979e+03 -3.198302344457474966e+00
2.353425900000000183e+03 -3.195849796341171167e+00
2.385456700000000183e+03 -3.198267023157654432e+00
2.412961800000000039e+03 -3.200240553822749412e+00
2.455741899999999987e+03 -3.199163230524849855e+00
