1.001737399999999951e+02 -4.363679574579683695e+00
1.270841199999999986e+02 -4.363712720792131350e+00
1.494417200000000037e+02 -4.363538300604236753e+00
1.494687900000000127e+02 -4.363545298738173983e+00
1.747876100000000008e+02 -4.363307896693648047e+00
1.995671700000000044e+02 -4.363208308895241139e+00
1.996111199999999997e+02 -4.363219670845241538e+00
2.234819400000000087e+02 -4.363070175001183770e+00
2.503247499999999945e+02 -4.363324556463234138e+00
2.503501300000000072e+02 -4.363331066813118220e+00
2.725067199999999730e+02 -4.362654498350853949e+00
3.002911599999999908e+02 -4.362468002974046577e+00
3.005650899999999979e+02 -4.362538768447312698e+00
3.217334200000000237e+02 -4.362277181210099108e+00
3.485171100000000024e+02 -4.362117133849951145e+00
3.488665100000000052e+02 -4.362207562476967837e+00
3.702570999999999799e+02 -4.361311188810613082e+00
3.978270400000000109e+02 -4.361103639447824420e+00
3.982754299999999716e+02 -4.361219506304416349e+00
4.168210199999999759e+02 -4.359807163138722075e+00
4.505158900000000131e+02 -4.360366115813190113e+00
4.507342699999999809e+02 -4.360422622276323601e+00
4.678369200000000205e+02 -4.358906077993382588e+00
4.901566799999999944e+02 -4.357766807225686101e+00
4.904956199999999740e+02 -4.357854938817704138e+00
5.175679000000000087e+02 -4.357898593993281722e+00
5.506835300000000188e+02 -4.358288312485136373e+00
5.507799099999999726e+02 -4.358313279519372863e+00
5.687393299999999954e+02 -4.356736525730886989e+00
6.043220999999999776e+02 -4.357001124137891424e+00
6.047531300000000556e+02 -4.357112299547236667e+00
6.194864400000000160e+02 -4.355566736654458815e+00
6.481395599999999604e+02 -4.355057946893214904e+00
6.481903800000000047e+02 -4.355071033989584173e+00
6.707833699999999908e+02 -4.352920473112859234e+00
6.979314699999999903e+02 -4.352080665966493456e+00
6.981128700000000435e+02 -4.352127459707173962e+00
7.162248100000000477e+02 -4.348895854894849755e+00
7.462744699999999511e+02 -4.348241279882908650e+00
7.465702599999999620e+02 -4.348317594830573007e+00
7.733506700000000365e+02 -4.346940589205562588e+00
8.018313299999999799e+02 -4.345689830610685256e+00
8.023926500000000033e+02 -4.345834841235191703e+00
8.128838700000000017e+02 -4.341212967784071175e+00
8.490853399999999738e+02 -4.341511113110106734e+00
8.493492999999999711e+02 -4.341579402910693553e+00
8.678581900000000360e+02 -4.339442123255058625e+00
8.950912899999999581e+02 -4.337920748676694416e+00
8.951893099999999777e+02 -4.337945834371144116e+00
9.126536899999999832e+02 -4.332605493279742426e+00
9.484458200000000261e+02 -4.332122261415301878e+00
9.485467399999999998e+02 -4.332148249473706692e+00
9.676204699999999548e+02 -4.329737492915866959e+00
9.855221099999999979e+02 -4.326052478012314850e+00
9.864758799999999610e+02 -4.326298486806455124e+00
1.015282600000000002e+03 -4.324048925345000072e+00
1.046343800000000101e+03 -4.323089855190141328e+00
1.047175099999999929e+03 -4.323304711905086251e+00
1.065175600000000031e+03 -4.318227179783503900e+00
1.106924299999999903e+03 -4.318498067412951613e+00
1.107077600000000075e+03 -4.318538003827438132e+00
1.111175899999999956e+03 -4.312193872929581673e+00
1.140413700000000063e+03 -4.309765961842955129e+00
1.141924500000000080e+03 -4.310157144346344005e+00
1.171638799999999947e+03 -4.309834608104233133e+00
1.189076199999999972e+03 -4.305485612927285821e+00
1.189666799999999967e+03 -4.305638854525009052e+00
1.209547399999999925e+03 -4.302778894281934718e+00
1.251234300000000076e+03 -4.303209919771399328e+00
1.251472199999999930e+03 -4.303271319886937896e+00
1.268593699999999899e+03 -4.299578496658688742e+00
1.302291600000000017e+03 -4.296815110319963438e+00
1.302322699999999941e+03 -4.296823048518321642e+00
1.308984600000000000e+03 -4.291687914093290424e+00
1.348969499999999925e+03 -4.291254147327800972e+00
1.349469299999999976e+03 -4.291383304692914180e+00
1.364671100000000024e+03 -4.287991422452185120e+00
1.381853399999999965e+03 -4.283121919514069731e+00
1.382091699999999946e+03 -4.283182659756480604e+00
1.422978599999999915e+03 -4.285090260322204969e+00
1.444410900000000083e+03 -4.279565803248102540e+00
1.444592799999999897e+03 -4.279613184217391897e+00
1.466174099999999953e+03 -4.278835164378913980e+00
1.508387699999999995e+03 -4.272017404207562485e+00
1.513869799999999941e+03 -4.279374642306939869e+00
1.516277599999999893e+03 -4.279996495918957145e+00
1.543027299999999968e+03 -4.270724567634413660e+00
1.543629899999999907e+03 -4.270880707929419984e+00
1.565801699999999983e+03 -4.268974456655723948e+00
1.612191900000000032e+03 -4.268749304744036799e+00
1.613062899999999900e+03 -4.268975187980461605e+00
1.619395299999999907e+03 -4.267757415515717412e+00
1.649579600000000028e+03 -4.266023002804456787e+00
1.650032500000000027e+03 -4.266140137356649653e+00
1.669562100000000100e+03 -4.261605119507666295e+00
1.692266000000000076e+03 -4.256636497917117623e+00
1.692316199999999981e+03 -4.256649730043580604e+00
1.720024200000000064e+03 -4.258938893718381635e+00
1.744414199999999937e+03 -4.256186795560850555e+00
1.745192700000000059e+03 -4.256388511278661468e+00
1.783102599999999939e+03 -4.251958260745759333e+00
1.783996200000000044e+03 -4.252190291844564207e+00
1.787559799999999996e+03 -4.257722076494250274e+00
1.825828500000000076e+03 -4.253151527744917004e+00
1.860670599999999922e+03 -4.245298686476747463e+00
1.864038800000000037e+03 -4.252219351817592141e+00
1.865096800000000030e+03 -4.252492102600223589e+00
1.893345499999999902e+03 -4.242386547684509956e+00
1.894927100000000110e+03 -4.242795321001771036e+00
1.913072599999999966e+03 -4.241399992361843729e+00
1.938583000000000084e+03 -4.240682909338403306e+00
1.939969900000000052e+03 -4.241042264766692327e+00
1.974963600000000042e+03 -4.240323363742822593e+00
2.016010600000000068e+03 -4.239449536329898294e+00
2.017205200000000104e+03 -4.239757753588317080e+00
2.024570699999999988e+03 -4.239790367628372358e+00
2.054519099999999980e+03 -4.236261609598361844e+00
2.054594599999999900e+03 -4.236280822539055357e+00
2.064958399999999983e+03 -4.234383488635820925e+00
2.111962599999999838e+03 -4.234542388526318035e+00
2.112455699999999979e+03 -4.234670424432912306e+00
2.115541900000000169e+03 -4.230916060149445102e+00
2.139694800000000214e+03 -4.227152076650779300e+00
2.141543299999999817e+03 -4.227630713983656641e+00
2.144420999999999822e+03 -4.223047361793972776e+00
2.203511700000000019e+03 -4.222398591040071203e+00
2.217614099999999780e+03 -4.229769357470374302e+00
2.217752700000000004e+03 -4.229804323277859268e+00
2.250819899999999961e+03 -4.225547896574193274e+00
2.251183899999999994e+03 -4.225642048706474974e+00
2.266444399999999860e+03 -4.223061545533112415e+00
2.297483299999999872e+03 -4.216306867111333290e+00
2.302432200000000194e+03 -4.221995934693217656e+00
2.302917899999999918e+03 -4.222121345156800487e+00
2.346996999999999844e+03 -4.217741023832945579e+00
2.347759500000000116e+03 -4.217938094378151703e+00
2.359988800000000083e+03 -4.216585465758399209e+00
2.404086600000000089e+03 -4.211530047960994949e+00
2.408682999999999993e+03 -4.218072929265592741e+00
2.411015600000000177e+03 -4.218676716086417144e+00
2.457069800000000214e+03 -4.211969169223959142e+00
2.457633100000000013e+03 -4.212115149686541216e+00
