1.025804100000000005e+02 -2.798496586908902017e+00
1.273304499999999990e+02 -2.798118250159263631e+00
1.511597999999999900e+02 -2.797818760138178540e+00
1.755537999999999954e+02 -2.797200506970113576e+00
1.990821200000000033e+02 -2.796571362826203888e+00
2.223352600000000052e+02 -2.795547549761970618e+00
2.492590199999999925e+02 -2.795663434433451222e+00
2.730144700000000171e+02 -2.794584001199599044e+00
3.012665600000000268e+02 -2.794860149045371500e+00
3.206836799999999812e+02 -2.792503868875395145e+00
3.495557900000000018e+02 -2.792380615653830667e+00
3.717590200000000209e+02 -2.790939491492749003e+00
3.992925099999999929e+02 -2.790256154332687810e+00
4.214653299999999945e+02 -2.788355306175311910e+00
4.505477200000000266e+02 -2.787907267359617691e+00
4.717076700000000073e+02 -2.785829906967984826e+00
4.956166600000000244e+02 -2.784126672071272068e+00
5.212915400000000545e+02 -2.782375782293365685e+00
5.461349000000000160e+02 -2.780286785358049073e+00
5.704748499999999467e+02 -2.779110492427249834e+00
5.969546500000000151e+02 -2.777418290942287538e+00
6.174939100000000280e+02 -2.774930469828337465e+00
6.476072100000000091e+02 -2.774206655999590154e+00
6.712555399999999963e+02 -2.771915426713940533e+00
7.015112500000000182e+02 -2.770939145171951168e+00
7.166712400000000116e+02 -2.766431019652459966e+00
7.511652400000000398e+02 -2.766025181294177404e+00
7.647110699999999497e+02 -2.761739596374242378e+00
7.992273000000000138e+02 -2.761927994634685302e+00
8.190800400000000536e+02 -2.757769258650191180e+00
8.558932099999999537e+02 -2.758992332788564372e+00
8.705547000000000253e+02 -2.754715909081816516e+00
8.970996599999999717e+02 -2.752804240928356183e+00
9.221499700000000530e+02 -2.751252206931235733e+00
9.428347599999999602e+02 -2.747430341213739968e+00
9.709177899999999681e+02 -2.747148993738652845e+00
9.918451400000000149e+02 -2.743318391500168207e+00
1.018071900000000028e+03 -2.742404097972156674e+00
1.051917599999999993e+03 -2.741439708582068313e+00
1.061010199999999941e+03 -2.737274145147512439e+00
1.095083100000000059e+03 -2.736486850935257120e+00
1.105623800000000074e+03 -2.732420868988170604e+00
1.154848500000000058e+03 -2.734127097498418202e+00
1.164775599999999940e+03 -2.729071987022773538e+00
1.196510199999999941e+03 -2.729183605029509518e+00
1.221331599999999980e+03 -2.727966704251622243e+00
1.254846099999999979e+03 -2.725841993291568954e+00
1.268022999999999911e+03 -2.723513699016884893e+00
1.295483600000000024e+03 -2.722495621739800864e+00
1.308387400000000071e+03 -2.718591993335204737e+00
1.354117400000000089e+03 -2.720511147243141803e+00
1.366735100000000102e+03 -2.716449340945541913e+00
1.395346900000000005e+03 -2.716345755565432007e+00
1.414285800000000108e+03 -2.713194871040193412e+00
1.434977200000000039e+03 -2.708839704979922658e+00
1.468506200000000035e+03 -2.711049904781224207e+00
1.500732899999999972e+03 -2.710158372024839668e+00
1.510492099999999937e+03 -2.703647480725718477e+00
1.556870400000000018e+03 -2.707050892972606260e+00
1.564863499999999931e+03 -2.705146680221940159e+00
1.602817700000000059e+03 -2.705902978803278458e+00
1.614549299999999903e+03 -2.702592252705948273e+00
1.649766100000000051e+03 -2.701886808055904421e+00
1.667267399999999952e+03 -2.698336949846430688e+00
1.696466799999999921e+03 -2.695551411615652704e+00
1.704147200000000112e+03 -2.692619178740938590e+00
1.754939100000000053e+03 -2.692437103515790575e+00
1.769778800000000047e+03 -2.691653066538627126e+00
1.804121799999999894e+03 -2.693791287542190105e+00
1.810417200000000093e+03 -2.686176508359030990e+00
1.843286299999999983e+03 -2.688915886976596781e+00
1.853593000000000075e+03 -2.682259338095819956e+00
1.903186300000000074e+03 -2.684074341677131770e+00
1.917754899999999907e+03 -2.683242355104276555e+00
1.937228499999999940e+03 -2.679540305693004498e+00
1.958262300000000096e+03 -2.675052050906160162e+00
1.998537299999999959e+03 -2.681055177774210208e+00
2.016543100000000095e+03 -2.678607450573054827e+00
2.044106299999999919e+03 -2.675993060068392548e+00
2.046482500000000073e+03 -2.671034029206017735e+00
2.087428199999999833e+03 -2.671744893026128498e+00
2.111755099999999857e+03 -2.672664809150187448e+00
2.144881499999999960e+03 -2.669390102457131153e+00
2.164498599999999897e+03 -2.668759243874864850e+00
2.204851799999999912e+03 -2.667186718894771325e+00
2.215874099999999999e+03 -2.663548008301949377e+00
2.239042800000000170e+03 -2.660035695757573038e+00
2.268397100000000137e+03 -2.661488197375700526e+00
2.322475899999999911e+03 -2.663138194003539461e+00
2.353100899999999911e+03 -2.666503717529508322e+00
2.360277099999999791e+03 -2.654317131182094780e+00
2.364192300000000159e+03 -2.658185638828488351e+00
2.393899100000000089e+03 -2.656120119518527112e+00
2.415083599999999933e+03 -2.654056331518321876e+00
2.473095899999999801e+03 -2.656466957303266874e+00
