9.994312299999999993e+01 -4.561800903997799139e+00
1.000002400000000051e+02 -4.561814906598350206e+00
1.277888200000000012e+02 -4.561642457272513163e+00
1.490037900000000093e+02 -4.561044311486900149e+00
1.506088200000000086e+02 -4.561284045243358065e+00
1.755589999999999975e+02 -4.560801535784122507e+00
1.988457899999999938e+02 -4.560307234045907876e+00
2.005138699999999972e+02 -4.560607741327530995e+00
2.246285900000000026e+02 -4.559840197329091183e+00
2.493712199999999939e+02 -4.559312529925555246e+00
2.507876400000000103e+02 -4.559683129725389250e+00
2.725835799999999836e+02 -4.558174978815932477e+00
3.010312700000000063e+02 -4.557706048946664978e+00
3.012805200000000241e+02 -4.558011122119267178e+00
3.245928900000000112e+02 -4.556512543843426855e+00
3.481681300000000192e+02 -4.555434558560098601e+00
3.487286199999999781e+02 -4.554608613721569554e+00
3.724644799999999805e+02 -4.551954759274233098e+00
3.999144000000000005e+02 -4.551172217361125760e+00
4.010112199999999802e+02 -4.549899131710764877e+00
4.213499899999999911e+02 -4.544921967218907177e+00
4.472469399999999951e+02 -4.544077713499021343e+00
4.519223499999999945e+02 -4.542517318039484664e+00
4.712677400000000034e+02 -4.534232408748953169e+00
5.000320800000000077e+02 -4.534151974665820539e+00
5.027876200000000040e+02 -4.532527322571494821e+00
5.220014400000000023e+02 -4.523350980724331727e+00
5.464012000000000171e+02 -4.522018004540571567e+00
5.518109899999999470e+02 -4.521429060768972441e+00
5.701514600000000428e+02 -4.513164534697285291e+00
6.002503199999999879e+02 -4.512247185276427430e+00
6.010203500000000076e+02 -4.512417706649152649e+00
6.156819199999999910e+02 -4.503117336597741271e+00
6.520538199999999733e+02 -4.503088535976243811e+00
6.538293400000000020e+02 -4.503578786884395058e+00
6.742620799999999690e+02 -4.497853780356749098e+00
7.005286499999999705e+02 -4.494874824303179750e+00
7.015580700000000434e+02 -4.494292435721759738e+00
7.208641400000000203e+02 -4.490102694218962576e+00
7.450957600000000411e+02 -4.487133588173257692e+00
7.479252000000000180e+02 -4.487724458367617686e+00
7.693473599999999806e+02 -4.482724908906320138e+00
8.004373799999999619e+02 -4.482361270162325440e+00
8.025811499999999796e+02 -4.481608231305818535e+00
8.123074500000000171e+02 -4.475427680620682303e+00
8.494125099999999975e+02 -4.477781780998716599e+00
8.499213899999999740e+02 -4.476610110475264470e+00
8.666991699999999810e+02 -4.471901194914566169e+00
9.055265399999999545e+02 -4.473779877065126698e+00
9.065980299999999943e+02 -4.473149591772273226e+00
9.084971799999999575e+02 -4.465750472334551802e+00
9.411177500000000009e+02 -4.464859704398278950e+00
9.490226099999999860e+02 -4.465290760453325625e+00
9.689642400000000180e+02 -4.465518936727722377e+00
1.001674800000000005e+03 -4.463554954268160735e+00
1.005437900000000013e+03 -4.464613634217751148e+00
1.024194500000000062e+03 -4.463545531954786760e+00
1.043029800000000023e+03 -4.459122393568116571e+00
1.048642800000000079e+03 -4.460480396409639781e+00
1.062401699999999892e+03 -4.457804341711205431e+00
1.096813000000000102e+03 -4.458364453290339036e+00
1.101935500000000047e+03 -4.458352877844157902e+00
1.115903299999999945e+03 -4.456714086656119456e+00
1.155644399999999905e+03 -4.457555935114181800e+00
1.158625399999999900e+03 -4.456614747017460409e+00
1.162948300000000017e+03 -4.455163760090107061e+00
1.195457300000000032e+03 -4.454716263885062588e+00
1.205069600000000037e+03 -4.455159915856618191e+00
1.207882499999999936e+03 -4.452657409785664377e+00
1.245070999999999913e+03 -4.453502956904515031e+00
1.253069600000000037e+03 -4.453715319687274743e+00
1.275428799999999910e+03 -4.455567213802921422e+00
1.294335000000000036e+03 -4.452472245715332733e+00
1.298918599999999969e+03 -4.453934268606251301e+00
1.318646199999999908e+03 -4.453683289317405425e+00
1.351257900000000063e+03 -4.451595286318903000e+00
1.355780700000000024e+03 -4.455097921343869061e+00
1.361699800000000096e+03 -4.449604973677471875e+00
1.389742099999999937e+03 -4.449396904950280174e+00
1.406769500000000107e+03 -4.448683571404049353e+00
1.409637999999999920e+03 -4.455444268675695874e+00
1.445591200000000072e+03 -4.451130246326004958e+00
1.457149200000000064e+03 -4.453045351532741059e+00
1.467530899999999974e+03 -4.453162008050593812e+00
1.490514300000000048e+03 -4.449217352524255098e+00
1.510559199999999919e+03 -4.452986728490383683e+00
1.519872800000000097e+03 -4.453088759995203816e+00
1.547449000000000069e+03 -4.452663869064746649e+00
1.553261600000000044e+03 -4.449807850660444153e+00
1.562863700000000108e+03 -4.451206020217020942e+00
1.585193199999999933e+03 -4.449936202096377080e+00
1.605104900000000043e+03 -4.451549934173378631e+00
1.614300300000000107e+03 -4.452774777238837522e+00
1.647640300000000025e+03 -4.452241174786701450e+00
1.657745799999999917e+03 -4.452334056845765886e+00
1.659419900000000098e+03 -4.451586303604701200e+00
1.684043599999999969e+03 -4.451300229121651242e+00
1.694627600000000029e+03 -4.450300549981393239e+00
1.705698699999999917e+03 -4.450655271362044196e+00
1.750865900000000011e+03 -4.454025917849156357e+00
1.755899599999999964e+03 -4.454878064035749041e+00
1.761567600000000084e+03 -4.454104346127671477e+00
1.786250500000000102e+03 -4.450860901486291432e+00
1.804380000000000109e+03 -4.453923119817051912e+00
1.804821200000000090e+03 -4.455517537034161535e+00
1.844283699999999953e+03 -4.454006830601938027e+00
1.848408699999999953e+03 -4.453248271023428018e+00
1.874598600000000033e+03 -4.458105132351429134e+00
1.878275599999999940e+03 -4.453930175760058674e+00
1.911854299999999967e+03 -4.456269344497479246e+00
1.924676500000000033e+03 -4.459113244926927955e+00
1.937866299999999910e+03 -4.453597312630106053e+00
1.947529899999999998e+03 -4.458715024556160422e+00
1.956720100000000002e+03 -4.461330798913451190e+00
2.008991600000000062e+03 -4.458526141205052973e+00
2.014285699999999906e+03 -4.460882202759991699e+00
2.023468100000000049e+03 -4.462764279408175661e+00
2.046254100000000108e+03 -4.461819782770302112e+00
2.047240000000000009e+03 -4.461742426732383748e+00
2.066758200000000215e+03 -4.462087374437080811e+00
2.100367999999999938e+03 -4.461482822508621382e+00
2.114104600000000119e+03 -4.463811230782836148e+00
2.118379699999999957e+03 -4.465128061649627611e+00
2.151360200000000077e+03 -4.462767193995274440e+00
2.157219700000000103e+03 -4.466123483362165025e+00
2.167158100000000104e+03 -4.467560252028376588e+00
2.205348199999999906e+03 -4.465388475818551584e+00
2.206725699999999961e+03 -4.463668920394379569e+00
2.220158699999999953e+03 -4.469727665553633322e+00
2.230684799999999996e+03 -4.464027489920129099e+00
2.249441200000000208e+03 -4.464251825267249174e+00
2.264262900000000172e+03 -4.469631158542552107e+00
2.307647300000000087e+03 -4.468331216977503573e+00
2.314276800000000094e+03 -4.468939792809068834e+00
2.331253900000000158e+03 -4.468948139204188763e+00
2.337391599999999926e+03 -4.471655811459875451e+00
2.365853399999999965e+03 -4.470954471907785610e+00
2.367040300000000116e+03 -4.470746959503267171e+00
2.393269099999999980e+03 -4.469248927123424586e+00
2.397063799999999901e+03 -4.474449248722249806e+00
2.399217399999999998e+03 -4.468256404281521377e+00
2.433660100000000057e+03 -4.470144295506700338e+00
