9.939924200000000098e+01 -6.208764564128200547e+00
1.270667700000000053e+02 -6.208553034983209429e+00
1.505746100000000069e+02 -6.208583057983967812e+00
1.755878299999999967e+02 -6.208096491457370192e+00
1.999510099999999966e+02 -6.207681546911693715e+00
2.229124400000000037e+02 -6.207146436616448604e+00
2.532054400000000101e+02 -6.207987651988562838e+00
2.734186000000000263e+02 -6.206718651896220962e+00
3.010438800000000015e+02 -6.206647839312188886e+00
3.204913799999999924e+02 -6.205429221647921878e+00
3.507096999999999980e+02 -6.205785020433672194e+00
3.732770800000000122e+02 -6.205175009633499883e+00
4.000534499999999980e+02 -6.204189133412604917e+00
4.216954700000000003e+02 -6.203888443306826872e+00
4.527475499999999897e+02 -6.203384068167678400e+00
4.666070700000000215e+02 -6.201525344692213615e+00
5.015698100000000181e+02 -6.202797778381681226e+00
5.204387000000000398e+02 -6.200954817674276143e+00
5.486076600000000099e+02 -6.199679147057997497e+00
5.718181200000000217e+02 -6.199614481516094955e+00
6.009521700000000237e+02 -6.198289608545188401e+00
6.217208900000000540e+02 -6.197734148321424108e+00
6.487300500000000056e+02 -6.196355063982101008e+00
6.645290800000000218e+02 -6.193513415160408542e+00
6.979164600000000291e+02 -6.193168531969795332e+00
7.171452500000000327e+02 -6.191430825075094901e+00
7.433308100000000422e+02 -6.190553763693940503e+00
7.670055399999999963e+02 -6.188902933524810912e+00
7.947214900000000171e+02 -6.188267834500872588e+00
8.202671699999999646e+02 -6.186445278125361824e+00
8.538285100000000511e+02 -6.183922183667114325e+00
8.669222600000000511e+02 -6.181999830872948465e+00
9.003758699999999635e+02 -6.180814141509642923e+00
9.157796700000000101e+02 -6.177870317864315730e+00
9.540866099999999506e+02 -6.177897076043924685e+00
9.547102700000000368e+02 -6.170829523784701287e+00
9.956719399999999496e+02 -6.171507980446203412e+00
1.014502200000000016e+03 -6.169737467472539372e+00
1.033180800000000090e+03 -6.166093837334874372e+00
1.061535699999999906e+03 -6.163112215963396423e+00
1.096544000000000096e+03 -6.163311042108539972e+00
1.117027800000000070e+03 -6.160393098827475988e+00
1.151116999999999962e+03 -6.157445200659490858e+00
1.167927200000000084e+03 -6.156904446489289029e+00
1.200906999999999925e+03 -6.155639520403056508e+00
1.209839300000000094e+03 -6.148783727299752755e+00
1.242147400000000061e+03 -6.149846171098766412e+00
1.267697699999999941e+03 -6.146518601065694476e+00
1.304267100000000028e+03 -6.138405859143934329e+00
1.306955300000000079e+03 -6.145497107905746326e+00
1.358951299999999947e+03 -6.141843648072331519e+00
1.368796700000000101e+03 -6.137852649575281205e+00
1.402245799999999917e+03 -6.136484642241593512e+00
1.405856700000000046e+03 -6.128659735689000243e+00
1.448811999999999898e+03 -6.130428081631163373e+00
1.472532300000000077e+03 -6.126418789999753756e+00
1.493990299999999934e+03 -6.124375534184278713e+00
1.519979299999999967e+03 -6.124664837042899102e+00
1.533845499999999902e+03 -6.119674317174910172e+00
1.551075399999999945e+03 -6.114255802870153467e+00
1.601673000000000002e+03 -6.116136920796806820e+00
1.611045800000000099e+03 -6.110798425212705887e+00
1.652255599999999959e+03 -6.109435390316234837e+00
1.666231600000000071e+03 -6.109153695584162769e+00
1.710334200000000010e+03 -6.107729429124007403e+00
1.712411100000000033e+03 -6.102603821136035833e+00
1.752404199999999946e+03 -6.102793230614831366e+00
1.754824499999999944e+03 -6.096592649126892027e+00
1.799151699999999892e+03 -6.097418589531600652e+00
1.821492099999999937e+03 -6.095305263204283008e+00
1.857489399999999932e+03 -6.096050321208062783e+00
1.871528399999999920e+03 -6.093178053877520206e+00
1.889761600000000044e+03 -6.085132183511364090e+00
1.912019299999999930e+03 -6.086644434640289703e+00
1.958638400000000047e+03 -6.088401773628832281e+00
1.968757100000000037e+03 -6.086779413560831742e+00
2.005368500000000040e+03 -6.084986810973314952e+00
2.010704999999999927e+03 -6.077709268333762793e+00
2.055659500000000207e+03 -6.078056222160961752e+00
2.068130700000000161e+03 -6.078567065798668345e+00
2.099503999999999905e+03 -6.073862198942091339e+00
2.119116700000000037e+03 -6.075827953737276133e+00
2.152110299999999825e+03 -6.074206326550844359e+00
2.175918400000000020e+03 -6.070605953199482485e+00
2.199855500000000120e+03 -6.065325617294154981e+00
2.218059600000000046e+03 -6.067358220334898355e+00
2.237904500000000098e+03 -6.061805131073552566e+00
2.267100600000000213e+03 -6.062756120146370442e+00
2.285235299999999825e+03 -6.057515031854544318e+00
2.301518799999999828e+03 -6.056649839245829448e+00
2.358328899999999976e+03 -6.054553356499573269e+00
2.367735400000000027e+03 -6.056228458035388229e+00
2.410791499999999814e+03 -6.058122598180265328e+00
2.410983900000000176e+03 -6.051086035762070381e+00
2.456207600000000184e+03 -6.051632849788299851e+00
