9.961288199999999904e+01 -2.803548931305072323e+00
1.275643000000000029e+02 -2.803270197000089059e+00
1.515006199999999978e+02 -2.803423355765129354e+00
1.757564600000000041e+02 -2.802400975146522200e+00
1.983850600000000099e+02 -2.801800124946984827e+00
2.261057299999999941e+02 -2.801698507484463363e+00
2.506421699999999930e+02 -2.801109190654296199e+00
2.731352099999999723e+02 -2.799645084626771752e+00
3.014198099999999840e+02 -2.799723703716438639e+00
3.222770899999999870e+02 -2.797683098121656720e+00
3.491120799999999917e+02 -2.797675331762211393e+00
3.741243000000000052e+02 -2.795948327599074634e+00
4.019706600000000094e+02 -2.795043156282257524e+00
4.212287499999999909e+02 -2.792651259315008794e+00
4.506163300000000049e+02 -2.791996447520689983e+00
4.744830200000000104e+02 -2.789572680244242875e+00
5.044882099999999809e+02 -2.789074734233587982e+00
5.204570400000000063e+02 -2.783572168333029673e+00
5.450033200000000306e+02 -2.781994096743204636e+00
5.679478800000000547e+02 -2.777781869263502568e+00
6.001994600000000446e+02 -2.778737293619844451e+00
6.155598300000000336e+02 -2.771485529652101931e+00
6.514033500000000458e+02 -2.773275251352937509e+00
6.705576800000000048e+02 -2.767109023744827478e+00
6.991181299999999510e+02 -2.765885202243840268e+00
7.222136699999999792e+02 -2.763366443307408105e+00
7.474665999999999713e+02 -2.761288579745126537e+00
7.660198699999999690e+02 -2.757001975319886000e+00
7.977505800000000136e+02 -2.757608974820345615e+00
8.172840200000000550e+02 -2.751279509020196024e+00
8.536869100000000117e+02 -2.751437022393532938e+00
8.617468000000000075e+02 -2.746832591962064640e+00
8.932387599999999566e+02 -2.746395018216094552e+00
9.167742899999999509e+02 -2.742636809850922397e+00
9.536047300000000178e+02 -2.741346742277625204e+00
9.678508699999999862e+02 -2.738870636200071651e+00
1.003167000000000030e+03 -2.737545287185835008e+00
1.020961400000000026e+03 -2.734842267719800102e+00
1.046331100000000106e+03 -2.733752560181882618e+00
1.067754799999999932e+03 -2.730702930518426275e+00
1.100093699999999899e+03 -2.729612080878815572e+00
1.114365700000000061e+03 -2.726027913535431058e+00
1.141106999999999971e+03 -2.726398684434720110e+00
1.164337399999999889e+03 -2.719871689554278049e+00
1.206798800000000028e+03 -2.721592853225780484e+00
1.207017299999999977e+03 -2.716077235205502038e+00
1.236955699999999979e+03 -2.716879191386131875e+00
1.271639699999999948e+03 -2.714829768777789809e+00
1.281996699999999919e+03 -2.712153046163680692e+00
1.308063200000000052e+03 -2.709747597016245013e+00
1.340215099999999893e+03 -2.709370514880295122e+00
1.363793400000000020e+03 -2.707854332269761244e+00
1.402330699999999979e+03 -2.709075184109244194e+00
1.420023899999999912e+03 -2.706075495609774340e+00
1.457666099999999915e+03 -2.702947044792856524e+00
1.465977799999999888e+03 -2.701822275662889350e+00
1.500066000000000031e+03 -2.694118572465734385e+00
1.500355999999999995e+03 -2.700941406052289828e+00
1.556035900000000083e+03 -2.695950515324096575e+00
1.559461399999999912e+03 -2.691894033749884674e+00
1.599684799999999996e+03 -2.693604816309173700e+00
1.600850899999999911e+03 -2.687605441854398869e+00
1.655977200000000039e+03 -2.690457593674133285e+00
1.677431499999999915e+03 -2.691021767249915264e+00
1.711177599999999984e+03 -2.691602563532945691e+00
1.723457200000000057e+03 -2.687339012146684247e+00
1.748936099999999897e+03 -2.685230415096811818e+00
1.762749499999999898e+03 -2.682949225227007073e+00
1.799159900000000107e+03 -2.675362445604909212e+00
1.809269800000000032e+03 -2.685805539037182665e+00
1.860141800000000103e+03 -2.681705131973212364e+00
1.861369300000000067e+03 -2.676425935546203672e+00
1.902011199999999917e+03 -2.677417461099377061e+00
1.919317000000000007e+03 -2.673538311993266525e+00
1.946326099999999997e+03 -2.673058153726302510e+00
1.959278199999999970e+03 -2.669166502979250399e+00
2.017130000000000109e+03 -2.669867256510130016e+00
2.022738000000000056e+03 -2.667548157674151987e+00
2.069529599999999846e+03 -2.670037654953754114e+00
2.071408199999999852e+03 -2.664064171435872375e+00
2.085476299999999810e+03 -2.657519852436675656e+00
2.110912299999999959e+03 -2.664078721772591862e+00
2.154609100000000126e+03 -2.664088271727379720e+00
2.161729400000000169e+03 -2.657324390640561695e+00
2.203884199999999964e+03 -2.651705911485128020e+00
2.211292500000000018e+03 -2.660837621929781349e+00
2.255513399999999820e+03 -2.656380178961059713e+00
2.263714899999999943e+03 -2.654589377684525964e+00
2.287534799999999905e+03 -2.651829526881117172e+00
2.303668599999999969e+03 -2.647612943021751875e+00
2.348673400000000129e+03 -2.650617822036848370e+00
2.351713400000000092e+03 -2.641440665365011764e+00
2.394492400000000089e+03 -2.639258895268996152e+00
2.416569300000000112e+03 -2.647444994233669746e+00
2.445186099999999897e+03 -2.643639363370466011e+00
