9.952030399999999588e+01 -3.305974723267743887e+00
1.263512499999999932e+02 -3.305590326271617307e+00
1.515839699999999937e+02 -3.306021842133515243e+00
1.749908299999999883e+02 -3.305124273940005519e+00
2.002640800000000070e+02 -3.305054563970420300e+00
2.240531400000000133e+02 -3.304270049999828540e+00
2.526632199999999955e+02 -3.304357043779844627e+00
2.731948100000000181e+02 -3.303203083498225112e+00
2.983294700000000148e+02 -3.302760531210080064e+00
3.235828099999999949e+02 -3.301759814145744709e+00
3.491352699999999913e+02 -3.301261776665890491e+00
3.730158999999999878e+02 -3.299094208312683740e+00
4.003542699999999854e+02 -3.298844094532631388e+00
4.230963399999999979e+02 -3.294741996458122379e+00
4.506705200000000104e+02 -3.294647949081747740e+00
4.689256300000000124e+02 -3.289850517159137233e+00
5.006652700000000209e+02 -3.288959570815353839e+00
5.198564699999999448e+02 -3.285813408115344725e+00
5.431395700000000488e+02 -3.283760906356842035e+00
5.710177800000000161e+02 -3.282378573010667822e+00
6.027445999999999913e+02 -3.282019932225897385e+00
6.190073399999999992e+02 -3.277977125644339296e+00
6.542988500000000158e+02 -3.277799340223292113e+00
6.733981400000000122e+02 -3.274388830758568680e+00
7.074611599999999498e+02 -3.274133024706269879e+00
7.137739500000000135e+02 -3.267728165568614340e+00
7.605548599999999624e+02 -3.269867148405337876e+00
7.660167599999999766e+02 -3.265562997091338460e+00
8.000463600000000497e+02 -3.263536033493789290e+00
8.190396799999999757e+02 -3.262631967469342698e+00
8.473083100000000059e+02 -3.260990449447314088e+00
8.745384500000000116e+02 -3.261128547793720411e+00
9.001477899999999863e+02 -3.258707091580065995e+00
9.171023900000000140e+02 -3.255589684375137516e+00
9.461509300000000167e+02 -3.254098852323865643e+00
9.737227500000000191e+02 -3.254918402045878345e+00
9.979024200000000064e+02 -3.252124091007936535e+00
1.011272500000000036e+03 -3.250181835716335677e+00
1.041293699999999944e+03 -3.248954922564237791e+00
1.072520800000000008e+03 -3.249770727428535011e+00
1.098619099999999889e+03 -3.245936088263666530e+00
1.121390599999999949e+03 -3.247534250577443604e+00
1.155733199999999897e+03 -3.245176286349311212e+00
1.164700800000000072e+03 -3.244169787938343319e+00
1.207508700000000090e+03 -3.245182391164176394e+00
1.207922700000000077e+03 -3.240706322538397632e+00
1.240728900000000067e+03 -3.240029735389042820e+00
1.259783300000000054e+03 -3.238907743090578162e+00
1.287924299999999903e+03 -3.238019765894119661e+00
1.313009800000000041e+03 -3.238214209631892437e+00
1.354150799999999890e+03 -3.239515253006962414e+00
1.354815499999999929e+03 -3.234822191943578673e+00
1.382156199999999899e+03 -3.232492790427390794e+00
1.408736200000000053e+03 -3.233841910915348006e+00
1.457480600000000095e+03 -3.235840469361949356e+00
1.458718699999999899e+03 -3.232512720756662183e+00
1.499942299999999932e+03 -3.232667348692416898e+00
1.514951800000000048e+03 -3.230933823498589597e+00
1.560264599999999973e+03 -3.230115568656649394e+00
1.565464199999999892e+03 -3.234973253408093274e+00
1.599462899999999991e+03 -3.231160721655268020e+00
1.619155099999999948e+03 -3.229673947163028025e+00
1.637907999999999902e+03 -3.228222484549818194e+00
1.657883599999999888e+03 -3.224507732995880893e+00
1.678175500000000056e+03 -3.224654061283053430e+00
1.708372800000000097e+03 -3.224984987755198595e+00
1.743525000000000091e+03 -3.226110390042461251e+00
1.761777800000000070e+03 -3.224262798553353626e+00
1.803998000000000047e+03 -3.220764676630499146e+00
1.805934899999999971e+03 -3.224726222079570714e+00
1.855713899999999967e+03 -3.220974282675682421e+00
1.865068400000000111e+03 -3.223532592916509287e+00
1.902861699999999928e+03 -3.221158551496310807e+00
1.914721199999999953e+03 -3.222733322417751900e+00
1.944599200000000110e+03 -3.219135224753053137e+00
1.967254300000000057e+03 -3.222305982098862653e+00
2.000748199999999997e+03 -3.219832112939899460e+00
2.003960000000000036e+03 -3.216294627468584189e+00
2.056271299999999883e+03 -3.223091140187797077e+00
2.075605799999999817e+03 -3.220907425385454825e+00
2.098694500000000062e+03 -3.215479153414041669e+00
2.130141599999999926e+03 -3.223085040474316987e+00
2.149220100000000002e+03 -3.216385470241870159e+00
2.165863100000000031e+03 -3.215954554844327795e+00
2.190629600000000210e+03 -3.211311696617554112e+00
2.208159299999999803e+03 -3.214574950778543716e+00
2.250318000000000211e+03 -3.210633645126553581e+00
2.259700200000000223e+03 -3.213007481929617271e+00
2.292616599999999835e+03 -3.210052799102689036e+00
2.304079999999999927e+03 -3.210353381157297292e+00
2.348111199999999826e+03 -3.212665185176778682e+00
2.359420700000000124e+03 -3.210462414968135114e+00
2.400893599999999878e+03 -3.212069187826017469e+00
2.415915800000000218e+03 -3.210373751452783697e+00
2.446464300000000094e+03 -3.212276438975100845e+00
