9.991487300000000005e+01 -3.387119827148656004e+00
1.262351100000000059e+02 -3.386427796171990856e+00
1.520512500000000102e+02 -3.386879463996421702e+00
1.753816099999999949e+02 -3.385970718663497969e+00
1.994943299999999908e+02 -3.386072390985712666e+00
2.238535300000000063e+02 -3.384676517266194562e+00
2.494019999999999868e+02 -3.384459302556101612e+00
2.766924000000000206e+02 -3.383996400846927877e+00
3.030345699999999738e+02 -3.383228267139879453e+00
3.230159600000000069e+02 -3.380983310808236553e+00
3.517696900000000255e+02 -3.380282435884640169e+00
3.748833999999999946e+02 -3.379145536884711643e+00
4.014962899999999877e+02 -3.377848061374788546e+00
4.215955999999999904e+02 -3.374242637136013023e+00
4.492283100000000218e+02 -3.372723918365287066e+00
4.698922999999999774e+02 -3.369016357908749981e+00
5.027529200000000174e+02 -3.368628925918032646e+00
5.248630399999999554e+02 -3.365105161865843186e+00
5.497033599999999751e+02 -3.363283494234563076e+00
5.730369500000000471e+02 -3.359341134501038884e+00
5.987504599999999755e+02 -3.357232635173799551e+00
6.213510099999999738e+02 -3.353106570942473663e+00
6.423877099999999700e+02 -3.350172749966764840e+00
6.633512600000000248e+02 -3.346270751009559508e+00
6.960002200000000130e+02 -3.346221130717293324e+00
7.198556499999999687e+02 -3.343020943449067861e+00
7.456324799999999868e+02 -3.341325007374092770e+00
7.663257700000000341e+02 -3.337106397492269672e+00
7.924384400000000142e+02 -3.336682352965393505e+00
8.135645200000000159e+02 -3.333154958263042644e+00
8.530549399999999878e+02 -3.335276698691005848e+00
8.645040299999999434e+02 -3.328915124171229145e+00
8.949290099999999484e+02 -3.327659937934374312e+00
9.221951099999999997e+02 -3.326622364205659821e+00
9.517194600000000264e+02 -3.324980215288190433e+00
9.714732599999999820e+02 -3.322948252249659618e+00
1.001546799999999962e+03 -3.321921314157423311e+00
1.019010999999999967e+03 -3.317530957063681285e+00
1.047459800000000087e+03 -3.317869916431178456e+00
1.065733999999999924e+03 -3.315249005242883573e+00
1.104728499999999940e+03 -3.315199236997013799e+00
1.117951900000000023e+03 -3.310973234608458160e+00
1.152656600000000026e+03 -3.311375275717208577e+00
1.168043300000000045e+03 -3.308254122771627337e+00
1.204150399999999991e+03 -3.308477749448877070e+00
1.214396700000000010e+03 -3.304803550549353375e+00
1.240757100000000037e+03 -3.303577479548298612e+00
1.272080899999999929e+03 -3.304222221818224892e+00
1.287213199999999915e+03 -3.299417552578158386e+00
1.309175799999999981e+03 -3.300011818980208567e+00
1.351423500000000104e+03 -3.300670663875715061e+00
1.359202399999999898e+03 -3.297082234312382898e+00
1.409249399999999923e+03 -3.297587090965458323e+00
1.417304699999999912e+03 -3.295866371139086759e+00
1.457545200000000023e+03 -3.292954106446626117e+00
1.460985400000000027e+03 -3.297725921349556000e+00
1.496399100000000089e+03 -3.289620687228071994e+00
1.519007200000000012e+03 -3.292142717708279598e+00
1.562480499999999893e+03 -3.291636214496379331e+00
1.565731999999999971e+03 -3.289647970486497375e+00
1.610296599999999899e+03 -3.288906441669444458e+00
1.612307900000000018e+03 -3.287247031706035827e+00
1.652430699999999888e+03 -3.285304593647314864e+00
1.660133199999999988e+03 -3.284601206568186882e+00
1.696094200000000001e+03 -3.285361712377429022e+00
1.705712899999999991e+03 -3.282334496995677586e+00
1.740826800000000048e+03 -3.281250120095399847e+00
1.767813599999999951e+03 -3.284032006726588460e+00
1.787164199999999937e+03 -3.279424762256800463e+00
1.821182700000000068e+03 -3.282102694201227244e+00
1.845913399999999911e+03 -3.276435671537733185e+00
1.861570600000000013e+03 -3.278012475909197310e+00
1.916320099999999911e+03 -3.279817237781383898e+00
1.920890200000000050e+03 -3.278919979894320935e+00
1.951147999999999911e+03 -3.273302217490612787e+00
1.959625700000000052e+03 -3.275565365718664079e+00
2.002743799999999965e+03 -3.277060309184405273e+00
2.009234400000000051e+03 -3.274736121318706061e+00
2.032390300000000025e+03 -3.273628855103170476e+00
2.077193000000000211e+03 -3.276489588201303427e+00
2.095640600000000177e+03 -3.273889588224378588e+00
2.121008899999999812e+03 -3.274537255375725930e+00
2.166176300000000083e+03 -3.270492525111701632e+00
2.168538300000000163e+03 -3.275158207146122269e+00
2.203392699999999877e+03 -3.272498144695834554e+00
2.220875500000000102e+03 -3.273474951048992665e+00
2.235948800000000119e+03 -3.267822594776468748e+00
2.269976700000000164e+03 -3.270681819010360147e+00
2.303999800000000050e+03 -3.264103968845736947e+00
2.312315200000000004e+03 -3.267161511826651044e+00
2.364442599999999857e+03 -3.269059271661935107e+00
2.369471900000000005e+03 -3.269790445229643794e+00
2.389132700000000114e+03 -3.260778811913665365e+00
2.398374099999999999e+03 -3.260980792162595066e+00
2.446103300000000218e+03 -3.267848541743070712e+00
