1.000060900000000004e+02 -6.228155621056650659e+00
1.266071100000000058e+02 -6.228092762647139402e+00
1.504715799999999888e+02 -6.228212946186800991e+00
1.751409500000000037e+02 -6.227705674033621186e+00
2.005761500000000126e+02 -6.227593310703824159e+00
2.236671200000000113e+02 -6.227157840105475906e+00
2.478615599999999972e+02 -6.226944540567591169e+00
2.722436000000000149e+02 -6.226396572256961193e+00
3.008263499999999908e+02 -6.226595674308870620e+00
3.215058700000000158e+02 -6.225437060480075502e+00
3.491235100000000102e+02 -6.225434494664311202e+00
3.742255200000000173e+02 -6.224693047803315338e+00
4.025501100000000179e+02 -6.224158811536057101e+00
4.205089199999999892e+02 -6.221955398930949066e+00
4.477329300000000103e+02 -6.221034361156052128e+00
4.724073599999999828e+02 -6.220571649708767303e+00
4.968026399999999967e+02 -6.219771150609222587e+00
5.200096999999999525e+02 -6.217837093988901387e+00
5.498165699999999561e+02 -6.217142600475576764e+00
5.739379599999999755e+02 -6.216398000019260017e+00
5.992820699999999761e+02 -6.215019466494831946e+00
6.213890099999999848e+02 -6.213433003695556067e+00
6.529534400000000005e+02 -6.212476916770151014e+00
6.718155799999999545e+02 -6.210296876227388019e+00
7.040967100000000300e+02 -6.209785077237636841e+00
7.200213300000000345e+02 -6.206563724142184491e+00
7.466529199999999946e+02 -6.205223403329076071e+00
7.709121400000000222e+02 -6.202531430397441703e+00
8.005519900000000462e+02 -6.200163899332637563e+00
8.148111599999999726e+02 -6.196851399913198222e+00
8.405748499999999694e+02 -6.194839426951753047e+00
8.591040400000000545e+02 -6.189976629933763519e+00
8.959255900000000565e+02 -6.189933857035226694e+00
9.193614199999999528e+02 -6.187414223919637024e+00
9.448396000000000186e+02 -6.183597828278683650e+00
9.708547899999999800e+02 -6.182193311503009880e+00
1.001554200000000037e+03 -6.179332854723577739e+00
1.015607300000000009e+03 -6.174537711050109401e+00
1.046425199999999904e+03 -6.172502716337437967e+00
1.063910499999999956e+03 -6.169236529666127566e+00
1.096651699999999892e+03 -6.169370840737748551e+00
1.118263699999999972e+03 -6.163111850478999010e+00
1.158608899999999949e+03 -6.164083308632123170e+00
1.163115800000000036e+03 -6.156686962439468225e+00
1.197273799999999937e+03 -6.158006799555816535e+00
1.210472899999999981e+03 -6.149908241980613255e+00
1.239308399999999892e+03 -6.149180419521242946e+00
1.275096299999999928e+03 -6.148966092082171819e+00
1.288864000000000033e+03 -6.143895660618656329e+00
1.317242799999999988e+03 -6.140790968941597150e+00
1.354122800000000097e+03 -6.141347979847434857e+00
1.360377500000000055e+03 -6.136539644098361279e+00
1.399369999999999891e+03 -6.135868913056516050e+00
1.419548700000000053e+03 -6.133377896287507625e+00
1.457864900000000034e+03 -6.132510956360658128e+00
1.467557399999999916e+03 -6.126824619056148613e+00
1.502187300000000050e+03 -6.126607078625757374e+00
1.527898599999999988e+03 -6.124637026898889225e+00
1.548891800000000103e+03 -6.119944097494194324e+00
1.568420900000000074e+03 -6.115546391867040299e+00
1.592193899999999985e+03 -6.111269327939291784e+00
1.617631800000000112e+03 -6.113702441770587193e+00
1.645623199999999997e+03 -6.102741137034210617e+00
1.650827399999999898e+03 -6.112743151624497884e+00
1.707044900000000098e+03 -6.108535399554766876e+00
1.708710100000000011e+03 -6.102065825844746882e+00
1.753871799999999894e+03 -6.096435406670202894e+00
1.766768199999999979e+03 -6.105448194141544604e+00
1.788930399999999963e+03 -6.096476261402388630e+00
1.811239800000000059e+03 -6.093815535653598126e+00
1.847383000000000038e+03 -6.092551191826083290e+00
1.876238299999999981e+03 -6.092440639495880106e+00
1.897925600000000031e+03 -6.092508870722162406e+00
1.927608300000000099e+03 -6.090583925478894933e+00
1.966852499999999964e+03 -6.089385448917481014e+00
1.968682999999999993e+03 -6.085541551760305978e+00
2.009064300000000003e+03 -6.077234738167061501e+00
2.011291799999999967e+03 -6.084948796027232376e+00
2.054324099999999817e+03 -6.080863345580243440e+00
2.076847000000000207e+03 -6.079099967302409091e+00
2.100950499999999920e+03 -6.069723630180567930e+00
2.119178199999999833e+03 -6.076388835410642564e+00
2.142914200000000164e+03 -6.068821624117216373e+00
2.177215499999999793e+03 -6.073237228895123074e+00
2.202912699999999859e+03 -6.064016432505686005e+00
2.206594000000000051e+03 -6.062986135280435285e+00
2.246870100000000093e+03 -6.062670138826511845e+00
2.250300299999999879e+03 -6.059429598532387828e+00
2.301498599999999897e+03 -6.061471097908984085e+00
2.317832399999999780e+03 -6.060688113003941169e+00
2.368393199999999979e+03 -6.056964358146976757e+00
2.387530699999999797e+03 -6.064844308857021637e+00
2.407646999999999935e+03 -6.055297164516522557e+00
2.413863699999999881e+03 -6.052410615025155316e+00
2.480436400000000049e+03 -6.055905331020134064e+00
