1.262106200000000058e+02 -4.407831499621495119e+00
1.341431300000000135e+02 -4.406842571653512231e+00
1.725918900000000065e+02 -4.405698329784461187e+00
1.735431399999999940e+02 -4.406081128590213503e+00
1.826976500000000101e+02 -4.405227723186525779e+00
2.222799200000000042e+02 -4.404094356642891839e+00
2.227992900000000134e+02 -4.404360875298393374e+00
2.288725900000000024e+02 -4.402749385132880278e+00
2.701117800000000102e+02 -4.401891149439204121e+00
2.715331400000000031e+02 -4.402378841511592533e+00
2.798785300000000120e+02 -4.401299012326479243e+00
3.197145399999999995e+02 -4.399874637698846236e+00
3.199267600000000016e+02 -4.400043636759740195e+00
3.276961499999999887e+02 -4.398939162268654002e+00
3.645926799999999730e+02 -4.397012913433073322e+00
3.656665100000000166e+02 -4.397376617974018131e+00
3.750986399999999890e+02 -4.396626022965167024e+00
4.145864199999999755e+02 -4.395181031643496716e+00
4.149959000000000060e+02 -4.395370545983405819e+00
4.204272399999999834e+02 -4.393760560248472835e+00
4.640773300000000177e+02 -4.393500961666869209e+00
4.655110900000000242e+02 -4.393954458612670422e+00
4.704816400000000272e+02 -4.392187287205134183e+00
5.103555400000000191e+02 -4.390483220821747246e+00
5.124722900000000436e+02 -4.391093642513457240e+00
5.223289300000000139e+02 -4.390447754135974989e+00
5.671141199999999571e+02 -4.387346348093753789e+00
5.679246399999999539e+02 -4.390501283609687277e+00
5.684958699999999681e+02 -4.390752051769994502e+00
6.128404399999999441e+02 -4.387807803243580551e+00
6.131468499999999722e+02 -4.387812570979822802e+00
6.195164499999999634e+02 -4.386308771246453020e+00
6.606813300000000027e+02 -4.386515336743753046e+00
6.620060899999999720e+02 -4.386792120519169558e+00
6.672279499999999643e+02 -4.385131185814281629e+00
7.102927600000000439e+02 -4.384383164885153228e+00
7.102947299999999586e+02 -4.384325563035647022e+00
7.215193000000000438e+02 -4.384174569684521572e+00
7.600652300000000423e+02 -4.384094019332826164e+00
7.601358900000000176e+02 -4.384052699539092046e+00
7.690534400000000232e+02 -4.383839134382539804e+00
8.065288900000000467e+02 -4.381962100101103097e+00
8.097508199999999761e+02 -4.382840066735876228e+00
8.219749199999999973e+02 -4.383524970262830500e+00
8.568825100000000248e+02 -4.381789558140480878e+00
8.570404300000000148e+02 -4.381871702554236414e+00
8.653607100000000401e+02 -4.381370106135306308e+00
9.096999399999999696e+02 -4.380611888063117298e+00
9.098025699999999460e+02 -4.380693427085335045e+00
9.134198800000000347e+02 -4.378876436550305229e+00
9.582967099999999618e+02 -4.379696746918789074e+00
9.599833599999999478e+02 -4.380183614043962947e+00
9.654618000000000393e+02 -4.378919154891880439e+00
9.993732599999999593e+02 -4.377132461883363135e+00
1.004142200000000003e+03 -4.378374130993439195e+00
1.010379000000000019e+03 -4.377585541847500039e+00
1.060226200000000063e+03 -4.379708805249827641e+00
1.062038900000000012e+03 -4.380238079692901465e+00
1.064038700000000063e+03 -4.378268145356279284e+00
1.109072799999999916e+03 -4.379250525729723620e+00
1.111029600000000073e+03 -4.379812167892702668e+00
1.113616299999999910e+03 -4.377470958687131208e+00
1.155453199999999924e+03 -4.378838228069722227e+00
1.157116800000000012e+03 -4.379228611173603625e+00
1.167343800000000101e+03 -4.378856465380036589e+00
1.209277800000000070e+03 -4.375952633097086597e+00
1.211714600000000019e+03 -4.379777790829004758e+00
1.215224600000000009e+03 -4.380758063611079223e+00
1.256986200000000053e+03 -4.378834596344789887e+00
1.259694099999999935e+03 -4.379580337501018050e+00
1.262316900000000032e+03 -4.377354048081746107e+00
1.294447599999999966e+03 -4.375068116709843302e+00
1.301606800000000021e+03 -4.376904410101627008e+00
1.316072799999999916e+03 -4.377727204087920043e+00
1.354749900000000025e+03 -4.375084848343878008e+00
1.357019800000000032e+03 -4.378879834881531430e+00
1.360934899999999971e+03 -4.379942393614668639e+00
1.400401699999999892e+03 -4.374111406593343965e+00
1.402705500000000029e+03 -4.377895158991328195e+00
1.403522200000000112e+03 -4.378083037570436709e+00
1.444236499999999978e+03 -4.375349691526185580e+00
1.447456699999999955e+03 -4.376161314320661688e+00
1.458814900000000080e+03 -4.375986399653405634e+00
1.509456200000000081e+03 -4.379960740403848973e+00
1.509565299999999979e+03 -4.379931953271126943e+00
1.513936300000000074e+03 -4.377761567241361007e+00
1.546562599999999975e+03 -4.377876249685839660e+00
1.550844499999999925e+03 -4.378975929471119244e+00
1.559250600000000077e+03 -4.378239191732306246e+00
1.597008299999999963e+03 -4.377683140164348785e+00
1.598343599999999924e+03 -4.378019742165212058e+00
1.607560300000000097e+03 -4.377001720037725363e+00
1.640538600000000088e+03 -4.377569044071080384e+00
1.641277800000000070e+03 -4.377715719028318020e+00
1.663196300000000065e+03 -4.380016068927905515e+00
1.701093000000000075e+03 -4.379199086168312327e+00
1.702781500000000051e+03 -4.379648114844551188e+00
1.718699499999999944e+03 -4.380608186923731218e+00
1.753467599999999948e+03 -4.377990438670999573e+00
1.754919100000000071e+03 -4.379984039773421323e+00
1.755163600000000088e+03 -4.380077473822375111e+00
1.786357099999999946e+03 -4.378143242936761048e+00
1.790599500000000035e+03 -4.379179281509266275e+00
1.792521400000000085e+03 -4.376595528439166216e+00
1.844533100000000104e+03 -4.380197094191037088e+00
1.848572400000000016e+03 -4.381225966266828920e+00
1.861032300000000077e+03 -4.382191551971716947e+00
1.898697200000000066e+03 -4.379823447472467102e+00
1.906809799999999996e+03 -4.381931096709057449e+00
1.909604700000000093e+03 -4.378849186618231748e+00
1.932911100000000033e+03 -4.378714829277334353e+00
1.938513500000000022e+03 -4.380088512324817884e+00
1.959144800000000032e+03 -4.382406390532895379e+00
2.004263099999999895e+03 -4.382472058738611231e+00
2.004927799999999934e+03 -4.382673766655484471e+00
2.006082200000000057e+03 -4.381844835867052090e+00
2.034171000000000049e+03 -4.381674180133256158e+00
2.035726200000000063e+03 -4.381998375624451825e+00
2.061165700000000015e+03 -4.384775786661792907e+00
2.094865299999999934e+03 -4.383547645424662242e+00
2.095915599999999813e+03 -4.383797237275071090e+00
2.115942700000000059e+03 -4.384115034179939308e+00
2.149816299999999956e+03 -4.383098830424276393e+00
2.162477400000000216e+03 -4.387783029154313397e+00
2.162978999999999814e+03 -4.387984400277813890e+00
2.177898999999999887e+03 -4.383228806145658574e+00
2.179432200000000194e+03 -4.383514086028696966e+00
2.209890699999999924e+03 -4.386952890028082308e+00
2.253699099999999817e+03 -4.388459487425923733e+00
2.255702499999999873e+03 -4.384340473583891118e+00
2.256176599999999780e+03 -4.389067505611401465e+00
2.290045500000000175e+03 -4.385903893040539181e+00
2.299482899999999972e+03 -4.388308079930896000e+00
2.313577499999999873e+03 -4.386902099598561477e+00
2.339272599999999784e+03 -4.386088097992868029e+00
2.341022399999999834e+03 -4.386584879089132194e+00
2.361379699999999957e+03 -4.387131230800621395e+00
2.401157600000000002e+03 -4.388137589738212441e+00
2.411344700000000103e+03 -4.389072195965469270e+00
2.414578100000000177e+03 -4.389831613473913485e+00
2.442060699999999997e+03 -4.389451780117628488e+00
2.442079000000000178e+03 -4.389421807185026836e+00
