1.210877200000000045e+02 1.114933187461836006e+01
1.321616999999999962e+02 1.115511652757989047e+01
1.688389400000000080e+02 1.117042743741095023e+01
1.697241999999999962e+02 1.117171229391410492e+01
1.781767299999999921e+02 1.118118054142072104e+01
2.178298900000000060e+02 1.119666446163240359e+01
2.186077300000000037e+02 1.119627875025442698e+01
2.275345599999999990e+02 1.120485039690616702e+01
2.663230800000000045e+02 1.122134948096885765e+01
2.666211299999999937e+02 1.122142173824547129e+01
2.760689800000000105e+02 1.122421687360065157e+01
3.140473999999999819e+02 1.124278546712802829e+01
3.169496399999999880e+02 1.124415377569712859e+01
3.246827299999999923e+02 1.124934459596987502e+01
3.632620099999999752e+02 1.127733920211683305e+01
3.649737099999999828e+02 1.127685375534296774e+01
3.731409199999999942e+02 1.128175707307144293e+01
4.118661700000000110e+02 1.130191278241400354e+01
4.136591300000000047e+02 1.130147771219214370e+01
4.216744100000000230e+02 1.131045237125992386e+01
4.619482899999999859e+02 1.133005393853042975e+01
4.620576899999999796e+02 1.133051648687156465e+01
4.670092399999999770e+02 1.133517809892122941e+01
5.121803499999999758e+02 1.135985090576022927e+01
5.147462699999999813e+02 1.135986668023610946e+01
5.204537900000000263e+02 1.136701862405861974e+01
5.613264500000000226e+02 1.138833502951353616e+01
5.640528000000000475e+02 1.138872939141054275e+01
5.737601799999999912e+02 1.139496845104823919e+01
6.100642900000000282e+02 1.142015214736413498e+01
6.121031900000000405e+02 1.141989466720944435e+01
6.219059200000000374e+02 1.142365662527986991e+01
6.650202299999999696e+02 1.145729238754325152e+01
6.651189799999999650e+02 1.145454559332383582e+01
6.652705600000000459e+02 1.145677691837980738e+01
7.072405400000000100e+02 1.148698351312843613e+01
7.132748400000000402e+02 1.148755190311418595e+01
7.157285299999999779e+02 1.149663036841034014e+01
7.613941300000000183e+02 1.153191990637085240e+01
7.625785600000000386e+02 1.153278750254427010e+01
7.750592900000000327e+02 1.152025493588438820e+01
8.118942600000000311e+02 1.156174333401180654e+01
8.119072200000000521e+02 1.156210614695705274e+01
8.240168300000000272e+02 1.156256513331976343e+01
8.602066899999999805e+02 1.159663952778343265e+01
8.620947800000000143e+02 1.159695908813352361e+01
8.672657600000000002e+02 1.160960156727050752e+01
9.092536000000000058e+02 1.163900111947893379e+01
9.095159300000000258e+02 1.163901842051699553e+01
9.213544200000000046e+02 1.164228424587828314e+01
9.528216200000000526e+02 1.168431508243435779e+01
9.603660099999999602e+02 1.168469468756360641e+01
9.607703000000000202e+02 1.168365509871768815e+01
1.007915300000000002e+03 1.173093578261754644e+01
1.012086300000000051e+03 1.173070425401994576e+01
1.015931299999999965e+03 1.173076582536128676e+01
1.059827299999999923e+03 1.176854111540809988e+01
1.061599799999999959e+03 1.176870038672908692e+01
1.070748199999999997e+03 1.177595613677997122e+01
1.102095199999999977e+03 1.179974048442906565e+01
1.114049400000000105e+03 1.180065184205169970e+01
1.117636199999999917e+03 1.183056482800732745e+01
1.164105000000000018e+03 1.188826989619377095e+01
1.165321400000000040e+03 1.184226847140240224e+01
1.167374499999999898e+03 1.184329432118868297e+01
1.211597600000000057e+03 1.188737329533889664e+01
1.212423500000000104e+03 1.188660136372888232e+01
1.227579899999999952e+03 1.192412171789130859e+01
1.250368300000000090e+03 1.194593018522287942e+01
1.255822599999999966e+03 1.194618715652350893e+01
1.265224600000000009e+03 1.196536077752900340e+01
1.313401800000000094e+03 1.199309586810502815e+01
1.313432000000000016e+03 1.199283533482597264e+01
1.319023899999999912e+03 1.200442652147364164e+01
1.360483300000000099e+03 1.203228729900264682e+01
1.364873399999999947e+03 1.205389018929371048e+01
1.365483500000000049e+03 1.203199826989619226e+01
1.399142599999999902e+03 1.207792794626501198e+01
1.410093399999999974e+03 1.207840016283329909e+01
1.412174400000000105e+03 1.210606859352737530e+01
1.450148599999999988e+03 1.213993232240993336e+01
1.453293799999999919e+03 1.214016385100753048e+01
1.465397300000000087e+03 1.214469723183390926e+01
1.509093299999999999e+03 1.217640443720740961e+01
1.512914500000000089e+03 1.219417769183798228e+01
1.522393700000000081e+03 1.217645176063505019e+01
1.553850899999999911e+03 1.222629096275188232e+01
1.564714699999999993e+03 1.223607113779767985e+01
1.565764699999999948e+03 1.222656625279869758e+01
1.600498100000000022e+03 1.227294422959495179e+01
1.601206100000000106e+03 1.227290352127010031e+01
1.609951099999999997e+03 1.228574292692855785e+01
1.650437100000000100e+03 1.232534551190718553e+01
1.655538199999999961e+03 1.232520048849989891e+01
1.670337399999999889e+03 1.233124465703236261e+01
1.702696200000000090e+03 1.239382760024425068e+01
1.706071099999999888e+03 1.236062487278648447e+01
1.710898100000000113e+03 1.236094952167718297e+01
1.748206400000000031e+03 1.242067677590067198e+01
1.754027000000000044e+03 1.242066100142479002e+01
1.760252300000000105e+03 1.243229900264604204e+01
1.807201700000000073e+03 1.245884693669855459e+01
1.809265300000000025e+03 1.245870038672908642e+01
1.815681499999999915e+03 1.248758345206594633e+01
1.849436400000000049e+03 1.251135558721758656e+01
1.849726300000000037e+03 1.251147567677590011e+01
1.857854299999999967e+03 1.252416293507022260e+01
1.900741899999999987e+03 1.257579686545898667e+01
1.901140100000000075e+03 1.257512619580704261e+01
1.902313799999999901e+03 1.257202574801547001e+01
1.944788800000000037e+03 1.261181152045593379e+01
1.955130499999999984e+03 1.261892275595359258e+01
1.958197400000000016e+03 1.261843578261754573e+01
1.992074800000000096e+03 1.264750457968654551e+01
1.999237300000000005e+03 1.264751882760024415e+01
2.016294399999999996e+03 1.265515469163443996e+01
2.045450299999999970e+03 1.270352635864034241e+01
2.046688100000000077e+03 1.270394870751068517e+01
2.057881300000000010e+03 1.269572613474455558e+01
2.095820200000000114e+03 1.275185833502951382e+01
2.101608600000000024e+03 1.275139731325055870e+01
2.107070000000000164e+03 1.274890494606147051e+01
2.137718499999999949e+03 1.278843730917972721e+01
2.142055499999999938e+03 1.278837828210868999e+01
2.164561700000000201e+03 1.279889680439650057e+01
2.195180800000000090e+03 1.283073020557704069e+01
2.197814600000000155e+03 1.283052819051496130e+01
2.205054999999999836e+03 1.283911917362100574e+01
2.226733499999999822e+03 1.288122837370242202e+01
2.251708799999999883e+03 1.288130266639527655e+01
2.268608000000000175e+03 1.288956900061062427e+01
2.289030299999999897e+03 1.292867901485853821e+01
2.298538500000000113e+03 1.292808670873193577e+01
2.301951700000000073e+03 1.291892530022389529e+01
2.337084800000000087e+03 1.297361693466313781e+01
2.351845299999999952e+03 1.297688072460818276e+01
2.362820600000000013e+03 1.297356961123549723e+01
2.384430499999999938e+03 1.303137645023407210e+01
2.406332300000000032e+03 1.303075666598819460e+01
2.423144999999999982e+03 1.299877773254630675e+01
2.425616599999999835e+03 1.303331925503765554e+01
2.441943200000000161e+03 1.303269031141868517e+01
