1.228799199999999985e+02 -2.796580054525254599e+00
1.322223199999999963e+02 -2.796193195152691491e+00
1.704006100000000004e+02 -2.795667409177107210e+00
1.712460199999999872e+02 -2.796009616030114220e+00
1.808907900000000097e+02 -2.795531120722393847e+00
2.188154499999999985e+02 -2.794533344604045233e+00
2.198325700000000040e+02 -2.794909052433728558e+00
2.293596699999999942e+02 -2.794323198354345283e+00
2.683479600000000005e+02 -2.793202366120561386e+00
2.684530799999999999e+02 -2.793336451971539347e+00
2.767199899999999957e+02 -2.792416061398190319e+00
3.167099999999999795e+02 -2.791483564784031035e+00
3.170888600000000110e+02 -2.791484316511169350e+00
3.259672600000000102e+02 -2.790763785195355062e+00
3.664269400000000019e+02 -2.789734765432676511e+00
3.665233600000000251e+02 -2.789854084350553709e+00
3.762823099999999954e+02 -2.789133226121435438e+00
4.159764099999999871e+02 -2.787291236783710602e+00
4.192700800000000072e+02 -2.788241128427717097e+00
4.270017900000000282e+02 -2.787034606779857260e+00
4.664043599999999969e+02 -2.784983676942140107e+00
4.677804699999999798e+02 -2.785241067284188965e+00
4.753547199999999862e+02 -2.784081616416921090e+00
5.119771200000000135e+02 -2.781114165710422359e+00
5.123185899999999720e+02 -2.781133798090966280e+00
5.259711999999999534e+02 -2.781418510782603271e+00
5.679213300000000118e+02 -2.779441553493970929e+00
5.685272499999999809e+02 -2.779492557774239980e+00
5.708409799999999450e+02 -2.776884769804943698e+00
6.121419200000000274e+02 -2.774774789594335989e+00
6.122095399999999472e+02 -2.774861118664989412e+00
6.245812499999999545e+02 -2.774689718647891823e+00
6.646683600000000069e+02 -2.771044587699757589e+00
6.676562999999999874e+02 -2.771905214085366609e+00
6.677753500000000031e+02 -2.768694488743346227e+00
7.087245799999999463e+02 -2.765551441202240834e+00
7.121647199999999884e+02 -2.766496607172442168e+00
7.219232799999999770e+02 -2.765721098965256530e+00
7.621184799999999768e+02 -2.762651387517945700e+00
7.653542800000000170e+02 -2.763563471067495225e+00
7.683365000000000009e+02 -2.761337182122440836e+00
8.158410699999999451e+02 -2.756271784047648943e+00
8.159092600000000175e+02 -2.759493615654784904e+00
8.172743400000000520e+02 -2.759938822138765069e+00
8.670259999999999536e+02 -2.755193299433171816e+00
8.674949299999999539e+02 -2.755410293508314901e+00
8.699590200000000095e+02 -2.752714722816838488e+00
9.097890999999999622e+02 -2.749309627297226832e+00
9.115636200000000144e+02 -2.749826385409060325e+00
9.207343299999999999e+02 -2.748301511606160208e+00
9.612860600000000204e+02 -2.745292421310244535e+00
9.632936200000000326e+02 -2.745878482503950835e+00
9.661875800000000254e+02 -2.743378918623073037e+00
1.017448300000000017e+03 -2.744013544431766594e+00
1.017953899999999976e+03 -2.744043956962401776e+00
1.023708799999999997e+03 -2.742029830426681247e+00
1.060735200000000077e+03 -2.738479868781534154e+00
1.061872399999999971e+03 -2.738836039588261162e+00
1.073504599999999982e+03 -2.737967711462373277e+00
1.109189499999999953e+03 -2.735214798402249237e+00
1.109411700000000110e+03 -2.735218404766412092e+00
1.113865700000000061e+03 -2.732974421950562505e+00
1.159435699999999997e+03 -2.728918669013380871e+00
1.165681199999999990e+03 -2.733611516859569157e+00
1.165944300000000112e+03 -2.733591399924321763e+00
1.202521400000000085e+03 -2.726814151557213517e+00
1.203068199999999933e+03 -2.726941364100567977e+00
1.220199000000000069e+03 -2.727915813823124758e+00
1.259269900000000007e+03 -2.723984107102821461e+00
1.259888899999999921e+03 -2.724196746436363892e+00
1.275904299999999921e+03 -2.724651314454823225e+00
1.303487900000000081e+03 -2.719352802274928482e+00
1.309132100000000037e+03 -2.720843896380315652e+00
1.313766200000000026e+03 -2.718634006075590914e+00
1.344363399999999956e+03 -2.714406295526432089e+00
1.345638400000000047e+03 -2.714709702426283844e+00
1.361228200000000015e+03 -2.715297680154090010e+00
1.403827399999999898e+03 -2.713172114927877132e+00
1.404820099999999911e+03 -2.713458210291653128e+00
1.419615500000000111e+03 -2.713653714165646935e+00
1.448565900000000056e+03 -2.708672011275818470e+00
1.454220600000000104e+03 -2.710136255419326012e+00
1.466070699999999988e+03 -2.709320645917778325e+00
1.491222099999999955e+03 -2.703877383597709461e+00
1.497836099999999988e+03 -2.705604586199303885e+00
1.517453999999999951e+03 -2.707145011168156756e+00
1.540810199999999895e+03 -2.700376265753573257e+00
1.545302500000000009e+03 -2.701497313499169994e+00
1.556413099999999986e+03 -2.701192390930779563e+00
1.599722700000000032e+03 -2.698280704179122580e+00
1.605531199999999899e+03 -2.699794326026380364e+00
1.611740299999999934e+03 -2.698453542294593888e+00
1.651209900000000061e+03 -2.696433527449796141e+00
1.654235300000000052e+03 -2.697235549776256569e+00
1.672633399999999938e+03 -2.697686410706824134e+00
1.698012600000000020e+03 -2.694251408242989587e+00
1.701558199999999943e+03 -2.695167507578279942e+00
1.709423900000000003e+03 -2.693954356948707662e+00
1.743253699999999981e+03 -2.689445810277491855e+00
1.743965200000000095e+03 -2.689595908397711899e+00
1.767597999999999956e+03 -2.691948944371150620e+00
1.803451299999999947e+03 -2.688712647683894286e+00
1.806779700000000048e+03 -2.689604399873740004e+00
1.812389899999999898e+03 -2.686677789179078069e+00
1.847217399999999998e+03 -2.684916838083641011e+00
1.852164299999999912e+03 -2.686188993347872422e+00
1.863690200000000004e+03 -2.684610353291664087e+00
1.896166199999999890e+03 -2.679116110989668176e+00
1.900300400000000081e+03 -2.680179693686037368e+00
1.916748399999999947e+03 -2.681276679546175323e+00
1.951967499999999973e+03 -2.680576816261717177e+00
1.952222299999999905e+03 -2.680655408486046554e+00
1.969974699999999984e+03 -2.680599225057230584e+00
1.987646199999999908e+03 -2.676044109863196852e+00
1.990189599999999928e+03 -2.676644943057390424e+00
2.007734200000000101e+03 -2.678090504284096340e+00
2.044309899999999971e+03 -2.673116272780077907e+00
2.051263100000000122e+03 -2.674903331017687069e+00
2.063268399999999929e+03 -2.674048971426614685e+00
2.101872199999999793e+03 -2.673133900653194672e+00
2.102483600000000024e+03 -2.673312619200419515e+00
2.114681999999999789e+03 -2.671905543939741001e+00
2.149773700000000190e+03 -2.667951953441957347e+00
2.150707899999999881e+03 -2.668183031232702174e+00
2.167303399999999783e+03 -2.667470550570583576e+00
2.176857800000000225e+03 -2.662250292655854000e+00
2.186942900000000009e+03 -2.664760962174804071e+00
2.201479400000000169e+03 -2.664232655537458250e+00
2.243767699999999877e+03 -2.660349584373022047e+00
2.254166799999999967e+03 -2.663028901156424322e+00
2.269635999999999967e+03 -2.661997873172336160e+00
2.303310399999999845e+03 -2.662674981939381791e+00
2.303870399999999790e+03 -2.662793038250236943e+00
2.321958900000000085e+03 -2.662831376173746101e+00
2.351234599999999773e+03 -2.658635937528613269e+00
2.351514000000000124e+03 -2.658727351789274884e+00
2.365797399999999925e+03 -2.657028637170247620e+00
2.405888800000000174e+03 -2.651953310570711597e+00
2.422617000000000189e+03 -2.655901687505402897e+00
2.422710900000000038e+03 -2.656054804373016331e+00
2.445090599999999995e+03 -2.652797760410180228e+00
2.459065099999999802e+03 -2.656383172300849527e+00
