9.999640700000000493e+01 -1.462080606104728675e+00
1.001329800000000034e+02 -1.462141610074323639e+00
1.267953799999999944e+02 -1.461723308808766442e+00
1.498241500000000030e+02 -1.461455301931757322e+00
1.507961999999999989e+02 -1.461768574633888429e+00
1.756777899999999875e+02 -1.461010598712372488e+00
2.001800599999999974e+02 -1.460383392690051796e+00
2.002304800000000000e+02 -1.460905535751549245e+00
2.238307900000000075e+02 -1.459427864251125362e+00
2.495846400000000074e+02 -1.458769392640015594e+00
2.504097099999999898e+02 -1.459196052168967084e+00
2.725123899999999821e+02 -1.457283991840398807e+00
2.972102899999999863e+02 -1.456054144110212167e+00
3.009924300000000130e+02 -1.457496181043779426e+00
3.223303199999999720e+02 -1.454714821684753856e+00
3.458128199999999879e+02 -1.454105635537404906e+00
3.487002100000000269e+02 -1.451902866972705874e+00
3.706503299999999967e+02 -1.450228895851501942e+00
3.988194300000000112e+02 -1.449892300711544957e+00
4.023904299999999807e+02 -1.448866055400212849e+00
4.232427299999999946e+02 -1.446219694637631781e+00
4.513456600000000094e+02 -1.445959367955426345e+00
4.519085699999999974e+02 -1.444129876131779788e+00
4.673237399999999866e+02 -1.440248629553727566e+00
5.009387500000000273e+02 -1.440583547860218028e+00
5.031600099999999998e+02 -1.440058968334704037e+00
5.173428900000000112e+02 -1.436355639164971665e+00
5.487795899999999847e+02 -1.435303382702663111e+00
5.542852500000000191e+02 -1.436342317067428764e+00
5.698848799999999528e+02 -1.433132713920966417e+00
6.002693199999999933e+02 -1.433892897073282047e+00
6.005794799999999896e+02 -1.433031750481451150e+00
6.182484200000000101e+02 -1.429098861732098769e+00
6.468184999999999718e+02 -1.428780440423062403e+00
6.488167099999999436e+02 -1.428525340307441382e+00
6.707447300000000041e+02 -1.427031947367854547e+00
6.991160300000000234e+02 -1.425784465987488758e+00
7.038533200000000534e+02 -1.425061409079224406e+00
7.166907700000000432e+02 -1.422744027023791213e+00
7.491038999999999533e+02 -1.420763095996040226e+00
7.542771900000000187e+02 -1.422352478986907531e+00
7.676929800000000341e+02 -1.419701503290458966e+00
7.936808300000000145e+02 -1.417457280681022613e+00
8.007585699999999633e+02 -1.418039154568802918e+00
8.153384800000000041e+02 -1.416061710012031405e+00
8.498233300000000554e+02 -1.415441364938694768e+00
8.509472299999999905e+02 -1.417486189838529587e+00
8.669121499999999969e+02 -1.413993095518776721e+00
8.989595299999999725e+02 -1.413434301247498137e+00
9.091694499999999834e+02 -1.414585726907221064e+00
9.140015200000000277e+02 -1.411150250065290823e+00
9.375070600000000240e+02 -1.409558723860039997e+00
9.470548499999999876e+02 -1.411002847094110280e+00
9.724226800000000139e+02 -1.410986389077351522e+00
9.974402800000000298e+02 -1.407953631440313380e+00
1.001924999999999955e+03 -1.408134036519309129e+00
1.018788999999999987e+03 -1.407752977408589068e+00
1.036003799999999956e+03 -1.404651697250885567e+00
1.043809199999999919e+03 -1.406098766948757239e+00
1.062335900000000038e+03 -1.404934491695534859e+00
1.096327199999999948e+03 -1.404813106125996081e+00
1.098313300000000027e+03 -1.403514777634297550e+00
1.107107899999999972e+03 -1.401056675572172283e+00
1.150651100000000042e+03 -1.401723188963380995e+00
1.151055000000000064e+03 -1.401874877696861033e+00
1.170051099999999906e+03 -1.402401715580639419e+00
1.193990900000000011e+03 -1.401149403142123218e+00
1.207373900000000049e+03 -1.398245649743337760e+00
1.212993600000000015e+03 -1.402328618944660876e+00
1.240333100000000059e+03 -1.395996617361309422e+00
1.251982199999999921e+03 -1.400513993454938877e+00
1.265675500000000056e+03 -1.397681604723261195e+00
1.295512400000000071e+03 -1.396594762614910445e+00
1.307761899999999969e+03 -1.397458428761679361e+00
1.316652100000000019e+03 -1.397052468436724038e+00
1.351759000000000015e+03 -1.396020678396167725e+00
1.366050400000000081e+03 -1.395825354956969910e+00
1.371421800000000076e+03 -1.395520960450965964e+00
1.399282400000000052e+03 -1.395339753380511194e+00
1.401935999999999922e+03 -1.393496044733891548e+00
1.413499900000000025e+03 -1.392918527029788134e+00
1.456752999999999929e+03 -1.396119294762218299e+00
1.465896999999999935e+03 -1.395709793523324249e+00
1.466333499999999958e+03 -1.393175273327636798e+00
1.502560199999999895e+03 -1.390752432460458099e+00
1.511237900000000081e+03 -1.394311738161048364e+00
1.514567999999999984e+03 -1.390119561831482997e+00
1.553054200000000037e+03 -1.387181620156861861e+00
1.557253400000000056e+03 -1.388980763007991559e+00
1.562070200000000114e+03 -1.387884204433120550e+00
1.591695300000000088e+03 -1.386945895005275542e+00
1.592639200000000073e+03 -1.386661059922141614e+00
1.607671499999999924e+03 -1.386488588762414764e+00
1.638080899999999929e+03 -1.384530616389285873e+00
1.656204300000000103e+03 -1.390443893612636206e+00
1.657760600000000068e+03 -1.384155000791018608e+00
1.706658100000000104e+03 -1.387437948324268921e+00
1.722382700000000114e+03 -1.385647686809368562e+00
1.730494699999999966e+03 -1.388175341731896939e+00
1.749395700000000033e+03 -1.382071854498525321e+00
1.754747299999999996e+03 -1.380888638876177854e+00
1.771473400000000083e+03 -1.384248899135221311e+00
1.795972999999999956e+03 -1.375435271132604109e+00
1.802432800000000043e+03 -1.382539259669095300e+00
1.810225100000000111e+03 -1.381979177236110079e+00
1.855077199999999948e+03 -1.382351663509626238e+00
1.857671599999999899e+03 -1.380624596342321375e+00
1.865784100000000080e+03 -1.380887471100827213e+00
1.889102900000000091e+03 -1.379196274627643604e+00
1.894396099999999933e+03 -1.375884741414114654e+00
1.904589999999999918e+03 -1.374865324994624327e+00
1.935246399999999994e+03 -1.374251687397251676e+00
1.943200100000000020e+03 -1.377937685868338313e+00
1.962782200000000103e+03 -1.374624056312949261e+00
1.992071899999999914e+03 -1.369339625507503211e+00
1.995675600000000031e+03 -1.369444976479874398e+00
2.008755400000000009e+03 -1.372985636506597551e+00
2.045722500000000082e+03 -1.371876939379472526e+00
2.050829200000000128e+03 -1.373555865111524943e+00
2.056175699999999779e+03 -1.368001037937702336e+00
2.093493800000000192e+03 -1.361592128723834838e+00
2.109108200000000124e+03 -1.372096755070509211e+00
2.128977499999999964e+03 -1.374189705019998708e+00
2.147324000000000069e+03 -1.369544995507059770e+00
2.152866700000000037e+03 -1.369082768628575142e+00
2.154521799999999985e+03 -1.361283797789720973e+00
2.191361499999999978e+03 -1.357955364900522488e+00
2.197443000000000211e+03 -1.358085461319208598e+00
2.203015199999999822e+03 -1.359665259312539787e+00
2.235703300000000127e+03 -1.357890921340519252e+00
2.253747499999999945e+03 -1.356875063090964284e+00
2.261616199999999935e+03 -1.353717237176421229e+00
2.263027099999999791e+03 -1.359947136589955585e+00
2.288568499999999858e+03 -1.355530811424789261e+00
2.308531399999999849e+03 -1.353986143246472817e+00
2.349721199999999953e+03 -1.354651929403075439e+00
2.353511399999999867e+03 -1.356354598755328267e+00
2.368789099999999962e+03 -1.349745721037488133e+00
2.379442300000000159e+03 -1.352042987041796707e+00
2.407222499999999854e+03 -1.352787107325634786e+00
2.413213200000000143e+03 -1.348254049696933965e+00
2.431160800000000108e+03 -1.346971258318327980e+00
