1.027820099999999996e+02 3.588619529818848264e+01
1.267386900000000054e+02 3.590475829432119070e+01
1.525252900000000125e+02 3.592065845715448802e+01
1.750750400000000013e+02 3.594352279666191663e+01
2.011366700000000094e+02 3.595620445756156869e+01
2.223388500000000079e+02 3.598505088540606067e+01
2.499787000000000035e+02 3.599661866476694883e+01
2.741740100000000098e+02 3.602447282719315780e+01
2.985120800000000258e+02 3.604581060451862839e+01
3.177493600000000242e+02 3.607068440871157833e+01
3.470665500000000065e+02 3.608820272745776236e+01
3.705579700000000116e+02 3.609956849175656401e+01
3.982015999999999849e+02 3.610993283126399689e+01
4.225104999999999791e+02 3.614021880724607882e+01
4.510682100000000219e+02 3.616389222470995435e+01
4.668229600000000232e+02 3.615769031141869050e+01
4.995817299999999932e+02 3.619300223895786672e+01
5.191513599999999542e+02 3.621323631182576719e+01
5.460487399999999525e+02 3.622331925503765859e+01
5.711115899999999783e+02 3.622779055566863349e+01
5.985180199999999786e+02 3.625207459800529364e+01
6.130939200000000255e+02 3.630868664766945386e+01
6.465152299999999741e+02 3.632765978017504693e+01
6.658736699999999473e+02 3.634170924078973997e+01
6.966066499999999451e+02 3.635624414817830541e+01
7.153373900000000276e+02 3.639467382454711952e+01
7.405548099999999749e+02 3.639869224506411172e+01
7.679833099999999604e+02 3.640903623040912152e+01
7.990739300000000185e+02 3.641326582536128598e+01
8.237062899999999672e+02 3.644265774475880448e+01
8.431095900000000256e+02 3.645751323020557777e+01
8.623351199999999608e+02 3.650352584978628556e+01
8.981021399999999630e+02 3.652103093832688785e+01
9.125996499999999969e+02 3.654763077549358741e+01
9.499116800000000467e+02 3.655535314471809727e+01
9.649567899999999554e+02 3.658444382251170168e+01
9.969373100000000250e+02 3.661693517199267234e+01
1.015223799999999983e+03 3.665393598615916915e+01
1.043884199999999964e+03 3.665184663138611398e+01
1.069095900000000029e+03 3.666272440464074833e+01
1.095291799999999967e+03 3.672933950742926612e+01
1.117171900000000051e+03 3.668907134133930725e+01
1.138662399999999934e+03 3.680771880724608280e+01
1.162428599999999960e+03 3.675809841237533249e+01
1.196563799999999901e+03 3.686357927946265534e+01
1.222201299999999947e+03 3.679406116425808904e+01
1.241785900000000083e+03 3.691045084469774196e+01
1.259227000000000089e+03 3.690666853246488444e+01
1.302503600000000006e+03 3.697561266028903049e+01
1.310407200000000103e+03 3.695933848972114788e+01
1.346530400000000100e+03 3.701231274170567787e+01
1.368529399999999896e+03 3.703114543049053253e+01
1.396332499999999982e+03 3.707319153266843159e+01
1.414431599999999889e+03 3.709129452473030852e+01
1.453784400000000005e+03 3.713281548951760414e+01
1.465835499999999911e+03 3.719154895176063036e+01
1.489965500000000020e+03 3.718234887034398639e+01
1.500364800000000059e+03 3.721011093018522331e+01
1.549051300000000083e+03 3.727789334418888956e+01
1.563067500000000109e+03 3.728937258294320856e+01
1.595980299999999943e+03 3.736661764705882405e+01
1.618358899999999949e+03 3.734249643802157692e+01
1.642920299999999997e+03 3.743128943618970084e+01
1.659899200000000064e+03 3.742966822715245456e+01
1.693613499999999931e+03 3.744188683085690883e+01
1.708224999999999909e+03 3.748623091797272622e+01
1.751455400000000054e+03 3.752248982291878576e+01
1.757792500000000018e+03 3.759959596987584263e+01
1.800337899999999991e+03 3.762049511500101318e+01
1.802973700000000008e+03 3.760239517606350290e+01
1.853614000000000033e+03 3.769201862405861903e+01
1.855271600000000035e+03 3.775883981274170509e+01
1.904796900000000051e+03 3.769703338082637600e+01
1.914342499999999973e+03 3.769856655811113200e+01
1.944740199999999959e+03 3.780891664970486232e+01
1.968315700000000106e+03 3.780496030938326868e+01
2.004958499999999958e+03 3.783350854874822033e+01
2.010486900000000105e+03 3.787789079991858898e+01
2.057350899999999911e+03 3.790486464481986673e+01
2.059497100000000046e+03 3.791323580297171247e+01
2.114734699999999975e+03 3.793969570527173119e+01
2.128171699999999873e+03 3.800494148178302112e+01
2.148505099999999857e+03 3.801881029920618715e+01
2.157114199999999983e+03 3.801197995115001049e+01
2.195737299999999777e+03 3.809162782414004056e+01
2.210018900000000031e+03 3.805628383879503218e+01
2.242930600000000140e+03 3.815008446977406464e+01
2.257066299999999956e+03 3.822275544473844633e+01
2.287189800000000105e+03 3.826673264807652686e+01
2.303788700000000063e+03 3.827934714024017637e+01
2.357831499999999778e+03 3.823484785263586616e+01
2.362029100000000199e+03 3.828373091797272565e+01
2.388365999999999985e+03 3.831808314675350857e+01
2.414925400000000081e+03 3.825967077142275485e+01
2.450935300000000097e+03 3.830286077752900553e+01
