1.029031499999999966e+02 -6.168989547372348170e+00
1.280557399999999859e+02 -6.168918107040655130e+00
1.512017099999999914e+02 -6.168474465458634093e+00
1.761427199999999971e+02 -6.168142750444089550e+00
2.007374000000000080e+02 -6.167937765205239842e+00
2.240619100000000117e+02 -6.167140320476096171e+00
2.498379799999999875e+02 -6.167122185076408414e+00
2.733401299999999878e+02 -6.166345221120865361e+00
2.998646899999999960e+02 -6.166538395179987475e+00
3.208780100000000175e+02 -6.165047797258959683e+00
3.451692100000000210e+02 -6.164165435168734497e+00
3.713448799999999892e+02 -6.163920358039317371e+00
3.957053000000000225e+02 -6.163165294320235077e+00
4.213281000000000063e+02 -6.162897887701104693e+00
4.484605599999999868e+02 -6.162520554706169662e+00
4.662238300000000208e+02 -6.160258958307144539e+00
4.987807900000000245e+02 -6.160943034337941882e+00
5.173802299999999832e+02 -6.158942383688563282e+00
5.507717199999999593e+02 -6.158995469182087845e+00
5.695116199999999935e+02 -6.157411753076496019e+00
5.953450900000000274e+02 -6.155776561747062559e+00
6.207339799999999741e+02 -6.155100119704467687e+00
6.476879699999999502e+02 -6.153616705653030650e+00
6.680007000000000517e+02 -6.151704812152326340e+00
7.029010700000000043e+02 -6.152027374753766154e+00
7.212796100000000479e+02 -6.149389523427342574e+00
7.498943299999999681e+02 -6.148608186920888841e+00
7.663123000000000502e+02 -6.145239593429788094e+00
7.958501999999999725e+02 -6.143963658631520275e+00
8.200927299999999605e+02 -6.143019355533441583e+00
8.503161999999999807e+02 -6.141469300677385057e+00
8.630393599999999878e+02 -6.137732233973248519e+00
9.014212999999999738e+02 -6.137983449332475416e+00
9.212383899999999812e+02 -6.134862108145180848e+00
9.457388300000000072e+02 -6.132363270879584327e+00
9.699491500000000315e+02 -6.131383671590022288e+00
9.983884399999999459e+02 -6.129696510719363722e+00
1.013247499999999945e+03 -6.125085298756842711e+00
1.051550799999999981e+03 -6.125914596485756647e+00
1.064592599999999948e+03 -6.121546491172384030e+00
1.105541099999999915e+03 -6.122154883244739665e+00
1.116871100000000069e+03 -6.117792035124518080e+00
1.149314800000000105e+03 -6.115956499417573689e+00
1.177469700000000103e+03 -6.115325474084650992e+00
1.200686200000000099e+03 -6.111614904096218659e+00
1.209523999999999887e+03 -6.106988395496157906e+00
1.250624199999999973e+03 -6.108087358590509552e+00
1.271456500000000005e+03 -6.106265005121587208e+00
1.293641399999999976e+03 -6.102011438240094954e+00
1.307732899999999972e+03 -6.099262146827815201e+00
1.342648999999999887e+03 -6.097711613317667201e+00
1.374730900000000020e+03 -6.097210389601846359e+00
1.395869699999999966e+03 -6.092855324591686994e+00
1.418343900000000076e+03 -6.091911332783455535e+00
1.445039399999999887e+03 -6.089761663837288452e+00
1.459532699999999977e+03 -6.085894487124811292e+00
1.508094599999999900e+03 -6.087101768395122292e+00
1.517394500000000107e+03 -6.084047500188181523e+00
1.554703199999999924e+03 -6.083465084151977287e+00
1.563402900000000045e+03 -6.077474764854172484e+00
1.608691900000000032e+03 -6.078450632019589683e+00
1.611263400000000047e+03 -6.074948410062876114e+00
1.649998700000000099e+03 -6.067397122974199419e+00
1.651403900000000021e+03 -6.074507799994617763e+00
1.685878400000000056e+03 -6.067581044251417310e+00
1.714135500000000093e+03 -6.067360624468988384e+00
1.757182299999999941e+03 -6.067899317431429296e+00
1.765309799999999996e+03 -6.062895817596957393e+00
1.804942299999999932e+03 -6.060856853158056445e+00
1.815295599999999922e+03 -6.061726955416579798e+00
1.852669599999999946e+03 -6.053383586413314532e+00
1.855358500000000049e+03 -6.059319408567314547e+00
1.900017100000000028e+03 -6.052421639200987080e+00
1.906213199999999915e+03 -6.051262921130087236e+00
1.956920399999999972e+03 -6.054232824701172078e+00
1.957543300000000045e+03 -6.049465096320980173e+00
1.983913700000000063e+03 -6.046384140541404939e+00
2.012536299999999983e+03 -6.044877688719157760e+00
2.062116199999999935e+03 -6.044026242178061281e+00
2.076465499999999793e+03 -6.046491673729972760e+00
2.112575200000000223e+03 -6.039909286216628814e+00
2.124920099999999820e+03 -6.047280924749526498e+00
2.149715700000000197e+03 -6.038983163235942975e+00
2.180758600000000115e+03 -6.036000839878941093e+00
2.191372100000000046e+03 -6.039080993467205616e+00
2.214958799999999883e+03 -6.034134456472351360e+00
2.264615800000000036e+03 -6.031178476113002951e+00
2.273409000000000106e+03 -6.033256293417530003e+00
2.298489700000000084e+03 -6.027555643216793158e+00
2.300604699999999866e+03 -6.027668360310587836e+00
2.341231800000000021e+03 -6.027890895918101677e+00
2.359532000000000153e+03 -6.024577896965942259e+00
2.397737999999999829e+03 -6.023029099531240327e+00
2.404062100000000100e+03 -6.020352993685874843e+00
2.434309000000000196e+03 -6.017405576451999138e+00
