1.220457700000000045e+02 1.124030429472827208e+01
1.312857199999999978e+02 1.124556533686138771e+01
1.693669600000000059e+02 1.126435324648890735e+01
1.700291599999999903e+02 1.126373905963769673e+01
1.785207200000000114e+02 1.127164817830246335e+01
2.166363000000000056e+02 1.129048748219010889e+01
2.178407799999999952e+02 1.129076989619377080e+01
2.291919599999999946e+02 1.129259566456340380e+01
2.663480299999999943e+02 1.131598157948300454e+01
2.665310000000000059e+02 1.131692448605739898e+01
2.764038800000000151e+02 1.132305668634235651e+01
3.140139599999999973e+02 1.134090219824954282e+01
3.148069600000000037e+02 1.134081416649704899e+01
3.234598500000000172e+02 1.134626908202727513e+01
3.617532499999999800e+02 1.137155251373905962e+01
3.657249600000000100e+02 1.137082485243232277e+01
3.757771599999999808e+02 1.137684408711581519e+01
4.134399000000000228e+02 1.139317321392224791e+01
4.160014199999999960e+02 1.139319713006309698e+01
4.226595300000000179e+02 1.139610523101974415e+01
4.610798599999999965e+02 1.142372990026460400e+01
4.647675699999999779e+02 1.142377976796254835e+01
4.728300399999999968e+02 1.142808518216975422e+01
5.090753399999999829e+02 1.145472165682882171e+01
5.144827599999999848e+02 1.145456849175656444e+01
5.242694000000000187e+02 1.146635711377976818e+01
5.609760199999999486e+02 1.148567016079788417e+01
5.621749300000000176e+02 1.148551496030938246e+01
5.732884000000000242e+02 1.148409067779360981e+01
6.137689800000000560e+02 1.151501679218400120e+01
6.141935600000000477e+02 1.151473132505597441e+01
6.223539299999999912e+02 1.152963057195196406e+01
6.603200199999999995e+02 1.155220588235294166e+01
6.603299100000000408e+02 1.155190464074903289e+01
6.734562399999999798e+02 1.154739568491756607e+01
7.091888099999999895e+02 1.158135355180134418e+01
7.126500700000000279e+02 1.158128689191939742e+01
7.161846399999999448e+02 1.158799358843883631e+01
7.622158200000000079e+02 1.161681610014247923e+01
7.667067899999999554e+02 1.162254528801139841e+01
7.668741999999999734e+02 1.161680541420720481e+01
8.124107900000000200e+02 1.165445705271728194e+01
8.135626200000000381e+02 1.165408406269082064e+01
8.182850499999999556e+02 1.166431559128841933e+01
8.597648599999999988e+02 1.169734225524119786e+01
8.649121699999999464e+02 1.169725829432118758e+01
8.660122400000000198e+02 1.170555617748829569e+01
9.095028099999999540e+02 1.172615408100956635e+01
9.128928799999999910e+02 1.172517046611031866e+01
9.169527399999999489e+02 1.175564726236515334e+01
9.657042699999999513e+02 1.176778088744148221e+01
9.705642500000000155e+02 1.176697333604722218e+01
9.750420199999999795e+02 1.179512110726643570e+01
1.009019199999999955e+03 1.181917209444331363e+01
1.018057900000000018e+03 1.181957001831874621e+01
1.020633600000000001e+03 1.183577193161001340e+01
1.056287399999999934e+03 1.186115967840423480e+01
1.067553300000000036e+03 1.188437410950539430e+01
1.068757100000000037e+03 1.186170669651943932e+01
1.112869200000000092e+03 1.190979035212701120e+01
1.114500000000000000e+03 1.190997964583757529e+01
1.117378999999999905e+03 1.192139934866680306e+01
1.149893700000000081e+03 1.195255953592509712e+01
1.163127999999999929e+03 1.195298290250356210e+01
1.168294000000000096e+03 1.196603450030531235e+01
1.210294499999999971e+03 1.199252595155709322e+01
1.211980800000000045e+03 1.199312080195399943e+01
1.214215599999999995e+03 1.201117647058823579e+01
1.263620100000000093e+03 1.206291929574597965e+01
1.265907099999999900e+03 1.204563148788927407e+01
1.269525200000000041e+03 1.204565998371666957e+01
1.303859699999999975e+03 1.209693720740891543e+01
1.310329999999999927e+03 1.210194280480358309e+01
1.312284599999999955e+03 1.209720181152045626e+01
1.362701999999999998e+03 1.214379147160594385e+01
1.367094399999999951e+03 1.215451048239365051e+01
1.373801600000000008e+03 1.214345817219621360e+01
1.406143700000000081e+03 1.218815540403012498e+01
1.410865199999999959e+03 1.218832637899450333e+01
1.435573599999999942e+03 1.218770201506207940e+01
1.460309500000000071e+03 1.225007734581721941e+01
1.461289099999999962e+03 1.224354569509464774e+01
1.462290700000000015e+03 1.224296305719519573e+01
1.503586900000000014e+03 1.228172603297374366e+01
1.512048700000000053e+03 1.228202116832892266e+01
1.514723300000000108e+03 1.229781752493384772e+01
1.559266300000000001e+03 1.233900519031141840e+01
1.562324000000000069e+03 1.233946926521473664e+01
1.569359600000000000e+03 1.234090372481172437e+01
1.605718100000000049e+03 1.237547832281701510e+01
1.608896400000000085e+03 1.237529818847954388e+01
1.611745400000000018e+03 1.240013688174231632e+01
1.641925600000000031e+03 1.242881437003867262e+01
1.661182800000000043e+03 1.242888917158559003e+01
1.662370499999999993e+03 1.244926368817423068e+01
1.696175899999999956e+03 1.247194891105231029e+01
1.700638599999999997e+03 1.249852330551597923e+01
1.703524200000000064e+03 1.247187207408915199e+01
1.740386099999999942e+03 1.252300376552004835e+01
1.752194899999999961e+03 1.252280429472827095e+01
1.761073100000000068e+03 1.253389222470995179e+01
1.798258499999999913e+03 1.257390291064522714e+01
1.799851799999999912e+03 1.257378231223285248e+01
1.826346299999999928e+03 1.258164105434561364e+01
1.850085499999999911e+03 1.263028953796051290e+01
1.874947300000000041e+03 1.262959495216771799e+01
1.882172499999999900e+03 1.261874669244860492e+01
1.894971600000000080e+03 1.265038622023203807e+01
1.902816900000000032e+03 1.268508446977406834e+01
1.910169900000000098e+03 1.265102330551597731e+01
1.944328099999999949e+03 1.271646753511092953e+01
1.946921700000000101e+03 1.271673315693059259e+01
1.954935600000000022e+03 1.271850702218603679e+01
1.995647200000000112e+03 1.277790403012416043e+01
2.001447499999999991e+03 1.277840219824954282e+01
2.017470700000000079e+03 1.277998015469163562e+01
2.047348700000000008e+03 1.279751933645430562e+01
2.047990000000000009e+03 1.279762365153673898e+01
2.049069700000000012e+03 1.281799206187665341e+01
2.088047000000000025e+03 1.285590016283329895e+01
2.093191200000000208e+03 1.285569255037655267e+01
2.106426399999999830e+03 1.286561622226745349e+01
2.142523299999999836e+03 1.291599582739670282e+01
2.142806999999999789e+03 1.291636678200691968e+01
2.154783100000000104e+03 1.289887288825564760e+01
2.191560399999999845e+03 1.294479594952167822e+01
2.197889999999999873e+03 1.294449928760431412e+01
2.199518700000000081e+03 1.294266334215346959e+01
2.238542899999999918e+03 1.299482240993283177e+01
2.247911799999999857e+03 1.299509210258497838e+01
2.252110400000000027e+03 1.300021371870547604e+01
2.286829699999999775e+03 1.304384184815794789e+01
2.299211999999999989e+03 1.304425249338489756e+01
2.327133200000000215e+03 1.303392530022389550e+01
2.352353399999999965e+03 1.308875636067575776e+01
2.352676199999999881e+03 1.308845817219621388e+01
2.369735499999999774e+03 1.310564319153266943e+01
2.391331400000000031e+03 1.314138001221249752e+01
2.398339500000000044e+03 1.314202625686952963e+01
2.410911500000000160e+03 1.312524170567881043e+01
2.464993500000000040e+03 1.313916446163240259e+01
2.466730000000000018e+03 1.313836708731935765e+01
