9.861399900000000684e+01 -4.325845147547300762e+00
1.275333600000000018e+02 -4.326119057746842245e+00
1.503343500000000006e+02 -4.325917394189287890e+00
1.758251700000000142e+02 -4.325823887652563648e+00
2.013823700000000088e+02 -4.325844173053517316e+00
2.251829199999999958e+02 -4.325545735521864721e+00
2.521842300000000137e+02 -4.325446832263295072e+00
2.737870899999999779e+02 -4.324977714019611952e+00
3.001261099999999828e+02 -4.324485175500599077e+00
3.216949299999999994e+02 -4.323772115777783753e+00
3.520673800000000142e+02 -4.323811155311400256e+00
3.718821899999999800e+02 -4.322968585578013112e+00
3.994155999999999835e+02 -4.322053851794978918e+00
4.194938999999999965e+02 -4.321649387259917319e+00
4.536970800000000281e+02 -4.322051482363967523e+00
4.713657400000000166e+02 -4.321093434723850102e+00
5.029804199999999810e+02 -4.320673593054443984e+00
5.208890000000000100e+02 -4.319930123958278578e+00
5.489556099999999788e+02 -4.318276680985838389e+00
5.653557700000000068e+02 -4.317508866931119904e+00
6.006814699999999903e+02 -4.318100504470223200e+00
6.156114400000000160e+02 -4.315571281797437209e+00
6.548432099999999991e+02 -4.316568044917209690e+00
6.721310899999999720e+02 -4.315534151186437128e+00
7.076118099999999913e+02 -4.315730794259972747e+00
7.205775099999999611e+02 -4.312643443018935763e+00
7.591694999999999709e+02 -4.311853346807051679e+00
7.710258400000000165e+02 -4.310712259079545916e+00
8.072357899999999518e+02 -4.309879073348894529e+00
8.204770499999999629e+02 -4.307393541983028484e+00
8.445038200000000188e+02 -4.305509682896836665e+00
8.630381399999999985e+02 -4.301358826781686240e+00
9.054329000000000178e+02 -4.301877387152156729e+00
9.214896599999999580e+02 -4.299888495304918123e+00
9.467473499999999831e+02 -4.296451593622458098e+00
9.647335600000000113e+02 -4.293544497110932667e+00
9.951611199999999826e+02 -4.291301783269649839e+00
1.022052099999999996e+03 -4.291733639007587087e+00
1.042811099999999897e+03 -4.287990392206823209e+00
1.069081599999999980e+03 -4.284775326144230512e+00
1.106182499999999891e+03 -4.283749661887504168e+00
1.115239499999999907e+03 -4.278860667584653221e+00
1.157540799999999990e+03 -4.279323263305637504e+00
1.160360799999999927e+03 -4.272090199076536088e+00
1.202381200000000035e+03 -4.271763048527400741e+00
1.213859500000000025e+03 -4.268317024559999062e+00
1.248300700000000006e+03 -4.265746610236130998e+00
1.262098999999999933e+03 -4.262048428989260174e+00
1.292133599999999888e+03 -4.262714609558186041e+00
1.327030299999999897e+03 -4.259820825467685701e+00
1.365619500000000016e+03 -4.251816085738155948e+00
1.376989299999999957e+03 -4.258682741039642394e+00
1.412067000000000007e+03 -4.252419506431054153e+00
1.415083399999999983e+03 -4.247096364708091265e+00
1.449337299999999914e+03 -4.243578689792526504e+00
1.465371200000000044e+03 -4.242443240917801894e+00
1.493427699999999959e+03 -4.238548429983821642e+00
1.515750600000000077e+03 -4.237463095332572927e+00
1.538185099999999920e+03 -4.231664040772454172e+00
1.557003400000000056e+03 -4.230900155013237018e+00
1.591210800000000063e+03 -4.228710882288481798e+00
1.621782699999999977e+03 -4.227802399555257828e+00
1.653444199999999910e+03 -4.224706945525015023e+00
1.669913900000000012e+03 -4.222019748879635159e+00
1.706012799999999970e+03 -4.220145794671851469e+00
1.711448699999999917e+03 -4.216750401180743957e+00
1.755269299999999930e+03 -4.215351491825361840e+00
1.763468200000000024e+03 -4.212051164336409137e+00
1.819877300000000105e+03 -4.213497463305301061e+00
1.822067199999999957e+03 -4.210658344680115128e+00
1.853761700000000019e+03 -4.208466139901720027e+00
1.857748000000000047e+03 -4.203258992083235057e+00
1.914450399999999945e+03 -4.205713742663805377e+00
1.922730299999999943e+03 -4.201110266136249827e+00
1.931620699999999943e+03 -4.195013079273876677e+00
1.960681499999999915e+03 -4.195739644236224919e+00
1.998635899999999992e+03 -4.194163254851281941e+00
2.000012600000000020e+03 -4.187744937756715302e+00
2.039573000000000093e+03 -4.183308899267466963e+00
2.075125100000000202e+03 -4.190370321565789702e+00
2.100177299999999832e+03 -4.185600019810620687e+00
2.123879800000000159e+03 -4.185295265543760301e+00
2.158387499999999818e+03 -4.177575545745194852e+00
2.163673899999999776e+03 -4.183419032532372128e+00
2.196580699999999979e+03 -4.171753644832698171e+00
2.214320099999999911e+03 -4.179110241495868294e+00
2.238671200000000226e+03 -4.167955760433112111e+00
2.248384000000000015e+03 -4.172133362310111337e+00
2.285991599999999835e+03 -4.167330131165974727e+00
2.310051300000000083e+03 -4.168975495500656159e+00
2.341541200000000117e+03 -4.161975054581243505e+00
2.368419300000000021e+03 -4.167878290535937502e+00
2.400661500000000160e+03 -4.164787732067940951e+00
2.409668500000000222e+03 -4.159272693511955943e+00
2.429018300000000181e+03 -4.153972539193470759e+00
