9.980763399999999308e+01 -3.902695757304289970e+00
1.270114499999999964e+02 -3.902616232135282637e+00
1.506792399999999930e+02 -3.902661144984330921e+00
1.735102599999999882e+02 -3.901794692367675843e+00
2.017628100000000018e+02 -3.902443643846630117e+00
2.257005499999999927e+02 -3.902298065293086982e+00
2.484659100000000080e+02 -3.901258114750150607e+00
2.720305000000000177e+02 -3.901122470876647430e+00
2.998731099999999969e+02 -3.901446128603963892e+00
3.243706599999999867e+02 -3.901399627871437126e+00
3.517567900000000236e+02 -3.900655093243231786e+00
3.723801399999999830e+02 -3.900143773942438052e+00
3.982227800000000002e+02 -3.899518687822291607e+00
4.176665399999999977e+02 -3.898194228471663081e+00
4.492836399999999912e+02 -3.898396475884716050e+00
4.688868299999999749e+02 -3.896985917077203432e+00
5.001323499999999740e+02 -3.896842968714373079e+00
5.159945599999999786e+02 -3.895203995537543484e+00
5.511041800000000421e+02 -3.895905658518483250e+00
5.690894700000000057e+02 -3.894124367319464763e+00
5.974919800000000123e+02 -3.893634801689240366e+00
6.198172600000000330e+02 -3.891434318016576022e+00
6.519828700000000481e+02 -3.890759945667918718e+00
6.679905899999999974e+02 -3.887621239834995190e+00
7.051284900000000562e+02 -3.887956809856220719e+00
7.169880500000000438e+02 -3.883867338198076169e+00
7.544181399999999940e+02 -3.884206951155990684e+00
7.672813300000000254e+02 -3.878884316217996009e+00
7.932228000000000065e+02 -3.876488575671748649e+00
8.145819199999999682e+02 -3.872451306359432355e+00
8.502990899999999783e+02 -3.871516576974305401e+00
8.697951399999999467e+02 -3.867589006279016139e+00
9.008141500000000406e+02 -3.865520209710616939e+00
9.233474999999999682e+02 -3.862016606037274258e+00
9.418918400000000020e+02 -3.858433371840563897e+00
9.645638400000000274e+02 -3.855264360171614779e+00
9.938246100000000069e+02 -3.854908029461122432e+00
1.023782000000000039e+03 -3.850584068555830353e+00
1.035474500000000035e+03 -3.845890753157657826e+00
1.062642299999999977e+03 -3.842565554424433039e+00
1.106197599999999966e+03 -3.843720998878248807e+00
1.112339400000000069e+03 -3.836600451602912631e+00
1.162253500000000031e+03 -3.839502662745140960e+00
1.165521099999999933e+03 -3.832201259513569269e+00
1.197677699999999959e+03 -3.830719194578732889e+00
1.221779800000000023e+03 -3.828071479856313797e+00
1.245927599999999984e+03 -3.824159373509612880e+00
1.265272400000000061e+03 -3.820829583420404241e+00
1.301868600000000015e+03 -3.821064447625812210e+00
1.319658400000000029e+03 -3.817380847557652945e+00
1.353387699999999995e+03 -3.814111992340651014e+00
1.361493300000000090e+03 -3.811848251233624918e+00
1.391885500000000093e+03 -3.811046935513664469e+00
1.409121399999999994e+03 -3.803091401190564103e+00
1.454015900000000101e+03 -3.807359949461325499e+00
1.461511899999999969e+03 -3.800236497784881262e+00
1.501657200000000103e+03 -3.794036646218536646e+00
1.511626299999999901e+03 -3.801818772573573479e+00
1.546031199999999899e+03 -3.794507394494004426e+00
1.561541699999999992e+03 -3.790578637113076521e+00
1.604639300000000048e+03 -3.788229842084941179e+00
1.606568999999999960e+03 -3.784236493420466196e+00
1.643515200000000050e+03 -3.781841760212791836e+00
1.665774599999999964e+03 -3.782064302240176978e+00
1.689478499999999940e+03 -3.777469456003367476e+00
1.718804799999999886e+03 -3.777479852383806680e+00
1.752302599999999984e+03 -3.777319784043573048e+00
1.765637999999999920e+03 -3.773660391085313481e+00
1.794172399999999925e+03 -3.772136022806074518e+00
1.804819899999999961e+03 -3.769582537819668122e+00
1.843008700000000090e+03 -3.767995658589121444e+00
1.861695500000000038e+03 -3.764660834657067134e+00
1.907282899999999927e+03 -3.758292869198950559e+00
1.910541199999999890e+03 -3.766257278707596523e+00
1.937265000000000100e+03 -3.754505064283157445e+00
1.949968000000000075e+03 -3.754917375681281477e+00
2.001777700000000095e+03 -3.755216211557474537e+00
2.020600300000000061e+03 -3.754418937128553679e+00
2.048917899999999918e+03 -3.751117933497749135e+00
2.066601900000000114e+03 -3.749116884323237642e+00
2.112114799999999832e+03 -3.742482814027076277e+00
2.113564600000000155e+03 -3.749267956105657440e+00
2.147483299999999872e+03 -3.740630397146434305e+00
2.166684000000000196e+03 -3.740907868891564902e+00
2.205892199999999775e+03 -3.734471864567223687e+00
2.211840400000000045e+03 -3.739544805390935256e+00
2.219980300000000170e+03 -3.727734313767957275e+00
2.255191400000000158e+03 -3.731367869806417659e+00
2.297783500000000004e+03 -3.729482988934158527e+00
2.324544199999999819e+03 -3.731445789164054005e+00
2.349243300000000090e+03 -3.728290747892238688e+00
2.357288599999999860e+03 -3.723929034562279305e+00
2.379321399999999812e+03 -3.721881719772301089e+00
2.409485299999999825e+03 -3.718218106936965750e+00
2.441228000000000065e+03 -3.714993787202471420e+00
