1.220085299999999933e+02 1.117275239161408429e+01
1.318124099999999999e+02 1.117652401791166206e+01
1.693971999999999980e+02 1.119384846326073735e+01
1.696174000000000035e+02 1.119408202727457713e+01
1.798212499999999920e+02 1.119595868105027492e+01
2.169591599999999971e+02 1.121212192143293329e+01
2.174871799999999951e+02 1.121055159780175181e+01
2.271331600000000037e+02 1.122120140443720615e+01
2.674497400000000198e+02 1.123321850193364568e+01
2.678936299999999733e+02 1.123377213515163753e+01
2.780304699999999798e+02 1.123986362711174358e+01
3.168191600000000108e+02 1.125457154488092826e+01
3.170358899999999949e+02 1.125336098107062810e+01
3.256473500000000172e+02 1.125708375737838374e+01
3.623012699999999882e+02 1.127812181966212002e+01
3.642719700000000103e+02 1.127895684917565688e+01
3.759927000000000135e+02 1.128371616120496590e+01
4.092510899999999765e+02 1.130279208223081611e+01
4.112053999999999974e+02 1.130269285568898852e+01
4.244315399999999840e+02 1.130795847750865057e+01
4.619315199999999777e+02 1.132387441481782986e+01
4.626351399999999785e+02 1.132363728882556408e+01
4.703054200000000264e+02 1.133172043557907571e+01
5.121384100000000217e+02 1.135056228373702503e+01
5.131208599999999933e+02 1.135042031345410152e+01
5.227033300000000509e+02 1.135310197435375557e+01
5.615781500000000506e+02 1.137772135151638508e+01
5.624474999999999909e+02 1.137715143496845016e+01
5.718859599999999546e+02 1.138582332587014179e+01
6.076349999999999909e+02 1.140185986159169573e+01
6.133362100000000510e+02 1.140181966212090359e+01
6.231992800000000443e+02 1.140892377366171395e+01
6.604671700000000101e+02 1.142877875025442691e+01
6.605095800000000281e+02 1.142881386118461151e+01
6.682922700000000304e+02 1.143658558925300284e+01
7.143536000000000286e+02 1.145802819051496080e+01
7.153076800000000048e+02 1.145748422552411938e+01
7.241579100000000153e+02 1.146513993486668070e+01
7.604230800000000272e+02 1.148632861795237048e+01
7.670185400000000300e+02 1.148600396906167376e+01
7.749246399999999539e+02 1.148664207205373522e+01
8.132612800000000561e+02 1.151378129452472976e+01
8.210005499999999756e+02 1.151411510278852113e+01
8.230886900000000423e+02 1.152000407083248490e+01
8.658566499999999451e+02 1.155128740077345739e+01
8.685666800000000194e+02 1.155204304905353219e+01
8.695823100000000068e+02 1.154790403012416000e+01
9.112969200000000001e+02 1.157828567066965242e+01
9.144507499999999709e+02 1.157828109098310598e+01
9.220678199999999833e+02 1.157933848972114887e+01
9.528193199999999479e+02 1.160961123549765794e+01
9.680347299999999677e+02 1.160982749847343776e+01
9.708546199999999544e+02 1.161415937309179647e+01
1.009297199999999975e+03 1.164411204966415703e+01
1.014972499999999968e+03 1.164429269285568935e+01
1.021813200000000052e+03 1.165452065947486382e+01
1.063962399999999889e+03 1.167665326684306848e+01
1.068511700000000019e+03 1.167677335640138381e+01
1.072002500000000055e+03 1.168928200692041486e+01
1.111007100000000037e+03 1.171458426623244442e+01
1.114169100000000071e+03 1.171460156727050794e+01
1.116617700000000013e+03 1.172370598412375209e+01
1.168075599999999895e+03 1.174553378790962732e+01
1.170969200000000001e+03 1.177302869936902141e+01
1.171981700000000046e+03 1.174497811927539104e+01
1.210023500000000013e+03 1.178436749440260556e+01
1.212065900000000056e+03 1.178471707714227534e+01
1.212896799999999985e+03 1.180217789537960549e+01
1.255758199999999988e+03 1.182485955627925911e+01
1.262298099999999977e+03 1.184392530022389600e+01
1.262439200000000028e+03 1.182463566049256976e+01
1.313224300000000085e+03 1.188792845511907181e+01
1.317774799999999914e+03 1.185347801750457997e+01
1.320726100000000088e+03 1.185288367596173309e+01
1.353187599999999975e+03 1.189049358843883653e+01
1.362342799999999897e+03 1.189134235701200915e+01
1.371822499999999991e+03 1.192091593730918042e+01
1.404783300000000054e+03 1.194037248117239969e+01
1.410752099999999928e+03 1.193994758803175316e+01
1.418099200000000110e+03 1.195946163240382631e+01
1.458512799999999970e+03 1.197666344392428250e+01
1.461014499999999998e+03 1.197591899043354502e+01
1.475822200000000066e+03 1.200705017301038069e+01
1.504526900000000069e+03 1.202254121717891344e+01
1.506079799999999977e+03 1.202293201709749582e+01
1.517420000000000073e+03 1.204010889476898072e+01
1.561097400000000107e+03 1.208181559128841798e+01
1.565614499999999907e+03 1.205803175249338466e+01
1.572360799999999927e+03 1.205797170771422877e+01
1.601640200000000050e+03 1.209998575208630278e+01
1.608533799999999928e+03 1.211389375127213519e+01
1.611999299999999948e+03 1.209990942397720382e+01
1.651909400000000005e+03 1.214021931610014171e+01
1.654312500000000000e+03 1.214028037858742159e+01
1.674107199999999921e+03 1.215369478933441982e+01
1.691796499999999924e+03 1.218921687360065143e+01
1.712818700000000035e+03 1.218962090372481200e+01
1.717941299999999956e+03 1.218557195196417631e+01
1.747330500000000029e+03 1.221779055566863370e+01
1.757570300000000088e+03 1.221800376552004863e+01
1.762038999999999987e+03 1.223770608589456543e+01
1.801650699999999915e+03 1.226660594341542776e+01
1.803742999999999938e+03 1.226659322206391245e+01
1.818105099999999993e+03 1.227564471809485092e+01
1.844471900000000005e+03 1.230840830449827017e+01
1.847272600000000011e+03 1.230840423366578484e+01
1.866618400000000065e+03 1.231739924689598986e+01
1.888097600000000057e+03 1.234673366578465270e+01
1.890949699999999893e+03 1.234656930592306168e+01
1.913239100000000008e+03 1.235221809485039657e+01
1.943352300000000014e+03 1.238708833706492918e+01
1.945466499999999996e+03 1.238721860370445782e+01
1.964584800000000087e+03 1.238840118054142003e+01
1.993393499999999904e+03 1.242256462446570353e+01
1.996140900000000101e+03 1.243154233665784680e+01
1.999074100000000044e+03 1.242255699165479399e+01
2.038262899999999945e+03 1.247496488906981504e+01
2.049258699999999862e+03 1.247563606757582022e+01
2.077344000000000051e+03 1.244998880521066553e+01
2.088578199999999924e+03 1.249150366374923671e+01
2.095123399999999947e+03 1.249200030531243755e+01
2.112778800000000047e+03 1.252401689395481377e+01
2.152444700000000012e+03 1.255668685121107231e+01
2.153802700000000186e+03 1.255609047425198455e+01
2.184716100000000097e+03 1.254655556686342344e+01
2.192512600000000020e+03 1.258571850193364661e+01
2.193219300000000203e+03 1.258534703846936686e+01
2.214897300000000087e+03 1.257751323020557699e+01
2.249605199999999968e+03 1.261567982902503537e+01
2.251252399999999852e+03 1.261579381233462094e+01
2.259855500000000120e+03 1.262470079381233390e+01
2.297518999999999778e+03 1.266648534500305345e+01
2.306204799999999977e+03 1.266461530633014476e+01
2.306467399999999998e+03 1.266609301852228775e+01
2.356466800000000148e+03 1.270095155709342549e+01
2.357981299999999919e+03 1.270892224709953133e+01
2.365108999999999924e+03 1.270092357012008932e+01
2.388225399999999809e+03 1.274281141868512179e+01
2.396744700000000194e+03 1.274368054142072104e+01
2.401970899999999801e+03 1.274265011194789388e+01
2.477309400000000096e+03 1.277007734581721898e+01
2.488275099999999838e+03 1.276976134744555225e+01
