9.908867800000000159e+01 -4.561044342284501063e+00
1.007165700000000044e+02 -4.561284897782512893e+00
1.283513299999999902e+02 -4.561257295177479243e+00
1.495734300000000019e+02 -4.560658804566355862e+00
1.500254700000000128e+02 -4.560814898554097496e+00
1.751157800000000009e+02 -4.560158255221034906e+00
1.987711600000000089e+02 -4.559925941926349147e+00
2.018014599999999916e+02 -4.560210148973088629e+00
2.230917900000000031e+02 -4.558915171386634491e+00
2.475798200000000122e+02 -4.558539627008445727e+00
2.489300499999999943e+02 -4.558938912240962260e+00
2.730553600000000074e+02 -4.557621236031456746e+00
2.991637000000000057e+02 -4.556562141724609383e+00
2.995101099999999974e+02 -4.557181056485585913e+00
3.245900199999999813e+02 -4.555896139363300179e+00
3.469853100000000268e+02 -4.553590917299223051e+00
3.533673699999999940e+02 -4.555573037685856974e+00
3.720271599999999808e+02 -4.551393657347222899e+00
4.006124500000000239e+02 -4.549221799919203058e+00
4.022482800000000225e+02 -4.550560530080310251e+00
4.226050700000000120e+02 -4.545682314774652788e+00
4.474670399999999972e+02 -4.544570498119349544e+00
4.497135400000000232e+02 -4.540302087438496059e+00
4.716204599999999800e+02 -4.534632010337418251e+00
4.936895400000000222e+02 -4.532559014604960801e+00
4.985494600000000105e+02 -4.531115319264457320e+00
5.184783999999999651e+02 -4.522908096052901783e+00
5.466509899999999789e+02 -4.521685012551049709e+00
5.476919199999999819e+02 -4.521508408408197788e+00
5.719958599999999933e+02 -4.513884581058438705e+00
5.953568500000000085e+02 -4.510141600719943078e+00
6.041281300000000556e+02 -4.512958255644210048e+00
6.220876799999999776e+02 -4.503674686287655327e+00
6.471348900000000413e+02 -4.500777916419220759e+00
6.531390699999999470e+02 -4.502874081477279411e+00
6.724885199999999941e+02 -4.496418025563453824e+00
6.938223000000000411e+02 -4.494581766927986166e+00
7.026610699999999952e+02 -4.495759651164290105e+00
7.179712600000000293e+02 -4.488982956597087792e+00
7.484465000000000146e+02 -4.487932499780915130e+00
7.559689100000000508e+02 -4.488366404823489475e+00
7.738679399999999760e+02 -4.484679850131071177e+00
7.964214699999999993e+02 -4.481475835463582413e+00
8.007113900000000513e+02 -4.481369670809347561e+00
8.141605100000000448e+02 -4.476167928312587918e+00
8.514612300000000005e+02 -4.476174025310306170e+00
8.537968299999999999e+02 -4.476591736479784700e+00
8.636248699999999872e+02 -4.471371794550958789e+00
8.993727300000000469e+02 -4.472201207161379699e+00
9.108059399999999641e+02 -4.472862445725255043e+00
9.172646499999999605e+02 -4.468135092023183930e+00
9.450513300000000072e+02 -4.466043619044629764e+00
9.557783200000000079e+02 -4.468497250058588222e+00
9.662443100000000413e+02 -4.465219607254172551e+00
1.001918900000000008e+03 -4.465445455680572273e+00
1.009225800000000049e+03 -4.465449079623510897e+00
1.027556100000000015e+03 -4.463803794951877180e+00
1.050659300000000030e+03 -4.460866244855191454e+00
1.057996699999999919e+03 -4.462504967170518810e+00
1.069462099999999964e+03 -4.460274873511026250e+00
1.088447599999999966e+03 -4.458184580690933707e+00
1.100724999999999909e+03 -4.458221753050186642e+00
1.109568600000000060e+03 -4.454908060779906087e+00
1.144563400000000001e+03 -4.456685322410043781e+00
1.148209499999999935e+03 -4.455727952558573790e+00
1.157489900000000034e+03 -4.453766190536834202e+00
1.193625099999999975e+03 -4.453265145942680192e+00
1.200965500000000020e+03 -4.454698557923167712e+00
1.216388999999999896e+03 -4.454081117573945647e+00
1.251084200000000010e+03 -4.454169131402222703e+00
1.254648999999999887e+03 -4.454192931954610302e+00
1.258655099999999948e+03 -4.450871780094724173e+00
1.295317399999999907e+03 -4.452762547853864383e+00
1.297662499999999909e+03 -4.450636561899177224e+00
1.316517399999999952e+03 -4.452258486431889040e+00
1.335981399999999894e+03 -4.448694755148074442e+00
1.366093699999999899e+03 -4.450490833420221115e+00
1.368841899999999896e+03 -4.455439848617769094e+00
1.395433500000000095e+03 -4.454117329223054256e+00
1.397314699999999903e+03 -4.450407137437640159e+00
1.407469399999999951e+03 -4.450544796482048149e+00
1.438805900000000065e+03 -4.448744928610629756e+00
1.446247100000000046e+03 -4.451206638355812650e+00
1.465742099999999937e+03 -4.451826984694162270e+00
1.490911499999999933e+03 -4.449509279457267041e+00
1.497836800000000039e+03 -4.449273859367595563e+00
1.519543799999999919e+03 -4.452147407331872309e+00
1.539437100000000100e+03 -4.447996459988365459e+00
1.550644500000000107e+03 -4.450622678572975666e+00
1.573787900000000036e+03 -4.454355911776549881e+00
1.588716899999999896e+03 -4.449462607686083260e+00
1.605948699999999917e+03 -4.451200599224149457e+00
1.607877199999999903e+03 -4.454477650696053281e+00
1.630365500000000111e+03 -4.448161464409339239e+00
1.644028999999999996e+03 -4.450209118578592360e+00
1.649650200000000041e+03 -4.448628166583592503e+00
1.689490600000000086e+03 -4.452302372410977149e+00
1.696466200000000072e+03 -4.453978693914658393e+00
1.710014799999999923e+03 -4.453894059167739172e+00
1.738753899999999931e+03 -4.450797431814950578e+00
1.747075299999999970e+03 -4.454372096849574802e+00
1.757179200000000037e+03 -4.452369104255005539e+00
1.791698399999999992e+03 -4.453344907811945141e+00
1.795601400000000012e+03 -4.454518779732424605e+00
1.796611300000000028e+03 -4.452402034848487844e+00
1.852491199999999935e+03 -4.453066094591001445e+00
1.864117400000000089e+03 -4.457178201911911941e+00
1.871392100000000028e+03 -4.458752679205618463e+00
1.900037399999999934e+03 -4.455370200812783565e+00
1.900959800000000087e+03 -4.456168195501941653e+00
1.909252700000000004e+03 -4.456629396647512564e+00
1.947265799999999899e+03 -4.457868762474856972e+00
1.961872800000000097e+03 -4.458911398771778778e+00
1.962076299999999947e+03 -4.459133608631677070e+00
2.001635500000000093e+03 -4.459806867083202953e+00
2.007151599999999917e+03 -4.458696709229524657e+00
2.013214999999999918e+03 -4.459784064154121985e+00
2.052620699999999943e+03 -4.458277196078874738e+00
2.053053499999999985e+03 -4.457998995972591416e+00
2.075949399999999969e+03 -4.463499305950551665e+00
2.095545700000000124e+03 -4.462671690141965186e+00
2.105923099999999977e+03 -4.462806062624452785e+00
2.110693499999999858e+03 -4.464288084748601726e+00
2.118131899999999860e+03 -4.462336389994845831e+00
2.162317900000000009e+03 -4.463761182568538821e+00
2.177413100000000213e+03 -4.464102478926190720e+00
2.182195600000000013e+03 -4.462145943816588911e+00
2.184751800000000003e+03 -4.461875264164538279e+00
2.208641099999999824e+03 -4.466246574671310476e+00
2.249671200000000226e+03 -4.465933766018718387e+00
2.259335099999999784e+03 -4.466035424827022204e+00
2.262764200000000073e+03 -4.468692982005086023e+00
2.287254300000000057e+03 -4.467950325704284964e+00
2.299175299999999879e+03 -4.467051834191621218e+00
2.315439600000000155e+03 -4.470300190111380800e+00
2.346904799999999796e+03 -4.468443272156484625e+00
2.354221500000000106e+03 -4.469996651251359587e+00
2.359898200000000088e+03 -4.468846137076708303e+00
2.405175600000000031e+03 -4.473636988313685059e+00
2.414406700000000001e+03 -4.473830301329636328e+00
2.427257500000000164e+03 -4.475252122601289351e+00
2.427340499999999793e+03 -4.470694758259741164e+00
