9.927396899999999391e+01 -4.296394095925741397e+00
1.266248300000000029e+02 -4.296200691879646705e+00
1.503737900000000138e+02 -4.296481477859523501e+00
1.744515700000000038e+02 -4.295830681713499466e+00
1.979571400000000096e+02 -4.295923063121366958e+00
2.252960999999999956e+02 -4.295873081513898128e+00
2.508794100000000071e+02 -4.295749852265562829e+00
2.735274099999999748e+02 -4.295146435426756781e+00
2.993969099999999912e+02 -4.294672451506750477e+00
3.221922200000000203e+02 -4.294463823932257895e+00
3.489960300000000188e+02 -4.294110779336053341e+00
3.691426599999999780e+02 -4.293243112379053983e+00
4.004930100000000266e+02 -4.293648229445583553e+00
4.188288699999999949e+02 -4.292479804493514628e+00
4.523660499999999729e+02 -4.293937742842748762e+00
4.704420400000000200e+02 -4.292058588591417312e+00
5.011863500000000045e+02 -4.291654070721662606e+00
5.158490399999999454e+02 -4.289846968026512108e+00
5.511313599999999724e+02 -4.290874673691278396e+00
5.661686399999999821e+02 -4.288352380658846386e+00
6.035275000000000318e+02 -4.289314837130880242e+00
6.169169100000000299e+02 -4.287098421691444727e+00
6.482043499999999767e+02 -4.286357415714220132e+00
6.709709800000000541e+02 -4.286081125467956277e+00
7.022262399999999616e+02 -4.285907975772939693e+00
7.219281999999999471e+02 -4.284717791196663406e+00
7.458007900000000063e+02 -4.282450546134554337e+00
7.733373299999999517e+02 -4.281754563713014328e+00
8.105501299999999674e+02 -4.280014697363923482e+00
8.136517199999999548e+02 -4.275340436269329025e+00
8.480000800000000254e+02 -4.274661449412228365e+00
8.702958399999999983e+02 -4.275016940989432968e+00
8.970778900000000249e+02 -4.272371887934671264e+00
9.182408699999999726e+02 -4.270020478780202744e+00
9.394027300000000196e+02 -4.268139877172790975e+00
9.664270699999999579e+02 -4.266119642872993722e+00
1.007072099999999978e+03 -4.265756543032114934e+00
1.016764000000000010e+03 -4.263276696249692854e+00
1.059389899999999898e+03 -4.264049952902566609e+00
1.069741400000000112e+03 -4.258734417832581443e+00
1.106571400000000040e+03 -4.258720646036271873e+00
1.106904099999999971e+03 -4.253803246287789719e+00
1.156038600000000088e+03 -4.257504983902490103e+00
1.164338299999999890e+03 -4.250245014019467860e+00
1.197141100000000051e+03 -4.248062510247222257e+00
1.220930699999999888e+03 -4.247664101682388171e+00
1.243591100000000097e+03 -4.243538702214451064e+00
1.267817000000000007e+03 -4.242974437402298626e+00
1.299811300000000074e+03 -4.241257101028588217e+00
1.311052400000000034e+03 -4.237164319541987467e+00
1.346210399999999936e+03 -4.236984687558583040e+00
1.357804699999999912e+03 -4.232456042497002358e+00
1.403047000000000025e+03 -4.233702301671739221e+00
1.424933999999999969e+03 -4.230679629301460132e+00
1.439990399999999909e+03 -4.225498529932968594e+00
1.454056000000000040e+03 -4.221532589669619639e+00
1.514689599999999928e+03 -4.226039457042321423e+00
1.514787000000000035e+03 -4.221270722776024442e+00
1.540284599999999955e+03 -4.218309235643808996e+00
1.560945099999999911e+03 -4.215994880422767821e+00
1.588922900000000027e+03 -4.213859746361528380e+00
1.612733500000000049e+03 -4.212968089735340982e+00
1.626471000000000004e+03 -4.209624890661189944e+00
1.662664399999999887e+03 -4.209152478329158953e+00
1.679824499999999944e+03 -4.205992277975095561e+00
1.730168300000000045e+03 -4.208189322323523385e+00
1.762423299999999927e+03 -4.200312331408225575e+00
1.769786200000000008e+03 -4.206287383412536052e+00
1.799484600000000000e+03 -4.198489995812360043e+00
1.827132599999999911e+03 -4.201499603920547443e+00
1.855390400000000000e+03 -4.194626047373580136e+00
1.863976000000000113e+03 -4.197875262096027349e+00
1.896523400000000038e+03 -4.192564550372809506e+00
1.919603100000000040e+03 -4.194167536090218640e+00
1.938644600000000082e+03 -4.188570043202045845e+00
1.971977399999999989e+03 -4.190615894285457443e+00
2.005383299999999963e+03 -4.190693720723575488e+00
2.018902299999999968e+03 -4.187502970526614021e+00
2.057638600000000224e+03 -4.186520993453877182e+00
2.068756400000000212e+03 -4.185589751890952392e+00
2.102039000000000215e+03 -4.178089397104770342e+00
2.102957600000000184e+03 -4.181908900767755455e+00
2.155712300000000141e+03 -4.179739133418975960e+00
2.171659999999999854e+03 -4.181882132877942304e+00
2.206627199999999903e+03 -4.173617708167873808e+00
2.209208799999999883e+03 -4.179633566425684954e+00
2.254237299999999777e+03 -4.177911568088250149e+00
2.262591199999999844e+03 -4.169877547700560072e+00
2.292294100000000071e+03 -4.173715253828738980e+00
2.317976099999999860e+03 -4.172415624618955654e+00
2.344817900000000009e+03 -4.169059272759328749e+00
2.352260400000000118e+03 -4.168802867532154011e+00
2.395572200000000066e+03 -4.167790589337037943e+00
2.396047599999999875e+03 -4.163368863200656911e+00
2.439238600000000133e+03 -4.160082225330353545e+00
