1.040207000000000050e+02 1.701025239161408464e+01
1.292281900000000121e+02 1.705856757581925365e+01
1.529877799999999866e+02 1.709663494809688444e+01
1.769458099999999945e+02 1.714385253409322019e+01
2.020865200000000073e+02 1.718840779564420984e+01
2.253079899999999895e+02 1.724248473437818063e+01
2.511496999999999957e+02 1.727971300630979101e+01
2.740944099999999821e+02 1.733138815387746945e+01
3.020397199999999884e+02 1.738592357012008804e+01
3.230560899999999833e+02 1.745460512924893237e+01
3.511327800000000252e+02 1.750984836148992230e+01
3.744627300000000218e+02 1.754918125381640692e+01
4.017678500000000099e+02 1.761912884184815908e+01
4.217192699999999945e+02 1.768863169143089564e+01
4.489586699999999837e+02 1.775125025442703119e+01
4.756319899999999734e+02 1.782777121921432695e+01
4.979356799999999907e+02 1.790495572969672367e+01
5.263062200000000530e+02 1.798359708935477386e+01
5.494889799999999696e+02 1.804511245674740394e+01
5.700303900000000112e+02 1.814151027885202794e+01
5.992253600000000233e+02 1.819345155709342521e+01
6.217968499999999494e+02 1.828915377569713030e+01
6.527048200000000406e+02 1.834517453694280320e+01
6.665802800000000161e+02 1.843261958070425521e+01
7.034846499999999878e+02 1.851167056788112930e+01
7.161856400000000349e+02 1.857466517402808748e+01
7.470895500000000311e+02 1.866438072460818276e+01
7.737697500000000446e+02 1.872384490128231249e+01
7.970646799999999530e+02 1.880374720130266653e+01
8.177891899999999623e+02 1.886970995318542421e+01
8.497574499999999489e+02 1.896712497455729718e+01
8.616537299999999959e+02 1.902215601465499617e+01
8.959893200000000206e+02 1.911000865051903119e+01
9.181361500000000433e+02 1.914698605739873827e+01
9.469081200000000536e+02 1.923769590881335390e+01
9.629277700000000095e+02 1.928977254223488558e+01
9.887615600000000313e+02 1.937120852839405671e+01
1.014150600000000054e+03 1.942315845715448575e+01
1.048592200000000048e+03 1.949801496030938353e+01
1.063319700000000012e+03 1.955268166089965476e+01
1.095443199999999933e+03 1.961497455729696782e+01
1.114738599999999906e+03 1.966702829228577087e+01
1.142702600000000075e+03 1.976205271728068169e+01
1.168747200000000021e+03 1.980382963566049170e+01
1.195331300000000056e+03 1.989681406472623593e+01
1.210371599999999944e+03 1.996511093018522232e+01
1.250790199999999913e+03 2.002444534907388629e+01
1.273859400000000051e+03 2.005290759210258500e+01
1.304310899999999947e+03 2.011536332179930753e+01
1.318799800000000005e+03 2.017565235090576081e+01
1.344954099999999926e+03 2.025484123753307486e+01
1.359364399999999932e+03 2.031627925910848731e+01
1.390631599999999935e+03 2.038145532261347270e+01
1.415118300000000090e+03 2.042887543252595250e+01
1.443778999999999996e+03 2.048407693873397051e+01
1.463540600000000040e+03 2.054049460614695732e+01
1.508185199999999895e+03 2.061682525951556855e+01
1.511837800000000016e+03 2.062472725422349029e+01
1.553343200000000024e+03 2.070193415428455097e+01
1.568055100000000039e+03 2.078058670873193847e+01
1.595983699999999999e+03 2.086230460004070864e+01
1.610021899999999960e+03 2.089114034194992797e+01
1.626830799999999954e+03 2.094178760431508124e+01
1.655762500000000045e+03 2.104145481375941173e+01
1.690884299999999939e+03 2.106323325870140195e+01
1.721679399999999987e+03 2.112522491349480802e+01
1.748945200000000114e+03 2.118401078770608592e+01
1.763302500000000009e+03 2.125406167311215100e+01
1.788989100000000008e+03 2.130305821290453849e+01
1.817208100000000059e+03 2.132328058212904409e+01
1.866419200000000046e+03 2.144496132709139147e+01
1.871106299999999919e+03 2.147941074699776109e+01
1.890622399999999971e+03 2.150046407490331646e+01
1.917062699999999950e+03 2.155898076531650887e+01
1.947602799999999888e+03 2.162270201506208167e+01
1.951702500000000100e+03 2.167866171382047469e+01
1.989903600000000097e+03 2.176334673315692925e+01
2.011877300000000105e+03 2.188690616731121352e+01
2.045311599999999999e+03 2.180519896193771601e+01
2.081711899999999787e+03 2.194210563810299419e+01
2.111411900000000060e+03 2.193534449419906451e+01
2.118081900000000132e+03 2.202927386525544406e+01
2.142949799999999868e+03 2.206545084469773954e+01
2.147377500000000055e+03 2.219564115611642663e+01
2.190614000000000033e+03 2.213126501119478817e+01
2.223772599999999784e+03 2.229913494809688501e+01
2.254256899999999860e+03 2.228837166700590444e+01
2.258086600000000089e+03 2.240489161408508068e+01
2.306920099999999820e+03 2.246411357622633886e+01
2.320264099999999871e+03 2.235719875839609116e+01
2.346697700000000168e+03 2.248159067779360853e+01
2.358283399999999801e+03 2.264172196214125776e+01
2.408278899999999794e+03 2.266252391614084871e+01
2.425979100000000017e+03 2.256914766944840167e+01
2.453111800000000130e+03 2.275251424791369814e+01
