9.932821199999999351e+01 -3.479507599790023331e+00
1.266501999999999981e+02 -3.479337313627640871e+00
1.498657300000000134e+02 -3.479233911967102078e+00
1.760069499999999891e+02 -3.479314805684137646e+00
2.011501800000000060e+02 -3.479217996287960801e+00
2.220208199999999863e+02 -3.478197840244789063e+00
2.511175299999999879e+02 -3.478843468832115704e+00
2.748519099999999753e+02 -3.478802604460027759e+00
3.003061900000000151e+02 -3.478104801208921959e+00
3.230869000000000142e+02 -3.477918859654911987e+00
3.519820900000000279e+02 -3.477669627214919235e+00
3.714168999999999983e+02 -3.476911600294700477e+00
4.029562099999999987e+02 -3.476816717293411241e+00
4.195554599999999823e+02 -3.475344520145677851e+00
4.540852800000000116e+02 -3.475629195786941850e+00
4.700534900000000107e+02 -3.474394279496162863e+00
5.024712200000000166e+02 -3.474176495730418424e+00
5.194087899999999536e+02 -3.472744335839845320e+00
5.523039599999999609e+02 -3.472215011368406046e+00
5.722976200000000517e+02 -3.471623440794751936e+00
6.043682000000000016e+02 -3.471009581698083490e+00
6.174079600000000028e+02 -3.468167205873626813e+00
6.437670100000000275e+02 -3.467351736410079432e+00
6.725741500000000315e+02 -3.466755601255462338e+00
7.057412100000000237e+02 -3.466410091103012903e+00
7.157686400000000049e+02 -3.462268970036494142e+00
7.491458400000000211e+02 -3.461956311616362747e+00
7.739105499999999438e+02 -3.461428144312877375e+00
8.023607799999999770e+02 -3.459435904057921451e+00
8.152167100000000346e+02 -3.454954105475239068e+00
8.451988000000000056e+02 -3.454504991237018707e+00
8.658470399999999927e+02 -3.451714435827107241e+00
9.004387199999999893e+02 -3.450689436911122066e+00
9.135869500000000016e+02 -3.445876832845000237e+00
9.551822899999999663e+02 -3.446108786256889100e+00
9.736678799999999683e+02 -3.443135338572821613e+00
9.969714800000000423e+02 -3.439172504475710657e+00
1.005560600000000022e+03 -3.433814243273316968e+00
1.057955899999999929e+03 -3.435914631241519857e+00
1.076844000000000051e+03 -3.436095311645592343e+00
1.095459900000000061e+03 -3.430315993376191308e+00
1.118657699999999977e+03 -3.429332270319277676e+00
1.153896400000000085e+03 -3.426781530609607440e+00
1.161478800000000092e+03 -3.422740917801111671e+00
1.197657400000000052e+03 -3.421997327450958526e+00
1.206782799999999952e+03 -3.417251702862865059e+00
1.248249600000000100e+03 -3.418232025962817389e+00
1.265175700000000006e+03 -3.414019982469078673e+00
1.294055900000000065e+03 -3.411874344793260683e+00
1.315368799999999965e+03 -3.408202849059975392e+00
1.354326600000000099e+03 -3.406266226962062937e+00
1.362837399999999889e+03 -3.404408835923914189e+00
1.397528700000000072e+03 -3.401894223368632009e+00
1.409339799999999968e+03 -3.400132647202276370e+00
1.432246499999999969e+03 -3.395805808222323918e+00
1.459038999999999987e+03 -3.395447499037270056e+00
1.505101899999999887e+03 -3.396861120491994956e+00
1.514656300000000101e+03 -3.391417628300856357e+00
1.566043100000000095e+03 -3.390126930530492189e+00
1.590619999999999891e+03 -3.393842343719120080e+00
1.604973199999999906e+03 -3.386880277494198843e+00
1.622965999999999894e+03 -3.386099604759139403e+00
1.650689800000000105e+03 -3.383222132511154445e+00
1.663307700000000068e+03 -3.378742659619144106e+00
1.691868799999999965e+03 -3.378124440717465760e+00
1.710934700000000021e+03 -3.376395763347883605e+00
1.750751500000000078e+03 -3.377274838998963524e+00
1.764085299999999961e+03 -3.373679656874553512e+00
1.795770899999999983e+03 -3.368433400810999956e+00
1.806126500000000078e+03 -3.369174085452816492e+00
1.849115900000000011e+03 -3.368019993107469912e+00
1.862559899999999971e+03 -3.366414779624639753e+00
1.902687200000000075e+03 -3.364879010706446572e+00
1.907793300000000045e+03 -3.362419932761521846e+00
1.953484899999999925e+03 -3.363676859484598936e+00
1.953853800000000092e+03 -3.358423153593419475e+00
1.982482400000000098e+03 -3.356349506707031249e+00
2.011585499999999911e+03 -3.356326829980317505e+00
2.056412899999999809e+03 -3.354909499100296788e+00
2.064875900000000001e+03 -3.354475584313448611e+00
2.078398299999999836e+03 -3.349599268956352738e+00
2.125677099999999882e+03 -3.352866202989477351e+00
2.157197999999999865e+03 -3.347133597070614197e+00
2.163831499999999778e+03 -3.352481706880045209e+00
2.190698699999999917e+03 -3.346260050878580472e+00
2.225998999999999796e+03 -3.347956306624248146e+00
2.259348500000000058e+03 -3.340572727788837071e+00
2.263862399999999980e+03 -3.344290342670513283e+00
2.311165899999999965e+03 -3.341529161840077311e+00
2.316293000000000120e+03 -3.342357265306627134e+00
2.346803800000000138e+03 -3.337333251611073859e+00
2.359797099999999773e+03 -3.335293642073565934e+00
2.408284599999999955e+03 -3.334811833977202156e+00
2.416676199999999881e+03 -3.336482349124499258e+00
2.450211699999999837e+03 -3.332359505104110386e+00
