9.889156599999999742e+01 -3.328499440271520449e+00
1.266266200000000026e+02 -3.328072160125906898e+00
1.492015499999999975e+02 -3.327877901273173400e+00
1.755117600000000095e+02 -3.327421778015610787e+00
2.000620800000000088e+02 -3.327279973724295736e+00
2.243824099999999930e+02 -3.326386467374994993e+00
2.488207899999999881e+02 -3.325701883534617487e+00
2.759322599999999852e+02 -3.325744729743125294e+00
3.016808599999999956e+02 -3.325110292720120153e+00
3.230975599999999872e+02 -3.323369915904579752e+00
3.492368099999999913e+02 -3.322561434064240871e+00
3.764243999999999915e+02 -3.321755701124525562e+00
4.012870800000000031e+02 -3.320197039726071608e+00
4.201323199999999929e+02 -3.317726094475291099e+00
4.564319300000000226e+02 -3.317997453403979335e+00
4.737097600000000170e+02 -3.315008793829822498e+00
5.027866999999999962e+02 -3.313901753978039100e+00
5.209116099999999960e+02 -3.310660322848764103e+00
5.497372299999999541e+02 -3.309987802919390099e+00
5.683010900000000447e+02 -3.306108780510643719e+00
5.974744299999999839e+02 -3.305223842926592326e+00
6.163256699999999455e+02 -3.301917434750893499e+00
6.490099099999999908e+02 -3.301907364513843479e+00
6.737368800000000419e+02 -3.300216835336202692e+00
7.005713200000000143e+02 -3.298450632469618782e+00
7.228433499999999867e+02 -3.296054365514303530e+00
7.492501600000000508e+02 -3.294541696859432545e+00
7.659478800000000547e+02 -3.291041119407521531e+00
7.908515400000000000e+02 -3.289301926569756063e+00
8.174672299999999723e+02 -3.287869310881383011e+00
8.566198200000000043e+02 -3.287668472296247923e+00
8.736766000000000076e+02 -3.286973369114809973e+00
9.120545600000000377e+02 -3.285647278341106592e+00
9.124156400000000531e+02 -3.280301788967939114e+00
9.567776199999999562e+02 -3.281059374877863366e+00
9.674945999999999913e+02 -3.279580080228436501e+00
1.000112200000000030e+03 -3.279296828632141114e+00
1.014623500000000035e+03 -3.276964989177883592e+00
1.044534499999999980e+03 -3.275011592016813022e+00
1.062449599999999919e+03 -3.273230830249408196e+00
1.095938499999999976e+03 -3.272560370302419752e+00
1.117322699999999941e+03 -3.272514522589226260e+00
1.143229700000000093e+03 -3.269136738356118066e+00
1.181995200000000068e+03 -3.272691365631588578e+00
1.207525399999999991e+03 -3.270687624383965986e+00
1.212576800000000048e+03 -3.268253892475126321e+00
1.252283599999999979e+03 -3.267776778035747398e+00
1.269735699999999952e+03 -3.266843246036533088e+00
1.296742299999999886e+03 -3.263606335221068910e+00
1.314883399999999938e+03 -3.263292150795149560e+00
1.337747699999999895e+03 -3.260592199136087554e+00
1.361959200000000010e+03 -3.261853389329083086e+00
1.405807999999999993e+03 -3.262413937953434484e+00
1.421757100000000037e+03 -3.261493692582692283e+00
1.446750600000000077e+03 -3.260574488861725850e+00
1.470156199999999899e+03 -3.258547803970377910e+00
1.486192199999999957e+03 -3.257783038431183886e+00
1.519996200000000044e+03 -3.259103207657694234e+00
1.551727300000000014e+03 -3.259414663771677212e+00
1.555478200000000015e+03 -3.254744513002477468e+00
1.600435500000000047e+03 -3.255255889036734462e+00
1.615827600000000075e+03 -3.253796217586144124e+00
1.653377700000000004e+03 -3.253842461054669677e+00
1.670078400000000101e+03 -3.254054947906192652e+00
1.705728399999999965e+03 -3.253729456629068206e+00
1.717711700000000064e+03 -3.252777663212862436e+00
1.728743500000000040e+03 -3.247811772898682836e+00
1.763595100000000002e+03 -3.249734438658597568e+00
1.802850500000000011e+03 -3.249257919193277111e+00
1.812601499999999987e+03 -3.249179622054920280e+00
1.848629699999999957e+03 -3.248360665474304909e+00
1.857370899999999892e+03 -3.246327950388791184e+00
1.914302400000000034e+03 -3.250426397654582633e+00
1.914716100000000097e+03 -3.247585657538371251e+00
1.965383900000000040e+03 -3.251559216255492046e+00
1.968668300000000045e+03 -3.247016226990877108e+00
1.984134000000000015e+03 -3.241535586676421499e+00
2.018170800000000099e+03 -3.244250917965876724e+00
2.054822000000000116e+03 -3.240659577399701785e+00
2.056858400000000074e+03 -3.245853542099157441e+00
2.090743300000000090e+03 -3.241355576125691140e+00
2.116382999999999811e+03 -3.244090350420561819e+00
2.124439800000000105e+03 -3.240763718760783618e+00
2.166169300000000021e+03 -3.242619964403745669e+00
2.195799100000000180e+03 -3.236316953064454882e+00
2.219130500000000211e+03 -3.240959667310738812e+00
2.249797799999999825e+03 -3.239292212123423109e+00
2.267460399999999936e+03 -3.238495329381255061e+00
2.314872499999999945e+03 -3.239465409239356664e+00
2.335112799999999879e+03 -3.243831503944411221e+00
2.361456599999999980e+03 -3.238115949166032070e+00
2.380929900000000089e+03 -3.241066834614826586e+00
2.405195600000000013e+03 -3.231117428404516989e+00
2.419612999999999829e+03 -3.237811079857936480e+00
2.439191200000000208e+03 -3.233653270896395870e+00
