9.969575100000000134e+01 -3.330999013252107233e+00
1.265153200000000027e+02 -3.330818727792256073e+00
1.483506700000000080e+02 -3.330613559778914379e+00
1.756149000000000058e+02 -3.330465233943026515e+00
1.998900299999999959e+02 -3.330377211229845091e+00
2.238222299999999905e+02 -3.329485696099861780e+00
2.495314500000000066e+02 -3.329394304697584683e+00
2.730515199999999822e+02 -3.328181051375254107e+00
2.975198500000000195e+02 -3.327481057346390880e+00
3.242552400000000148e+02 -3.326944387508833145e+00
3.467740200000000073e+02 -3.325645036740412230e+00
3.711116200000000163e+02 -3.323884735107285771e+00
4.021019900000000007e+02 -3.324260193392930329e+00
4.246471199999999726e+02 -3.321271491383729124e+00
4.476199700000000234e+02 -3.319077873992399397e+00
4.720949200000000019e+02 -3.316698541090552954e+00
5.034999099999999999e+02 -3.316603281344181031e+00
5.147468699999999444e+02 -3.311058931128639582e+00
5.489498999999999569e+02 -3.312185493866264263e+00
5.687687100000000555e+02 -3.306827674882572676e+00
6.028619800000000168e+02 -3.307428152318257819e+00
6.179465400000000272e+02 -3.302245936778403834e+00
6.516314599999999473e+02 -3.302316921291317264e+00
6.679880200000000059e+02 -3.298643728298588762e+00
6.964251000000000431e+02 -3.298352189870558338e+00
7.166444500000000062e+02 -3.294489176338455394e+00
7.499327500000000555e+02 -3.293916053308305614e+00
7.650589999999999691e+02 -3.291047383629547962e+00
7.896489000000000260e+02 -3.289473312065085420e+00
8.122416200000000117e+02 -3.287377841168160675e+00
8.464541000000000395e+02 -3.287272723165617361e+00
8.664697800000000143e+02 -3.284858583445830593e+00
9.029349600000000464e+02 -3.286963097642861431e+00
9.148682300000000396e+02 -3.281619528627449878e+00
9.482473599999999578e+02 -3.280601232370771392e+00
9.689262999999999693e+02 -3.279807316961919295e+00
1.004639199999999960e+03 -3.279111204844755711e+00
1.010626800000000003e+03 -3.275106910225261014e+00
1.052992199999999912e+03 -3.275665814503716966e+00
1.065263899999999921e+03 -3.274005044746668869e+00
1.087147500000000036e+03 -3.271413612277006777e+00
1.117322799999999916e+03 -3.272360111233807878e+00
1.146277299999999968e+03 -3.270606926040719564e+00
1.166234600000000000e+03 -3.269523460262860226e+00
1.205904600000000073e+03 -3.270113007743710831e+00
1.220074399999999969e+03 -3.269762647632245223e+00
1.246653499999999894e+03 -3.268136774613692896e+00
1.264897999999999911e+03 -3.265241037002256430e+00
1.302330400000000054e+03 -3.264712277061779577e+00
1.313167899999999918e+03 -3.263036019956393474e+00
1.344941600000000108e+03 -3.257680288326458395e+00
1.354869899999999916e+03 -3.263282316896198854e+00
1.409011799999999994e+03 -3.262620262604955190e+00
1.420332000000000107e+03 -3.261139981742728899e+00
1.458309799999999996e+03 -3.259651821654453663e+00
1.462841200000000072e+03 -3.258928204477402613e+00
1.498040999999999940e+03 -3.256406793647567355e+00
1.514896099999999933e+03 -3.256869047387653815e+00
1.547726599999999962e+03 -3.256489959451000615e+00
1.571445600000000013e+03 -3.256655377540574658e+00
1.596929399999999987e+03 -3.255646612269806006e+00
1.612967499999999973e+03 -3.255283570163841400e+00
1.642566600000000108e+03 -3.253161966859314802e+00
1.654296800000000076e+03 -3.251016917914103743e+00
1.703269199999999955e+03 -3.250988727876142459e+00
1.703553400000000011e+03 -3.253268285128845694e+00
1.752568099999999959e+03 -3.250681775445380062e+00
1.770500099999999975e+03 -3.250641541833987347e+00
1.802765499999999975e+03 -3.253772531607973306e+00
1.809012400000000071e+03 -3.248429968941569879e+00
1.859192900000000009e+03 -3.247384919113833757e+00
1.867730900000000020e+03 -3.247533440338275845e+00
1.920186400000000049e+03 -3.252311512108725378e+00
1.925943600000000060e+03 -3.249395476606817379e+00
1.949862100000000055e+03 -3.247752811368166181e+00
1.964647500000000036e+03 -3.246801826114716683e+00
1.994516499999999951e+03 -3.242272030714455688e+00
2.023972700000000032e+03 -3.249681518702842720e+00
2.054862200000000030e+03 -3.243408011829618687e+00
2.061567900000000009e+03 -3.243457821582097278e+00
2.085060399999999845e+03 -3.238824861993495841e+00
2.100043700000000172e+03 -3.242166489081818703e+00
2.148661500000000160e+03 -3.240962005453838835e+00
2.163755799999999908e+03 -3.239887844230078695e+00
2.193781800000000203e+03 -3.237421738429883789e+00
2.203987399999999980e+03 -3.244431807104482868e+00
2.249966699999999946e+03 -3.242895819144398395e+00
2.268507500000000164e+03 -3.241155960444649597e+00
2.281844500000000153e+03 -3.238045474910225430e+00
2.314048400000000129e+03 -3.234059303751736891e+00
2.346887499999999818e+03 -3.236568303120495926e+00
2.365628900000000158e+03 -3.234518762704396533e+00
2.398145199999999932e+03 -3.234480287828618295e+00
2.404327600000000075e+03 -3.232375223231382044e+00
2.425872600000000148e+03 -3.232415673791487087e+00
