1.039671100000000052e+02 1.547798544677386445e+01
1.267970899999999972e+02 1.549482749847343577e+01
1.520949500000000114e+02 1.550613372684713909e+01
1.760963900000000137e+02 1.551909423977203240e+01
1.995316200000000038e+02 1.554054956238550744e+01
2.243712099999999907e+02 1.555965499694687715e+01
2.503309000000000140e+02 1.556941430897618517e+01
2.749181500000000256e+02 1.558963464278444988e+01
2.984407299999999736e+02 1.560634795440667588e+01
3.255045499999999947e+02 1.562446417667412923e+01
3.508575500000000034e+02 1.563661103195603452e+01
3.718817500000000109e+02 1.565466873600651354e+01
3.981345600000000218e+02 1.567135813148789047e+01
4.228747799999999870e+02 1.569254681457358025e+01
4.444741599999999835e+02 1.571651078770608478e+01
4.696174899999999752e+02 1.571717484225523975e+01
4.974617400000000202e+02 1.576022389578668736e+01
5.215792000000000144e+02 1.576624160390799823e+01
5.469987599999999475e+02 1.579853297374313215e+01
5.685762099999999464e+02 1.581472725422348979e+01
5.972621500000000196e+02 1.584406319967433419e+01
6.202038800000000265e+02 1.585590830449826960e+01
6.418631000000000313e+02 1.588855892530022551e+01
6.679778400000000147e+02 1.590629910441685446e+01
6.968138400000000274e+02 1.592649094239772189e+01
7.235896800000000439e+02 1.594516944840219708e+01
7.537127900000000409e+02 1.596840321595766277e+01
7.788861000000000558e+02 1.599688123346224344e+01
7.980209499999999707e+02 1.602338235294117652e+01
8.166830899999999929e+02 1.605361897007938055e+01
8.456602900000000318e+02 1.609724659067779484e+01
8.696303400000000465e+02 1.612286942804803758e+01
9.043582699999999477e+02 1.615348768573173288e+01
9.293717500000000200e+02 1.618068847954406664e+01
9.456264300000000276e+02 1.621164105434561264e+01
9.708011900000000196e+02 1.624748473437817964e+01
9.970328399999999647e+02 1.626512619580704211e+01
1.023659800000000018e+03 1.629214176674129888e+01
1.046221299999999928e+03 1.632303836759617255e+01
1.067169200000000046e+03 1.636388102992061988e+01
1.095773500000000013e+03 1.637895735802971942e+01
1.114710900000000038e+03 1.643688428658660783e+01
1.152304399999999987e+03 1.646043557907592003e+01
1.175299600000000055e+03 1.648443110116018673e+01
1.196597299999999905e+03 1.653774323224099163e+01
1.216307600000000093e+03 1.654847852635863958e+01
1.251560400000000072e+03 1.658812131080805941e+01
1.257019999999999982e+03 1.663373447995115129e+01
1.302425300000000107e+03 1.664512924893140777e+01
1.320469900000000052e+03 1.668628485650315341e+01
1.348671599999999899e+03 1.673493130470181001e+01
1.356017900000000054e+03 1.677838795033584418e+01
1.407812599999999975e+03 1.678598768573172961e+01
1.409348199999999906e+03 1.684521168328923224e+01
1.449384199999999964e+03 1.685769031141868624e+01
1.467522600000000011e+03 1.690147058823529491e+01
1.499191100000000006e+03 1.692912833299409670e+01
1.508961700000000064e+03 1.696698249542031434e+01
1.554591599999999971e+03 1.699787095461021735e+01
1.562126899999999978e+03 1.703339863627111583e+01
1.597928300000000036e+03 1.708347445552615440e+01
1.626861599999999953e+03 1.710836657846529718e+01
1.628306499999999915e+03 1.716372023203745201e+01
1.657145999999999958e+03 1.720292540199470821e+01
1.685744500000000016e+03 1.724180490535314547e+01
1.712329999999999927e+03 1.726254884998982320e+01
1.744448799999999892e+03 1.732077651129656104e+01
1.764195400000000063e+03 1.732363220028495832e+01
1.798426300000000083e+03 1.737635711377976833e+01
1.812506100000000060e+03 1.742080398941583752e+01
1.830320699999999988e+03 1.747629656014655097e+01
1.862276100000000042e+03 1.747633167107673557e+01
1.892552100000000110e+03 1.753313047018115256e+01
1.911337600000000066e+03 1.755016944840219750e+01
1.945576000000000022e+03 1.756989364950132071e+01
1.958941600000000108e+03 1.762915988194585637e+01
2.007062500000000000e+03 1.765772847547323465e+01
2.016633599999999888e+03 1.767835843680032326e+01
2.046725300000000061e+03 1.774580144514553126e+01
2.078892699999999877e+03 1.778451150010176818e+01
2.099818699999999808e+03 1.779596733156930455e+01
2.131181099999999788e+03 1.785968959902299957e+01
2.154576599999999871e+03 1.792723743130470382e+01
2.154698699999999917e+03 1.792409220435579087e+01
2.200029399999999896e+03 1.806605688988398128e+01
2.223657000000000153e+03 1.798996438021575628e+01
2.242484399999999823e+03 1.809567219621412804e+01
2.266192700000000059e+03 1.817416955017301206e+01
2.288250500000000102e+03 1.817046611031955905e+01
2.329480300000000170e+03 1.823691380012212448e+01
2.339310599999999795e+03 1.826138204762873940e+01
2.372054000000000087e+03 1.830869377162629874e+01
2.408502700000000004e+03 1.835014247913698426e+01
2.422049799999999777e+03 1.835879350702218815e+01
2.461010699999999815e+03 1.846361439039283425e+01
