1.001052099999999996e+02 -3.533183331851679654e+00
1.270757600000000025e+02 -3.532953842692091673e+00
1.505544500000000028e+02 -3.532812885913219070e+00
1.752263199999999870e+02 -3.532604092341513180e+00
1.991570299999999918e+02 -3.532207103476259213e+00
2.245729300000000137e+02 -3.532176561214966259e+00
2.513906100000000094e+02 -3.532282882872028296e+00
2.745656399999999735e+02 -3.531903185793888955e+00
3.006807600000000207e+02 -3.531354749198087006e+00
3.230928000000000111e+02 -3.530897791802081631e+00
3.469834200000000237e+02 -3.529940978258979900e+00
3.753651100000000156e+02 -3.530442824463668750e+00
4.053083500000000186e+02 -3.530039996871498609e+00
4.200784300000000258e+02 -3.528146317121946485e+00
4.458014900000000011e+02 -3.527057282385464010e+00
4.717505899999999883e+02 -3.526955698347750356e+00
5.011640800000000127e+02 -3.526499168358110836e+00
5.216012799999999743e+02 -3.524958196978658087e+00
5.487891899999999623e+02 -3.523882447029918374e+00
5.679820200000000341e+02 -3.520562270545367412e+00
6.033457799999999907e+02 -3.520597087470261233e+00
6.137255099999999857e+02 -3.516903597007984494e+00
6.547252300000000105e+02 -3.519115908263686698e+00
6.762032500000000255e+02 -3.515992747617849634e+00
7.056504099999999653e+02 -3.514632546662790347e+00
7.213257499999999709e+02 -3.508442465173232439e+00
7.551227499999999964e+02 -3.506760112364695203e+00
7.711927699999999959e+02 -3.504353622641662724e+00
7.978705700000000434e+02 -3.502435129979406536e+00
8.110685300000000097e+02 -3.497314600508522719e+00
8.478742700000000241e+02 -3.498223571877760119e+00
8.648040999999999485e+02 -3.493218476787035343e+00
9.005931199999999990e+02 -3.493518534147741939e+00
9.133562299999999823e+02 -3.487897178989931124e+00
9.546587100000000419e+02 -3.488775079090091769e+00
9.709407499999999800e+02 -3.484149688158939107e+00
1.001132899999999950e+03 -3.481449922374252992e+00
1.012497299999999996e+03 -3.476758037357219333e+00
1.039477699999999913e+03 -3.474706547498848774e+00
1.062955200000000104e+03 -3.472897310355862910e+00
1.103126099999999951e+03 -3.473307323388094670e+00
1.110213600000000042e+03 -3.467413499383983133e+00
1.143506800000000112e+03 -3.465262974263610740e+00
1.170349200000000110e+03 -3.466427538761604144e+00
1.212394800000000032e+03 -3.465424529618836402e+00
1.218212299999999914e+03 -3.460849953007884672e+00
1.240069199999999910e+03 -3.459705414107945298e+00
1.276467000000000098e+03 -3.458638886192595852e+00
1.301459000000000060e+03 -3.454873935440799126e+00
1.330950499999999920e+03 -3.456176428685332258e+00
1.357878500000000031e+03 -3.453834219576891407e+00
1.361525200000000041e+03 -3.447402752852835484e+00
1.389245499999999993e+03 -3.445389173261252935e+00
1.421154899999999998e+03 -3.445096204443868437e+00
1.455430900000000065e+03 -3.444480131277482648e+00
1.467561300000000074e+03 -3.439884654354830040e+00
1.514587700000000041e+03 -3.441729427724779189e+00
1.528072400000000016e+03 -3.439950988800942522e+00
1.544486100000000079e+03 -3.436492598167058432e+00
1.563151599999999917e+03 -3.434672265725526419e+00
1.599329799999999977e+03 -3.433422058635433149e+00
1.621577999999999975e+03 -3.431259454069473414e+00
1.655728399999999965e+03 -3.430738582286334992e+00
1.668134999999999991e+03 -3.428568823644982722e+00
1.698588299999999890e+03 -3.426820093640047471e+00
1.721958699999999908e+03 -3.426891473513077990e+00
1.763131800000000112e+03 -3.423386750650990518e+00
1.765351699999999937e+03 -3.426722393525780230e+00
1.796395199999999932e+03 -3.420209134297617748e+00
1.813664099999999962e+03 -3.419214705933061094e+00
1.830026399999999967e+03 -3.415227558212409864e+00
1.858361599999999953e+03 -3.414333302781546564e+00
1.899845900000000029e+03 -3.412216837136429870e+00
1.900774899999999889e+03 -3.409566761952774527e+00
1.938299099999999953e+03 -3.411017260295041265e+00
1.959976100000000088e+03 -3.409279449975298526e+00
2.002609400000000051e+03 -3.411001291769942600e+00
2.009583200000000033e+03 -3.408155521640209074e+00
2.063763899999999921e+03 -3.409512860836151127e+00
2.065861600000000180e+03 -3.407324189191128561e+00
2.100794800000000123e+03 -3.411256653615470924e+00
2.113604800000000068e+03 -3.404587070364598844e+00
2.141672700000000077e+03 -3.399488866235985451e+00
2.170521999999999935e+03 -3.403831983628990976e+00
2.199716699999999946e+03 -3.397081308107541275e+00
2.210957499999999982e+03 -3.406134795492812728e+00
2.249211999999999989e+03 -3.397638888400706936e+00
2.256785100000000057e+03 -3.397377725621254729e+00
2.298190099999999802e+03 -3.394233126536444711e+00
2.315266500000000178e+03 -3.397560447439089693e+00
2.347385499999999865e+03 -3.395851127044744455e+00
2.347461200000000190e+03 -3.389676518292309648e+00
2.380007599999999911e+03 -3.386107966123679702e+00
2.411689499999999953e+03 -3.393669678836687353e+00
2.463100899999999911e+03 -3.396315729420587459e+00
