1.221215499999999992e+02 1.760186495013230257e+01
1.311564799999999877e+02 1.761610777529004679e+01
1.686459700000000055e+02 1.766363525340932128e+01
1.694952099999999859e+02 1.766326378994504509e+01
1.803013200000000040e+02 1.767232902503561931e+01
2.183794200000000103e+02 1.771477457765113073e+01
2.190598899999999958e+02 1.771297425198453013e+01
2.281948299999999961e+02 1.773204559332383212e+01
2.671519099999999867e+02 1.778477712192143301e+01
2.697311100000000010e+02 1.778584978628129676e+01
2.772960400000000050e+02 1.779604569509464795e+01
3.167671199999999772e+02 1.785561367799715171e+01
3.193603499999999826e+02 1.785569814777121778e+01
3.286128699999999867e+02 1.787835996336250943e+01
3.676802099999999882e+02 1.793165631996743059e+01
3.678331999999999766e+02 1.793201251780989125e+01
3.774683400000000120e+02 1.795782159576633319e+01
4.164390300000000025e+02 1.802016130673722927e+01
4.174830799999999726e+02 1.801875686952981681e+01
4.298954299999999762e+02 1.802843425605536254e+01
4.660977899999999750e+02 1.809973895786688303e+01
4.695916300000000092e+02 1.809958833706492953e+01
4.784472200000000157e+02 1.810616680236108422e+01
5.163091799999999694e+02 1.818595664563403247e+01
5.194398700000000417e+02 1.818627467942194187e+01
5.238015900000000329e+02 1.821380571951964455e+01
5.694285200000000486e+02 1.828626399348666709e+01
5.707826400000000149e+02 1.828639629554243839e+01
5.736543500000000222e+02 1.831341441074699716e+01
6.169627600000000029e+02 1.839379503358436807e+01
6.194821200000000090e+02 1.839438072460818319e+01
6.227587499999999636e+02 1.840733055159780207e+01
6.653537700000000541e+02 1.847363474455526244e+01
6.677064299999999548e+02 1.847517657235904665e+01
6.686390699999999470e+02 1.853366578465296044e+01
7.136803899999999885e+02 1.857395481375941415e+01
7.153329199999999446e+02 1.857518776714838182e+01
7.177775599999999940e+02 1.861881233462243301e+01
7.682083400000000211e+02 1.873234021982495534e+01
7.690689700000000357e+02 1.869077396702625649e+01
7.725222700000000486e+02 1.869056991654793620e+01
8.159415900000000192e+02 1.878834062690820161e+01
8.189048900000000231e+02 1.884643445959698838e+01
8.193660599999999476e+02 1.878792794626501106e+01
8.619765700000000379e+02 1.889273356401384163e+01
8.643646800000000212e+02 1.889213922247099475e+01
8.646916800000000194e+02 1.892909474862609542e+01
9.127317900000000463e+02 1.899291675147567560e+01
9.138889599999999973e+02 1.899322206391206791e+01
9.188143800000000283e+02 1.902785568898839585e+01
9.570151399999999740e+02 1.908756462446570268e+01
9.670270299999999679e+02 1.908838031752493336e+01
9.696517400000000180e+02 1.912926623244453594e+01
1.007425700000000006e+03 1.921762874007734823e+01
1.013937900000000013e+03 1.921723336047221764e+01
1.016943099999999959e+03 1.922307296967229817e+01
1.056945400000000063e+03 1.928023814370038735e+01
1.057460100000000011e+03 1.928083248524323068e+01
1.063589400000000069e+03 1.932208426623244435e+01
1.106497699999999895e+03 1.939813606757581965e+01
1.106546900000000051e+03 1.939877467942194045e+01
1.119753600000000006e+03 1.939930337879096101e+01
1.156052200000000084e+03 1.947694585792794797e+01
1.160665600000000040e+03 1.947762924893140735e+01
1.166795100000000048e+03 1.948703745165886403e+01
1.212324499999999944e+03 1.955129147160594272e+01
1.215517700000000104e+03 1.960654335436596796e+01
1.216252700000000004e+03 1.955161154081009656e+01
1.254695799999999963e+03 1.967223794015876237e+01
1.260778099999999995e+03 1.967124058619987537e+01
1.262573200000000043e+03 1.967785060044779044e+01
1.301003600000000006e+03 1.973612965601465419e+01
1.311054100000000062e+03 1.973631487889273473e+01
1.312807800000000043e+03 1.977608691227355919e+01
1.352947200000000066e+03 1.983046407490331831e+01
1.354887899999999945e+03 1.983015876246692599e+01
1.363570899999999938e+03 1.985909525748015625e+01
1.395911700000000110e+03 1.992825768369631589e+01
1.403511299999999892e+03 1.992889680439649780e+01
1.422638400000000047e+03 1.991399399552208394e+01
1.446065000000000055e+03 1.999706035009159422e+01
1.449724899999999934e+03 1.999684663138611995e+01
1.467058099999999968e+03 2.001906777936087778e+01
1.487079600000000028e+03 2.010780938326887934e+01
1.495162100000000009e+03 2.010852686749440466e+01
1.514860500000000002e+03 2.008996030938326882e+01
1.543454300000000103e+03 2.016183136576430002e+01
1.550181700000000092e+03 2.018109708935477187e+01
1.552340500000000020e+03 2.016208681050274976e+01
1.595546000000000049e+03 2.024817423163036878e+01
1.601306599999999889e+03 2.026431966212090074e+01
1.602250399999999900e+03 2.024767708121310861e+01
1.650557199999999966e+03 2.034107469977610450e+01
1.652969000000000051e+03 2.034128078567066922e+01
1.667390300000000025e+03 2.033794321188683085e+01
1.686437599999999975e+03 2.041456442092407997e+01
1.710524799999999914e+03 2.041497964583757252e+01
1.716136799999999994e+03 2.042415021371870765e+01
1.746506900000000087e+03 2.050626297577854729e+01
1.746985500000000002e+03 2.050663036841033815e+01
1.765641599999999926e+03 2.048982444534907543e+01
1.802165600000000040e+03 2.057442295949521593e+01
1.806931700000000092e+03 2.057486362711174266e+01
1.816728200000000015e+03 2.057977406879706805e+01
1.847296399999999949e+03 2.066991502137187098e+01
1.855714199999999892e+03 2.066928200692041528e+01
1.858541899999999941e+03 2.068817932017097405e+01
1.889363499999999931e+03 2.074905404030123890e+01
1.896955300000000079e+03 2.074936902096478519e+01
1.905635600000000068e+03 2.075721962141257748e+01
1.952496399999999994e+03 2.082209393445959478e+01
1.953547199999999975e+03 2.082251068593527421e+01
1.970182999999999993e+03 2.084185935273763235e+01
1.989748900000000049e+03 2.090906269082027436e+01
1.992885999999999967e+03 2.090938632200284886e+01
2.007925600000000031e+03 2.091279360879299531e+01
2.043376999999999953e+03 2.099504325259515625e+01
2.045628899999999931e+03 2.099472470995318574e+01
2.053684400000000096e+03 2.098647262365153665e+01
2.087757399999999961e+03 2.108112711174435105e+01
2.110902099999999791e+03 2.107623040911866497e+01
2.113169600000000173e+03 2.108063657642987820e+01
2.135969900000000052e+03 2.115686087929981696e+01
2.144118899999999940e+03 2.115734479951150249e+01
2.154310300000000097e+03 2.115435070221860414e+01
2.194824000000000069e+03 2.126155658457154374e+01
2.195195700000000215e+03 2.126145532261347526e+01
2.216140600000000177e+03 2.127467178913087764e+01
2.235364900000000034e+03 2.133164716059434340e+01
2.237285199999999804e+03 2.133153724811723961e+01
2.270247400000000198e+03 2.141091746387136041e+01
2.276508800000000065e+03 2.141032668430694130e+01
2.277333299999999781e+03 2.134120903724811669e+01
2.303924500000000080e+03 2.142311978424588048e+01
2.335058500000000095e+03 2.151249949114594173e+01
2.346401400000000194e+03 2.151194178709545923e+01
2.359391399999999976e+03 2.149150468145735715e+01
2.392862799999999879e+03 2.161388204762874210e+01
2.410322200000000066e+03 2.167554549155302368e+01
2.416960700000000088e+03 2.161435121107266255e+01
2.427980799999999817e+03 2.164484581721962186e+01
2.435251900000000205e+03 2.164505139426012548e+01
