1.229321199999999976e+02 2.366707154488092613e+01
1.328127000000000066e+02 2.368534449419906451e+01
1.693390799999999956e+02 2.376637492367188997e+01
1.705937600000000032e+02 2.376511042133116192e+01
1.801707700000000045e+02 2.378812996132709046e+01
2.205422399999999925e+02 2.385619122735599262e+01
2.214515199999999879e+02 2.385761042133116305e+01
2.281979000000000042e+02 2.388579432118868340e+01
2.687297199999999862e+02 2.398382658253612831e+01
2.688331299999999828e+02 2.398359607164665164e+01
2.783678400000000011e+02 2.400184561367799674e+01
3.193344500000000039e+02 2.410558263789944888e+01
3.203870099999999752e+02 2.410589507429269318e+01
3.278436100000000124e+02 2.413568135558721650e+01
3.660107699999999795e+02 2.420980968858131277e+01
3.661545199999999909e+02 2.421198961937716376e+01
3.761809900000000084e+02 2.429237736617138310e+01
4.139437399999999911e+02 2.435132098514145937e+01
4.148127999999999815e+02 2.435339253002238991e+01
4.230422599999999989e+02 2.442436698554854502e+01
4.637616800000000126e+02 2.450346020761245569e+01
4.654975299999999834e+02 2.450434256055363491e+01
4.766133600000000001e+02 2.456394158355383794e+01
5.149448899999999867e+02 2.466053582332586913e+01
5.175547100000000000e+02 2.465976185629961392e+01
5.229668900000000349e+02 2.471310400976999588e+01
5.613713999999999942e+02 2.483408711581518347e+01
5.669103400000000192e+02 2.483455220842662214e+01
5.773442700000000514e+02 2.485984225524119751e+01
6.105503599999999551e+02 2.498054243842865674e+01
6.122377500000000055e+02 2.498028343171178633e+01
6.254091799999999921e+02 2.502438326887848419e+01
6.655725899999999911e+02 2.514385202523915908e+01
6.663369199999999637e+02 2.518306279259108393e+01
6.677923500000000558e+02 2.514454610217789465e+01
7.063729600000000346e+02 2.532195603500916192e+01
7.123669200000000501e+02 2.532245165886423877e+01
7.183481799999999566e+02 2.534930236108284163e+01
7.635681399999999712e+02 2.546825412171789083e+01
7.649975699999999961e+02 2.546860217789537728e+01
7.716113699999999653e+02 2.555123091797272394e+01
8.069277799999999843e+02 2.568806584571544960e+01
8.098063300000000027e+02 2.568935171992672650e+01
8.243017800000000079e+02 2.568249134948096923e+01
8.610516599999999698e+02 2.584541013637288742e+01
8.653925299999999652e+02 2.584626043150824515e+01
8.692360400000000027e+02 2.584884184815794939e+01
9.114004200000000537e+02 2.601335436596783879e+01
9.198292000000000144e+02 2.601298086708731816e+01
9.232101099999999860e+02 2.609468705475269701e+01
9.595830499999999574e+02 2.619846326073682263e+01
9.616864399999999478e+02 2.619915072257276734e+01
9.782460399999999936e+02 2.621512670466110251e+01
1.003600500000000011e+03 2.640592458782820984e+01
1.003822400000000016e+03 2.640522745776511471e+01
1.013278299999999945e+03 2.637105281905149567e+01
1.050974999999999909e+03 2.656029055566863661e+01
1.058366500000000087e+03 2.656024628536535914e+01
1.068875600000000077e+03 2.656753053124363717e+01
1.105492999999999938e+03 2.676071646651740110e+01
1.109996000000000095e+03 2.676033533482597093e+01
1.124642000000000053e+03 2.679745318542642352e+01
1.163564000000000078e+03 2.692812334622430015e+01
1.168187599999999975e+03 2.697505851821697576e+01
1.170428699999999935e+03 2.692785110930185155e+01
1.203666400000000067e+03 2.714989568491756700e+01
1.205636999999999944e+03 2.715100651333197490e+01
1.213185500000000047e+03 2.712406167311215555e+01
1.256579500000000053e+03 2.734306279259108408e+01
1.262038000000000011e+03 2.734407693873397349e+01
1.275279800000000023e+03 2.728891054345614009e+01
1.297375600000000077e+03 2.755461327091390089e+01
1.304065499999999929e+03 2.755473336047221622e+01
1.316485899999999901e+03 2.755974201099125054e+01
1.348071999999999889e+03 2.775746336250763591e+01
1.350774300000000039e+03 2.775786891919397448e+01
1.357498900000000049e+03 2.777947231833909925e+01
1.403549899999999980e+03 2.793785212700997533e+01
1.408541199999999890e+03 2.793732240993283256e+01
1.424031300000000101e+03 2.797682118868308621e+01
1.449269800000000032e+03 2.818182678607775316e+01
1.453523200000000088e+03 2.818136372888255892e+01
1.466906099999999924e+03 2.819579533889680434e+01
1.499472199999999930e+03 2.838920567881131873e+01
1.509060600000000022e+03 2.838954457561571232e+01
1.515865399999999909e+03 2.835523254630572154e+01
1.555865299999999934e+03 2.861780633014451425e+01
1.558551500000000033e+03 2.861734072867901446e+01
1.571181700000000092e+03 2.865186342357012350e+01
1.604381000000000085e+03 2.883651943822511754e+01
1.611796299999999974e+03 2.883754783228170027e+01
1.621855299999999943e+03 2.883960869122735460e+01
1.648687300000000050e+03 2.911106197842458698e+01
1.651422700000000077e+03 2.911160543456136907e+01
1.666966799999999921e+03 2.908377315285976294e+01
1.691372800000000097e+03 2.935295593323834851e+01
1.691452299999999923e+03 2.935309128841847937e+01
1.710730999999999995e+03 2.934314319153266482e+01
1.754113900000000058e+03 2.961826582536128782e+01
1.761035900000000083e+03 2.961927691837981058e+01
1.771739600000000110e+03 2.962110624872786246e+01
1.800365500000000111e+03 2.987876043150824401e+01
1.806035000000000082e+03 2.988057704050478236e+01
1.806645099999999957e+03 2.988087472013026513e+01
1.847243199999999888e+03 3.018612049664156416e+01
1.854675700000000006e+03 3.018541624262161704e+01
1.864432000000000016e+03 3.017754630571952035e+01
1.897401800000000094e+03 3.046850549562385169e+01
1.899582599999999957e+03 3.046929472827192953e+01
1.930886600000000044e+03 3.046048900875229037e+01
1.947991899999999987e+03 3.077197231833910251e+01
1.954248199999999997e+03 3.077157083248524572e+01
1.978288099999999986e+03 3.076880317524933872e+01
1.987765699999999924e+03 3.110510635049868000e+01
2.008358799999999974e+03 3.110262365153673869e+01
2.010447499999999991e+03 3.110449419906370849e+01
2.051471799999999803e+03 3.157751780989212165e+01
2.052178800000000138e+03 3.152834825971911314e+01
2.059358000000000175e+03 3.152979849379197930e+01
2.096159299999999803e+03 3.185282668430694031e+01
2.096842399999999998e+03 3.185203388968044180e+01
2.119847400000000107e+03 3.188990179116629164e+01
2.150386700000000019e+03 3.221634897211479398e+01
2.162057600000000093e+03 3.221736362711174451e+01
2.176671200000000226e+03 3.223894819865662953e+01
2.195483999999999924e+03 3.270802157541217525e+01
2.199708700000000135e+03 3.270899653979238764e+01
2.227442599999999857e+03 3.275852483207815879e+01
2.241316299999999956e+03 3.317190311418685411e+01
2.244731499999999869e+03 3.317274475880317652e+01
2.257968699999999899e+03 3.317083655607572013e+01
2.297868300000000090e+03 3.367862711174435475e+01
2.315930400000000191e+03 3.368070781599837460e+01
2.332889500000000226e+03 3.372712650111947852e+01
2.348464300000000094e+03 3.426840626908202836e+01
2.355570400000000063e+03 3.427016334215347371e+01
2.386089500000000044e+03 3.432778902910644803e+01
2.400313299999999799e+03 3.485998117239975613e+01
2.411686400000000049e+03 3.481782719316100128e+01
2.417700899999999820e+03 3.481757989008752219e+01
2.433286399999999958e+03 3.503337522898432610e+01
2.443065099999999802e+03 3.503192397720334128e+01
