9.883611700000000155e+01 -1.459459255814805179e+00
1.271066900000000004e+02 -1.459226137511981491e+00
1.517514500000000055e+02 -1.459326740920457555e+00
1.747857099999999946e+02 -1.458278146397333774e+00
2.000006899999999916e+02 -1.458144573368234331e+00
2.239909299999999917e+02 -1.457593932874213349e+00
2.484090999999999951e+02 -1.457247193754168446e+00
2.722678399999999783e+02 -1.456100019728059358e+00
2.989774400000000014e+02 -1.456111231817350582e+00
3.220629299999999944e+02 -1.454346795171057583e+00
3.491311499999999910e+02 -1.454088668005958151e+00
3.712307799999999816e+02 -1.452072623588166467e+00
3.981573200000000270e+02 -1.451667040907949069e+00
4.189518199999999979e+02 -1.448679613127153765e+00
4.451779300000000035e+02 -1.448677577777362613e+00
4.725247100000000273e+02 -1.446256271571279228e+00
5.008835199999999759e+02 -1.446141577967663183e+00
5.192751100000000406e+02 -1.441279031936065547e+00
5.536606299999999692e+02 -1.440614791104796177e+00
5.679330300000000307e+02 -1.437840212209065882e+00
5.963205100000000130e+02 -1.437557935459781167e+00
6.232277100000000019e+02 -1.434988743193817529e+00
6.552750499999999647e+02 -1.434090431152473588e+00
6.722898500000000013e+02 -1.431398163479487673e+00
7.018900800000000118e+02 -1.428484871842454540e+00
7.199226300000000265e+02 -1.426556679629568336e+00
7.462241900000000214e+02 -1.424653021986312940e+00
7.664939699999999903e+02 -1.421265848381386920e+00
8.112702299999999696e+02 -1.422659436829856849e+00
8.180689999999999600e+02 -1.417753152338631750e+00
8.517596899999999778e+02 -1.417065400544800902e+00
8.724996700000000374e+02 -1.416386593503834668e+00
9.041835700000000315e+02 -1.415759580431502407e+00
9.175438900000000331e+02 -1.412471987004926266e+00
9.512917899999999918e+02 -1.411474528900609426e+00
9.668213799999999765e+02 -1.409439674708708790e+00
9.921449999999999818e+02 -1.405744730738660353e+00
1.009830900000000042e+03 -1.403444101512407061e+00
1.044490199999999959e+03 -1.404979276568357527e+00
1.072517200000000003e+03 -1.404328671171680254e+00
1.108352000000000089e+03 -1.401671908983957549e+00
1.120198300000000017e+03 -1.399762451240686545e+00
1.153683600000000069e+03 -1.397661180711583739e+00
1.171620200000000068e+03 -1.398183402320675395e+00
1.193963299999999890e+03 -1.395748669376717599e+00
1.214759399999999914e+03 -1.394483413827410256e+00
1.250838700000000017e+03 -1.395117826376611969e+00
1.264104199999999992e+03 -1.390191075272398713e+00
1.313565000000000055e+03 -1.392595934471162256e+00
1.322826000000000022e+03 -1.390411164083603435e+00
1.348763400000000047e+03 -1.386772920109545559e+00
1.360756699999999910e+03 -1.385018806539284553e+00
1.398888300000000072e+03 -1.386695228714091233e+00
1.414827900000000000e+03 -1.383230750485834104e+00
1.453958100000000059e+03 -1.381242422031957462e+00
1.473361000000000104e+03 -1.382006117245614618e+00
1.495580699999999979e+03 -1.378902448546351689e+00
1.511845199999999977e+03 -1.377597528264535853e+00
1.557065000000000055e+03 -1.380592397771648550e+00
1.557855800000000045e+03 -1.374232007308358261e+00
1.584783400000000029e+03 -1.373334687667996601e+00
1.618086399999999912e+03 -1.373127974284132469e+00
1.639593000000000075e+03 -1.368756197659378060e+00
1.657342799999999897e+03 -1.368325894083683547e+00
1.701921100000000024e+03 -1.370479012220404247e+00
1.707670900000000074e+03 -1.366063200858224302e+00
1.744412399999999934e+03 -1.365196049337572770e+00
1.760447799999999916e+03 -1.363076457406156017e+00
1.796303000000000111e+03 -1.363265036193312962e+00
1.799484300000000076e+03 -1.357500604191660631e+00
1.857659699999999930e+03 -1.365262777842642272e+00
1.858644500000000107e+03 -1.356650382700480773e+00
1.907158599999999979e+03 -1.354430132691053945e+00
1.908198300000000017e+03 -1.359476597501340978e+00
1.942215799999999945e+03 -1.352158647070779818e+00
1.953340899999999920e+03 -1.351274987797837390e+00
1.992797700000000077e+03 -1.352208309532236807e+00
2.025162100000000009e+03 -1.348272891963047115e+00
2.063512900000000172e+03 -1.345701992286071125e+00
2.074733799999999974e+03 -1.348396732438403633e+00
2.088688700000000154e+03 -1.341123067568858795e+00
2.122901499999999942e+03 -1.341627181488697307e+00
2.129277399999999943e+03 -1.339096514603357768e+00
2.163071800000000167e+03 -1.335989563325125085e+00
2.198654100000000199e+03 -1.332426592639740726e+00
2.215324599999999919e+03 -1.332391194844194660e+00
2.261471500000000106e+03 -1.325051191039055221e+00
2.296468899999999849e+03 -1.337998522337748852e+00
2.312297199999999975e+03 -1.327601342490271286e+00
2.330392100000000028e+03 -1.325525774184023176e+00
2.351163000000000011e+03 -1.319063743399730093e+00
2.384685300000000097e+03 -1.318068058868506309e+00
2.409692500000000109e+03 -1.307128684271066321e+00
2.418870699999999943e+03 -1.311978177069278217e+00
2.465429700000000139e+03 -1.309445401360159966e+00
