1.030145700000000062e+02 -3.854638899187578183e+00
1.276914799999999985e+02 -3.854326635505123999e+00
1.508399699999999939e+02 -3.853894382213952863e+00
1.755383899999999926e+02 -3.853411717560567329e+00
1.991014399999999966e+02 -3.852872917577395917e+00
2.244171699999999987e+02 -3.852464555908468924e+00
2.501337100000000078e+02 -3.852284684390753000e+00
2.721177700000000073e+02 -3.850766851571226113e+00
2.994335300000000188e+02 -3.850645942523729381e+00
3.228285799999999881e+02 -3.849476798922285781e+00
3.472423200000000065e+02 -3.848306351969994488e+00
3.720630800000000136e+02 -3.847275577210971687e+00
3.975174400000000219e+02 -3.846129290672396728e+00
4.217320000000000277e+02 -3.844993144519257555e+00
4.521502899999999840e+02 -3.844809300227322257e+00
4.738595799999999940e+02 -3.842197331918045577e+00
4.976887500000000273e+02 -3.839878458909071757e+00
5.285056100000000470e+02 -3.839164587560405462e+00
5.481131199999999808e+02 -3.835829845335003707e+00
5.727965000000000373e+02 -3.833964654235653136e+00
5.984070900000000393e+02 -3.831453454003149073e+00
6.217686999999999671e+02 -3.829729715974271809e+00
6.491525199999999813e+02 -3.827465451252395567e+00
6.690741299999999683e+02 -3.824508063193712726e+00
6.948019699999999830e+02 -3.822165989808286035e+00
7.162586700000000519e+02 -3.819613696512492051e+00
7.510788800000000265e+02 -3.819228786717766777e+00
7.702093599999999469e+02 -3.816807411117948856e+00
7.904293599999999742e+02 -3.813743262957391522e+00
8.190736200000000053e+02 -3.812782152178510131e+00
8.459936999999999898e+02 -3.810202143506087769e+00
8.677332099999999855e+02 -3.808465380300255276e+00
8.996048899999999549e+02 -3.806643221886786943e+00
9.229678699999999480e+02 -3.805510363167574628e+00
9.475219399999999723e+02 -3.802529868240431821e+00
9.682899999999999636e+02 -3.800187192817912063e+00
9.960211799999999585e+02 -3.797696881856177153e+00
1.018048999999999978e+03 -3.797944890669008533e+00
1.046134499999999889e+03 -3.795724022975629719e+00
1.063209599999999909e+03 -3.793321056652382950e+00
1.098868500000000040e+03 -3.793725120425938346e+00
1.109407600000000002e+03 -3.789782071071300606e+00
1.149567600000000084e+03 -3.789754145129258234e+00
1.161303799999999910e+03 -3.787942420151048317e+00
1.204013099999999895e+03 -3.789369641190915683e+00
1.216964400000000069e+03 -3.786554518820282933e+00
1.248298800000000028e+03 -3.785468081189561573e+00
1.267676300000000083e+03 -3.784994190253992752e+00
1.297465899999999920e+03 -3.783350646309044496e+00
1.327408500000000004e+03 -3.784935491652083428e+00
1.337161700000000110e+03 -3.779033928533325870e+00
1.371576800000000048e+03 -3.781192264499103839e+00
1.392784799999999905e+03 -3.777337838913992218e+00
1.405227300000000014e+03 -3.774978908053716609e+00
1.438441399999999931e+03 -3.775705603456944282e+00
1.468179200000000037e+03 -3.776505619127179081e+00
1.489088700000000017e+03 -3.774051635770561575e+00
1.514556299999999965e+03 -3.774053032161777566e+00
1.562060799999999972e+03 -3.773741890364702201e+00
1.563875800000000027e+03 -3.776924415621763842e+00
1.601399599999999964e+03 -3.773679207055151252e+00
1.611607400000000098e+03 -3.771438317911369076e+00
1.652093900000000076e+03 -3.771711214351611829e+00
1.657822400000000016e+03 -3.769361034313049696e+00
1.697162399999999934e+03 -3.767642646572393339e+00
1.717863399999999956e+03 -3.770460631955192543e+00
1.751518299999999954e+03 -3.770945950143751890e+00
1.774131499999999960e+03 -3.769024815053512611e+00
1.798521999999999935e+03 -3.767149550817038062e+00
1.818428799999999910e+03 -3.767730009226070820e+00
1.849296399999999949e+03 -3.766869220575510102e+00
1.870747499999999945e+03 -3.765217423390738283e+00
1.905714099999999917e+03 -3.767481695593962954e+00
1.919029500000000098e+03 -3.764803138750856260e+00
1.952909200000000055e+03 -3.764613720596801993e+00
1.959944099999999935e+03 -3.762843892583478400e+00
1.998742199999999912e+03 -3.760828329655610425e+00
2.002417899999999918e+03 -3.758947052864605176e+00
2.059894699999999830e+03 -3.761967511134473696e+00
2.065815500000000156e+03 -3.761573567983470312e+00
2.110330699999999979e+03 -3.762515584179514150e+00
2.117794100000000071e+03 -3.761203010677097058e+00
2.142598300000000108e+03 -3.754307940580466685e+00
2.147177099999999882e+03 -3.759510987994100883e+00
2.200539900000000216e+03 -3.758826586585700458e+00
2.216491399999999885e+03 -3.760170293639128580e+00
2.251770199999999932e+03 -3.758603460166655363e+00
2.256798499999999876e+03 -3.755939402692574092e+00
2.289457399999999780e+03 -3.755027961695367900e+00
2.315783300000000054e+03 -3.759985573019410054e+00
2.361471700000000055e+03 -3.756089118031394225e+00
2.376565500000000156e+03 -3.760350569456899716e+00
2.411150900000000092e+03 -3.756649664520111287e+00
2.425267800000000079e+03 -3.760830102550361431e+00
2.433640899999999874e+03 -3.748309136524488494e+00
