1.004159199999999998e+02 -4.556501596731367343e+00
1.270340599999999966e+02 -4.555918790073192781e+00
1.501738100000000031e+02 -4.555754835022067795e+00
1.755360599999999920e+02 -4.555145289847892798e+00
1.991183299999999861e+02 -4.554620516219652693e+00
2.274646199999999965e+02 -4.554916131641870258e+00
2.513446700000000078e+02 -4.554052809846199423e+00
2.722249299999999721e+02 -4.551988835045033710e+00
2.976626800000000230e+02 -4.551646874478557869e+00
3.257327300000000037e+02 -4.550793323460645468e+00
3.516988699999999994e+02 -4.549606280975069694e+00
3.747894200000000069e+02 -4.546492704647941530e+00
4.042449599999999919e+02 -4.545219394290820780e+00
4.272520799999999781e+02 -4.541069136682083673e+00
4.537834300000000098e+02 -4.538830624202522479e+00
4.723658300000000168e+02 -4.531949474337662487e+00
5.003370899999999892e+02 -4.530833817885142167e+00
5.190021100000000160e+02 -4.521242905420815639e+00
5.494316999999999780e+02 -4.520402151343398955e+00
5.744258399999999938e+02 -4.513784710876924677e+00
5.972924299999999675e+02 -4.511654962463952145e+00
6.228285100000000511e+02 -4.505285297796195465e+00
6.495183700000000044e+02 -4.503337559765784981e+00
6.657895200000000386e+02 -4.495033493589461138e+00
7.027194799999999759e+02 -4.493969337104967821e+00
7.201113199999999779e+02 -4.488952803533000413e+00
7.446997499999999945e+02 -4.486391225952007566e+00
7.716888699999999517e+02 -4.483708517967134100e+00
8.027203399999999647e+02 -4.482028450393152674e+00
8.096160399999999981e+02 -4.475163660222866824e+00
8.520438000000000329e+02 -4.476900043425481535e+00
8.653764300000000276e+02 -4.471633532982990822e+00
9.036989700000000312e+02 -4.473176841883071297e+00
9.201913500000000568e+02 -4.468894450052782297e+00
9.518556099999999560e+02 -4.468788972716808416e+00
9.631844099999999571e+02 -4.464013337271128812e+00
1.001998000000000047e+03 -4.465135861861634581e+00
1.015356099999999969e+03 -4.462324694317318929e+00
1.038709499999999935e+03 -4.459954726370010114e+00
1.058881499999999960e+03 -4.458112394777940857e+00
1.100678200000000061e+03 -4.459917063233568513e+00
1.114447200000000066e+03 -4.457313485248743490e+00
1.154449399999999969e+03 -4.456923423525757322e+00
1.166569500000000062e+03 -4.455355255352214883e+00
1.205906300000000101e+03 -4.457019767194989157e+00
1.213909400000000005e+03 -4.453113661727678974e+00
1.252356099999999969e+03 -4.449728097566113760e+00
1.253377500000000055e+03 -4.452710091995344399e+00
1.294225799999999936e+03 -4.451292173289569831e+00
1.309189200000000028e+03 -4.451005360492806595e+00
1.357260999999999967e+03 -4.450051389965000048e+00
1.360259999999999991e+03 -4.451797635605227121e+00
1.404951099999999997e+03 -4.452799780450209965e+00
1.409227900000000091e+03 -4.450074561486783153e+00
1.440835399999999936e+03 -4.448337272356013727e+00
1.461050600000000031e+03 -4.450507991584036205e+00
1.494229800000000068e+03 -4.447360816280950147e+00
1.504812899999999900e+03 -4.451733385645173513e+00
1.548093399999999974e+03 -4.447588142990422710e+00
1.558198900000000094e+03 -4.452550554868334842e+00
1.583604700000000093e+03 -4.447807702797564211e+00
1.612738900000000058e+03 -4.453225795533201747e+00
1.648331300000000056e+03 -4.453312800034864516e+00
1.651143199999999979e+03 -4.449704753538851421e+00
1.678499700000000075e+03 -4.451093715082168778e+00
1.724135099999999966e+03 -4.455642341360061209e+00
1.740674899999999980e+03 -4.450112133233456113e+00
1.762852000000000089e+03 -4.456214986696999780e+00
1.800008000000000038e+03 -4.451052335460431664e+00
1.802655099999999948e+03 -4.454758646006966138e+00
1.827076199999999972e+03 -4.452687089345166882e+00
1.853257200000000012e+03 -4.453896168470035555e+00
1.906761600000000044e+03 -4.455760993061453235e+00
1.907387799999999970e+03 -4.457650386878987625e+00
1.953498399999999947e+03 -4.456644780604531064e+00
1.971812100000000100e+03 -4.459363513071509466e+00
2.005462800000000016e+03 -4.460272893044129106e+00
2.020064699999999903e+03 -4.462314770628981186e+00
2.051811000000000149e+03 -4.459739152785374472e+00
2.057294800000000123e+03 -4.460211424303056837e+00
2.096693099999999959e+03 -4.457187733756505565e+00
2.099970200000000204e+03 -4.462027601851817238e+00
2.153237200000000030e+03 -4.463873644901715565e+00
2.168872800000000097e+03 -4.466629121298508309e+00
2.205391799999999876e+03 -4.465600490213512686e+00
2.208677999999999884e+03 -4.466265578741480446e+00
2.246271499999999833e+03 -4.466457430331475464e+00
2.247818200000000161e+03 -4.464821561519667803e+00
2.292339800000000196e+03 -4.466615374722266552e+00
2.298700200000000223e+03 -4.467408453678805458e+00
2.341934600000000046e+03 -4.468473051855882616e+00
2.355570999999999913e+03 -4.470792552160840927e+00
2.395063900000000103e+03 -4.472360893416936989e+00
2.414650099999999838e+03 -4.471664189862785577e+00
2.428524300000000039e+03 -4.471642255556877998e+00
