9.960528600000000665e+01 -3.335821341697348785e+00
1.266050400000000025e+02 -3.335417792338935428e+00
1.505546099999999967e+02 -3.335536924833905292e+00
1.753848600000000033e+02 -3.334682733288374834e+00
2.005242800000000045e+02 -3.334788226128576838e+00
2.240933899999999994e+02 -3.333336582029055695e+00
2.498276099999999929e+02 -3.333080627774717364e+00
2.735424600000000055e+02 -3.331623458656984837e+00
3.017040099999999825e+02 -3.331883985577324125e+00
3.242146999999999935e+02 -3.329566667136147462e+00
3.513003800000000183e+02 -3.328554555865845810e+00
3.747686100000000238e+02 -3.326034241193028596e+00
4.009380400000000009e+02 -3.324684253525065802e+00
4.193367299999999886e+02 -3.320850308708412690e+00
4.488756099999999947e+02 -3.320123477249479205e+00
4.709200200000000223e+02 -3.316201339735607601e+00
5.018895699999999920e+02 -3.316292665382319704e+00
5.267631099999999833e+02 -3.312857359037047367e+00
5.485632500000000391e+02 -3.310093424381389760e+00
5.736056300000000192e+02 -3.307861394056379911e+00
6.017057499999999663e+02 -3.306807342765104352e+00
6.187270099999999502e+02 -3.302282071815037412e+00
6.499257599999999684e+02 -3.301726869642763962e+00
6.714979299999999967e+02 -3.299048311215053264e+00
6.932549599999999828e+02 -3.296305849311406799e+00
7.165228799999999865e+02 -3.293668871622884353e+00
7.483479099999999562e+02 -3.293562161906180119e+00
7.667707500000000209e+02 -3.289971688108406678e+00
7.899681100000000242e+02 -3.288068097588098926e+00
8.115464399999999614e+02 -3.284925835489965085e+00
8.391942699999999604e+02 -3.283973360162693478e+00
8.660947499999999764e+02 -3.282870881691180465e+00
9.074979600000000346e+02 -3.277933839395729798e+00
9.134629200000000537e+02 -3.284918399803264055e+00
9.472173099999999977e+02 -3.278866950858921214e+00
9.665318700000000263e+02 -3.277412510235337528e+00
1.004386100000000056e+03 -3.277721531648338349e+00
1.015914599999999950e+03 -3.273580211413341878e+00
1.061766300000000001e+03 -3.274551028700412481e+00
1.077448200000000043e+03 -3.273973318859649595e+00
1.105010800000000017e+03 -3.270462833898445609e+00
1.107658899999999903e+03 -3.266987538523610901e+00
1.143342100000000073e+03 -3.266496144050067496e+00
1.164355299999999943e+03 -3.266253734117436913e+00
1.212642100000000028e+03 -3.261231235864670452e+00
1.222316499999999905e+03 -3.268663870886548750e+00
1.244701600000000099e+03 -3.262806045035841596e+00
1.255748900000000049e+03 -3.258955346392505614e+00
1.306027900000000045e+03 -3.261543637836664455e+00
1.315900499999999965e+03 -3.260243927136502240e+00
1.353356800000000021e+03 -3.260403871773406959e+00
1.372078099999999949e+03 -3.259106462605610322e+00
1.402864199999999983e+03 -3.254996485307074749e+00
1.420902100000000019e+03 -3.256239735202772767e+00
1.451193500000000085e+03 -3.254363612456974586e+00
1.469930200000000013e+03 -3.254127125265164011e+00
1.502003500000000031e+03 -3.254232471276293559e+00
1.512956300000000056e+03 -3.250924816549999541e+00
1.557687599999999975e+03 -3.252968444878430621e+00
1.566536800000000085e+03 -3.251676707138285494e+00
1.606272600000000011e+03 -3.252100230423530469e+00
1.622964899999999943e+03 -3.250514494415328137e+00
1.660349300000000085e+03 -3.245662008604909943e+00
1.666592200000000048e+03 -3.248229667710692770e+00
1.711391000000000076e+03 -3.246986756717145983e+00
1.713604199999999992e+03 -3.245781333089657661e+00
1.746585000000000036e+03 -3.244896983048267902e+00
1.767318099999999959e+03 -3.243828650596107810e+00
1.800178499999999985e+03 -3.243309266758489073e+00
1.807146300000000110e+03 -3.241048654241237781e+00
1.863353699999999890e+03 -3.243745119941919164e+00
1.873793100000000095e+03 -3.241303723386223634e+00
1.887735699999999952e+03 -3.236703807278687783e+00
1.921658200000000079e+03 -3.240226196703667849e+00
1.957231600000000071e+03 -3.236567601356369561e+00
1.962990199999999959e+03 -3.238974643027601630e+00
1.994192700000000059e+03 -3.234989817998859873e+00
2.008703500000000076e+03 -3.236264454210354913e+00
2.054581799999999930e+03 -3.238757108436388421e+00
2.066764700000000175e+03 -3.235975834787993222e+00
2.099328300000000127e+03 -3.231820338972504203e+00
2.102593600000000151e+03 -3.235402118877688249e+00
2.138065999999999804e+03 -3.230684184849419438e+00
2.166437500000000000e+03 -3.233714742146371890e+00
2.201214800000000196e+03 -3.230490426622416589e+00
2.221820700000000215e+03 -3.234753295518231209e+00
2.250579400000000078e+03 -3.229156951927489416e+00
2.262448800000000119e+03 -3.231305979733175793e+00
2.275003799999999956e+03 -3.224172906227918745e+00
2.323441200000000208e+03 -3.232365964317901685e+00
2.354859199999999873e+03 -3.225544930932032539e+00
2.359835300000000188e+03 -3.229204087450638028e+00
2.401941499999999905e+03 -3.225987862057872579e+00
2.430820200000000114e+03 -3.232884682114098407e+00
2.444713099999999940e+03 -3.223224390597819955e+00
