9.953832300000000544e+01 -1.484715846019970975e+00
1.268748599999999982e+02 -1.484288177159816868e+00
1.501278299999999888e+02 -1.484356168305147605e+00
1.754808899999999880e+02 -1.483603142101989292e+00
1.999340300000000070e+02 -1.483188352032973167e+00
2.238656300000000101e+02 -1.482589069334297127e+00
2.514423800000000142e+02 -1.482542958896323038e+00
2.731448899999999753e+02 -1.481596141953958945e+00
2.965334399999999846e+02 -1.480510042174206120e+00
3.215901600000000258e+02 -1.479766351632059385e+00
3.460479700000000207e+02 -1.478746978091808106e+00
3.687858899999999949e+02 -1.476574501236616044e+00
4.020374100000000226e+02 -1.476796011916267304e+00
4.219935199999999895e+02 -1.474229030683718022e+00
4.465187199999999734e+02 -1.472966443750266308e+00
4.730325500000000147e+02 -1.470651093839879353e+00
5.013104299999999967e+02 -1.469696223182372474e+00
5.213151599999999917e+02 -1.467091587292012056e+00
5.479611300000000256e+02 -1.466287652425889210e+00
5.680963900000000422e+02 -1.461934041823150565e+00
5.993695300000000543e+02 -1.461775844201537833e+00
6.187386500000000069e+02 -1.457363291855900966e+00
6.526818899999999530e+02 -1.457077945080272663e+00
6.716855000000000473e+02 -1.454983225568046601e+00
6.939149999999999636e+02 -1.452306779962914796e+00
7.208741899999999987e+02 -1.450739935128497526e+00
7.527137300000000550e+02 -1.449621660028447501e+00
7.662840700000000425e+02 -1.446029262642555047e+00
7.952239200000000210e+02 -1.444711889155799733e+00
8.193766799999999648e+02 -1.442661333742790930e+00
8.423162099999999555e+02 -1.440650940448960249e+00
8.736914000000000442e+02 -1.440412367202135613e+00
8.988864800000000059e+02 -1.438490065258843931e+00
9.196110499999999774e+02 -1.435392151283397366e+00
9.579018800000000056e+02 -1.435380651485207215e+00
9.678069400000000542e+02 -1.433018601626860455e+00
9.933829600000000255e+02 -1.429769276492182994e+00
1.017768500000000017e+03 -1.428953996025863038e+00
1.043043100000000095e+03 -1.424988339515717017e+00
1.070436099999999897e+03 -1.426974310819550951e+00
1.101784699999999930e+03 -1.425627957768118126e+00
1.114570300000000088e+03 -1.422648840496722134e+00
1.137029099999999971e+03 -1.420849198440573113e+00
1.158571699999999964e+03 -1.418136586053405424e+00
1.200213999999999942e+03 -1.419400626639398588e+00
1.219149200000000064e+03 -1.418865058743356444e+00
1.257427300000000059e+03 -1.416135633343940325e+00
1.266386799999999994e+03 -1.413904315499360687e+00
1.296912199999999984e+03 -1.414936131964884103e+00
1.318451199999999972e+03 -1.412838709402685744e+00
1.353171700000000101e+03 -1.410627849577453574e+00
1.359268100000000004e+03 -1.406532253876022098e+00
1.397114800000000059e+03 -1.406464150535186697e+00
1.414344000000000051e+03 -1.407184830393706676e+00
1.438171700000000101e+03 -1.404251085196819737e+00
1.470241400000000112e+03 -1.402902264224451301e+00
1.507220000000000027e+03 -1.399907572032314418e+00
1.509116600000000062e+03 -1.404216016450445803e+00
1.536332699999999932e+03 -1.400097126740529330e+00
1.565190000000000055e+03 -1.398276425869033002e+00
1.605403700000000072e+03 -1.399827363109650058e+00
1.624857700000000023e+03 -1.399237181371300265e+00
1.645951099999999997e+03 -1.388647196166269193e+00
1.661356999999999971e+03 -1.396173078856675964e+00
1.697976000000000113e+03 -1.394196607517516062e+00
1.699887500000000045e+03 -1.386647871926256492e+00
1.746619999999999891e+03 -1.392776477001239854e+00
1.763923700000000053e+03 -1.389600072200552150e+00
1.789917599999999993e+03 -1.385408095501006631e+00
1.815699499999999944e+03 -1.384955023144563757e+00
1.871642100000000028e+03 -1.382794970489605646e+00
1.872192999999999984e+03 -1.386088315221863931e+00
1.898484200000000101e+03 -1.373153279943330141e+00
1.900663399999999911e+03 -1.380268600528615774e+00
1.962518499999999904e+03 -1.382298150031223694e+00
1.962653700000000072e+03 -1.377026466465969712e+00
1.999699800000000096e+03 -1.374038996401071300e+00
2.018390799999999899e+03 -1.375534435944472778e+00
2.039650000000000091e+03 -1.371079466810738889e+00
2.070353900000000067e+03 -1.371452666206010917e+00
2.097345200000000204e+03 -1.361837690530545375e+00
2.102252199999999903e+03 -1.367072205387350525e+00
2.128088799999999992e+03 -1.365700341035123833e+00
2.153750500000000102e+03 -1.358940039486901341e+00
2.200125799999999799e+03 -1.364984086717517808e+00
2.226012600000000020e+03 -1.357984043948297526e+00
2.256181000000000040e+03 -1.350464938641439128e+00
2.259610700000000179e+03 -1.352251747206635990e+00
2.311165500000000065e+03 -1.346248170990631987e+00
2.312348899999999958e+03 -1.349390252443411597e+00
2.324545399999999972e+03 -1.338219252247704771e+00
2.352085500000000138e+03 -1.339905016536034887e+00
2.409146699999999782e+03 -1.331463922390913712e+00
2.413505999999999858e+03 -1.347434568262783960e+00
2.442881699999999910e+03 -1.326315307275150346e+00
