9.975545599999999524e+01 -3.477506052091273503e+00
1.272069500000000062e+02 -3.477480633962104495e+00
1.511410899999999913e+02 -3.477606158117715562e+00
1.512162399999999991e+02 -3.477625687659688936e+00
1.752479600000000062e+02 -3.477138793164613162e+00
2.006467100000000130e+02 -3.477150326548025028e+00
2.006986400000000117e+02 -3.477163700601493712e+00
2.255594399999999951e+02 -3.477133761408691903e+00
2.492522700000000100e+02 -3.476476161233549966e+00
2.494620700000000113e+02 -3.476530449595864436e+00
2.734928600000000074e+02 -3.476414778141552198e+00
2.987564699999999789e+02 -3.475747369445295831e+00
2.988002200000000244e+02 -3.475758730576720357e+00
3.219165499999999724e+02 -3.475621643847051079e+00
3.484691100000000006e+02 -3.475167415714591534e+00
3.484927900000000136e+02 -3.475173486580631188e+00
3.697184700000000248e+02 -3.474693466758794536e+00
3.949210100000000239e+02 -3.474446968806549130e+00
3.950483800000000087e+02 -3.474480150914389220e+00
4.178188200000000165e+02 -3.473324935187293683e+00
4.462681200000000104e+02 -3.473258518013808249e+00
4.462829899999999839e+02 -3.473262158663230625e+00
4.728033399999999915e+02 -3.472898372177676052e+00
5.052283899999999903e+02 -3.472762269094377352e+00
5.054351899999999773e+02 -3.472815476584527605e+00
5.196800799999999754e+02 -3.470776254766002378e+00
5.475682000000000471e+02 -3.469771152596987207e+00
5.477972399999999880e+02 -3.469830313111538445e+00
5.658841400000000021e+02 -3.467702350979419368e+00
6.021194299999999657e+02 -3.468169375821666289e+00
6.021371100000000069e+02 -3.468173844682845175e+00
6.152878699999999981e+02 -3.464845916654589075e+00
6.525076999999999998e+02 -3.465670609406137359e+00
6.529737499999999955e+02 -3.465790990838914620e+00
6.681657400000000280e+02 -3.462867771378045578e+00
6.976737500000000409e+02 -3.461027219535716792e+00
6.978411800000000085e+02 -3.461070350867862633e+00
7.223036499999999478e+02 -3.461043684167574241e+00
7.494835299999999734e+02 -3.459379607540683743e+00
7.499197000000000344e+02 -3.459492417054797819e+00
7.660624099999999999e+02 -3.455048134572406671e+00
8.035674900000000207e+02 -3.455855383480327614e+00
8.039862600000000157e+02 -3.455963440320995339e+00
8.155991699999999582e+02 -3.449424035380664666e+00
8.379341299999999819e+02 -3.447362732381411554e+00
8.384708600000000160e+02 -3.447502098397042136e+00
8.690635499999999638e+02 -3.445862780237768597e+00
9.028172499999999445e+02 -3.444559982550349009e+00
9.034814499999999953e+02 -3.444731895015531453e+00
9.124311199999999644e+02 -3.440064695802191874e+00
9.467052999999999656e+02 -3.439202121191244022e+00
9.468740800000000490e+02 -3.439245957723109370e+00
9.693767900000000282e+02 -3.437209702692407109e+00
9.960001099999999497e+02 -3.436996594621870127e+00
9.964857399999999643e+02 -3.437122241416090240e+00
1.019807800000000043e+03 -3.431194609069326162e+00
1.038995599999999968e+03 -3.427060899378014724e+00
1.039486499999999978e+03 -3.427187297947281941e+00
1.072518499999999904e+03 -3.428052953919656254e+00
1.090388599999999997e+03 -3.423490357250138505e+00
1.090645099999999957e+03 -3.423557176460857665e+00
1.110063499999999976e+03 -3.419028420357366205e+00
1.154907400000000052e+03 -3.421009666067445387e+00
1.155638400000000047e+03 -3.421198338808487893e+00
1.177825100000000020e+03 -3.417953582469427598e+00
1.203264599999999973e+03 -3.413191760858691026e+00
1.203301899999999932e+03 -3.413201250995078873e+00
1.216988100000000031e+03 -3.411036118976402687e+00
1.249441100000000006e+03 -3.409352692369257198e+00
1.250308500000000095e+03 -3.409577034309136057e+00
1.261915099999999939e+03 -3.404867821841133235e+00
1.295420299999999997e+03 -3.403550293456428566e+00
1.296315299999999979e+03 -3.403781617889577671e+00
1.316686099999999897e+03 -3.402641555284401154e+00
1.351483099999999922e+03 -3.401003342169110155e+00
1.351764499999999998e+03 -3.401076038786096767e+00
1.371004799999999932e+03 -3.399055178817242062e+00
1.401047900000000027e+03 -3.395519760754102556e+00
1.402461299999999937e+03 -3.395885254564295685e+00
1.407803300000000036e+03 -3.392244081881128803e+00
1.438720499999999902e+03 -3.389799891515184793e+00
1.439256100000000060e+03 -3.389937896809790630e+00
1.460310500000000047e+03 -3.386752952470991840e+00
1.504377099999999928e+03 -3.388830472312633901e+00
1.504800799999999981e+03 -3.388939651000234754e+00
1.510699499999999944e+03 -3.383415986824660493e+00
1.538464799999999968e+03 -3.383331453614937701e+00
1.538523500000000013e+03 -3.383346119879536040e+00
1.553672900000000027e+03 -3.379076860542206795e+00
1.593265499999999975e+03 -3.378686496282080398e+00
1.593273300000000063e+03 -3.378688767164400808e+00
1.600410900000000083e+03 -3.373018153505592753e+00
1.646536399999999958e+03 -3.375672871801431274e+00
1.648379699999999957e+03 -3.376149655976721231e+00
1.658985300000000052e+03 -3.372023258810727953e+00
1.698059199999999919e+03 -3.373263404385343112e+00
1.699128799999999956e+03 -3.373540019050822014e+00
1.715668300000000045e+03 -3.369979151239197446e+00
1.744290400000000091e+03 -3.366291468996807978e+00
1.744301799999999957e+03 -3.366294670550801449e+00
1.757480199999999968e+03 -3.363853442256672377e+00
1.802196999999999889e+03 -3.363137521110131978e+00
1.802598799999999983e+03 -3.363241241753350153e+00
1.806201399999999921e+03 -3.360290741490397526e+00
1.851625600000000077e+03 -3.355976148375723334e+00
1.858356199999999944e+03 -3.361614168121483281e+00
1.859073900000000094e+03 -3.361800318485045569e+00
1.887205300000000079e+03 -3.356078035764506584e+00
1.888865999999999985e+03 -3.356508072173067792e+00
1.915694099999999935e+03 -3.356322461106462374e+00
1.955060500000000047e+03 -3.352386442765248997e+00
1.957167500000000018e+03 -3.352931042442699905e+00
1.982878400000000056e+03 -3.356151249611960541e+00
2.005998399999999947e+03 -3.351270200190963333e+00
2.006217699999999923e+03 -3.351327300690255306e+00
2.021035100000000057e+03 -3.352150769633022609e+00
2.056436400000000049e+03 -3.346366164588868486e+00
2.056580399999999827e+03 -3.346403035257921932e+00
2.063976299999999810e+03 -3.346167760287741544e+00
2.104155900000000202e+03 -3.345141288472084362e+00
2.104564400000000205e+03 -3.345246792084099141e+00
2.126650099999999838e+03 -3.346530779701967884e+00
2.143107500000000073e+03 -3.339901669290610720e+00
2.143753900000000158e+03 -3.340068471247351845e+00
2.157429700000000139e+03 -3.339937288113989489e+00
2.209600699999999961e+03 -3.342248415896035496e+00
2.210686599999999999e+03 -3.342529702404685388e+00
2.219860299999999825e+03 -3.338282825268558351e+00
2.231129500000000007e+03 -3.332370165915804705e+00
2.232317199999999957e+03 -3.332678176834439565e+00
2.265575200000000223e+03 -3.337599052525665577e+00
2.305685699999999997e+03 -3.335000676683055776e+00
2.307408699999999953e+03 -3.335446513569511495e+00
2.318500399999999900e+03 -3.334238323130753301e+00
2.344646499999999833e+03 -3.326927032465245127e+00
2.362233700000000226e+03 -3.333555192229327169e+00
2.365338499999999840e+03 -3.334358964321723739e+00
2.412581099999999878e+03 -3.328251080947779439e+00
2.420614199999999983e+03 -3.333843011965180736e+00
2.422062800000000152e+03 -3.334216384426424984e+00
2.423535600000000159e+03 -3.323884991290513291e+00
2.423536200000000008e+03 -3.323883772496494693e+00
