1.218735000000000070e+02 1.117873193568084744e+01
1.316324999999999932e+02 1.118231630368410379e+01
1.703302400000000034e+02 1.119383879503358514e+01
1.705226999999999862e+02 1.119340067168736041e+01
1.798649800000000027e+02 1.120036637492367149e+01
2.163178299999999865e+02 1.121591695501730079e+01
2.185131199999999865e+02 1.121609607164665157e+01
2.278521200000000135e+02 1.122293710563810265e+01
2.667524500000000103e+02 1.123721911255851680e+01
2.668821599999999989e+02 1.123724353755342875e+01
2.771810300000000211e+02 1.124015876246692436e+01
3.153586000000000240e+02 1.126112151434968389e+01
3.175811600000000112e+02 1.126197791573376783e+01
3.247085000000000150e+02 1.126870649297781313e+01
3.606992700000000127e+02 1.128464583757378392e+01
3.630799299999999903e+02 1.128376602890291025e+01
3.749545400000000086e+02 1.129034449419906316e+01
4.117873799999999846e+02 1.130063555872175840e+01
4.154560999999999922e+02 1.130152910645226960e+01
4.225573499999999854e+02 1.130754783228170091e+01
4.601891100000000279e+02 1.133136627315285949e+01
4.617937600000000202e+02 1.133233869326277166e+01
4.710689499999999725e+02 1.134016232444534822e+01
5.091911799999999744e+02 1.135273152859759804e+01
5.112338500000000181e+02 1.135267809892122948e+01
5.235249400000000151e+02 1.135719621412578917e+01
5.595968199999999797e+02 1.137622023203745236e+01
5.647880300000000489e+02 1.137625228984327208e+01
5.669833300000000236e+02 1.138679218400162796e+01
6.081392600000000357e+02 1.140257276613067283e+01
6.094192600000000084e+02 1.140239517606350539e+01
6.238500900000000229e+02 1.140615001017708074e+01
6.626190699999999651e+02 1.142871514349684503e+01
6.664404700000000048e+02 1.142894921636474592e+01
6.718138199999999642e+02 1.143130571951964036e+01
7.067847000000000435e+02 1.145418125381640628e+01
7.101545999999999594e+02 1.145335894565438650e+01
7.131025300000000016e+02 1.146665682882149362e+01
7.622566199999999981e+02 1.148224608182373352e+01
7.626141900000000078e+02 1.148196315896600872e+01
7.720703800000000001e+02 1.149242519845308408e+01
8.111085100000000239e+02 1.151505190311418581e+01
8.150654100000000426e+02 1.151508396092000730e+01
8.227504800000000387e+02 1.152039283533482639e+01
8.603328400000000329e+02 1.154772796661917411e+01
8.634929499999999507e+02 1.154784754732342655e+01
8.682063200000000052e+02 1.155643293303480590e+01
9.100065100000000484e+02 1.158142173824547072e+01
9.137491499999999860e+02 1.158117697944229718e+01
9.166402000000000498e+02 1.158483156930592273e+01
9.526646100000000388e+02 1.161027274577651092e+01
9.638210400000000391e+02 1.161087217585996179e+01
9.667463699999999562e+02 1.162393802157541245e+01
1.012804200000000037e+03 1.164790199470791876e+01
1.014901299999999992e+03 1.165455271728068354e+01
1.014985000000000014e+03 1.164802208426623231e+01
1.056789299999999912e+03 1.168057347852635885e+01
1.060778000000000020e+03 1.168092000814166553e+01
1.078093599999999924e+03 1.169556584571544988e+01
1.104582799999999907e+03 1.171412935070221906e+01
1.112473400000000083e+03 1.171365866069611350e+01
1.114340200000000095e+03 1.173066456340321473e+01
1.147030500000000075e+03 1.176006411561164278e+01
1.165415899999999965e+03 1.175967229798493641e+01
1.165830799999999954e+03 1.175184968451048206e+01
1.214377500000000055e+03 1.179407541217178945e+01
1.217099200000000110e+03 1.179482851618155870e+01
1.221625600000000077e+03 1.178578312639934822e+01
1.259861799999999903e+03 1.182890240179116681e+01
1.267211999999999989e+03 1.183024933848972182e+01
1.272175199999999904e+03 1.182973336047221657e+01
1.316144099999999980e+03 1.186653623040911931e+01
1.318661000000000058e+03 1.186662782414003736e+01
1.321340400000000045e+03 1.187646142886220169e+01
1.360149400000000014e+03 1.192730052920822281e+01
1.364194799999999987e+03 1.189734429065743804e+01
1.371126800000000003e+03 1.189776714838184546e+01
1.403846800000000030e+03 1.194069509464685552e+01
1.409497000000000071e+03 1.194030785670669559e+01
1.411865700000000061e+03 1.196057805821290465e+01
1.452767800000000079e+03 1.197440464074903232e+01
1.454347400000000107e+03 1.197517555465092620e+01
1.469423600000000079e+03 1.200450793812334638e+01
1.511718399999999974e+03 1.202131793201709797e+01
1.517624199999999973e+03 1.204296712802768177e+01
1.520146799999999985e+03 1.202147872990026478e+01
1.553444099999999935e+03 1.205840423366578484e+01
1.559731600000000071e+03 1.205883217993079626e+01
1.573836800000000039e+03 1.208081721962141231e+01
1.602398599999999988e+03 1.210518776714838118e+01
1.603770899999999983e+03 1.210480714431101212e+01
1.611435899999999947e+03 1.212094595969875854e+01
1.666559600000000046e+03 1.213690514960309308e+01
1.669227100000000064e+03 1.213704152249134971e+01
1.672176999999999907e+03 1.216086912273559939e+01
1.707947699999999941e+03 1.218111082841441117e+01
1.709922199999999975e+03 1.218089863627111669e+01
1.709976699999999937e+03 1.220143445959698703e+01
1.758869799999999941e+03 1.222016792184001588e+01
1.767495599999999968e+03 1.222011652757988998e+01
1.768668400000000020e+03 1.224406777936087920e+01
1.800672499999999900e+03 1.226069713006309847e+01
1.805831899999999905e+03 1.226077549358844010e+01
1.815981399999999894e+03 1.227724048442906479e+01
1.845747499999999945e+03 1.230061266028902978e+01
1.858429900000000089e+03 1.230077549358843925e+01
1.863423600000000079e+03 1.230771473641359570e+01
1.886465300000000070e+03 1.235209088133523281e+01
1.895747100000000046e+03 1.235202880113983426e+01
1.909457100000000082e+03 1.235890240179116617e+01
1.942667200000000093e+03 1.238322766130673713e+01
1.959938900000000103e+03 1.238322766130673713e+01
1.977088999999999942e+03 1.239790759210258386e+01
1.993595100000000002e+03 1.243675809077956451e+01
1.995347800000000007e+03 1.243634591899043329e+01
2.018424999999999955e+03 1.243028495827396718e+01
2.039119300000000067e+03 1.248033329940972891e+01
2.055671299999999974e+03 1.246719316100142549e+01
2.061417100000000119e+03 1.246728831671076776e+01
2.099165899999999965e+03 1.251424435171992577e+01
2.109078199999999924e+03 1.251383879503358365e+01
2.118732899999999972e+03 1.251493130470181114e+01
2.141813900000000103e+03 1.254017250152656260e+01
2.157539299999999912e+03 1.254952829228577116e+01
2.163165500000000065e+03 1.254001628332994045e+01
2.189809600000000046e+03 1.257751373905963632e+01
2.190286799999999857e+03 1.257747761042133128e+01
2.215959100000000035e+03 1.257789334418888672e+01
2.240952200000000175e+03 1.261836963158966007e+01
2.248229800000000068e+03 1.261832332587014172e+01
2.259878099999999904e+03 1.263599531854264058e+01
2.292356800000000021e+03 1.266804142072053807e+01
2.294612399999999980e+03 1.265855841644616220e+01
2.308344999999999800e+03 1.266771270099735425e+01
2.355043999999999869e+03 1.270330602483207727e+01
2.366287800000000061e+03 1.270183798086708649e+01
2.367168200000000070e+03 1.270265062080195406e+01
2.390507099999999809e+03 1.274020557704050383e+01
2.399354600000000119e+03 1.274044779157337715e+01
2.413063700000000154e+03 1.273306584571544775e+01
2.426540399999999863e+03 1.275617697944229612e+01
2.427872499999999945e+03 1.275624465703236332e+01
