9.963391099999999767e+01 -1.466135682599131185e+00
9.991520400000000279e+01 -1.465979672539629242e+00
1.282640900000000101e+02 -1.466127373693819180e+00
1.497310099999999977e+02 -1.465641227458265528e+00
1.502707699999999988e+02 -1.465663577074178381e+00
1.764978600000000029e+02 -1.465403704294333531e+00
1.994047199999999975e+02 -1.464981954509848805e+00
2.014802799999999934e+02 -1.465207669146518343e+00
2.246134000000000128e+02 -1.464254141366283735e+00
2.484564300000000117e+02 -1.463716329562524177e+00
2.504739299999999957e+02 -1.463689704999387553e+00
2.726206300000000056e+02 -1.462234933530565995e+00
3.000606199999999717e+02 -1.461443769151441030e+00
3.004556900000000041e+02 -1.462018170065583655e+00
3.231116599999999721e+02 -1.460520161890171309e+00
3.500747299999999882e+02 -1.460244774010823088e+00
3.520132399999999961e+02 -1.458699204636850544e+00
3.717673800000000028e+02 -1.456612678568974806e+00
3.995537299999999732e+02 -1.457054653761448160e+00
4.009431299999999965e+02 -1.454248667294923969e+00
4.192082500000000209e+02 -1.450702551021450848e+00
4.497154899999999884e+02 -1.449560478790258955e+00
4.510684200000000033e+02 -1.451051190705543892e+00
4.737385499999999752e+02 -1.447342462956288767e+00
4.966773200000000088e+02 -1.445113116826650890e+00
5.007944600000000150e+02 -1.445835020701970342e+00
5.214502300000000332e+02 -1.442517000182267806e+00
5.446594099999999798e+02 -1.441253245338788513e+00
5.480993399999999838e+02 -1.441581625898294527e+00
5.717554599999999709e+02 -1.438287932567002603e+00
6.034466400000000021e+02 -1.438018388737193787e+00
6.076100800000000390e+02 -1.438710994019980483e+00
6.189436600000000226e+02 -1.434317980417926464e+00
6.500705400000000509e+02 -1.433656675521360224e+00
6.517751299999999901e+02 -1.433466519594048361e+00
6.686403400000000374e+02 -1.429907725256594375e+00
7.040115100000000439e+02 -1.429681380264655077e+00
7.048262300000000096e+02 -1.430921057171778976e+00
7.196331099999999878e+02 -1.426235089611503026e+00
7.505816499999999678e+02 -1.425444482635448429e+00
7.539742300000000341e+02 -1.426187601719559161e+00
7.671096800000000258e+02 -1.421631514652371253e+00
7.917796200000000226e+02 -1.420415810576076465e+00
7.962291500000000042e+02 -1.420149147649468091e+00
8.275400700000000143e+02 -1.420737893787689110e+00
8.493910100000000511e+02 -1.418041030473838227e+00
8.528503500000000486e+02 -1.417388269735227802e+00
8.723818999999999733e+02 -1.416586760274440859e+00
8.969050499999999602e+02 -1.414593641339759289e+00
9.054086999999999534e+02 -1.414692014341008441e+00
9.200108900000000176e+02 -1.412635350979679849e+00
9.523012099999999691e+02 -1.410563338738432204e+00
9.547908200000000534e+02 -1.411116936205747852e+00
9.687717400000000225e+02 -1.409429073945260846e+00
9.857340199999999868e+02 -1.405313397746202453e+00
9.859026199999999562e+02 -1.406481297249878137e+00
1.016898900000000026e+03 -1.405779309237971342e+00
1.043638200000000097e+03 -1.404284460308922400e+00
1.045410000000000082e+03 -1.403989249217700408e+00
1.068007599999999911e+03 -1.403547136376660731e+00
1.085366999999999962e+03 -1.398894799362057073e+00
1.106046399999999949e+03 -1.400644153696707139e+00
1.109474899999999934e+03 -1.398313666489468199e+00
1.140481600000000071e+03 -1.396849259289412171e+00
1.151019999999999982e+03 -1.397928927403567334e+00
1.167435500000000047e+03 -1.397014051159050529e+00
1.187131000000000085e+03 -1.392619112888555222e+00
1.202763699999999972e+03 -1.396755581893915910e+00
1.211784100000000080e+03 -1.392911878459321517e+00
1.236411200000000008e+03 -1.388839536597533897e+00
1.256416999999999916e+03 -1.391777615752134878e+00
1.268595700000000079e+03 -1.391386514207360259e+00
1.303218299999999999e+03 -1.390095541700704374e+00
1.308458200000000033e+03 -1.393780915311299662e+00
1.322613900000000058e+03 -1.390119358674857253e+00
1.352856500000000096e+03 -1.389055472589822537e+00
1.360340999999999894e+03 -1.388350022898804159e+00
1.362492199999999912e+03 -1.384530362203251208e+00
1.405204099999999926e+03 -1.386295218553847297e+00
1.405238700000000108e+03 -1.384660004987315007e+00
1.427720100000000002e+03 -1.378938717184752916e+00
1.435649499999999989e+03 -1.387368433622050645e+00
1.463939000000000078e+03 -1.383055738551475677e+00
1.468459599999999909e+03 -1.380961784071396803e+00
1.494745799999999917e+03 -1.381882926170928449e+00
1.509804300000000012e+03 -1.382944787768742634e+00
1.521173700000000053e+03 -1.381068056535866173e+00
1.540174999999999955e+03 -1.375716328281486156e+00
1.555008399999999938e+03 -1.378211550070377323e+00
1.562767900000000054e+03 -1.374451608172164496e+00
1.597715899999999920e+03 -1.377139679680371653e+00
1.605969399999999951e+03 -1.369638272996199335e+00
1.607568500000000085e+03 -1.375673746271832698e+00
1.637869799999999941e+03 -1.370404548840973735e+00
1.641936899999999923e+03 -1.371388399343612896e+00
1.656087399999999889e+03 -1.368204482730938532e+00
1.698224799999999959e+03 -1.367573465434929858e+00
1.706194999999999936e+03 -1.373584002230291201e+00
1.713822599999999966e+03 -1.366539147389584263e+00
1.744156300000000101e+03 -1.366225761379311621e+00
1.748997100000000046e+03 -1.365440363520807443e+00
1.763881100000000060e+03 -1.364736372502988626e+00
1.797125999999999976e+03 -1.364969096673982696e+00
1.805013300000000072e+03 -1.357639201558263231e+00
1.805037600000000111e+03 -1.362675149783788342e+00
1.846088199999999915e+03 -1.362342350742516306e+00
1.847146199999999908e+03 -1.363816658618572708e+00
1.866525000000000091e+03 -1.358846665737309944e+00
1.895690599999999904e+03 -1.359470209602812174e+00
1.900396700000000010e+03 -1.357430622127016928e+00
1.911634900000000016e+03 -1.354886348005751806e+00
1.932327299999999923e+03 -1.355172443925597880e+00
1.940232700000000023e+03 -1.351410580350782986e+00
1.965907999999999902e+03 -1.350157712849589631e+00
2.012418799999999919e+03 -1.353803805607664223e+00
2.016938900000000103e+03 -1.351180666300767497e+00
2.019475599999999986e+03 -1.349983054608802524e+00
2.050123500000000149e+03 -1.347851699543353599e+00
2.054983600000000024e+03 -1.344787503209465385e+00
2.067301599999999780e+03 -1.346806522993408528e+00
2.083699500000000171e+03 -1.344957318658863699e+00
2.093639500000000226e+03 -1.345434395115284509e+00
2.099313799999999901e+03 -1.338354500061342822e+00
2.151039299999999912e+03 -1.339202248390222838e+00
2.172268000000000029e+03 -1.348494940908525841e+00
2.172277599999999893e+03 -1.337213990987866863e+00
2.196471500000000106e+03 -1.338041311059489757e+00
2.204238600000000133e+03 -1.344704257991559349e+00
2.212126200000000154e+03 -1.332096046375228049e+00
2.238710399999999936e+03 -1.333537897263127103e+00
2.262434000000000196e+03 -1.331990887609619589e+00
2.272606400000000122e+03 -1.327848113297044108e+00
2.292908199999999852e+03 -1.312667721468665949e+00
2.293049599999999828e+03 -1.326340191103399624e+00
2.294122400000000198e+03 -1.321945131506024884e+00
2.346990499999999884e+03 -1.319451484711424261e+00
2.370381899999999860e+03 -1.316420111129247728e+00
2.372340000000000146e+03 -1.321516284360984450e+00
2.397428300000000036e+03 -1.317864667912166166e+00
2.408618800000000192e+03 -1.320965654493826635e+00
2.428305899999999838e+03 -1.311751172378464947e+00
2.443115800000000036e+03 -1.310810082841210589e+00
