1.001467899999999958e+02 -6.226218149906564747e+00
1.272581200000000052e+02 -6.226125401200526710e+00
1.503575800000000129e+02 -6.226217262826803100e+00
1.750966500000000110e+02 -6.225578406417446864e+00
2.028254900000000021e+02 -6.225982157728569888e+00
2.261062100000000044e+02 -6.225468527767791471e+00
2.516729799999999955e+02 -6.225102166504090206e+00
2.721930300000000216e+02 -6.224249873828835433e+00
2.946047399999999925e+02 -6.223458157805566771e+00
3.227055899999999724e+02 -6.223771331667776074e+00
3.489402299999999855e+02 -6.223528778105876569e+00
3.737228000000000065e+02 -6.222852826176799468e+00
4.030893300000000181e+02 -6.222155426191968708e+00
4.174482100000000173e+02 -6.220451748775355227e+00
4.510260700000000043e+02 -6.220571842224565273e+00
4.697121000000000208e+02 -6.219668785444270931e+00
4.981651299999999765e+02 -6.219168262328185648e+00
5.184226899999999887e+02 -6.217606445791531655e+00
5.508931300000000419e+02 -6.217203123130849995e+00
5.688698500000000422e+02 -6.215531513424149779e+00
6.028212099999999509e+02 -6.216749588850739805e+00
6.207372199999999793e+02 -6.213528089407488686e+00
6.444993500000000495e+02 -6.211578258112070650e+00
6.707114000000000260e+02 -6.210288240323264652e+00
6.969801300000000310e+02 -6.207655252809073154e+00
7.191702099999999973e+02 -6.206570641588289305e+00
7.475162800000000516e+02 -6.204922988249296445e+00
7.737412000000000489e+02 -6.202467459834393182e+00
8.065047799999999825e+02 -6.201239756866537611e+00
8.183367299999999886e+02 -6.196367552114454114e+00
8.544420400000000200e+02 -6.195103590048801401e+00
8.674825799999999845e+02 -6.190455289266982852e+00
9.074751300000000356e+02 -6.191263831951646424e+00
9.161560500000000502e+02 -6.185076819669082404e+00
9.506996900000000323e+02 -6.183643207685043386e+00
9.699880600000000186e+02 -6.179962832981118481e+00
1.001554300000000012e+03 -6.177197728937058763e+00
1.015367499999999950e+03 -6.173302809366121302e+00
1.055955799999999954e+03 -6.173200333737619339e+00
1.070991400000000112e+03 -6.169490653409854808e+00
1.108462899999999991e+03 -6.168096976155116096e+00
1.116018000000000029e+03 -6.163379552038469988e+00
1.162917899999999918e+03 -6.156676509674329445e+00
1.166281700000000001e+03 -6.163535840092198903e+00
1.208028900000000021e+03 -6.157139741122324317e+00
1.219583300000000008e+03 -6.152774860090524989e+00
1.251444700000000012e+03 -6.150248894082214868e+00
1.262888999999999896e+03 -6.145052578300719937e+00
1.307811999999999898e+03 -6.144544655593854543e+00
1.320100400000000036e+03 -6.143558007719327918e+00
1.359872599999999920e+03 -6.144486157901090095e+00
1.371503999999999905e+03 -6.138477738978000531e+00
1.396509399999999914e+03 -6.135552757583296213e+00
1.416803000000000111e+03 -6.131508399769131756e+00
1.446064900000000080e+03 -6.129139334522184512e+00
1.472560899999999947e+03 -6.128218876524839764e+00
1.495122399999999971e+03 -6.124691611860048290e+00
1.508236000000000104e+03 -6.121289045683021790e+00
1.557819300000000112e+03 -6.115275135956146357e+00
1.559976300000000037e+03 -6.123134819170263476e+00
1.599096399999999903e+03 -6.114213440015397794e+00
1.606278999999999996e+03 -6.111917527124772320e+00
1.628634800000000041e+03 -6.108776225969045015e+00
1.675365800000000036e+03 -6.112109409679796990e+00
1.698924199999999928e+03 -6.106638560845891739e+00
1.712566000000000031e+03 -6.102924753311421924e+00
1.760159799999999905e+03 -6.101490656226810749e+00
1.776716599999999971e+03 -6.101167824823453323e+00
1.792611699999999928e+03 -6.095073483004737724e+00
1.804613399999999956e+03 -6.092313653763771875e+00
1.841031099999999924e+03 -6.089016162110468144e+00
1.869461000000000013e+03 -6.092420202885024949e+00
1.888718800000000101e+03 -6.089297770942931010e+00
1.903875399999999900e+03 -6.085360873661342929e+00
1.946495699999999943e+03 -6.083996106172846474e+00
1.971474099999999908e+03 -6.086253947305222844e+00
2.008046399999999949e+03 -6.077871753584989989e+00
2.015231600000000071e+03 -6.086157115329336342e+00
2.062879699999999957e+03 -6.081680369533427388e+00
2.076071100000000115e+03 -6.079967466378330521e+00
2.105887000000000171e+03 -6.072463277989790242e+00
2.119411300000000210e+03 -6.075650704380262113e+00
2.154777300000000196e+03 -6.071355701448167608e+00
2.166779799999999796e+03 -6.068892740940491137e+00
2.193823100000000068e+03 -6.063602779641634299e+00
2.194107599999999820e+03 -6.064857887684586224e+00
2.253558399999999892e+03 -6.064296917867684655e+00
2.280046800000000076e+03 -6.064541297480115389e+00
2.283307699999999841e+03 -6.056266149138489041e+00
2.333514799999999923e+03 -6.065445561936667396e+00
2.355685699999999997e+03 -6.057111437042479452e+00
2.362157499999999800e+03 -6.060499873228015311e+00
2.398661700000000110e+03 -6.053775730723717885e+00
2.416600600000000213e+03 -6.053497254439285769e+00
2.472183399999999892e+03 -6.053239504863711318e+00
