1.230430099999999953e+02 -3.370015713382318534e+00
1.330653800000000047e+02 -3.369766831935570472e+00
1.714505200000000116e+02 -3.369085076471797446e+00
1.725680099999999868e+02 -3.369241667829135700e+00
1.818286200000000008e+02 -3.368742324809327560e+00
2.201396000000000015e+02 -3.367472396898478326e+00
2.213386600000000044e+02 -3.367903841244842322e+00
2.310988800000000083e+02 -3.367372248848729654e+00
2.676929299999999898e+02 -3.365599229737860743e+00
2.696503200000000220e+02 -3.365995443316248448e+00
2.788069100000000162e+02 -3.365300167736556602e+00
3.205493799999999851e+02 -3.364290185678483258e+00
3.213837599999999952e+02 -3.364381169389888626e+00
3.273870200000000068e+02 -3.362761393373320473e+00
3.686361200000000053e+02 -3.361246295634738424e+00
3.706338200000000143e+02 -3.361872602448643388e+00
3.767961599999999862e+02 -3.360070971929819628e+00
4.154736300000000142e+02 -3.357338492013189679e+00
4.211934200000000033e+02 -3.358918993301026390e+00
4.292017500000000041e+02 -3.357569959412482152e+00
4.645044500000000198e+02 -3.353882091050669700e+00
4.662960100000000239e+02 -3.354430528919403631e+00
4.773270800000000236e+02 -3.353812506063178933e+00
5.156209099999999808e+02 -3.350386302484190892e+00
5.213611700000000155e+02 -3.351968940779388006e+00
5.249980199999999968e+02 -3.349389548029099384e+00
5.655511599999999817e+02 -3.346695955566019176e+00
5.678405400000000327e+02 -3.347195499748682579e+00
5.764273399999999583e+02 -3.346010819525062630e+00
6.129104099999999562e+02 -3.342362020519920041e+00
6.129745000000000346e+02 -3.342311572981099488e+00
6.218574399999999969e+02 -3.341198056990287935e+00
6.645731700000000046e+02 -3.337992246643314509e+00
6.654249200000000428e+02 -3.338289227053557795e+00
6.747062799999999925e+02 -3.336989986770874328e+00
7.119332500000000437e+02 -3.333093901703036099e+00
7.136433700000000044e+02 -3.333463133868329376e+00
7.194099499999999807e+02 -3.331628599204193630e+00
7.635250200000000405e+02 -3.330209032164078931e+00
7.645155999999999494e+02 -3.330541088726791887e+00
7.700543900000000122e+02 -3.328805868540042567e+00
8.162429300000000012e+02 -3.327646942958015774e+00
8.170516099999999824e+02 -3.327950700578713672e+00
8.245012299999999641e+02 -3.326097113013086304e+00
8.646678799999999683e+02 -3.323370315957728138e+00
8.651984899999999925e+02 -3.323415437507070358e+00
8.701483100000000377e+02 -3.321487859149537591e+00
9.061346800000000030e+02 -3.318874606083937362e+00
9.070566400000000158e+02 -3.319151166039194578e+00
9.230346799999999803e+02 -3.319724866716605494e+00
9.586705600000000231e+02 -3.315860359781151345e+00
9.638500900000000229e+02 -3.317264046756523310e+00
9.645605500000000347e+02 -3.314243257249500196e+00
1.007743799999999965e+03 -3.311982195739989088e+00
1.010241999999999962e+03 -3.309384950591877761e+00
1.011697999999999979e+03 -3.312935790751374565e+00
1.050659300000000030e+03 -3.307092481370559334e+00
1.054349699999999984e+03 -3.308039501056695642e+00
1.066488100000000031e+03 -3.308251252073489912e+00
1.106657899999999927e+03 -3.306023997220694177e+00
1.113012799999999970e+03 -3.307603309518222012e+00
1.113260600000000068e+03 -3.304653275494192410e+00
1.151028000000000020e+03 -3.302267348096932231e+00
1.154320699999999988e+03 -3.303101224677828185e+00
1.162416400000000067e+03 -3.302076579017108493e+00
1.200233999999999924e+03 -3.299305451016817159e+00
1.206482299999999896e+03 -3.300931803097338246e+00
1.215628999999999905e+03 -3.300285161474247886e+00
1.253773100000000113e+03 -3.297398664120031686e+00
1.259874600000000100e+03 -3.299026094584363911e+00
1.266321699999999964e+03 -3.297385857520291008e+00
1.294398699999999963e+03 -3.293192204172391335e+00
1.301989199999999983e+03 -3.295156789384928508e+00
1.320073900000000094e+03 -3.296336878496797240e+00
1.341160900000000083e+03 -3.289713384500152049e+00
1.354147099999999909e+03 -3.293047931736708289e+00
1.369097299999999905e+03 -3.293774346004929576e+00
1.399252400000000080e+03 -3.289795411176279494e+00
1.403607299999999896e+03 -3.290918440830650660e+00
1.428078800000000001e+03 -3.293554194052622286e+00
1.443369699999999966e+03 -3.286861562096991207e+00
1.443823399999999992e+03 -3.287024903872193260e+00
1.464950299999999970e+03 -3.289140912688836238e+00
1.490076199999999972e+03 -3.283763468043918721e+00
1.497851300000000037e+03 -3.285795010715150788e+00
1.509539299999999912e+03 -3.285475353878467342e+00
1.536030799999999999e+03 -3.281920056579798572e+00
1.552651000000000067e+03 -3.286173049492956189e+00
1.562439699999999903e+03 -3.285483900142793345e+00
1.599091899999999896e+03 -3.281858673989057618e+00
1.599154299999999921e+03 -3.281895515991647638e+00
1.612067199999999957e+03 -3.281646743680202150e+00
1.658463999999999942e+03 -3.282771201521184512e+00
1.658797000000000025e+03 -3.279060066994052836e+00
1.659259499999999889e+03 -3.282924340369734129e+00
1.695766399999999976e+03 -3.277068390271796527e+00
1.699949499999999944e+03 -3.278151992975594897e+00
1.710187100000000100e+03 -3.277305078842543740e+00
1.748910399999999981e+03 -3.275347473557296052e+00
1.753471500000000106e+03 -3.276523402933654072e+00
1.766614199999999983e+03 -3.275953619201550371e+00
1.789554799999999886e+03 -3.272777717871060421e+00
1.792056399999999940e+03 -3.273457455903951541e+00
1.825435300000000097e+03 -3.278340280729114209e+00
1.838669900000000098e+03 -3.271610253348314679e+00
1.845897300000000087e+03 -3.273430796971513512e+00
1.855860699999999952e+03 -3.272138581861584239e+00
1.904170399999999972e+03 -3.272748911917461534e+00
1.910342399999999998e+03 -3.274281704204724974e+00
1.912071400000000040e+03 -3.270641671083013957e+00
1.943889200000000073e+03 -3.269255054408625405e+00
1.948712199999999939e+03 -3.270509935823890935e+00
1.971052799999999934e+03 -3.272352390897278251e+00
1.987943600000000060e+03 -3.265322143694310952e+00
1.993105099999999993e+03 -3.266604845517457445e+00
2.025533500000000004e+03 -3.270716708007707307e+00
2.043418799999999919e+03 -3.266716151974533133e+00
2.044994899999999916e+03 -3.267112308642961427e+00
2.066884700000000066e+03 -3.268820158622218752e+00
2.089952000000000226e+03 -3.264333179075414204e+00
2.095298299999999927e+03 -3.265659686316071397e+00
2.106583799999999883e+03 -3.264658374971765475e+00
2.131043400000000020e+03 -3.262163482093813904e+00
2.139987900000000081e+03 -3.264407372548706832e+00
2.175449300000000221e+03 -3.269256714890997007e+00
2.182443499999999858e+03 -3.259656550340255254e+00
2.198308100000000195e+03 -3.263800456373453507e+00
2.216868300000000090e+03 -3.264494322506040991e+00
2.241674899999999980e+03 -3.260451389242293274e+00
2.247428600000000188e+03 -3.261919651444619817e+00
2.259094599999999900e+03 -3.260653893980440809e+00
2.277576700000000073e+03 -3.256406696514567045e+00
2.292685699999999997e+03 -3.260211513632389924e+00
2.315989599999999882e+03 -3.262161488619849337e+00
2.337222200000000157e+03 -3.258718623112998536e+00
2.338252199999999903e+03 -3.258927143683383765e+00
2.370301800000000185e+03 -3.262271630429906644e+00
2.386424899999999980e+03 -3.255876573100370486e+00
2.401364500000000135e+03 -3.259750562547074182e+00
2.417165300000000116e+03 -3.259324290906679078e+00
2.425761899999999969e+03 -3.256247019000068743e+00
2.438601599999999962e+03 -3.259649025860512417e+00
