1.029807600000000036e+02 2.347857724404640578e+01
1.274890099999999933e+02 2.348495929167514618e+01
1.518344600000000071e+02 2.349916853246488913e+01
1.747571599999999989e+02 2.350340321595766468e+01
1.992945300000000088e+02 2.351483004274374267e+01
2.229251600000000053e+02 2.352714227559535942e+01
2.513647499999999866e+02 2.353345969875839572e+01
2.749271299999999769e+02 2.354581518420516772e+01
3.011693900000000212e+02 2.355472013026663802e+01
3.240760700000000156e+02 2.356607062894361704e+01
3.488651800000000094e+02 2.357514349684510435e+01
3.681670799999999986e+02 2.358763688174231632e+01
3.968035100000000170e+02 2.359997404844290614e+01
4.226965599999999768e+02 2.360154233665784673e+01
4.475600400000000150e+02 2.362180032566659804e+01
4.668953900000000203e+02 2.363242163647465688e+01
5.009824300000000221e+02 2.364766283329941032e+01
5.205581200000000308e+02 2.364937919804599886e+01
5.514209700000000112e+02 2.367177081213108281e+01
5.689942700000000286e+02 2.368522542234887140e+01
5.989896099999999706e+02 2.370189344595969771e+01
6.150694300000000112e+02 2.370485853857113767e+01
6.451411699999999882e+02 2.373658406269082022e+01
6.698701800000000048e+02 2.374523000203541656e+01
6.950161399999999503e+02 2.375181559128841968e+01
7.145249300000000403e+02 2.375797832281701361e+01
7.498973499999999603e+02 2.378081009566456316e+01
7.734743099999999458e+02 2.378144311011601886e+01
7.913106699999999591e+02 2.380410187258294386e+01
8.185451900000000478e+02 2.382072664359861491e+01
8.458602600000000393e+02 2.380872684714023890e+01
8.812843400000000429e+02 2.383987482190107698e+01
8.965633699999999635e+02 2.385916802361082745e+01
9.200094400000000405e+02 2.387869987787502524e+01
9.497886099999999487e+02 2.388163749236719013e+01
9.668838299999999890e+02 2.391553989415835701e+01
9.954999599999999873e+02 2.392065082434357848e+01
1.025218699999999899e+03 2.394016334215347186e+01
1.053417899999999918e+03 2.394199979645837573e+01
1.068457499999999982e+03 2.397989619377162640e+01
1.095014699999999948e+03 2.397230612660289140e+01
1.121551400000000058e+03 2.401152198249542025e+01
1.145481700000000046e+03 2.401672145328719665e+01
1.163262099999999919e+03 2.402995725625890344e+01
1.194287600000000111e+03 2.405528953796051184e+01
1.217163500000000113e+03 2.409202473030734737e+01
1.246452299999999923e+03 2.408858335029513498e+01
1.256865900000000011e+03 2.411962243028699504e+01
1.301915299999999888e+03 2.410766537756971317e+01
1.314559400000000096e+03 2.416405505800936382e+01
1.351851200000000063e+03 2.415753714634642790e+01
1.366974699999999984e+03 2.418261958070425521e+01
1.396922100000000000e+03 2.422599582739670510e+01
1.414340799999999945e+03 2.422212039487074975e+01
1.446745499999999993e+03 2.426607520863016276e+01
1.456681599999999889e+03 2.424443466313861251e+01
1.494603100000000040e+03 2.428206900061062257e+01
1.533322499999999991e+03 2.427444534907388629e+01
1.541756599999999935e+03 2.429227152452676464e+01
1.570890100000000075e+03 2.434544779157337757e+01
1.602297900000000027e+03 2.434490484429065660e+01
1.603659499999999980e+03 2.437103450030531349e+01
1.648678100000000086e+03 2.440203083655607585e+01
1.657792999999999893e+03 2.442279259108487466e+01
1.710262600000000020e+03 2.446146549969468609e+01
1.725507599999999911e+03 2.447308518216975415e+01
1.751437100000000100e+03 2.449335385711378166e+01
1.770874499999999898e+03 2.453495216771829845e+01
1.786685699999999997e+03 2.455813352330551780e+01
1.825311300000000074e+03 2.457246285365357252e+01
1.856218800000000101e+03 2.458179472827193024e+01
1.864563799999999901e+03 2.460033635253409301e+01
1.909185999999999922e+03 2.462083044982698965e+01
1.916691399999999931e+03 2.461999745572969545e+01
1.943312200000000075e+03 2.465360573987380377e+01
1.972980399999999918e+03 2.466695552615509968e+01
2.003964799999999968e+03 2.468875941380012051e+01
2.014610699999999952e+03 2.468497862812945343e+01
2.071124800000000050e+03 2.473282006920415199e+01
2.076461299999999937e+03 2.473407999185833717e+01
2.090190999999999804e+03 2.474093374720130356e+01
2.116458099999999831e+03 2.476416039079991904e+01
2.161831999999999880e+03 2.478883930388764512e+01
2.173853999999999814e+03 2.481043150824343613e+01
2.200922900000000027e+03 2.482455220842662058e+01
2.201893399999999929e+03 2.484720384693669715e+01
2.258896099999999933e+03 2.486361235497659550e+01
2.269331299999999828e+03 2.489369886016690359e+01
2.284869599999999991e+03 2.495914665174028357e+01
2.303665300000000116e+03 2.492164665174028215e+01
2.341158399999999801e+03 2.498818695298188430e+01
2.359483099999999922e+03 2.503636729086098001e+01
2.399494599999999991e+03 2.504194178709546037e+01
2.408195099999999911e+03 2.502234937919804736e+01
2.456603599999999915e+03 2.501591237533075684e+01
