9.910917800000000000e+01 -3.306949855661341697e+00
1.013036699999999968e+02 -3.307131362384693407e+00
1.268824599999999947e+02 -3.306806425241066272e+00
1.489377200000000130e+02 -3.306456653018299274e+00
1.507459499999999935e+02 -3.306761537600970691e+00
1.765782900000000097e+02 -3.306662131896940249e+00
1.988798999999999921e+02 -3.306218301294952866e+00
2.004871400000000108e+02 -3.306215730337259018e+00
2.245648899999999912e+02 -3.305857364864297043e+00
2.488236899999999991e+02 -3.305174544498205247e+00
2.496512700000000109e+02 -3.305427621281760153e+00
2.717829800000000091e+02 -3.304272302505058878e+00
3.006234000000000037e+02 -3.304621062364619277e+00
3.017963799999999992e+02 -3.304192467137442968e+00
3.220839899999999716e+02 -3.302716121139115391e+00
3.487915499999999724e+02 -3.302323131921474975e+00
3.499927999999999884e+02 -3.302159528748442430e+00
3.722852300000000128e+02 -3.299733628210709924e+00
3.978110699999999724e+02 -3.298697872374802831e+00
4.027371499999999855e+02 -3.299486068010482942e+00
4.224393200000000093e+02 -3.295162770615714276e+00
4.493036099999999919e+02 -3.295076735209570007e+00
4.506571500000000015e+02 -3.294567706592811618e+00
4.701824300000000108e+02 -3.290060474848466310e+00
4.973698800000000233e+02 -3.289248497696424245e+00
4.978246500000000196e+02 -3.289843115477304458e+00
5.214545000000000528e+02 -3.285778179372680352e+00
5.500133899999999585e+02 -3.284746810269623118e+00
5.500698700000000372e+02 -3.285208490651776003e+00
5.724730799999999817e+02 -3.282029934424831819e+00
5.962357500000000528e+02 -3.280487834832749972e+00
6.005355899999999565e+02 -3.281433797081521941e+00
6.278150600000000168e+02 -3.280073809623547110e+00
6.455064300000000230e+02 -3.276252764661993666e+00
6.541887500000000273e+02 -3.278039908323179930e+00
6.667461200000000190e+02 -3.272677903443345304e+00
6.988125300000000379e+02 -3.272661785777235988e+00
7.014187699999999950e+02 -3.273504592023817938e+00
7.177573200000000497e+02 -3.269068957620400617e+00
7.471451899999999569e+02 -3.267721823076521481e+00
7.488443399999999883e+02 -3.268893938798055121e+00
7.710390499999999747e+02 -3.265932445957383745e+00
7.971420600000000150e+02 -3.264536893340480805e+00
8.029284999999999854e+02 -3.264610149099934411e+00
8.178021999999999707e+02 -3.262603017004236161e+00
8.466655299999999897e+02 -3.260065525730364122e+00
8.525929399999999987e+02 -3.261414793533145673e+00
8.755524400000000469e+02 -3.261106031434716890e+00
9.053281500000000506e+02 -3.258174956082387386e+00
9.088343999999999596e+02 -3.260997074395467710e+00
9.158274699999999484e+02 -3.255662646620139711e+00
9.513346299999999474e+02 -3.257207616920174686e+00
9.556355700000000297e+02 -3.256701695822547205e+00
9.664767100000000255e+02 -3.252811388889003119e+00
1.002075100000000020e+03 -3.251494436123984144e+00
1.007509099999999989e+03 -3.251711771473544843e+00
1.020098200000000020e+03 -3.251571077511025809e+00
1.048815100000000029e+03 -3.248506976841619487e+00
1.051180499999999938e+03 -3.249332656508497674e+00
1.060287100000000009e+03 -3.247164555218533977e+00
1.105388400000000047e+03 -3.247767910816613757e+00
1.106004599999999982e+03 -3.246384568814256077e+00
1.109745699999999943e+03 -3.244370647016872944e+00
1.134775100000000066e+03 -3.241793667372526055e+00
1.147328400000000101e+03 -3.244944298490893608e+00
1.180189699999999903e+03 -3.246680439403423879e+00
1.194070500000000038e+03 -3.241747632456535300e+00
1.201395099999999957e+03 -3.243430827113321868e+00
1.222541999999999916e+03 -3.244023510500747776e+00
1.243701199999999972e+03 -3.238918020131253517e+00
1.254804200000000037e+03 -3.242388610930829529e+00
1.269434099999999944e+03 -3.240267922473093698e+00
1.283929200000000037e+03 -3.234994840243613723e+00
1.313944500000000062e+03 -3.241381555497978795e+00
1.315423399999999901e+03 -3.237381527650223134e+00
1.347645099999999957e+03 -3.236628993358815709e+00
1.360001999999999953e+03 -3.238338458331721181e+00
1.375279800000000023e+03 -3.237997518128806984e+00
1.398817299999999932e+03 -3.236768416646064406e+00
1.412188000000000102e+03 -3.237526301282644514e+00
1.418544799999999896e+03 -3.235491612604352696e+00
1.447661399999999958e+03 -3.233261047919613773e+00
1.454680200000000013e+03 -3.235115899583913102e+00
1.460877999999999929e+03 -3.232587073469888495e+00
1.495082100000000082e+03 -3.232209689335112213e+00
1.499289999999999964e+03 -3.232213249027748425e+00
1.514226000000000113e+03 -3.231377932064941394e+00
1.539873800000000074e+03 -3.230721303525970090e+00
1.552877999999999929e+03 -3.231501935018507243e+00
1.563614199999999983e+03 -3.229826662653178637e+00
1.586637899999999945e+03 -3.228368661994539757e+00
1.611115999999999985e+03 -3.230530139359574004e+00
1.611893299999999954e+03 -3.228486480737882580e+00
1.654222700000000032e+03 -3.228121972865053202e+00
1.660366800000000012e+03 -3.229340611677467887e+00
1.663606399999999894e+03 -3.227869747213906848e+00
1.703682700000000068e+03 -3.228774182748398225e+00
1.712358500000000049e+03 -3.228158612974574737e+00
1.716475599999999986e+03 -3.226621906875472234e+00
1.750091699999999946e+03 -3.226447845824759852e+00
1.755693700000000035e+03 -3.224549239427235037e+00
1.764987800000000107e+03 -3.226192637284162057e+00
1.806548700000000053e+03 -3.226983313975045675e+00
1.816691000000000031e+03 -3.226229715265926501e+00
1.828669000000000096e+03 -3.225202767855408048e+00
1.851277100000000019e+03 -3.221513725671255379e+00
1.853204400000000078e+03 -3.224178213713487118e+00
1.855963999999999942e+03 -3.220113790937245479e+00
1.882495899999999892e+03 -3.215678494122159670e+00
1.891189399999999978e+03 -3.221087498115309256e+00
1.917458599999999933e+03 -3.223013557405697505e+00
1.950402399999999943e+03 -3.219782933395739732e+00
1.950436599999999999e+03 -3.214780681758105274e+00
1.955772899999999936e+03 -3.221454593622590679e+00
1.986748199999999997e+03 -3.220904468653142061e+00
2.008275000000000091e+03 -3.221556741730793316e+00
2.011977100000000064e+03 -3.219228799126529594e+00
2.047952099999999973e+03 -3.219387693194754263e+00
2.050322999999999865e+03 -3.214900933536520178e+00
2.053819399999999860e+03 -3.215384102008997491e+00
2.091403899999999794e+03 -3.219230710168336174e+00
2.113645799999999781e+03 -3.218218675176491850e+00
2.122575400000000172e+03 -3.220732833367215164e+00
2.143892699999999877e+03 -3.214986706751897572e+00
2.147014099999999871e+03 -3.216468493051091393e+00
2.157031100000000151e+03 -3.213663521540912171e+00
2.188631199999999808e+03 -3.211912615719419772e+00
2.195147100000000137e+03 -3.214719484996060306e+00
2.215158500000000004e+03 -3.214676821754275160e+00
2.246967599999999948e+03 -3.214405552130096044e+00
2.272230399999999918e+03 -3.214944935864587627e+00
2.275994099999999889e+03 -3.216370909130886968e+00
2.297486499999999978e+03 -3.208311714322121588e+00
2.298903499999999894e+03 -3.213667351097901026e+00
2.329092000000000098e+03 -3.218064647007628842e+00
2.336816299999999956e+03 -3.213806240258486824e+00
2.345371999999999844e+03 -3.212011240399505585e+00
2.350096000000000004e+03 -3.208374255190920010e+00
2.367656399999999849e+03 -3.207836622383704039e+00
2.405761100000000170e+03 -3.211301836353011918e+00
2.409320900000000165e+03 -3.208465958390936290e+00
2.437304299999999785e+03 -3.209372522397384575e+00
