1.004658199999999937e+02 -6.252601765346228468e+00
1.256099200000000025e+02 -6.252089497980223953e+00
1.511127700000000118e+02 -6.252519252058806210e+00
1.764150899999999922e+02 -6.252399505868716290e+00
2.001891400000000090e+02 -6.251991530810036224e+00
2.261961100000000044e+02 -6.251973042878177900e+00
2.534747199999999907e+02 -6.251803449824202552e+00
2.733113099999999918e+02 -6.250964780550627431e+00
3.016254799999999818e+02 -6.251081219119800636e+00
3.215009099999999762e+02 -6.249603801832155803e+00
3.509968099999999822e+02 -6.249572352165347233e+00
3.709223600000000260e+02 -6.248218313226702847e+00
4.044206800000000044e+02 -6.248371782532779584e+00
4.191475100000000111e+02 -6.246397361447071361e+00
4.484008900000000040e+02 -6.246572399330018399e+00
4.706712200000000053e+02 -6.245193553668387132e+00
4.998313600000000179e+02 -6.244893642457277849e+00
5.205173999999999523e+02 -6.243311312183584150e+00
5.518060799999999517e+02 -6.242982595018550462e+00
5.720558099999999513e+02 -6.241723048999280543e+00
5.984416700000000446e+02 -6.240380264576212532e+00
6.206517000000000053e+02 -6.238733947404043967e+00
6.481113599999999906e+02 -6.237832103812730011e+00
6.691503500000000031e+02 -6.235234769413050770e+00
7.066007399999999734e+02 -6.235901073435234032e+00
7.104265400000000454e+02 -6.228633452914891677e+00
7.504658500000000458e+02 -6.230091169274439622e+00
7.683380200000000286e+02 -6.225108896057844454e+00
8.002480100000000220e+02 -6.224237054731586838e+00
8.167221399999999676e+02 -6.217971316783505564e+00
8.551224300000000085e+02 -6.216605049237692526e+00
8.576138399999999820e+02 -6.206913793498202381e+00
8.984928300000000263e+02 -6.207110362808736070e+00
9.125830300000000079e+02 -6.197893709063706069e+00
9.485990000000000464e+02 -6.196365962858692455e+00
9.723437900000000127e+02 -6.190741793342604993e+00
9.987848800000000438e+02 -6.187599731101935063e+00
1.011716499999999996e+03 -6.182482604715101360e+00
1.049252400000000080e+03 -6.182832626824366073e+00
1.070382399999999961e+03 -6.178104841082850740e+00
1.094630599999999959e+03 -6.175456324981339229e+00
1.105628899999999931e+03 -6.167994800914162745e+00
1.154412100000000009e+03 -6.170060228931807167e+00
1.164229499999999916e+03 -6.164032681883411691e+00
1.203014400000000023e+03 -6.163805432525719219e+00
1.207232099999999946e+03 -6.157213622192194258e+00
1.246955400000000054e+03 -6.156038758269232858e+00
1.267929900000000089e+03 -6.155975637326688954e+00
1.306979199999999992e+03 -6.156268603038797416e+00
1.324156999999999925e+03 -6.152866947548797150e+00
1.350488399999999956e+03 -6.148270210327290819e+00
1.354425799999999981e+03 -6.144527268025495204e+00
1.390854900000000043e+03 -6.143042717392905416e+00
1.407847400000000107e+03 -6.140698898037570963e+00
1.442587099999999964e+03 -6.141199240345375010e+00
1.468652199999999993e+03 -6.139959773662496012e+00
1.505481399999999894e+03 -6.130601860590662255e+00
1.518551400000000058e+03 -6.143307501879045951e+00
1.539771700000000010e+03 -6.130206459630437976e+00
1.564193899999999985e+03 -6.129805755221670260e+00
1.613042599999999993e+03 -6.125627175931050772e+00
1.618845600000000104e+03 -6.131247049438043994e+00
1.638872599999999920e+03 -6.123388095475655213e+00
1.667494599999999991e+03 -6.121277478771465219e+00
1.715056000000000040e+03 -6.119251350034231152e+00
1.716779899999999998e+03 -6.119334708414169377e+00
1.747313100000000077e+03 -6.116398207526719588e+00
1.754112399999999980e+03 -6.109123802367350642e+00
1.776677400000000034e+03 -6.107629296786436512e+00
1.820512199999999893e+03 -6.110106895784005232e+00
1.854829099999999926e+03 -6.108524599827062751e+00
1.871839600000000019e+03 -6.106276009852886766e+00
1.890740399999999909e+03 -6.099795969796054429e+00
1.906697699999999941e+03 -6.100777040299149689e+00
1.952732799999999997e+03 -6.095168361934803158e+00
1.965464799999999968e+03 -6.104345752335793129e+00
2.007604000000000042e+03 -6.097314681344478515e+00
2.018531300000000101e+03 -6.096702296766366658e+00
2.029492700000000013e+03 -6.093359057454583727e+00
2.051402500000000146e+03 -6.090941556765462117e+00
2.081445700000000215e+03 -6.088419801843139467e+00
2.099659900000000107e+03 -6.088994095926821615e+00
2.162876200000000154e+03 -6.092875949812809999e+00
2.165931399999999940e+03 -6.085284444605731480e+00
2.197819300000000112e+03 -6.081802577492250172e+00
2.209195700000000215e+03 -6.085251948591592352e+00
2.248633400000000165e+03 -6.083329528606313374e+00
2.274496900000000096e+03 -6.082173299489913809e+00
2.276366700000000037e+03 -6.079065188055656321e+00
2.297870499999999993e+03 -6.074438107888609828e+00
2.353498900000000049e+03 -6.076140549019136472e+00
2.372297599999999875e+03 -6.075737818537157331e+00
2.420583399999999983e+03 -6.077615122826967919e+00
2.421319700000000012e+03 -6.073892383309525300e+00
2.459454299999999876e+03 -6.069978801479638086e+00
