9.960318399999999883e+01 -4.325816676570608976e+00
1.272933000000000021e+02 -4.325778196317654256e+00
1.485548599999999908e+02 -4.325263436313906418e+00
1.746067799999999863e+02 -4.325176984076871456e+00
2.014370700000000056e+02 -4.325392152887572728e+00
2.248157500000000084e+02 -4.325172573366510953e+00
2.530992400000000089e+02 -4.325436993429061516e+00
2.734504600000000210e+02 -4.324549959783629660e+00
3.023677400000000262e+02 -4.324571500128623569e+00
3.241094600000000128e+02 -4.324253637175053733e+00
3.554630799999999908e+02 -4.324493306094662870e+00
3.740020299999999907e+02 -4.323663817901655548e+00
4.005126500000000078e+02 -4.322302095703931535e+00
4.186147500000000150e+02 -4.321422262138137960e+00
4.510108900000000176e+02 -4.321123586526581128e+00
4.717633500000000026e+02 -4.321115317029223135e+00
5.003989199999999755e+02 -4.320047491973680209e+00
5.185550399999999627e+02 -4.319225843071240689e+00
5.520222599999999602e+02 -4.319467344054799263e+00
5.691574699999999893e+02 -4.317946343172360812e+00
5.991817899999999781e+02 -4.316843582826681569e+00
6.190591699999999946e+02 -4.316371656422654191e+00
6.490268099999999549e+02 -4.314741521817016867e+00
6.718669999999999618e+02 -4.314886904513455690e+00
7.031677100000000564e+02 -4.313894647638064406e+00
7.144457599999999502e+02 -4.310527121698413566e+00
7.548825100000000248e+02 -4.311664217632129592e+00
7.718267899999999599e+02 -4.309655886853458462e+00
8.052550999999999704e+02 -4.308618297685490539e+00
8.217107399999999870e+02 -4.306892965944877361e+00
8.573979600000000119e+02 -4.306457312532887549e+00
8.677671599999999899e+02 -4.302871164989289454e+00
9.003594799999999623e+02 -4.300934217415352201e+00
9.178365099999999757e+02 -4.297765526409469850e+00
9.453930800000000545e+02 -4.295496867470426139e+00
9.534297699999999622e+02 -4.289878603024535053e+00
9.949057400000000371e+02 -4.291961133918754001e+00
1.015688300000000027e+03 -4.287603735632512958e+00
1.059142599999999902e+03 -4.287992890458889761e+00
1.070579600000000028e+03 -4.284318247425067838e+00
1.111861900000000105e+03 -4.284327557908750528e+00
1.125127099999999928e+03 -4.281216574964013866e+00
1.161714300000000094e+03 -4.279329430015174296e+00
1.170296299999999974e+03 -4.273814280318747549e+00
1.188839099999999917e+03 -4.272660120828569497e+00
1.215149300000000039e+03 -4.268847644487130388e+00
1.245556700000000092e+03 -4.264328245243124371e+00
1.273678400000000011e+03 -4.266880882113336604e+00
1.298691800000000057e+03 -4.262761500325084718e+00
1.326096600000000080e+03 -4.262591199957454613e+00
1.342718100000000049e+03 -4.256186071792004810e+00
1.362379699999999957e+03 -4.253726650176952617e+00
1.395370699999999943e+03 -4.249283467468107922e+00
1.419055800000000090e+03 -4.248724062298612658e+00
1.440655400000000100e+03 -4.243827834233415253e+00
1.470988399999999956e+03 -4.243190839618253385e+00
1.481635099999999966e+03 -4.237062956893876020e+00
1.504111300000000028e+03 -4.234615818376225249e+00
1.544300300000000107e+03 -4.232177823869370137e+00
1.569340999999999894e+03 -4.233639894138301329e+00
1.599240500000000111e+03 -4.231873733646151159e+00
1.614891399999999976e+03 -4.229223690534942293e+00
1.639480999999999995e+03 -4.224523447378277119e+00
1.655687799999999925e+03 -4.217928574877928050e+00
1.715490000000000009e+03 -4.222627592046811706e+00
1.719078999999999951e+03 -4.216350911553234937e+00
1.758140200000000050e+03 -4.215096577100256425e+00
1.769653800000000047e+03 -4.212517759488124902e+00
1.794798000000000002e+03 -4.210347366132059399e+00
1.816690700000000106e+03 -4.209453177298800419e+00
1.856914600000000064e+03 -4.206718027648472358e+00
1.858673700000000053e+03 -4.203794914994952059e+00
1.911952299999999923e+03 -4.197546918406427352e+00
1.913038600000000088e+03 -4.204971398084897061e+00
1.949286800000000085e+03 -4.190742951137671923e+00
1.958458499999999958e+03 -4.197123228445543752e+00
2.010003799999999956e+03 -4.189289188962907140e+00
2.024337299999999914e+03 -4.196457181534287706e+00
2.035834499999999935e+03 -4.188335400401633102e+00
2.064855799999999817e+03 -4.188773614198021633e+00
2.098256100000000060e+03 -4.177934666240342487e+00
2.110393300000000181e+03 -4.189212003634101400e+00
2.153752599999999802e+03 -4.176005308615225786e+00
2.171509500000000116e+03 -4.182727613989057680e+00
2.190711299999999937e+03 -4.177779184476126062e+00
2.195048800000000028e+03 -4.172741192375021946e+00
2.247453399999999874e+03 -4.166361336501847923e+00
2.254151400000000194e+03 -4.176851400715142937e+00
2.300006400000000212e+03 -4.164534194667678157e+00
2.312228399999999965e+03 -4.168411054793970116e+00
2.352112200000000030e+03 -4.160354367623344984e+00
2.382581400000000031e+03 -4.170160735261840834e+00
2.402461600000000089e+03 -4.163709332306915201e+00
2.415948300000000017e+03 -4.163377878975716762e+00
2.456335099999999784e+03 -4.160105817182945920e+00
