1.001982699999999937e+02 -4.554997843612233588e+00
1.274662299999999959e+02 -4.554745658119110807e+00
1.498112999999999886e+02 -4.554323494300611230e+00
1.499410799999999995e+02 -4.554357095899807639e+00
1.768080600000000118e+02 -4.554250282270858818e+00
1.978833300000000008e+02 -4.553332284229736793e+00
1.980006799999999885e+02 -4.553362570655651531e+00
2.250746200000000101e+02 -4.552894086278981511e+00
2.480622500000000059e+02 -4.552207393821676717e+00
2.482199200000000019e+02 -4.552248256426540074e+00
2.754279300000000035e+02 -4.551427804498783480e+00
2.998942499999999995e+02 -4.550598194569715815e+00
2.999845399999999813e+02 -4.550621587217704267e+00
3.240283600000000206e+02 -4.548430411898404913e+00
3.547717000000000098e+02 -4.548683082710705428e+00
3.550628500000000258e+02 -4.548758147240586247e+00
3.767197499999999764e+02 -4.545590705498679718e+00
4.004936700000000087e+02 -4.543699997870474405e+00
4.005919099999999844e+02 -4.543725445751739755e+00
4.258301099999999906e+02 -4.539912703562254848e+00
4.477286300000000097e+02 -4.537315307326265312e+00
4.478062600000000089e+02 -4.537335172685176055e+00
4.737600199999999973e+02 -4.531693270858889733e+00
4.931495699999999829e+02 -4.528379476565936201e+00
4.931969199999999773e+02 -4.528392073681470009e+00
5.249403300000000172e+02 -4.522504697113453709e+00
5.483724600000000464e+02 -4.521274103403367661e+00
5.485832100000000082e+02 -4.521328484703377448e+00
5.668179699999999457e+02 -4.512797825281444908e+00
5.988633700000000317e+02 -4.511781008454811115e+00
5.995027700000000550e+02 -4.511946306084626102e+00
6.256043899999999667e+02 -4.505519354027350154e+00
6.442899300000000267e+02 -4.502523813560292076e+00
6.450508800000000065e+02 -4.502720941368294483e+00
6.726377899999999954e+02 -4.496672674264425851e+00
6.978562399999999570e+02 -4.493992674871769566e+00
6.978894500000000107e+02 -4.494001056776323111e+00
7.246063799999999446e+02 -4.490355961089089298e+00
7.499596400000000358e+02 -4.486657128661965643e+00
7.501916999999999689e+02 -4.486717222562861984e+00
7.715196499999999560e+02 -4.483079181975130112e+00
8.013056299999999510e+02 -4.480976224679460884e+00
8.014815499999999702e+02 -4.481021601731040249e+00
8.182842600000000175e+02 -4.477275013424615757e+00
8.553446199999999635e+02 -4.477301254278613918e+00
8.553504900000000362e+02 -4.477302975332104751e+00
8.642055100000000039e+02 -4.471066782479070412e+00
9.094986400000000231e+02 -4.472013389629698743e+00
9.095270100000000184e+02 -4.472021130922764875e+00
9.132116099999999506e+02 -4.468261684777797171e+00
9.526311699999999973e+02 -4.468900064758975610e+00
9.528805300000000216e+02 -4.468964580168890421e+00
9.606569299999999885e+02 -4.463246509801409800e+00
1.000674200000000042e+03 -4.464132733552120591e+00
1.001382200000000012e+03 -4.464315816533098946e+00
1.008994299999999953e+03 -4.460304253636447669e+00
1.054226000000000113e+03 -4.460953838040553343e+00
1.055037000000000035e+03 -4.461164006540812466e+00
1.074766900000000078e+03 -4.460964303712199097e+00
1.089908400000000029e+03 -4.458251367628347062e+00
1.091433299999999917e+03 -4.458646347918671538e+00
1.122225599999999986e+03 -4.458581633121975862e+00
1.149699800000000096e+03 -4.455784708597397170e+00
1.150763599999999997e+03 -4.456059874732809511e+00
1.177749900000000025e+03 -4.457996578165513313e+00
1.197671599999999899e+03 -4.455519978690128724e+00
1.198022300000000087e+03 -4.455610438080590541e+00
1.216317700000000059e+03 -4.455117743113796713e+00
1.243928400000000011e+03 -4.452426837271228344e+00
1.243979499999999916e+03 -4.452440352951014368e+00
1.266701399999999921e+03 -4.453785360904458202e+00
1.298135899999999992e+03 -4.452050111517604769e+00
1.298894900000000007e+03 -4.452246328128535602e+00
1.309394500000000107e+03 -4.451691092883736545e+00
1.355428100000000086e+03 -4.452276510761508987e+00
1.356334700000000112e+03 -4.452510884911008660e+00
1.360861300000000028e+03 -4.450935019307355134e+00
1.401537000000000035e+03 -4.452474566366935171e+00
1.403536599999999908e+03 -4.452992164287250532e+00
1.419679900000000089e+03 -4.452280682408136236e+00
1.452564699999999903e+03 -4.452820578164011778e+00
1.452992799999999988e+03 -4.452931555849490408e+00
1.456839999999999918e+03 -4.448557774188887315e+00
1.509385600000000068e+03 -4.451228108682518503e+00
1.514541799999999967e+03 -4.452171764795497921e+00
1.516641800000000103e+03 -4.452714453062773359e+00
1.551142800000000079e+03 -4.453296888825839517e+00
1.551239900000000034e+03 -4.453322143765221952e+00
1.566672800000000052e+03 -4.452220872562783427e+00
1.596385600000000068e+03 -4.451192117073274446e+00
1.596895700000000033e+03 -4.451324089849666876e+00
1.605704500000000053e+03 -4.450545111650363594e+00
1.636939599999999928e+03 -4.450730377305725405e+00
1.637123800000000074e+03 -4.450777945787557144e+00
1.673236300000000028e+03 -4.455058026481678368e+00
1.708674400000000105e+03 -4.453552576736916180e+00
1.708907099999999900e+03 -4.454044140792364104e+00
1.709345800000000054e+03 -4.454157146393193933e+00
1.733922800000000052e+03 -4.450791524981950964e+00
1.734409499999999980e+03 -4.450918109902751496e+00
1.755972899999999981e+03 -4.453011811021162281e+00
1.810185500000000047e+03 -4.454453470684269334e+00
1.810675999999999931e+03 -4.454581037980724467e+00
1.819642900000000054e+03 -4.458694448164135515e+00
1.841943400000000111e+03 -4.453325793662243903e+00
1.842045000000000073e+03 -4.453352466368246887e+00
1.852898200000000088e+03 -4.454665358601454628e+00
1.905003600000000006e+03 -4.456764076632772742e+00
1.906474799999999959e+03 -4.457144563779111834e+00
1.916339600000000019e+03 -4.459048464549569601e+00
1.963789600000000064e+03 -4.459409779316089839e+00
1.967257000000000062e+03 -4.458129446233291659e+00
1.969324299999999994e+03 -4.458664495066039457e+00
2.015942700000000059e+03 -4.461354891437887105e+00
2.027345100000000002e+03 -4.461123674875136835e+00
2.027954600000000028e+03 -4.461283685259163967e+00
2.049760400000000118e+03 -4.459367590785278779e+00
2.050076199999999972e+03 -4.459449333143353122e+00
2.051543700000000172e+03 -4.458260321124059011e+00
2.100678600000000188e+03 -4.462653033304873951e+00
2.117651800000000094e+03 -4.464434643811042491e+00
2.118730799999999817e+03 -4.464714808042598904e+00
2.156571199999999862e+03 -4.464294577349357418e+00
2.157449399999999969e+03 -4.463341780508405243e+00
2.158218299999999999e+03 -4.463540607351841771e+00
2.189330800000000181e+03 -4.460853195360314771e+00
2.194983400000000074e+03 -4.461630757796625879e+00
2.195554200000000037e+03 -4.461778778929337719e+00
2.222973399999999856e+03 -4.460779817775975431e+00
2.224029799999999796e+03 -4.461052663780812999e+00
2.261202099999999973e+03 -4.468698063178378810e+00
2.274641700000000128e+03 -4.463815099140577836e+00
2.274714300000000094e+03 -4.463835546904371121e+00
2.312059200000000146e+03 -4.469528518191782318e+00
2.375030099999999948e+03 -4.472060293799734687e+00
2.375358900000000176e+03 -4.475739992886500929e+00
2.375692300000000159e+03 -4.472229959121292175e+00
2.401952299999999923e+03 -4.469134100032588819e+00
2.430035199999999804e+03 -4.474139051129844447e+00
2.432521799999999985e+03 -4.474781428766909208e+00
2.441784799999999905e+03 -4.474116511873473812e+00
2.443534299999999803e+03 -4.474569657506171971e+00
