1.028977900000000005e+02 2.299841441074699944e+01
1.268186100000000067e+02 2.301121005495623706e+01
1.515004600000000039e+02 2.301637339710971020e+01
1.748144499999999937e+02 2.303640036637492372e+01
2.008946799999999939e+02 2.304146651740281015e+01
2.249883299999999906e+02 2.305619224506411413e+01
2.499700200000000052e+02 2.306306330144514760e+01
2.740332500000000095e+02 2.307966517402809004e+01
2.976541500000000156e+02 2.309194280480358330e+01
3.202258800000000178e+02 2.310342509668227251e+01
3.478733500000000163e+02 2.312404182780378648e+01
3.758104900000000157e+02 2.314700590270710379e+01
3.975050200000000018e+02 2.312784245878281908e+01
4.225406500000000278e+02 2.317466619173620757e+01
4.468067800000000034e+02 2.316675656421737983e+01
4.677875999999999976e+02 2.318492570730714419e+01
5.005597799999999893e+02 2.320366680236108436e+01
5.217919399999999541e+02 2.320261907185019368e+01
5.504521899999999732e+02 2.322802411968247682e+01
5.718158700000000181e+02 2.323614797476083993e+01
5.992301899999999932e+02 2.325799715041726046e+01
6.200182099999999537e+02 2.327141257887237913e+01
6.562677599999999529e+02 2.328822257276613072e+01
6.661515600000000177e+02 2.330708731935681044e+01
6.947844000000000051e+02 2.331844138001221367e+01
7.176083899999999858e+02 2.334498829635660755e+01
7.454877500000000055e+02 2.334592560553633334e+01
7.694699100000000271e+02 2.336168532464889225e+01
7.949049999999999727e+02 2.337502595155709528e+01
8.227031500000000506e+02 2.339529869733360457e+01
8.435655699999999797e+02 2.341116324038265617e+01
8.775686500000000478e+02 2.343931101160187325e+01
8.976911000000000058e+02 2.344104518624058642e+01
9.135946099999999888e+02 2.348334062690820190e+01
9.535754699999999957e+02 2.346253256665988118e+01
9.615117500000000064e+02 2.351694840219824911e+01
1.001437699999999950e+03 2.349259108487686021e+01
1.016276299999999992e+03 2.355859250966822671e+01
1.049008800000000065e+03 2.353686698554854573e+01
1.065032099999999900e+03 2.357891766741298767e+01
1.097995799999999917e+03 2.357541369835131562e+01
1.120175700000000006e+03 2.360561266028902949e+01
1.148051400000000058e+03 2.362595817219621352e+01
1.164469299999999976e+03 2.363878638306533730e+01
1.198317299999999932e+03 2.366914461632403999e+01
1.216443400000000111e+03 2.366210309383269106e+01
1.236338299999999890e+03 2.371637695908813370e+01
1.266639899999999898e+03 2.369764909423977173e+01
1.296045699999999897e+03 2.375273000203541685e+01
1.314540400000000091e+03 2.374586606961123536e+01
1.338413999999999987e+03 2.377278597598208876e+01
1.368226699999999937e+03 2.379717993079584915e+01
1.395800799999999981e+03 2.379877264400569814e+01
1.417540999999999940e+03 2.382769794422959464e+01
1.444817800000000034e+03 2.384712802768166284e+01
1.474379200000000083e+03 2.387460767351923252e+01
1.502055200000000013e+03 2.389856910238143684e+01
1.518832599999999957e+03 2.389306838998575344e+01
1.554777599999999893e+03 2.396327702015062044e+01
1.560871000000000095e+03 2.394617138204762696e+01
1.600154399999999896e+03 2.398613321799307840e+01
1.620911800000000085e+03 2.396839405658457167e+01
1.635748399999999947e+03 2.400917463871361690e+01
1.650919100000000071e+03 2.402449826989619552e+01
1.704146700000000010e+03 2.403390799918583198e+01
1.718661900000000060e+03 2.403967077142275599e+01
1.739396500000000060e+03 2.407801750457968737e+01
1.758621300000000019e+03 2.409953999592916674e+01
1.803052100000000110e+03 2.413275697130062980e+01
1.819834900000000061e+03 2.412001221249745342e+01
1.848225300000000061e+03 2.415244809688581284e+01
1.854757499999999936e+03 2.419756818644412633e+01
1.903992899999999963e+03 2.425136678200691875e+01
1.906393800000000056e+03 2.423746692448605700e+01
1.935443199999999933e+03 2.428319509464685311e+01
1.953393600000000106e+03 2.428224353755343046e+01
1.991383299999999963e+03 2.429388713616934581e+01
2.016094700000000103e+03 2.431644514553226344e+01
2.031664099999999962e+03 2.434981732139222288e+01
2.058163300000000163e+03 2.436730816201913541e+01
2.105093299999999999e+03 2.440490789741502198e+01
2.123329999999999927e+03 2.443617952371259960e+01
2.141031700000000001e+03 2.443590830449826967e+01
2.146735799999999927e+03 2.447723692245063987e+01
2.172686200000000099e+03 2.448677844494199007e+01
2.210839300000000094e+03 2.452341135762263491e+01
2.251318400000000111e+03 2.451610217789538027e+01
2.270756899999999860e+03 2.452651384083045016e+01
2.299508800000000065e+03 2.456329940972928938e+01
2.323929599999999937e+03 2.457564828007327407e+01
2.357246999999999844e+03 2.458958782821087041e+01
2.367551300000000083e+03 2.456401791166293691e+01
2.407826000000000022e+03 2.463089863627111598e+01
2.410875799999999799e+03 2.460383014451455352e+01
2.455188900000000103e+03 2.465766435986159166e+01
