1.026794799999999981e+02 1.123319102381437062e+01
1.273339900000000000e+02 1.124051903114186857e+01
1.512945799999999963e+02 1.125412426216161066e+01
1.748329899999999952e+02 1.126695756157134198e+01
1.979199199999999905e+02 1.127668176267046718e+01
2.230156399999999906e+02 1.129064471809484971e+01
2.475574499999999887e+02 1.129930185222878158e+01
2.716435900000000174e+02 1.132193313657642975e+01
2.982499099999999999e+02 1.133242570730714327e+01
3.230160200000000259e+02 1.134316405454915433e+01
3.477400600000000281e+02 1.135106096071646675e+01
3.726096400000000131e+02 1.136886983513128513e+01
3.975215499999999906e+02 1.138368359454508472e+01
4.182060700000000111e+02 1.140259719112558479e+01
4.505890800000000240e+02 1.141025188276002389e+01
4.727048300000000154e+02 1.142845003053124309e+01
4.979294499999999744e+02 1.143632556482800844e+01
5.180850500000000238e+02 1.145283075513942528e+01
5.451807900000000018e+02 1.146831976389171714e+01
5.699290099999999484e+02 1.148211886830856976e+01
5.939534800000000132e+02 1.150036077752900532e+01
6.168796200000000454e+02 1.151503256665988317e+01
6.447956299999999601e+02 1.153352686749440181e+01
6.668483099999999695e+02 1.154880215754121764e+01
7.018279099999999744e+02 1.156402350905760201e+01
7.231593800000000556e+02 1.158176114390392719e+01
7.454971199999999953e+02 1.160025798900875138e+01
7.689138799999999492e+02 1.162081721962141145e+01
7.956458699999999453e+02 1.163891359658050106e+01
8.165497599999999920e+02 1.165450793812334673e+01
8.553941099999999551e+02 1.168321290453897809e+01
8.646980600000000550e+02 1.169970944433136673e+01
9.001116299999999910e+02 1.171396244657032426e+01
9.210217699999999468e+02 1.173617443517199277e+01
9.498214699999999766e+02 1.175146142886220169e+01
9.751385699999999588e+02 1.179302208426623189e+01
1.003059600000000046e+03 1.179667362100549610e+01
1.015383199999999988e+03 1.183575005088540699e+01
1.054799600000000055e+03 1.182767148381844002e+01
1.072350899999999911e+03 1.187366680236108252e+01
1.103345499999999902e+03 1.188333350295135382e+01
1.115999399999999923e+03 1.192699928760431582e+01
1.139216699999999946e+03 1.192757785467128073e+01
1.159442299999999932e+03 1.197448656625279817e+01
1.206218200000000024e+03 1.197792692855689012e+01
1.211117600000000039e+03 1.201933136576429817e+01
1.248266300000000001e+03 1.203065438632200390e+01
1.265972199999999930e+03 1.205620038672908656e+01
1.303166699999999992e+03 1.208730663545695094e+01
1.313372200000000021e+03 1.209919804600040649e+01
1.336485599999999977e+03 1.212746794219417801e+01
1.371161499999999933e+03 1.214723386932627669e+01
1.396835100000000011e+03 1.217022847547323394e+01
1.424384199999999964e+03 1.219908711581518368e+01
1.451239100000000008e+03 1.223426368817423082e+01
1.465304399999999987e+03 1.223865357215550453e+01
1.501453099999999949e+03 1.226884083044982710e+01
1.513099300000000085e+03 1.228883370649297824e+01
1.548857600000000048e+03 1.232701048239364994e+01
1.560918200000000070e+03 1.235009769997964568e+01
1.604972500000000082e+03 1.236717636881742344e+01
1.607461800000000039e+03 1.236649704864644761e+01
1.647948100000000068e+03 1.241320018318746143e+01
1.655360500000000002e+03 1.243147262365153694e+01
1.692510800000000017e+03 1.247191125585182192e+01
1.719215300000000070e+03 1.248191481783024592e+01
1.748558899999999994e+03 1.252405658457154480e+01
1.768130900000000111e+03 1.253161510278851942e+01
1.786033400000000029e+03 1.255348819458579257e+01
1.803809299999999894e+03 1.258144514553226045e+01
1.862636400000000094e+03 1.259937767148381838e+01
1.867874399999999923e+03 1.262810248320781525e+01
1.882287100000000009e+03 1.266376653775697037e+01
1.911558299999999917e+03 1.268705322613474529e+01
1.962185500000000047e+03 1.271524526765723628e+01
1.963160000000000082e+03 1.270317881131691351e+01
2.004868099999999913e+03 1.276789894158355310e+01
2.024783599999999979e+03 1.274176521473641444e+01
2.056002899999999954e+03 1.279765876246692358e+01
2.073354499999999916e+03 1.282187970690006118e+01
2.090101000000000113e+03 1.283879961327091301e+01
2.115520899999999983e+03 1.286076735192346732e+01
2.145921100000000024e+03 1.290362253205780618e+01
2.167212300000000141e+03 1.291807602279666156e+01
2.177081400000000031e+03 1.293206085894565405e+01
2.219949200000000019e+03 1.295265367392631717e+01
2.233729299999999967e+03 1.297393242418074522e+01
2.252257599999999911e+03 1.298456900061062491e+01
2.311954400000000078e+03 1.303430439649908301e+01
2.324286900000000060e+03 1.300646448198656735e+01
2.330023400000000038e+03 1.306998066354569588e+01
2.353288199999999961e+03 1.309348514146143039e+01
2.406897300000000087e+03 1.313043710563810329e+01
2.410911500000000160e+03 1.312524170567881043e+01
2.466730000000000018e+03 1.313836708731935765e+01
