1.253147000000000020e+02 3.785710818237329534e+01
1.351079799999999977e+02 3.787262874007734581e+01
1.725735300000000052e+02 3.794296763688173968e+01
1.729113600000000019e+02 3.794171890901689892e+01
1.821971900000000062e+02 3.796253765520049228e+01
2.214924900000000036e+02 3.803507378383879711e+01
2.223983200000000124e+02 3.803572409932831278e+01
2.315456700000000012e+02 3.805527630775493719e+01
2.721313200000000165e+02 3.813254070832484643e+01
2.727009499999999775e+02 3.813276765723590245e+01
2.800144099999999980e+02 3.815341797272542124e+01
3.187583500000000072e+02 3.823160746997761095e+01
3.197698300000000131e+02 3.823225931202930639e+01
3.273691099999999778e+02 3.825297374313046816e+01
3.676795299999999997e+02 3.833493130470181143e+01
3.686152399999999716e+02 3.833635253409322274e+01
3.729260400000000004e+02 3.833545847750865221e+01
4.140040599999999813e+02 3.844367647058823678e+01
4.144736399999999890e+02 3.844537807856706735e+01
4.224549000000000092e+02 3.847582078159983610e+01
4.666789299999999798e+02 3.857492061876653366e+01
4.667489600000000110e+02 3.857292845511906876e+01
4.762514400000000023e+02 3.855982393649501461e+01
5.115806400000000167e+02 3.866098768573173317e+01
5.119046399999999721e+02 3.866128536535721594e+01
5.204374000000000251e+02 3.867375585182169573e+01
5.642496099999999615e+02 3.874896957052717283e+01
5.661531499999999824e+02 3.874967535110930328e+01
5.690607700000000477e+02 3.878931457358029888e+01
6.141831499999999551e+02 3.883177793608793138e+01
6.162396300000000338e+02 3.883333859149195888e+01
6.205971100000000433e+02 3.888254427030327776e+01
6.569298599999999624e+02 3.895540301241603487e+01
6.585357999999999947e+02 3.895545186240586588e+01
6.743854599999999664e+02 3.896190972928963703e+01
7.080273700000000190e+02 3.906117647058823650e+01
7.093096000000000458e+02 3.906249134948096469e+01
7.189864000000000033e+02 3.906830602483207571e+01
7.577928399999999556e+02 3.915522440464074805e+01
7.599390899999999647e+02 3.915453897822104778e+01
7.684191399999999703e+02 3.914284144107470098e+01
8.067757400000000416e+02 3.926616273152859549e+01
8.086466400000000476e+02 3.926489517606350432e+01
8.180823699999999690e+02 3.922788825564828130e+01
8.555687299999999595e+02 3.933340270710360187e+01
8.572589699999999766e+02 3.933377824140036694e+01
8.707016800000000103e+02 3.934385507836352502e+01
9.038598899999999503e+02 3.944232902503561888e+01
9.038862299999999550e+02 3.944271270099735460e+01
9.143921699999999646e+02 3.944365866069611570e+01
9.560603599999999460e+02 3.954355739873803799e+01
9.563511999999999489e+02 3.954194941990637346e+01
9.637359199999999646e+02 3.952197638917158429e+01
1.009043199999999956e+03 3.961997506615102793e+01
1.009240599999999972e+03 3.961953541624261987e+01
1.013364299999999957e+03 3.964547069000610691e+01
1.055587500000000091e+03 3.971667005902707359e+01
1.055700399999999945e+03 3.971674791369835589e+01
1.061846199999999953e+03 3.972661968247506792e+01
1.108146199999999908e+03 3.981737991044168723e+01
1.110745899999999892e+03 3.981693924282515695e+01
1.112110300000000052e+03 3.981926114390392968e+01
1.144539899999999989e+03 3.987597649094239216e+01
1.149891399999999976e+03 3.987709851414614093e+01
1.169159900000000107e+03 3.992741705678810860e+01
1.203584399999999960e+03 3.997637187054753127e+01
1.204673199999999952e+03 3.997635762263382730e+01
1.214724999999999909e+03 3.999514502340728228e+01
1.252623499999999922e+03 4.010885202523916604e+01
1.258444199999999910e+03 4.010853704457561264e+01
1.265590799999999945e+03 4.012317982902503388e+01
1.294755900000000111e+03 4.020602483207816391e+01
1.294865800000000036e+03 4.020528037858742465e+01
1.305901499999999942e+03 4.018693110116018374e+01
1.350947100000000091e+03 4.027988856096071402e+01
1.352077800000000025e+03 4.027939446366782050e+01
1.372618999999999915e+03 4.023508345206594328e+01
1.407572400000000016e+03 4.033866883777732681e+01
1.408867600000000039e+03 4.033912324445348929e+01
1.414307700000000068e+03 4.040814522694891053e+01
1.451212700000000041e+03 4.046417362100549298e+01
1.452650100000000066e+03 4.046352686749440153e+01
1.458695400000000063e+03 4.047180897618562767e+01
1.507866999999999962e+03 4.055180083452066242e+01
1.509441900000000032e+03 4.055181813555871884e+01
1.517648699999999963e+03 4.059815438632200824e+01
1.545782699999999977e+03 4.066759566456340025e+01
1.547062599999999975e+03 4.066660899653979300e+01
1.554050899999999956e+03 4.063490789741501885e+01
1.600366800000000012e+03 4.076555668634235730e+01
1.600722500000000082e+03 4.076455424384286630e+01
1.612235300000000052e+03 4.074908100956645285e+01
1.644393900000000031e+03 4.082575361286382787e+01
1.644478100000000040e+03 4.082550122124974479e+01
1.675554100000000062e+03 4.085704304905353013e+01
1.696548000000000002e+03 4.090310044779157295e+01
1.701957400000000007e+03 4.090353653572155679e+01
1.708577399999999898e+03 4.100219774068796852e+01
1.742732500000000073e+03 4.102650162833299419e+01
1.743270400000000109e+03 4.102566558111134043e+01
1.757628799999999956e+03 4.100063250559739458e+01
1.798960000000000036e+03 4.108423213922247186e+01
1.799375900000000001e+03 4.108457663342153410e+01
1.808762899999999945e+03 4.114838286179524118e+01
1.837379500000000007e+03 4.122926775900671714e+01
1.837417699999999968e+03 4.123037858742112860e+01
1.863271199999999908e+03 4.122200946468552729e+01
1.899568999999999960e+03 4.130361286383065078e+01
1.903110400000000027e+03 4.130292896397313740e+01
1.920957799999999907e+03 4.134195857927946349e+01
1.961673000000000002e+03 4.144813962955424103e+01
1.963057800000000043e+03 4.140404895176063604e+01
1.967789899999999989e+03 4.140349175656422176e+01
1.994185999999999922e+03 4.150434815794830001e+01
1.998086000000000013e+03 4.150357113779768525e+01
2.006958900000000085e+03 4.144877875025442648e+01
2.051701700000000073e+03 4.157872684714023848e+01
2.052210999999999785e+03 4.162617901485854333e+01
2.055209499999999935e+03 4.157913443924282859e+01
2.099185100000000148e+03 4.171542845511907416e+01
2.102903200000000197e+03 4.171477406879706962e+01
2.109058899999999994e+03 4.167942397720334213e+01
2.145981000000000222e+03 4.177204610217789593e+01
2.148461099999999988e+03 4.177130113983309201e+01
2.165885299999999916e+03 4.175339354773051070e+01
2.180645700000000033e+03 4.192499796458375982e+01
2.190555100000000039e+03 4.192560604518624245e+01
2.206139900000000125e+03 4.184623346224303475e+01
2.248514500000000226e+03 4.196826735192347257e+01
2.251035300000000007e+03 4.190516334215347172e+01
2.254171299999999974e+03 4.196809892122939090e+01
2.290206200000000081e+03 4.206674129859555933e+01
2.292607300000000123e+03 4.206672501526562513e+01
2.303138399999999820e+03 4.219405353144718163e+01
2.336221799999999803e+03 4.218480561774882887e+01
2.337959499999999935e+03 4.218358538571137473e+01
2.355999299999999948e+03 4.211926470588235816e+01
2.399585199999999986e+03 4.220145888459189365e+01
2.414127399999999852e+03 4.226742876043150687e+01
2.422768799999999828e+03 4.226800173010380490e+01
2.469811099999999897e+03 4.231763688174231675e+01
2.471289800000000014e+03 4.231598310604518076e+01
