9.998261300000000062e+01 -3.483164919177379470e+00
1.263228699999999947e+02 -3.482973280541121763e+00
1.483217400000000055e+02 -3.482785909822982973e+00
1.748370500000000050e+02 -3.482743128559104839e+00
2.000585299999999904e+02 -3.482753816817210524e+00
2.228588300000000118e+02 -3.482251954526756954e+00
2.471233400000000131e+02 -3.482192277315248052e+00
2.738012600000000134e+02 -3.482234430371086820e+00
3.010800699999999779e+02 -3.482051149961455927e+00
3.208475199999999745e+02 -3.481101435442866432e+00
3.506830400000000054e+02 -3.481178036699166256e+00
3.710041600000000130e+02 -3.480738747759573926e+00
3.980723199999999906e+02 -3.480842909174467259e+00
4.200527000000000157e+02 -3.479216400597034298e+00
4.523692300000000159e+02 -3.479047714132070368e+00
4.732909399999999778e+02 -3.479126502609871441e+00
5.021549699999999916e+02 -3.478389670622753282e+00
5.171457100000000082e+02 -3.476062805874285289e+00
5.466005900000000111e+02 -3.475921168981139342e+00
5.687983000000000402e+02 -3.474765662365776553e+00
5.934415000000000191e+02 -3.473596576914295575e+00
6.149193800000000465e+02 -3.472015869389735165e+00
6.525844200000000228e+02 -3.473200263936925936e+00
6.695600699999999961e+02 -3.469892593304353401e+00
7.062880099999999857e+02 -3.469675813721678548e+00
7.220359099999999444e+02 -3.466348831979563005e+00
7.555304899999999861e+02 -3.464618472625942580e+00
7.728389200000000301e+02 -3.462697463227721872e+00
7.973968200000000479e+02 -3.460519759775204651e+00
8.228219199999999773e+02 -3.459522635994774387e+00
8.465934899999999743e+02 -3.456954086975455809e+00
8.787869799999999714e+02 -3.456290280598661724e+00
8.966920000000000073e+02 -3.451901274847582357e+00
9.132980300000000398e+02 -3.448358013448752146e+00
9.535372899999999845e+02 -3.449057630511978445e+00
9.682349600000000009e+02 -3.444104879208804704e+00
1.004483699999999999e+03 -3.443496254337395701e+00
1.017677699999999959e+03 -3.439041656144973480e+00
1.053746900000000096e+03 -3.436373131976494744e+00
1.067595800000000054e+03 -3.434569570611698541e+00
1.098169100000000071e+03 -3.432524059209969725e+00
1.115287800000000061e+03 -3.427883432948283016e+00
1.145145600000000059e+03 -3.424193200907862167e+00
1.163896099999999933e+03 -3.423292868304839587e+00
1.192542599999999993e+03 -3.419795597347374816e+00
1.223809500000000071e+03 -3.421040630852187459e+00
1.262635399999999890e+03 -3.419300522638567319e+00
1.266120100000000093e+03 -3.414686172229046246e+00
1.308222199999999930e+03 -3.414104038543164243e+00
1.321627899999999954e+03 -3.411405064598623582e+00
1.345241500000000087e+03 -3.406586436399539064e+00
1.353365999999999985e+03 -3.403051375334669171e+00
1.408396600000000035e+03 -3.404705216679023039e+00
1.410000399999999900e+03 -3.399694886883024125e+00
1.453785900000000083e+03 -3.399357227110018531e+00
1.461147099999999909e+03 -3.395501542459712585e+00
1.490609300000000076e+03 -3.392891006155381639e+00
1.513827800000000025e+03 -3.390536998393009149e+00
1.536650399999999991e+03 -3.388877711599274090e+00
1.562259999999999991e+03 -3.387489856083393480e+00
1.608933999999999969e+03 -3.387254060316466475e+00
1.615862599999999929e+03 -3.385299922815322216e+00
1.662701999999999998e+03 -3.387438404661860858e+00
1.671226100000000088e+03 -3.380990110395655890e+00
1.709237200000000030e+03 -3.381520634330750674e+00
1.717701999999999998e+03 -3.376941347305955077e+00
1.764893299999999954e+03 -3.376894748980565186e+00
1.774766499999999951e+03 -3.374208260764626210e+00
1.798556599999999889e+03 -3.366199661899396567e+00
1.807380499999999984e+03 -3.369066557633642045e+00
1.838158799999999928e+03 -3.365789644278758264e+00
1.854297100000000000e+03 -3.364431693736593676e+00
1.897763300000000072e+03 -3.365299398184164570e+00
1.907559199999999919e+03 -3.359847811378242177e+00
1.939394299999999930e+03 -3.358499607664125364e+00
1.963299899999999980e+03 -3.359356762413823638e+00
2.001110799999999927e+03 -3.353540802391204778e+00
2.018897500000000036e+03 -3.360079686073142557e+00
2.050504300000000057e+03 -3.356182232261765819e+00
2.065427900000000136e+03 -3.353767228886770368e+00
2.102888699999999972e+03 -3.353944416651582383e+00
2.111749800000000050e+03 -3.348866929733525843e+00
2.152938000000000102e+03 -3.348558762669428646e+00
2.174814600000000155e+03 -3.352067545799564563e+00
2.202786900000000060e+03 -3.346963403882488919e+00
2.218920799999999872e+03 -3.348264910194268751e+00
2.247456499999999778e+03 -3.339644450146416865e+00
2.256303300000000036e+03 -3.338766350049269249e+00
2.291614900000000034e+03 -3.342091061366672555e+00
2.300637799999999970e+03 -3.338261030895802506e+00
2.355770300000000134e+03 -3.340322906849781504e+00
2.363210199999999986e+03 -3.336068322855739510e+00
2.400180299999999988e+03 -3.337360004382173617e+00
2.408284599999999955e+03 -3.334811833977202156e+00
2.450211699999999837e+03 -3.332359505104110386e+00
