1.027103400000000022e+02 1.196927590067168623e+01
1.261881000000000057e+02 1.198693415428455111e+01
1.503217199999999991e+02 1.200046865458986289e+01
1.749030300000000011e+02 1.201566863423570197e+01
1.997694199999999967e+02 1.202759057602279569e+01
2.228527499999999861e+02 1.204467382454711988e+01
2.506849799999999959e+02 1.205906879706900092e+01
2.739677800000000047e+02 1.208126043150824280e+01
2.979051000000000045e+02 1.209404182780378534e+01
3.222531000000000176e+02 1.210913494809688551e+01
3.480422800000000052e+02 1.212935477305108911e+01
3.736436199999999985e+02 1.213892377366171438e+01
3.989876600000000053e+02 1.216216619173621005e+01
4.232584600000000137e+02 1.217096631386118410e+01
4.466630000000000109e+02 1.219884490128231214e+01
4.678746699999999805e+02 1.220914156319967425e+01
4.989983300000000099e+02 1.223451658864237679e+01
5.198224999999999909e+02 1.224400366374923621e+01
5.490449999999999591e+02 1.226842560553633277e+01
5.735132499999999709e+02 1.228488957866883702e+01
5.968274499999999989e+02 1.231364135965804962e+01
6.202500700000000506e+02 1.233085487482190068e+01
6.493410800000000336e+02 1.235687410950539444e+01
6.716138099999999440e+02 1.237294473844901255e+01
6.936828500000000304e+02 1.238660441685324543e+01
7.238925400000000536e+02 1.241290199470791755e+01
7.470993200000000343e+02 1.243653928353348270e+01
7.686872399999999743e+02 1.245776511296560152e+01
8.001342399999999770e+02 1.247713006309790273e+01
8.194508600000000342e+02 1.250209953185426492e+01
8.498302300000000287e+02 1.253016995725625904e+01
8.702609700000000430e+02 1.255851821697537218e+01
8.992511399999999639e+02 1.257238449012823089e+01
9.144504500000000462e+02 1.260531498066354494e+01
9.501678600000000188e+02 1.262539487075106948e+01
9.681774500000000216e+02 1.265384032159576577e+01
9.938755300000000261e+02 1.267627060858945676e+01
1.015094000000000051e+03 1.270286993690209520e+01
1.047678799999999910e+03 1.273948911052310251e+01
1.073826900000000023e+03 1.274834978628129534e+01
1.096801500000000033e+03 1.279987889273356494e+01
1.123986900000000105e+03 1.280019285568898901e+01
1.139486000000000104e+03 1.283862914716059400e+01
1.166976699999999937e+03 1.285786841033991301e+01
1.184748800000000074e+03 1.290091746387136062e+01
1.210093399999999974e+03 1.291954966415631922e+01
1.232948399999999992e+03 1.295896855281905147e+01
1.265252400000000080e+03 1.296228119275391855e+01
1.290523300000000063e+03 1.301311164258090791e+01
1.307732999999999947e+03 1.303322409932831327e+01
1.340705099999999902e+03 1.306011805414207139e+01
1.373352200000000039e+03 1.308279767962548412e+01
1.399844000000000051e+03 1.312273458172196250e+01
1.415052300000000059e+03 1.313738703439853417e+01
1.440742700000000013e+03 1.318188276002442372e+01
1.469842200000000048e+03 1.318589405658457103e+01
1.493452500000000100e+03 1.322708223081620105e+01
1.501806000000000040e+03 1.325496488906981440e+01
1.544377999999999929e+03 1.329402249134948200e+01
1.568305599999999913e+03 1.331267759006716744e+01
1.591131800000000112e+03 1.336017809892122798e+01
1.615834700000000112e+03 1.336831263993486729e+01
1.641576800000000048e+03 1.339740687970690125e+01
1.663630799999999908e+03 1.341360116018725890e+01
1.694542699999999968e+03 1.344470435579076018e+01
1.700127799999999979e+03 1.347603450030531391e+01
1.739747800000000097e+03 1.350691023814369984e+01
1.775661700000000110e+03 1.353240077345817127e+01
1.794298600000000079e+03 1.355986922450641075e+01
1.815347199999999930e+03 1.359734683492774288e+01
1.855339799999999968e+03 1.365289690616731022e+01
1.870507000000000062e+03 1.362764502340728612e+01
1.904864900000000034e+03 1.368519692652147235e+01
1.928856199999999944e+03 1.369676216161205140e+01
1.939550799999999981e+03 1.371670771422755841e+01
1.961399799999999914e+03 1.374795491553022586e+01
2.012153499999999894e+03 1.379106452269489047e+01
2.032438000000000102e+03 1.377055058009362831e+01
2.042468399999999974e+03 1.387033177284754792e+01
2.065418900000000122e+03 1.385775900671687388e+01
2.095415300000000116e+03 1.390606503154895179e+01
2.103316200000000208e+03 1.390671534703847101e+01
2.151961800000000039e+03 1.395510991247710209e+01
2.161697900000000118e+03 1.396021473641359734e+01
2.180762000000000171e+03 1.400174435171992826e+01
2.216672300000000178e+03 1.402469774068796937e+01
2.239079699999999775e+03 1.405311723997557394e+01
2.260166400000000067e+03 1.410772949318135439e+01
2.293349299999999857e+03 1.407439955220842620e+01
2.333210900000000038e+03 1.411046254834113611e+01
2.361939899999999852e+03 1.412179065743944584e+01
2.365312300000000050e+03 1.419239008752289699e+01
2.398546499999999924e+03 1.422663851007531122e+01
2.417981600000000071e+03 1.421983665784652828e+01
2.441170900000000074e+03 1.428651536739262973e+01
