1.022366200000000021e+02 -3.477668243628442291e+00
1.269671799999999990e+02 -3.477563773821622295e+00
1.514718000000000018e+02 -3.477665549023509328e+00
1.752562000000000069e+02 -3.477211806739312738e+00
1.996999299999999948e+02 -3.477117960753499215e+00
2.245193299999999965e+02 -3.476870164348373038e+00
2.484084699999999941e+02 -3.476377704609401764e+00
2.730198700000000258e+02 -3.476040923362205604e+00
2.983250400000000013e+02 -3.475751193416506624e+00
3.246240199999999732e+02 -3.475872057067888488e+00
3.471624499999999784e+02 -3.474725506549487974e+00
3.729202199999999721e+02 -3.474541079071206351e+00
3.966311699999999973e+02 -3.473481741538569700e+00
4.204989899999999921e+02 -3.472912072617993395e+00
4.498127799999999752e+02 -3.473063545925973106e+00
4.691932300000000282e+02 -3.471467224056050682e+00
4.956563199999999938e+02 -3.470662978298768575e+00
5.196299500000000080e+02 -3.469931217002980794e+00
5.437386400000000322e+02 -3.468058664098958577e+00
5.717450999999999794e+02 -3.468593568976096719e+00
6.017058100000000422e+02 -3.468164421170660816e+00
6.211793400000000247e+02 -3.466323945358497305e+00
6.530634599999999637e+02 -3.466208188359116260e+00
6.703506899999999860e+02 -3.463464631373630809e+00
6.983136600000000271e+02 -3.462218804109403081e+00
7.201880499999999756e+02 -3.461163002069710171e+00
7.499357899999999972e+02 -3.460120075520654925e+00
7.679905999999999722e+02 -3.456989058681480209e+00
8.014932099999999764e+02 -3.456727139989320463e+00
8.146710500000000366e+02 -3.452453688764058448e+00
8.461009800000000496e+02 -3.451620677440509155e+00
8.672893400000000383e+02 -3.449150804078628063e+00
8.935276599999999689e+02 -3.447328243188942487e+00
9.211657599999999775e+02 -3.447084579554346551e+00
9.454019799999999805e+02 -3.443341118226377340e+00
9.710131699999999455e+02 -3.442030256293280743e+00
9.929186399999999821e+02 -3.438523706231272570e+00
1.015391799999999989e+03 -3.436536345623398603e+00
1.052345100000000002e+03 -3.435633169055052782e+00
1.062640900000000101e+03 -3.431920576172522885e+00
1.098307700000000068e+03 -3.430287958459342867e+00
1.128736100000000079e+03 -3.430938805963670735e+00
1.154813499999999976e+03 -3.427815026708483259e+00
1.156605700000000070e+03 -3.420868769455971403e+00
1.202727499999999964e+03 -3.422214623636043562e+00
1.213547900000000027e+03 -3.416704361065126427e+00
1.261669699999999921e+03 -3.419360558543760753e+00
1.265674299999999903e+03 -3.414642977788602707e+00
1.296806800000000067e+03 -3.413854029498736509e+00
1.305582100000000082e+03 -3.408568324527912807e+00
1.354641200000000026e+03 -3.410038224941962515e+00
1.366420299999999997e+03 -3.405038730300944394e+00
1.387813599999999951e+03 -3.400097056816459684e+00
1.411778999999999996e+03 -3.399708578038195039e+00
1.445737300000000005e+03 -3.399985032164498211e+00
1.456772799999999961e+03 -3.395100141117723069e+00
1.505695300000000088e+03 -3.398057677030339008e+00
1.539624299999999948e+03 -3.397463336494813468e+00
1.547059099999999944e+03 -3.389831034700568679e+00
1.570433399999999892e+03 -3.388736569554754663e+00
1.587206899999999905e+03 -3.385342545900513311e+00
1.623516200000000026e+03 -3.385679355134422863e+00
1.629203700000000026e+03 -3.377925231590705124e+00
1.670160300000000007e+03 -3.382272640124964536e+00
1.696993799999999965e+03 -3.378916686820396809e+00
1.710073699999999917e+03 -3.374248996961272784e+00
1.747546199999999999e+03 -3.376819144275700069e+00
1.766530299999999897e+03 -3.373938035629913124e+00
1.804857899999999972e+03 -3.374163906457138040e+00
1.814300199999999904e+03 -3.368284910675142907e+00
1.853440399999999954e+03 -3.367684369944272227e+00
1.853752700000000004e+03 -3.365296756434425607e+00
1.878010299999999916e+03 -3.362194686296305246e+00
1.911508399999999938e+03 -3.360529352544407544e+00
1.941722800000000007e+03 -3.362299973470480818e+00
1.958324900000000071e+03 -3.358679571520934548e+00
1.975486000000000104e+03 -3.354919843405486102e+00
2.013964199999999892e+03 -3.357136204424432169e+00
2.051879899999999907e+03 -3.354776962771687909e+00
2.061480100000000220e+03 -3.352825719911046054e+00
2.093603000000000065e+03 -3.345489583604308592e+00
2.101365400000000136e+03 -3.352382131694719991e+00
2.129905999999999949e+03 -3.346268942872337782e+00
2.177239999999999782e+03 -3.350675172647142208e+00
2.199760000000000218e+03 -3.349443102467392741e+00
2.213331499999999778e+03 -3.344652093912284574e+00
2.249322200000000066e+03 -3.340332398666548741e+00
2.255206900000000132e+03 -3.340648897015627838e+00
2.307926599999999780e+03 -3.341927185072719020e+00
2.326497100000000046e+03 -3.342118065680296013e+00
2.360856400000000122e+03 -3.340807874871423611e+00
2.376532799999999952e+03 -3.340940477345800019e+00
2.410879399999999805e+03 -3.339976280761316918e+00
2.422570600000000013e+03 -3.338121576977066240e+00
2.440548600000000079e+03 -3.334475537337258100e+00
