1.023068899999999957e+02 -3.461595070518559858e+00
1.269711199999999991e+02 -3.461496555060529445e+00
1.512271599999999978e+02 -3.461477482811892603e+00
1.747227300000000128e+02 -3.460928158320486947e+00
1.997751000000000090e+02 -3.461021680281666235e+00
2.246294000000000040e+02 -3.460810587882262368e+00
2.476153600000000097e+02 -3.460210375970270036e+00
2.733869399999999814e+02 -3.460170216799703269e+00
2.971502500000000282e+02 -3.459745166438095598e+00
3.214716099999999983e+02 -3.459267303934014048e+00
3.452958100000000172e+02 -3.458503221798577165e+00
3.714356799999999907e+02 -3.458616485829834719e+00
3.994179300000000126e+02 -3.458484181400589996e+00
4.211092300000000250e+02 -3.457217043287009517e+00
4.476381900000000087e+02 -3.456523099185450754e+00
4.728997299999999768e+02 -3.456548723437656179e+00
4.964430600000000027e+02 -3.455000500182363599e+00
5.192433399999999892e+02 -3.453962453197799487e+00
5.477247700000000350e+02 -3.453360021080307707e+00
5.673474800000000187e+02 -3.451303735123246952e+00
6.007003499999999576e+02 -3.451991758214360662e+00
6.222433800000000019e+02 -3.450332991979558450e+00
6.480537799999999606e+02 -3.448535516628391306e+00
6.696988700000000563e+02 -3.447397283113804889e+00
7.023807900000000473e+02 -3.447224797519277573e+00
7.120842599999999720e+02 -3.442555645862680702e+00
7.410507700000000568e+02 -3.441104517254334194e+00
7.729904999999999973e+02 -3.442085825331949511e+00
7.933203099999999495e+02 -3.438279812850985273e+00
8.219359600000000228e+02 -3.438406665068474588e+00
8.488874100000000453e+02 -3.436510320816523745e+00
8.725876600000000280e+02 -3.434990655549520433e+00
8.944972099999999955e+02 -3.431422113230626181e+00
9.159948100000000295e+02 -3.428937843022558329e+00
9.440586299999999937e+02 -3.426978976968051427e+00
9.679300799999999754e+02 -3.424521685514027691e+00
1.007903000000000020e+03 -3.424970940141254250e+00
1.017610699999999952e+03 -3.420716682145998000e+00
1.041202900000000000e+03 -3.416762865606205679e+00
1.065843399999999974e+03 -3.415703299940508586e+00
1.097759600000000091e+03 -3.414539913198542997e+00
1.113025599999999940e+03 -3.410965309800413792e+00
1.155868500000000040e+03 -3.404272072153247120e+00
1.157724099999999908e+03 -3.412765418985213461e+00
1.198311400000000049e+03 -3.405405052025892054e+00
1.215548099999999977e+03 -3.403420821608073243e+00
1.241110699999999952e+03 -3.399339561840064139e+00
1.255471199999999953e+03 -3.395209323783407562e+00
1.297560600000000022e+03 -3.396766335146259141e+00
1.312310899999999947e+03 -3.392749742157864734e+00
1.353636999999999944e+03 -3.393967302335035185e+00
1.360040600000000040e+03 -3.387407311615026728e+00
1.399969800000000077e+03 -3.387671388319306143e+00
1.413509600000000091e+03 -3.385113534164051252e+00
1.452707200000000057e+03 -3.384953488897695983e+00
1.473235899999999901e+03 -3.383787739360422542e+00
1.502293200000000070e+03 -3.380870767709888813e+00
1.517435699999999997e+03 -3.378395623221459143e+00
1.541664899999999989e+03 -3.374558804238216414e+00
1.566115600000000086e+03 -3.372155036138611006e+00
1.593463199999999915e+03 -3.370800957998641767e+00
1.609565200000000004e+03 -3.367871746530004984e+00
1.652637500000000045e+03 -3.368558187866551812e+00
1.659133299999999963e+03 -3.363615610943907264e+00
1.689605499999999893e+03 -3.360488243659736529e+00
1.713223500000000058e+03 -3.360807787346785869e+00
1.753996699999999919e+03 -3.362782320272539316e+00
1.770324599999999919e+03 -3.360663136784340033e+00
1.782921100000000024e+03 -3.353917038547755247e+00
1.820291899999999941e+03 -3.355008574012920963e+00
1.850273400000000038e+03 -3.356339584064564008e+00
1.858826499999999896e+03 -3.351854618343254710e+00
1.883901399999999967e+03 -3.348400077112960282e+00
1.918400900000000092e+03 -3.347856438143182345e+00
1.943681900000000041e+03 -3.348688538338349119e+00
1.981133700000000090e+03 -3.348421052589052316e+00
2.004947699999999941e+03 -3.343739973688951927e+00
2.027942600000000084e+03 -3.344239314955936404e+00
2.041195999999999913e+03 -3.340513486239147234e+00
2.067288700000000063e+03 -3.337353157555338790e+00
2.100114000000000033e+03 -3.340830653261423144e+00
2.111803499999999985e+03 -3.336252072175293293e+00
2.157975899999999911e+03 -3.332661231358548193e+00
2.159519999999999982e+03 -3.336999349462756115e+00
2.190637000000000171e+03 -3.330732396556800090e+00
2.216522599999999784e+03 -3.330563561984205556e+00
2.239066899999999805e+03 -3.325833601234947423e+00
2.281263500000000022e+03 -3.331950638164895118e+00
2.294363199999999779e+03 -3.327295903352503803e+00
2.305354800000000068e+03 -3.322789598148404355e+00
2.354998300000000199e+03 -3.324051631942887219e+00
2.368671499999999924e+03 -3.327651407026171348e+00
2.379473199999999906e+03 -3.320586238893388220e+00
2.414600300000000061e+03 -3.320659609892506303e+00
2.441225899999999911e+03 -3.314554968308220051e+00
