1.003802299999999974e+02 -4.413907340642279742e+00
1.261549799999999948e+02 -4.412518570896372339e+00
1.486702500000000100e+02 -4.412737089437909432e+00
1.775463900000000024e+02 -4.411320963946144147e+00
2.010585599999999999e+02 -4.410779696405276340e+00
2.230838400000000092e+02 -4.408150750999682899e+00
2.491534599999999955e+02 -4.408249873954413367e+00
2.727219499999999925e+02 -4.404878163201695784e+00
2.986027500000000146e+02 -4.404928268885584863e+00
3.228453799999999774e+02 -4.400575025630947934e+00
3.524784099999999967e+02 -4.400676574122687867e+00
3.705289900000000216e+02 -4.397084154361030173e+00
3.973475199999999745e+02 -4.397310988859953973e+00
4.205460899999999924e+02 -4.393309553200436035e+00
4.525037699999999745e+02 -4.394048656605593628e+00
4.697318700000000149e+02 -4.390114411343180478e+00
5.001937500000000227e+02 -4.389745011183417311e+00
5.211357900000000427e+02 -4.389075900475792658e+00
5.514447699999999486e+02 -4.389144735699491484e+00
5.666841299999999819e+02 -4.386575864911690381e+00
5.988638799999999947e+02 -4.386895276265771138e+00
6.122935199999999440e+02 -4.383274850335276085e+00
6.523307800000000043e+02 -4.385205830744887123e+00
6.632057600000000548e+02 -4.382502371046292922e+00
7.020083899999999630e+02 -4.384828962319658352e+00
7.136453500000000076e+02 -4.381320505090487316e+00
7.502404199999999719e+02 -4.382918195426082519e+00
7.667667500000000018e+02 -4.381000981730785782e+00
8.017312500000000455e+02 -4.380672150488568839e+00
8.133390500000000429e+02 -4.379158139349687673e+00
8.489419400000000451e+02 -4.380204094275979898e+00
8.707735400000000254e+02 -4.379925088911492459e+00
9.086819900000000416e+02 -4.381739120557085698e+00
9.112109100000000126e+02 -4.376765479668565995e+00
9.465750199999999950e+02 -4.378313566395599210e+00
9.658683600000000524e+02 -4.378018915778446818e+00
1.009005999999999972e+03 -4.379792318009999796e+00
1.014683999999999969e+03 -4.377573902581695542e+00
1.048217499999999973e+03 -4.377762672602294458e+00
1.062138699999999972e+03 -4.376358221522664849e+00
1.106765000000000100e+03 -4.379061200273882015e+00
1.115788700000000063e+03 -4.377632455389549371e+00
1.159295299999999997e+03 -4.380071768299533375e+00
1.163389300000000048e+03 -4.376584860795581733e+00
1.209506900000000087e+03 -4.375630117691933663e+00
1.212364299999999957e+03 -4.377910029658823809e+00
1.227509299999999939e+03 -4.373397316530211576e+00
1.271135500000000093e+03 -4.378513487765908430e+00
1.304829400000000078e+03 -4.377310282491044369e+00
1.321286100000000033e+03 -4.379119826857659881e+00
1.345322200000000066e+03 -4.377113506975734758e+00
1.366275499999999965e+03 -4.376637058881503783e+00
1.386976100000000088e+03 -4.376067601145368968e+00
1.414040600000000040e+03 -4.376564364107905725e+00
1.453417200000000093e+03 -4.378242421709047427e+00
1.461109899999999925e+03 -4.377728390001085046e+00
1.505788099999999986e+03 -4.379128380480662663e+00
1.508712099999999964e+03 -4.376460010178804261e+00
1.555993199999999888e+03 -4.379373020183661147e+00
1.568667200000000093e+03 -4.379705221029968953e+00
1.605012799999999970e+03 -4.376486332102216714e+00
1.615701199999999972e+03 -4.382163245534290930e+00
1.643059299999999894e+03 -4.377826994818967421e+00
1.656999399999999923e+03 -4.378677938619678578e+00
1.692385999999999967e+03 -4.377619128285029859e+00
1.710345499999999902e+03 -4.379224005192384084e+00
1.743037199999999984e+03 -4.378833968541333554e+00
1.751642000000000053e+03 -4.375326595858855860e+00
1.785834000000000060e+03 -4.378760758984290291e+00
1.817540500000000065e+03 -4.381856563833364859e+00
1.856665099999999939e+03 -4.380020766906752350e+00
1.859309700000000021e+03 -4.382265104062123662e+00
1.904233199999999897e+03 -4.379259702229298057e+00
1.906658899999999903e+03 -4.381356059187295315e+00
1.931065900000000056e+03 -4.380548667286902287e+00
1.952870499999999993e+03 -4.380697955648356512e+00
1.989126600000000053e+03 -4.382675805028359406e+00
2.002300899999999956e+03 -4.381170978638548874e+00
2.049230500000000120e+03 -4.383102369862214687e+00
2.061385200000000168e+03 -4.383362147088148753e+00
2.081830399999999827e+03 -4.381614053963632571e+00
2.102085099999999784e+03 -4.384203798080391401e+00
2.146109100000000126e+03 -4.383960056653128490e+00
2.148239399999999932e+03 -4.382973889695874092e+00
2.192689499999999953e+03 -4.386437901810669615e+00
2.202497400000000198e+03 -4.386153878876059231e+00
2.258381899999999860e+03 -4.390317804789597211e+00
2.274567599999999857e+03 -4.390502690220165150e+00
2.290680299999999988e+03 -4.386358404491188523e+00
2.329219399999999951e+03 -4.392624399053032036e+00
2.345197400000000016e+03 -4.389605935919262514e+00
2.369561700000000201e+03 -4.394290303916087659e+00
2.394183300000000145e+03 -4.385616245059446250e+00
2.412291099999999915e+03 -4.388322354831202254e+00
2.447091699999999946e+03 -4.392346124697780851e+00
