1.002554099999999977e+02 -3.304951807379584938e+00
1.278598000000000070e+02 -3.304750263559516732e+00
1.490088199999999858e+02 -3.304331536938724501e+00
1.749185699999999883e+02 -3.303366126570436379e+00
1.997693700000000092e+02 -3.303411863933074066e+00
2.245272500000000093e+02 -3.302026343721024659e+00
2.511158299999999883e+02 -3.301592825806646481e+00
2.737747200000000021e+02 -3.300049215904442335e+00
2.972475099999999770e+02 -3.298870249021957690e+00
3.234514100000000099e+02 -3.296899160322761091e+00
3.518379600000000096e+02 -3.296675059596124058e+00
3.729431700000000092e+02 -3.293211015766867256e+00
3.974765600000000063e+02 -3.291917521482933928e+00
4.193704299999999989e+02 -3.287318566931523911e+00
4.464497099999999818e+02 -3.286822102171867321e+00
4.734035900000000083e+02 -3.281791132713973269e+00
5.002670600000000150e+02 -3.280436363033695457e+00
5.219061100000000124e+02 -3.275407600014893728e+00
5.555805000000000291e+02 -3.275273389282431058e+00
5.671297399999999698e+02 -3.267657428714931367e+00
5.976537399999999707e+02 -3.267111639206174534e+00
6.198960799999999836e+02 -3.263089133798628527e+00
6.525198799999999437e+02 -3.261924419688907673e+00
6.700812799999999925e+02 -3.258768482405467903e+00
6.918751800000000003e+02 -3.256359285084255095e+00
7.242415099999999484e+02 -3.254138034278558855e+00
7.452751700000000028e+02 -3.250130152417592289e+00
7.637297200000000430e+02 -3.247986813798854566e+00
8.047160999999999831e+02 -3.247915552238581416e+00
8.202548600000000079e+02 -3.245360882637201350e+00
8.475487799999999652e+02 -3.245077854891240232e+00
8.703779799999999796e+02 -3.241284817377958039e+00
8.995687500000000227e+02 -3.239573630656493730e+00
9.193010399999999436e+02 -3.238206776506664664e+00
9.496346099999999524e+02 -3.235958541093973739e+00
9.634053699999999480e+02 -3.233253189323403110e+00
9.963904700000000503e+02 -3.232781308540256138e+00
1.026740199999999959e+03 -3.232308520909029870e+00
1.055457699999999932e+03 -3.224954172339152603e+00
1.056922299999999950e+03 -3.231270415090037762e+00
1.103862499999999955e+03 -3.226500648802634430e+00
1.129440499999999929e+03 -3.228556944432145581e+00
1.144362399999999980e+03 -3.224264898683014025e+00
1.173720399999999927e+03 -3.224354220858999920e+00
1.204145199999999932e+03 -3.223341609704681865e+00
1.216884399999999914e+03 -3.220085384143906992e+00
1.237288399999999911e+03 -3.216895895036795405e+00
1.264978900000000067e+03 -3.218499993192470043e+00
1.300214999999999918e+03 -3.218136450250229430e+00
1.319579199999999901e+03 -3.216910036937179918e+00
1.349188300000000027e+03 -3.215342972831336521e+00
1.360619799999999941e+03 -3.214830708060139930e+00
1.393286900000000060e+03 -3.213425763071108499e+00
1.418957799999999907e+03 -3.214134662621294325e+00
1.450701600000000099e+03 -3.212780513275390604e+00
1.461064399999999978e+03 -3.210903987410357985e+00
1.501856099999999969e+03 -3.211538401672115572e+00
1.523620300000000043e+03 -3.211674548902726301e+00
1.562898300000000063e+03 -3.208558339726002018e+00
1.570148999999999887e+03 -3.212960878774336226e+00
1.610604599999999891e+03 -3.206913197899930790e+00
1.611410100000000057e+03 -3.205677460518708610e+00
1.635719200000000001e+03 -3.204728995220424537e+00
1.665655700000000024e+03 -3.206530511098633518e+00
1.696869799999999941e+03 -3.204832727237493906e+00
1.713421499999999924e+03 -3.204866454443459300e+00
1.747227399999999989e+03 -3.201980774536201668e+00
1.750933899999999994e+03 -3.202016527937753487e+00
1.792794799999999896e+03 -3.204412442262237093e+00
1.815890400000000000e+03 -3.205052308647705406e+00
1.851717300000000023e+03 -3.204041580684352297e+00
1.862679799999999886e+03 -3.201642957110232945e+00
1.875767299999999977e+03 -3.197877394835717091e+00
1.924966799999999921e+03 -3.204781413549610658e+00
1.967436899999999923e+03 -3.201539631962070587e+00
1.979483999999999924e+03 -3.204405115751312039e+00
1.984405400000000100e+03 -3.200979909370524013e+00
2.007999299999999948e+03 -3.201161429526056867e+00
2.051752800000000207e+03 -3.204740186714987171e+00
2.068316499999999905e+03 -3.203215037735272830e+00
2.103231800000000021e+03 -3.196071075345285450e+00
2.117898799999999937e+03 -3.202418862568071845e+00
2.132746099999999842e+03 -3.199497873183657859e+00
2.162695099999999911e+03 -3.200673727827165305e+00
2.206588699999999790e+03 -3.197427417272280969e+00
2.216984899999999925e+03 -3.201573977427532469e+00
2.251852300000000014e+03 -3.198319779298039567e+00
2.263966300000000047e+03 -3.200602008506807206e+00
2.312527700000000095e+03 -3.198744943134710361e+00
2.317077299999999923e+03 -3.200070708406529629e+00
2.355799700000000030e+03 -3.199524075419779123e+00
2.367371200000000044e+03 -3.199780702397780452e+00
2.392731400000000122e+03 -3.196772499840735193e+00
2.422003999999999905e+03 -3.201348802018771700e+00
2.448328899999999976e+03 -3.197564296487875879e+00
