9.897500100000000600e+01 -4.562465900985358758e+00
9.951846500000000617e+01 -4.562621408443972904e+00
1.271584100000000035e+02 -4.562425596091656210e+00
1.490064299999999946e+02 -4.561845472302276328e+00
1.500274799999999971e+02 -4.562286820580905733e+00
1.768119199999999864e+02 -4.561930447672463806e+00
2.003343800000000101e+02 -4.561500073560161184e+00
2.015375200000000007e+02 -4.561556325975304915e+00
2.255152199999999993e+02 -4.560976441199125375e+00
2.504102800000000002e+02 -4.560098550431075815e+00
2.505560000000000116e+02 -4.560599431803630033e+00
2.753870600000000195e+02 -4.559760257312389875e+00
2.986034300000000030e+02 -4.558029859293410979e+00
2.999657300000000077e+02 -4.559063498323471464e+00
3.243301700000000096e+02 -4.557382189099691949e+00
3.497689399999999864e+02 -4.555427373965839521e+00
3.517392399999999952e+02 -4.556883102524548868e+00
3.739449900000000184e+02 -4.553483796127145489e+00
3.991777799999999843e+02 -4.550863019888002015e+00
4.028921799999999962e+02 -4.552664554656472795e+00
4.223345899999999915e+02 -4.545888392752166496e+00
4.494546700000000214e+02 -4.544873114725497487e+00
4.511502300000000218e+02 -4.543820203032243654e+00
4.717286700000000224e+02 -4.534634084105085172e+00
5.010771300000000110e+02 -4.534927992718419176e+00
5.066230400000000031e+02 -4.534625358155766506e+00
5.193050899999999501e+02 -4.522927684052332253e+00
5.500650000000000546e+02 -4.522243360298126014e+00
5.550555000000000518e+02 -4.522919062625748055e+00
5.708958900000000085e+02 -4.512869451597628867e+00
6.020500200000000177e+02 -4.510736512353724414e+00
6.023901799999999866e+02 -4.511831574442818571e+00
6.223263600000000224e+02 -4.504334496882430372e+00
6.461172800000000507e+02 -4.502435310084942799e+00
6.519210500000000366e+02 -4.503372093419616640e+00
6.725857499999999618e+02 -4.495007124409630350e+00
7.009216000000000122e+02 -4.495684378356011202e+00
7.068549100000000180e+02 -4.494775452313698239e+00
7.243221399999999903e+02 -4.489873716923230340e+00
7.498429999999999609e+02 -4.488024135494122824e+00
7.505834999999999582e+02 -4.488460277404506371e+00
7.699909300000000485e+02 -4.482871948109849569e+00
7.972306300000000192e+02 -4.480305923157960279e+00
7.980314499999999498e+02 -4.481752366907024054e+00
8.189326399999999921e+02 -4.476379483774285184e+00
8.456267500000000155e+02 -4.476581633380823710e+00
8.533136799999999766e+02 -4.475781151739018249e+00
8.664894699999999830e+02 -4.472643441665387520e+00
8.948744599999999991e+02 -4.470615507971323233e+00
9.069151699999999892e+02 -4.473190565138924768e+00
9.216099900000000389e+02 -4.468977408826858344e+00
9.451117900000000418e+02 -4.465049784472800098e+00
9.459537400000000389e+02 -4.466853950500493831e+00
9.541432600000000548e+02 -4.461487235139370178e+00
9.990239400000000387e+02 -4.464699951352959495e+00
1.004979900000000043e+03 -4.464121631448096039e+00
1.007447700000000054e+03 -4.460176205698984653e+00
1.048588899999999967e+03 -4.460561923208323343e+00
1.054241400000000112e+03 -4.461871415827652676e+00
1.063744899999999916e+03 -4.458612047692461111e+00
1.102218200000000024e+03 -4.457964532560230175e+00
1.104121599999999944e+03 -4.461443674461881059e+00
1.116859200000000101e+03 -4.456995807913257224e+00
1.146907699999999977e+03 -4.456035315269390118e+00
1.148556100000000015e+03 -4.455458660790053038e+00
1.161583399999999983e+03 -4.455810244756033711e+00
1.198941900000000032e+03 -4.454405520841543620e+00
1.199815000000000055e+03 -4.456047070112458819e+00
1.213684999999999945e+03 -4.454861318494335087e+00
1.247605900000000020e+03 -4.453174257039343331e+00
1.249820699999999988e+03 -4.454493264955372567e+00
1.267116099999999960e+03 -4.454327181363925803e+00
1.294163600000000088e+03 -4.451890229317034375e+00
1.294848799999999983e+03 -4.451860314441401734e+00
1.317019099999999980e+03 -4.451856077179008331e+00
1.340379100000000108e+03 -4.449217817498515970e+00
1.359013599999999997e+03 -4.450771111485296139e+00
1.362841899999999896e+03 -4.454094916829147266e+00
1.391686699999999973e+03 -4.451183410674949492e+00
1.401047100000000000e+03 -4.450396767453338676e+00
1.414543799999999919e+03 -4.452057824010829279e+00
1.446141499999999951e+03 -4.450384305069053248e+00
1.450463500000000067e+03 -4.451041216961670877e+00
1.463702500000000100e+03 -4.451363517786972146e+00
1.488489399999999932e+03 -4.450206088057975684e+00
1.497044200000000046e+03 -4.450177851256702510e+00
1.504421700000000101e+03 -4.449162478587976643e+00
1.552637099999999919e+03 -4.449228177824820385e+00
1.558184400000000096e+03 -4.450171373803702757e+00
1.568203700000000026e+03 -4.453261867640382121e+00
1.587352599999999939e+03 -4.451848866841118024e+00
1.593560400000000072e+03 -4.450638522527039065e+00
1.607899699999999939e+03 -4.450524124833452611e+00
1.649858699999999999e+03 -4.452318339102062872e+00
1.652178100000000086e+03 -4.450051626140731464e+00
1.673291899999999941e+03 -4.456098504401929894e+00
1.691233999999999924e+03 -4.451941504678988082e+00
1.703111499999999978e+03 -4.452525610416149249e+00
1.715251600000000053e+03 -4.453409386506042011e+00
1.735218100000000049e+03 -4.453589290359055930e+00
1.745943500000000085e+03 -4.451489487733239159e+00
1.762336600000000089e+03 -4.452982569879479158e+00
1.783707300000000032e+03 -4.452547927852785747e+00
1.805562400000000025e+03 -4.454215410895658422e+00
1.819836000000000013e+03 -4.456772151790275416e+00
1.850420399999999972e+03 -4.454224879387584046e+00
1.851301799999999957e+03 -4.455024538143335100e+00
1.863235200000000077e+03 -4.456682529297694373e+00
1.895722199999999930e+03 -4.455777635905008083e+00
1.896773200000000088e+03 -4.453534227363765474e+00
1.915924400000000105e+03 -4.458854316580605825e+00
1.949801400000000058e+03 -4.457253758737473426e+00
1.955599699999999984e+03 -4.459963349421533607e+00
1.965201199999999972e+03 -4.460673138749127631e+00
2.003427699999999959e+03 -4.459813439059268525e+00
2.004076999999999998e+03 -4.461367261841189702e+00
2.015341499999999996e+03 -4.462489770510201126e+00
2.051261899999999969e+03 -4.463077252424164421e+00
2.057458000000000084e+03 -4.459665684770524052e+00
2.059701300000000174e+03 -4.461580651995920022e+00
2.089520599999999831e+03 -4.460036176281562348e+00
2.099547000000000025e+03 -4.459686820284948006e+00
2.106893999999999778e+03 -4.461456052073061507e+00
2.140950800000000072e+03 -4.463184848081885647e+00
2.152909799999999905e+03 -4.463253029501419888e+00
2.157899699999999939e+03 -4.465088356892143118e+00
2.190677599999999984e+03 -4.462222232990242787e+00
2.192318600000000060e+03 -4.462833925996856799e+00
2.205415899999999965e+03 -4.464266907801613726e+00
2.230613199999999779e+03 -4.464537628378259626e+00
2.234141200000000026e+03 -4.463554052585052112e+00
2.255733299999999872e+03 -4.468039358040647002e+00
2.278832199999999830e+03 -4.463418170356795223e+00
2.306408300000000054e+03 -4.469652117812083603e+00
2.321975399999999809e+03 -4.472385611221000090e+00
2.346403600000000097e+03 -4.468181450807730215e+00
2.349584400000000187e+03 -4.470021306399369898e+00
2.365544400000000223e+03 -4.473437330961583136e+00
2.391545399999999972e+03 -4.471238030380299655e+00
2.393485900000000129e+03 -4.472176285047757105e+00
2.402034400000000005e+03 -4.472217048514675497e+00
2.461263199999999870e+03 -4.473743812456075553e+00
