1.228098600000000005e+02 -3.443413306349312641e+00
1.319874599999999987e+02 -3.443038900905109223e+00
1.703068600000000004e+02 -3.442585926853814815e+00
1.707978599999999858e+02 -3.442834730676660904e+00
1.816350099999999941e+02 -3.442704688808826408e+00
2.184731299999999976e+02 -3.441515934981069780e+00
2.203222100000000125e+02 -3.442106670148838976e+00
2.305611499999999978e+02 -3.441788038520396054e+00
2.683176100000000019e+02 -3.440582215950136469e+00
2.686178100000000200e+02 -3.440768056885519677e+00
2.772461200000000190e+02 -3.440067698297574417e+00
3.171273800000000165e+02 -3.439110140767675627e+00
3.190882799999999975e+02 -3.439721031341825164e+00
3.283085399999999936e+02 -3.439021607135282377e+00
3.649220300000000066e+02 -3.436960208400070105e+00
3.668899499999999989e+02 -3.437558665870283026e+00
3.738373500000000149e+02 -3.436209378366346545e+00
4.161195999999999913e+02 -3.435441779590412192e+00
4.162395200000000273e+02 -3.435379152150739301e+00
4.237269099999999753e+02 -3.434392646203467070e+00
4.668662699999999859e+02 -3.433252743852545308e+00
4.682572799999999802e+02 -3.433710505579463224e+00
4.744954399999999737e+02 -3.432035742476126305e+00
5.150552400000000262e+02 -3.430194166890995433e+00
5.161533299999999826e+02 -3.430387774307508852e+00
5.174137799999999743e+02 -3.427687470628090871e+00
5.595020899999999529e+02 -3.425833962060540916e+00
5.635705600000000004e+02 -3.426945990875491788e+00
5.724963699999999562e+02 -3.425953368339468064e+00
6.143189200000000483e+02 -3.423706404859391927e+00
6.160168899999999894e+02 -3.424231207589309101e+00
6.255501900000000433e+02 -3.423375126494160092e+00
6.591457500000000209e+02 -3.418396600142257657e+00
6.635067599999999857e+02 -3.419586139131411517e+00
6.684787999999999784e+02 -3.417518213085442902e+00
7.095192299999999932e+02 -3.414606914756252554e+00
7.142252899999999727e+02 -3.415889726872492371e+00
7.229301600000000008e+02 -3.414750530403911633e+00
7.580336800000000039e+02 -3.410549079674142892e+00
7.601512999999999920e+02 -3.411148684145056897e+00
7.774825399999999718e+02 -3.411797585426790569e+00
8.139727199999999812e+02 -3.407888717313181992e+00
8.155009199999999510e+02 -3.408198808809985714e+00
8.186705799999999726e+02 -3.405804764746302116e+00
8.670407500000000027e+02 -3.404490314311579446e+00
8.674960600000000568e+02 -3.404706229845053223e+00
8.704755099999999857e+02 -3.401968284437546508e+00
9.111954299999999876e+02 -3.398726621277219806e+00
9.176749999999999545e+02 -3.400479573795259114e+00
9.218140499999999520e+02 -3.398329673899590730e+00
9.555710500000000138e+02 -3.393139982533650567e+00
9.579333599999999933e+02 -3.393783711328417052e+00
9.693348499999999603e+02 -3.393095206795268215e+00
1.010605500000000006e+03 -3.390459179041246163e+00
1.012565100000000029e+03 -3.391024343757303772e+00
1.018683099999999968e+03 -3.389048518937118004e+00
1.056451399999999921e+03 -3.386228008412945911e+00
1.060008000000000038e+03 -3.387189796979141576e+00
1.069181199999999990e+03 -3.386574227586927055e+00
1.100816800000000057e+03 -3.381797998916892034e+00
1.107256800000000112e+03 -3.383432539428837149e+00
1.127822899999999890e+03 -3.385101768937137656e+00
1.157266599999999926e+03 -3.378044662919029495e+00
1.159845900000000029e+03 -3.378664699632139445e+00
1.160154999999999973e+03 -3.375120091547368251e+00
1.209602399999999989e+03 -3.374382416764574621e+00
1.209800400000000081e+03 -3.374494869735459091e+00
1.224095800000000054e+03 -3.374778394338853182e+00
1.251977699999999913e+03 -3.371332594007064198e+00
1.256325199999999995e+03 -3.372478440921455878e+00
1.269138200000000097e+03 -3.372580699788422010e+00
1.304010299999999916e+03 -3.368127431744227795e+00
1.306177799999999934e+03 -3.368711486246211972e+00
1.315257900000000063e+03 -3.367591286875586842e+00
1.354995300000000043e+03 -3.364422408812021814e+00
1.363956300000000056e+03 -3.363094033194690358e+00
1.365800300000000107e+03 -3.367264108449935289e+00
1.404442399999999907e+03 -3.361375069662752679e+00
1.408790799999999990e+03 -3.362530105076530162e+00
1.418599999999999909e+03 -3.361069845858753791e+00
1.451984300000000076e+03 -3.358008463190508941e+00
1.459133299999999963e+03 -3.356678777525750945e+00
1.459245499999999993e+03 -3.359847514784596978e+00
1.501077099999999973e+03 -3.351207053335913510e+00
1.509740000000000009e+03 -3.357230780448465346e+00
1.519254500000000007e+03 -3.359763285138726019e+00
1.552043200000000070e+03 -3.352657586062752326e+00
1.553504799999999932e+03 -3.353048770738136231e+00
1.568389300000000048e+03 -3.352673119849394645e+00
1.591394500000000107e+03 -3.348219394174718921e+00
1.607969200000000001e+03 -3.352494514112456692e+00
1.607984699999999975e+03 -3.349660336762334545e+00
1.638902499999999918e+03 -3.345335169816904930e+00
1.650719399999999951e+03 -3.344923454555945863e+00
1.652871900000000096e+03 -3.348952593197011662e+00
1.697515499999999975e+03 -3.346064125352220309e+00
1.706587800000000016e+03 -3.348432750153213178e+00
1.713704500000000053e+03 -3.346545558993134772e+00
1.738324399999999969e+03 -3.341327044776400967e+00
1.749988499999999931e+03 -3.344296548210696329e+00
1.753170800000000099e+03 -3.341496042549022771e+00
1.790801400000000058e+03 -3.341129858522980278e+00
1.792976000000000113e+03 -3.341723483098040681e+00
1.807794799999999896e+03 -3.341666538475092096e+00
1.844296700000000101e+03 -3.338932692887317977e+00
1.853353100000000040e+03 -3.341270288841948322e+00
1.865574399999999969e+03 -3.340481132465936476e+00
1.895121699999999919e+03 -3.336912339743415057e+00
1.899207000000000107e+03 -3.337956513057227070e+00
1.918864600000000110e+03 -3.339322283700825178e+00
1.952929699999999912e+03 -3.336929319461123811e+00
1.953592000000000098e+03 -3.333351911102818921e+00
1.963634900000000016e+03 -3.339753564018713927e+00
1.996172199999999975e+03 -3.331952759054308544e+00
2.008206500000000005e+03 -3.331221101099929527e+00
2.008717699999999923e+03 -3.335207368018220819e+00
2.032275499999999965e+03 -3.328931916687880133e+00
2.045577199999999948e+03 -3.332295157018823506e+00
2.048630299999999806e+03 -3.329979671101902738e+00
2.107032099999999900e+03 -3.332132400934859184e+00
2.108759100000000217e+03 -3.332519888632072380e+00
2.123236699999999928e+03 -3.331591865043855183e+00
2.137867900000000191e+03 -3.328249652291555005e+00
2.150586600000000089e+03 -3.331543999248505639e+00
2.157388100000000122e+03 -3.328932589049096613e+00
2.188006499999999960e+03 -3.323883165961007524e+00
2.201288000000000011e+03 -3.327323720318428713e+00
2.217750500000000102e+03 -3.328213636479917525e+00
2.240902500000000146e+03 -3.325168358169446226e+00
2.246183100000000195e+03 -3.326554463188210242e+00
2.265970899999999801e+03 -3.327278338473034225e+00
2.296667199999999866e+03 -3.321674252538939776e+00
2.302337100000000191e+03 -3.323144258059682610e+00
2.314448600000000170e+03 -3.325398413734808489e+00
2.332884900000000016e+03 -3.316256921345114073e+00
2.348103099999999813e+03 -3.323811422124196557e+00
2.348125799999999799e+03 -3.323824058285137717e+00
2.390642199999999775e+03 -3.319899863918214233e+00
2.396170700000000124e+03 -3.321352294980286501e+00
2.434819300000000112e+03 -3.326770656092154166e+00
2.462050900000000183e+03 -3.319354684493137420e+00
2.471109199999999873e+03 -3.321788588855216329e+00
