9.983713600000000099e+01 -2.809398631461719198e+00
1.271927600000000069e+02 -2.809074360231804679e+00
1.506916899999999941e+02 -2.809079944668534612e+00
1.744662500000000023e+02 -2.808155054843976650e+00
1.981837299999999971e+02 -2.808190983708100497e+00
2.247432799999999986e+02 -2.807723144351767175e+00
2.505409500000000094e+02 -2.807403346900289698e+00
2.724752300000000105e+02 -2.806117912616928667e+00
3.008240200000000186e+02 -2.806450099435601420e+00
3.231332400000000007e+02 -2.805053320639894654e+00
3.473083100000000059e+02 -2.804346004819083138e+00
3.756240000000000236e+02 -2.803860760213949810e+00
4.020661200000000122e+02 -2.802985349349538691e+00
4.217805399999999736e+02 -2.800188575225039944e+00
4.535970899999999801e+02 -2.799628370593111981e+00
4.716830800000000181e+02 -2.796187685929227396e+00
5.073926700000000096e+02 -2.796881975998402936e+00
5.210401900000000524e+02 -2.791761444470354903e+00
5.501531199999999444e+02 -2.791363841052152406e+00
5.693754300000000512e+02 -2.786463762836085767e+00
6.009085300000000416e+02 -2.786104298647615440e+00
6.182428499999999758e+02 -2.780489086746692262e+00
6.530676200000000335e+02 -2.781638126004258194e+00
6.713954999999999700e+02 -2.775520864198059101e+00
7.093299600000000282e+02 -2.776120217544694402e+00
7.209725799999999936e+02 -2.770250715905397509e+00
7.493247900000000072e+02 -2.768567198219781034e+00
7.699837899999999991e+02 -2.765665593830722191e+00
7.931778699999999844e+02 -2.763748942867656933e+00
8.127862999999999829e+02 -2.759363451303694426e+00
8.466705899999999474e+02 -2.758438755274036591e+00
8.638836900000000014e+02 -2.754855965003544238e+00
9.126541499999999587e+02 -2.758217509206838614e+00
9.154747399999999971e+02 -2.751164222987894981e+00
9.590160300000000007e+02 -2.751251421112081541e+00
9.623795199999999568e+02 -2.745684760540010316e+00
9.999325700000000552e+02 -2.746734870652037586e+00
1.019339899999999943e+03 -2.743038485788313441e+00
1.050020999999999958e+03 -2.742470211853739404e+00
1.068151399999999967e+03 -2.737799353265607749e+00
1.086516499999999951e+03 -2.736312210211985452e+00
1.111428400000000011e+03 -2.732295684928158330e+00
1.156759000000000015e+03 -2.733644610612977477e+00
1.174953199999999924e+03 -2.733038230532959467e+00
1.202782799999999952e+03 -2.728505074885728909e+00
1.231194999999999936e+03 -2.729746388015844794e+00
1.259617899999999963e+03 -2.728085623018329908e+00
1.273970600000000104e+03 -2.725562873900235772e+00
1.302507100000000037e+03 -2.722817035486142068e+00
1.312536399999999958e+03 -2.719966342895614453e+00
1.341177100000000110e+03 -2.717432207165461744e+00
1.356991299999999910e+03 -2.715410478462455757e+00
1.399724300000000085e+03 -2.715411249587202924e+00
1.415063300000000027e+03 -2.712326055492319199e+00
1.436169100000000071e+03 -2.708732711716777430e+00
1.459192900000000009e+03 -2.709263949204043342e+00
1.504943800000000010e+03 -2.704305949695278155e+00
1.511237599999999929e+03 -2.712317614197585325e+00
1.554649899999999889e+03 -2.705552770540522012e+00
1.571044499999999971e+03 -2.705667296847655390e+00
1.609438900000000103e+03 -2.699220786896395996e+00
1.614363800000000083e+03 -2.701409807134597774e+00
1.649538800000000037e+03 -2.699352013506845616e+00
1.661487300000000005e+03 -2.697733682380627496e+00
1.689177799999999934e+03 -2.697729394621382060e+00
1.711694799999999987e+03 -2.695175665511256202e+00
1.737953800000000001e+03 -2.692489124536065592e+00
1.777176300000000083e+03 -2.696656755983935838e+00
1.796875399999999900e+03 -2.691101187220854563e+00
1.809783100000000104e+03 -2.685729403599979470e+00
1.850841799999999921e+03 -2.684520009378030370e+00
1.859530099999999948e+03 -2.683051218833580442e+00
1.915140799999999899e+03 -2.687547119985042254e+00
1.921780799999999999e+03 -2.684834728207670107e+00
1.950645800000000008e+03 -2.680893282340043093e+00
1.971703800000000001e+03 -2.681790023812342216e+00
2.014837600000000066e+03 -2.678179011792741093e+00
2.017022799999999961e+03 -2.678813133650137068e+00
2.053495600000000195e+03 -2.677267877487987668e+00
2.061965499999999793e+03 -2.673924643292908243e+00
2.105033300000000054e+03 -2.674073487339121868e+00
2.116981000000000222e+03 -2.670372006185089298e+00
2.123219000000000051e+03 -2.668126267462511692e+00
2.164978799999999865e+03 -2.664569829262990464e+00
2.192868800000000192e+03 -2.659902685124430732e+00
2.212405400000000100e+03 -2.666194685544974963e+00
2.240030400000000100e+03 -2.662209542484590408e+00
2.267067900000000009e+03 -2.664991509411212434e+00
2.307518999999999778e+03 -2.663550084289420639e+00
2.324975500000000011e+03 -2.661317364111206896e+00
2.359242000000000189e+03 -2.653420644490724456e+00
2.378663799999999810e+03 -2.655657575008088411e+00
2.417656199999999899e+03 -2.657602226215209917e+00
2.419881400000000212e+03 -2.652176009039940663e+00
2.453546699999999873e+03 -2.655838094809703342e+00
