1.218007400000000047e+02 2.325901180541420743e+01
1.322699900000000071e+02 2.326631080806024698e+01
1.696672499999999957e+02 2.328326735192347030e+01
1.712462800000000129e+02 2.328294626501119424e+01
1.812275899999999922e+02 2.328565387746794002e+01
2.192065900000000056e+02 2.330514553226134566e+01
2.192956599999999980e+02 2.330510533279055707e+01
2.277246399999999937e+02 2.331251730103806352e+01
2.675163299999999822e+02 2.333786841033991521e+01
2.688764699999999834e+02 2.333522491349481243e+01
2.765783799999999815e+02 2.333834978628129520e+01
3.164585200000000214e+02 2.335939395481375769e+01
3.171519200000000183e+02 2.335806533686139019e+01
3.255747999999999820e+02 2.336410645226948901e+01
3.625269999999999868e+02 2.339031956035008974e+01
3.633532200000000216e+02 2.338799511500101858e+01
3.737706699999999955e+02 2.340193517199267248e+01
4.152568800000000238e+02 2.339711530633014291e+01
4.159566199999999867e+02 2.339481274170567815e+01
4.231746499999999855e+02 2.340070221860370481e+01
4.610117300000000000e+02 2.343727305108894754e+01
4.637064599999999928e+02 2.343666140850804069e+01
4.717094900000000166e+02 2.343718400162833149e+01
5.154059099999999489e+02 2.346152350905760287e+01
5.156173400000000129e+02 2.346142224709953084e+01
5.200077700000000505e+02 2.347290301241604027e+01
5.624263899999999694e+02 2.348280175045796980e+01
5.636140400000000454e+02 2.348307551394260173e+01
5.727301999999999680e+02 2.349176317932017000e+01
6.113425300000000107e+02 2.351327498473437672e+01
6.176960400000000391e+02 2.351315489517606494e+01
6.249631500000000415e+02 2.352021320985141273e+01
6.645532799999999725e+02 2.354245369428047852e+01
6.663884900000000471e+02 2.354280276816608719e+01
6.707961900000000242e+02 2.356016283329941174e+01
7.124333800000000565e+02 2.357685731732139445e+01
7.126119800000000168e+02 2.357716313861184432e+01
7.182435100000000148e+02 2.357034398534500497e+01
7.597222600000000057e+02 2.359887543252595066e+01
7.613715700000000197e+02 2.359979086098107359e+01
7.679563200000000052e+02 2.361704915530225790e+01
8.076401100000000497e+02 2.362841899043354488e+01
8.145391600000000381e+02 2.362863016486871715e+01
8.168389799999999923e+02 2.363484479951149808e+01
8.617259099999999989e+02 2.367867443517199177e+01
8.632094499999999471e+02 2.367759973539588714e+01
8.713332100000000082e+02 2.365905454915530015e+01
9.176029899999999770e+02 2.370173417463871246e+01
9.182972999999999502e+02 2.370157541217178832e+01
9.239479000000000042e+02 2.371339049460614490e+01
9.607599999999999909e+02 2.373418685121107075e+01
9.630790100000000393e+02 2.373434052513739090e+01
9.748432900000000245e+02 2.374359250966822898e+01
1.012219699999999989e+03 2.375960207612456898e+01
1.013061299999999960e+03 2.375895277834317199e+01
1.017417400000000043e+03 2.377958172196214193e+01
1.058141699999999901e+03 2.379261856299613243e+01
1.063037000000000035e+03 2.379205984123753126e+01
1.064602399999999989e+03 2.380973183391003190e+01
1.115781500000000051e+03 2.383720537349888247e+01
1.116176099999999906e+03 2.383739466720944478e+01
1.119444600000000037e+03 2.383840168939548221e+01
1.160943400000000111e+03 2.387661968247506650e+01
1.167771700000000010e+03 2.387655251373906040e+01
1.167799999999999955e+03 2.387550478322816971e+01
1.201719800000000077e+03 2.390071239568491634e+01
1.204045000000000073e+03 2.390026104213311697e+01
1.222626899999999978e+03 2.392515723590474153e+01
1.259123299999999972e+03 2.393438683085691210e+01
1.262170100000000048e+03 2.393405658457154672e+01
1.266757299999999987e+03 2.396186037044575556e+01
1.303197100000000091e+03 2.399934866680236212e+01
1.311360599999999977e+03 2.397110726643598611e+01
1.316483099999999922e+03 2.397188428658660442e+01
1.352767100000000028e+03 2.401188988398127222e+01
1.354919300000000021e+03 2.401163087726440182e+01
1.377236100000000079e+03 2.402081569305923026e+01
1.405332400000000007e+03 2.405573478526358500e+01
1.408453600000000051e+03 2.405581060451862285e+01
1.423608099999999922e+03 2.407332332587014179e+01
1.442017700000000104e+03 2.409681762670465943e+01
1.452594299999999976e+03 2.409677895379605417e+01
1.483642399999999952e+03 2.410655200488499972e+01
1.516826600000000099e+03 2.412712039487075089e+01
1.517827099999999973e+03 2.412663749236718758e+01
1.525334599999999909e+03 2.414869835131284148e+01
1.544342200000000048e+03 2.418797984937919665e+01
1.545577900000000000e+03 2.418879757785467177e+01
1.570414700000000039e+03 2.416030378587420913e+01
1.607844299999999976e+03 2.419992621616120587e+01
1.611582000000000107e+03 2.420029055566863363e+01
1.613036800000000085e+03 2.424343069407693818e+01
1.646126800000000003e+03 2.426558670873193435e+01
1.646890699999999924e+03 2.426480256462446761e+01
1.657648599999999988e+03 2.424712344799511499e+01
1.710662100000000009e+03 2.428633828617952517e+01
1.712607500000000073e+03 2.428605027478119283e+01
1.716645500000000084e+03 2.430328719723183539e+01
1.753786499999999933e+03 2.433657439446366766e+01
1.760424800000000005e+03 2.433644463667820190e+01
1.764991400000000112e+03 2.434129706900061052e+01
1.790954400000000078e+03 2.437787960512925167e+01
1.795984600000000000e+03 2.437762772236922615e+01
1.810149400000000014e+03 2.438349480968858174e+01
1.850976200000000063e+03 2.440190006106248788e+01
1.852753400000000056e+03 2.440246997761042280e+01
1.867031500000000051e+03 2.443388611846122416e+01
1.895627500000000055e+03 2.445628689191939742e+01
1.898202700000000050e+03 2.445612965601465305e+01
1.913015300000000025e+03 2.446842865866069516e+01
1.943881100000000060e+03 2.450036942804803530e+01
1.947789700000000039e+03 2.449998778750254402e+01
1.975776200000000017e+03 2.450494962344799532e+01
1.983070400000000063e+03 2.454284398534500156e+01
1.988860200000000077e+03 2.454251373905963618e+01
2.016714899999999943e+03 2.452164817830246335e+01
2.057100699999999961e+03 2.459727254223488657e+01
2.058708200000000033e+03 2.459968298392021069e+01
2.059738199999999779e+03 2.459811215143496810e+01
2.086541000000000167e+03 2.464708121310808053e+01
2.095443400000000111e+03 2.464739670262568794e+01
2.125187600000000202e+03 2.463608487685731774e+01
2.149580500000000029e+03 2.467825259515571190e+01
2.151759100000000217e+03 2.467867239975575089e+01
2.173427099999999882e+03 2.470615967840423366e+01
2.202686299999999846e+03 2.471804040301241656e+01
2.205132700000000114e+03 2.471798137594138112e+01
2.207195000000000164e+03 2.472237685731732171e+01
2.262639299999999821e+03 2.475944891105230994e+01
2.266191400000000158e+03 2.482535925096682305e+01
2.274814300000000003e+03 2.475929472827192868e+01
2.286754100000000108e+03 2.483567474048442847e+01
2.288422500000000127e+03 2.483659016893954785e+01
2.303388399999999820e+03 2.480510685935274040e+01
2.353379300000000057e+03 2.486069458579279612e+01
2.358776699999999892e+03 2.486037095461021806e+01
2.369562100000000100e+03 2.485977508650519141e+01
2.393940099999999802e+03 2.489595664563403332e+01
2.398423499999999876e+03 2.489577702015062144e+01
2.421319700000000012e+03 2.490310655404029916e+01
2.453993899999999940e+03 2.496569763891715965e+01
2.459454299999999876e+03 2.496616680236108365e+01
