9.956516600000000494e+01 -4.416717798700093844e+00
9.988123299999999460e+01 -4.417015008006859311e+00
1.267692100000000011e+02 -4.415725142976373085e+00
1.504817799999999863e+02 -4.415998963916251796e+00
1.508901799999999866e+02 -4.415848437198359733e+00
1.756816599999999937e+02 -4.414352887602902342e+00
1.981346599999999967e+02 -4.413722568439442995e+00
2.009757400000000018e+02 -4.414495411778678324e+00
2.244614300000000071e+02 -4.412105196045641442e+00
2.506601699999999937e+02 -4.412474214458414146e+00
2.526021399999999915e+02 -4.412069728857037632e+00
2.738205800000000067e+02 -4.408570994281651778e+00
2.987282000000000153e+02 -4.408112236947431484e+00
3.018579899999999725e+02 -4.408046120989093097e+00
3.233547699999999736e+02 -4.403584791654460595e+00
3.500686900000000037e+02 -4.403076461074896031e+00
3.506184799999999768e+02 -4.403787898658726441e+00
3.716045300000000111e+02 -4.399141360201630491e+00
3.985185000000000173e+02 -4.399128161958317129e+00
4.014529400000000123e+02 -4.399702975033373598e+00
4.184923600000000192e+02 -4.395480180201150944e+00
4.470034699999999930e+02 -4.395630281528545069e+00
4.493185399999999845e+02 -4.395890232607719383e+00
4.685568700000000035e+02 -4.393125020488779064e+00
4.929806300000000192e+02 -4.391605443979250012e+00
5.002491999999999734e+02 -4.393420194880944152e+00
5.190054300000000467e+02 -4.390445066373307448e+00
5.545108800000000429e+02 -4.391050351779140826e+00
5.563231500000000551e+02 -4.391999624971131944e+00
5.696313999999999851e+02 -4.388201165568603734e+00
5.976717399999999998e+02 -4.387792508725741669e+00
5.978390000000000555e+02 -4.387682278381027423e+00
6.218241299999999683e+02 -4.386580194725295812e+00
6.428975299999999606e+02 -4.385709952616895890e+00
6.543298499999999649e+02 -4.386593279437152937e+00
6.661334100000000262e+02 -4.383947401089507423e+00
6.974006699999999910e+02 -4.384569283207995660e+00
7.032971000000000004e+02 -4.384521268707596953e+00
7.117973100000000386e+02 -4.382884018022178196e+00
7.471540700000000470e+02 -4.383947251238910603e+00
7.487944300000000339e+02 -4.383643045025229057e+00
7.713246000000000322e+02 -4.383430854145609956e+00
8.013278800000000501e+02 -4.383219662479168832e+00
8.032322799999999461e+02 -4.383824800739116512e+00
8.164538099999999758e+02 -4.381938789170315651e+00
8.474466200000000526e+02 -4.380559891474743672e+00
8.502891100000000506e+02 -4.382218607163403057e+00
8.622435199999999895e+02 -4.379936935174193913e+00
8.992257399999999734e+02 -4.381066830360866859e+00
9.042358299999999645e+02 -4.380987776210137241e+00
9.172336900000000242e+02 -4.379544145034914848e+00
9.478518900000000258e+02 -4.379852699959920770e+00
9.576785399999999981e+02 -4.377813347192390125e+00
9.628322899999999436e+02 -4.382109412878874899e+00
9.966002300000000105e+02 -4.379943107424789872e+00
9.978514999999999873e+02 -4.378834568533829241e+00
1.020400999999999954e+03 -4.379585139957016260e+00
1.046771600000000035e+03 -4.378415542618649958e+00
1.062807800000000043e+03 -4.378664109874420340e+00
1.064596500000000106e+03 -4.381377185945928510e+00
1.103899599999999964e+03 -4.380633229917719085e+00
1.105813100000000077e+03 -4.379735784824450029e+00
1.114608300000000099e+03 -4.378037811413857838e+00
1.146205899999999929e+03 -4.377125003440772488e+00
1.153111599999999953e+03 -4.379263612636072445e+00
1.156136299999999892e+03 -4.376136998879524675e+00
1.191136199999999917e+03 -4.377025898521548442e+00
1.201351000000000113e+03 -4.378219192312467811e+00
1.218088500000000067e+03 -4.378926741241318865e+00
1.245163600000000088e+03 -4.377710439507766615e+00
1.250362499999999955e+03 -4.374775453981209594e+00
1.254764799999999923e+03 -4.377958976844217531e+00
1.306500999999999976e+03 -4.380424797666268688e+00
1.317728299999999990e+03 -4.377908033380009556e+00
1.319411100000000033e+03 -4.380723235551590378e+00
1.333348899999999958e+03 -4.376691638898583037e+00
1.346027800000000070e+03 -4.377306095704738276e+00
1.357759800000000041e+03 -4.377379505174949337e+00
1.401509800000000041e+03 -4.377945297702960481e+00
1.403006499999999960e+03 -4.380074235442008579e+00
1.416093800000000101e+03 -4.378538369071895531e+00
1.443392100000000028e+03 -4.377784307960253862e+00
1.457504500000000007e+03 -4.380193839113359466e+00
1.473675400000000081e+03 -4.380465372701259241e+00
1.498914999999999964e+03 -4.377158335407283829e+00
1.501836299999999937e+03 -4.378636224154388579e+00
1.504986799999999903e+03 -4.376656115511980083e+00
1.542798299999999927e+03 -4.376906359858379503e+00
1.566511099999999942e+03 -4.378586407569052597e+00
1.568314300000000003e+03 -4.381439605067495968e+00
1.593826999999999998e+03 -4.377844681874936583e+00
1.598620699999999943e+03 -4.379949204207449043e+00
1.621945200000000114e+03 -4.382774187180098480e+00
1.657544200000000046e+03 -4.380940803469847822e+00
1.657855299999999943e+03 -4.380442203977917615e+00
1.666049500000000080e+03 -4.381698925235337327e+00
1.703332100000000082e+03 -4.383160596350166749e+00
1.704051600000000008e+03 -4.379719082597092417e+00
1.715805200000000013e+03 -4.379961774448649869e+00
1.755021899999999960e+03 -4.380570660399223826e+00
1.757697499999999991e+03 -4.381710707580587894e+00
1.759545000000000073e+03 -4.379101563495123806e+00
1.785143100000000004e+03 -4.379736330359540908e+00
1.805402499999999918e+03 -4.379403515858158791e+00
1.818143000000000029e+03 -4.383523008013811229e+00
1.848518499999999904e+03 -4.380931704341718635e+00
1.853932900000000018e+03 -4.380518692831329552e+00
1.865912199999999984e+03 -4.381165549845969842e+00
1.879501999999999953e+03 -4.379574570393675259e+00
1.902241600000000062e+03 -4.380207331434263551e+00
1.914699800000000096e+03 -4.382472192697032476e+00
1.935190599999999904e+03 -4.379479629175419220e+00
1.948701199999999972e+03 -4.379274291372141192e+00
1.960575700000000097e+03 -4.382965803922871828e+00
1.976188599999999951e+03 -4.380550237889641707e+00
2.010087299999999914e+03 -4.382275104705655622e+00
2.015633800000000065e+03 -4.383960562828512764e+00
2.052059000000000196e+03 -4.381662618460441472e+00
2.061752599999999802e+03 -4.384727939433796351e+00
2.065488400000000183e+03 -4.387389728694002677e+00
2.105601700000000164e+03 -4.382807494985176078e+00
2.107520899999999983e+03 -4.385444344542300144e+00
2.118879899999999907e+03 -4.386549557309738390e+00
2.148401499999999942e+03 -4.383743813277702905e+00
2.153093800000000101e+03 -4.385838252365164891e+00
2.159403299999999945e+03 -4.385721571803460783e+00
2.200819899999999961e+03 -4.385521809530462001e+00
2.205678100000000086e+03 -4.386153437905348618e+00
2.220763500000000022e+03 -4.388875520531783536e+00
2.242228099999999813e+03 -4.384720191179745541e+00
2.254203799999999774e+03 -4.389828665863849899e+00
2.257478700000000117e+03 -4.385933027295555675e+00
2.304205199999999877e+03 -4.386990113817744508e+00
2.306735000000000127e+03 -4.390765275635374998e+00
2.320766399999999976e+03 -4.388910227351610516e+00
2.343184099999999944e+03 -4.386495339732331189e+00
2.351538000000000011e+03 -4.386558764897255713e+00
2.356335900000000038e+03 -4.392608755264555853e+00
2.402098599999999806e+03 -4.387993771688639910e+00
2.404087700000000041e+03 -4.391710364899554797e+00
2.413872600000000148e+03 -4.389178944755256495e+00
2.445806700000000092e+03 -4.389842748108710779e+00
