1.029387200000000036e+02 1.116324292692855558e+01
1.273579199999999929e+02 1.117452829228577116e+01
1.503532399999999996e+02 1.118466059434154403e+01
1.754721800000000087e+02 1.119828668837777386e+01
1.988855700000000013e+02 1.120424893140647171e+01
2.262636699999999905e+02 1.121353958884592039e+01
2.473612300000000062e+02 1.123158660696112499e+01
2.741219500000000266e+02 1.123492774272338579e+01
2.986055600000000254e+02 1.125272542234887041e+01
3.233182600000000093e+02 1.126212650111947866e+01
3.491007099999999923e+02 1.127123549765927102e+01
3.699702599999999961e+02 1.128259922654182823e+01
3.961795999999999935e+02 1.129490280887441500e+01
4.235737199999999802e+02 1.130504070832485297e+01
4.501687099999999759e+02 1.131261958070425422e+01
4.695691800000000171e+02 1.133434306940769432e+01
4.968340099999999779e+02 1.134027223692245023e+01
5.171801299999999628e+02 1.135883370649297675e+01
5.503447599999999511e+02 1.136210920008141656e+01
5.679728099999999813e+02 1.137724506411561087e+01
5.956580400000000282e+02 1.139635813148789012e+01
6.145401200000000017e+02 1.140560350091593733e+01
6.415743199999999433e+02 1.141327803785874195e+01
6.690235900000000129e+02 1.142555007123956834e+01
7.009299499999999625e+02 1.144343934459596923e+01
7.261953200000000379e+02 1.145169855485446853e+01
7.467022799999999734e+02 1.146987991044168531e+01
7.663452499999999645e+02 1.149030989212293896e+01
7.931894700000000284e+02 1.151100702218603722e+01
8.175751900000000205e+02 1.152376348463260669e+01
8.472686200000000554e+02 1.153969672297984950e+01
8.715752300000000332e+02 1.154953287197231937e+01
8.967383200000000443e+02 1.156484937919804601e+01
9.272074999999999818e+02 1.158422959495216809e+01
9.585306199999999990e+02 1.160319305923061250e+01
9.670588599999999815e+02 1.161669702829228434e+01
9.997011300000000347e+02 1.163169143089761803e+01
1.013747499999999945e+03 1.165453490738856246e+01
1.046593699999999899e+03 1.166394718094850447e+01
1.063786299999999983e+03 1.169897007938123323e+01
1.101672100000000000e+03 1.170280276816609089e+01
1.113952900000000000e+03 1.173622684714023912e+01
1.153890000000000100e+03 1.173483207815998419e+01
1.166472999999999956e+03 1.177943873397109620e+01
1.200493699999999990e+03 1.177064319153266858e+01
1.219313599999999951e+03 1.181262466924486176e+01
1.245866099999999960e+03 1.181298442906574309e+01
1.260403600000000097e+03 1.185666293507022218e+01
1.293273699999999963e+03 1.184943771626297604e+01
1.305920900000000074e+03 1.189309434154284517e+01
1.349513300000000072e+03 1.189590576022796675e+01
1.359047700000000077e+03 1.192129096275188260e+01
1.397231800000000021e+03 1.195345155709342677e+01
1.420819999999999936e+03 1.195442804803582426e+01
1.440782600000000002e+03 1.199095868105027485e+01
1.465833000000000084e+03 1.199371310808060365e+01
1.501026399999999967e+03 1.201917107673519247e+01
1.511036800000000085e+03 1.203737634846326010e+01
1.545948699999999917e+03 1.207692448605739877e+01
1.558919699999999921e+03 1.207585538367596101e+01
1.596292599999999993e+03 1.211126043150824216e+01
1.611907099999999900e+03 1.212042133116222153e+01
1.657597400000000107e+03 1.214588031752493436e+01
1.663832400000000007e+03 1.217300376552004870e+01
1.696600699999999961e+03 1.220534347649094187e+01
1.708343299999999999e+03 1.219171025849786183e+01
1.751950000000000045e+03 1.222700641156116497e+01
1.762740900000000011e+03 1.224402452676572395e+01
1.784643600000000106e+03 1.225668278037858627e+01
1.827108600000000024e+03 1.227630266639527790e+01
1.844543100000000095e+03 1.229206900061062413e+01
1.851161700000000110e+03 1.231445857927946186e+01
1.872603699999999890e+03 1.233841135762263264e+01
1.923732899999999972e+03 1.234868003256666036e+01
1.958238599999999906e+03 1.241642479136983468e+01
1.971057999999999993e+03 1.238674231630368539e+01
2.005280700000000024e+03 1.244946163240382653e+01
2.009467599999999948e+03 1.242750000000000021e+01
2.052690500000000156e+03 1.249060909831060506e+01
2.062297700000000077e+03 1.247326684306940869e+01
2.105904599999999846e+03 1.251559281498066234e+01
2.112496799999999894e+03 1.253241400366374947e+01
2.140764700000000175e+03 1.255508904946061399e+01
2.143313099999999849e+03 1.255920313454101311e+01
2.196270599999999831e+03 1.259709647872990068e+01
2.210195200000000114e+03 1.260430694076938707e+01
2.247890100000000075e+03 1.263431050274781242e+01
2.270968199999999797e+03 1.263348361489924621e+01
2.299286000000000058e+03 1.265870293099938948e+01
2.310921899999999823e+03 1.267204203134541096e+01
2.373849700000000212e+03 1.270050122124974479e+01
2.379639999999999873e+03 1.271049765927132214e+01
2.394998900000000049e+03 1.275588235294117645e+01
2.409315099999999802e+03 1.274278292285772451e+01
2.432376600000000053e+03 1.277872888255648220e+01
