1.002650399999999991e+02 -6.252856698717475403e+00
1.260815900000000056e+02 -6.252492830361244813e+00
1.508209699999999884e+02 -6.252570520610462701e+00
1.751046900000000051e+02 -6.252592493873347479e+00
2.006000400000000070e+02 -6.252982653852122930e+00
2.226721900000000005e+02 -6.251924038179204501e+00
2.490114599999999996e+02 -6.251876455395399823e+00
2.720576399999999921e+02 -6.251692992093747847e+00
2.977193300000000136e+02 -6.251394930989023990e+00
3.209509300000000280e+02 -6.251256349324535222e+00
3.482949499999999716e+02 -6.251372341001833810e+00
3.674525199999999927e+02 -6.250060960768227147e+00
3.984780700000000024e+02 -6.250948566908633985e+00
4.181041799999999853e+02 -6.249671808402879059e+00
4.530502099999999928e+02 -6.250599498858089298e+00
4.701986200000000053e+02 -6.249592036634256331e+00
4.990000099999999748e+02 -6.249685337033719534e+00
5.194625700000000279e+02 -6.247907333280322995e+00
5.541694800000000214e+02 -6.248627674193546255e+00
5.684699100000000271e+02 -6.246396979103232106e+00
5.985882299999999532e+02 -6.246157009350147504e+00
6.203064799999999650e+02 -6.244654776471460167e+00
6.500430900000000065e+02 -6.243824574061317634e+00
6.676689300000000458e+02 -6.241945727309056835e+00
7.010652300000000423e+02 -6.241843329232661830e+00
7.183086899999999559e+02 -6.239219893834627051e+00
7.539480399999999918e+02 -6.238805856525845961e+00
7.682328199999999470e+02 -6.236944614479477345e+00
7.970874000000000024e+02 -6.236478187026540887e+00
8.177333999999999605e+02 -6.233076020575999188e+00
8.462212899999999536e+02 -6.232408954813016599e+00
8.659842800000000125e+02 -6.227430049436890158e+00
9.049454399999999623e+02 -6.228140896820748118e+00
9.149273899999999458e+02 -6.221804779921525252e+00
9.602499900000000252e+02 -6.223869121672596982e+00
9.620227399999999989e+02 -6.216240704109340598e+00
1.006211699999999951e+03 -6.216568358380692771e+00
1.013968499999999949e+03 -6.210953047198449539e+00
1.049709599999999909e+03 -6.208534986588393423e+00
1.062897600000000011e+03 -6.205577565141365604e+00
1.098279700000000048e+03 -6.205431340703843723e+00
1.112511899999999969e+03 -6.201005620274594676e+00
1.148139699999999948e+03 -6.200500565308371570e+00
1.166048299999999927e+03 -6.195430518846476886e+00
1.191579099999999926e+03 -6.191079181845747570e+00
1.217714999999999918e+03 -6.189631069461372093e+00
1.236750900000000001e+03 -6.184384306757089611e+00
1.263541300000000092e+03 -6.182578731700377084e+00
1.286138099999999895e+03 -6.180851759081880559e+00
1.304609200000000101e+03 -6.177486258910644956e+00
1.337052599999999984e+03 -6.178797908012881202e+00
1.363608300000000099e+03 -6.172325511376475227e+00
1.389420499999999947e+03 -6.172304503803641929e+00
1.415388799999999947e+03 -6.168388882737557033e+00
1.438025100000000066e+03 -6.166513359188540377e+00
1.459507000000000062e+03 -6.161394152953501013e+00
1.509890699999999924e+03 -6.162930944365168529e+00
1.514600799999999936e+03 -6.158092217958627934e+00
1.537500999999999976e+03 -6.155960268922897605e+00
1.570578899999999976e+03 -6.153831735595773900e+00
1.603794699999999921e+03 -6.153731015811565896e+00
1.611741400000000112e+03 -6.147370985225419027e+00
1.669519600000000082e+03 -6.150134484538543944e+00
1.674080999999999904e+03 -6.144927578790230882e+00
1.692444799999999987e+03 -6.139087260255068124e+00
1.708169100000000071e+03 -6.135139888821076859e+00
1.740358799999999974e+03 -6.132960854740129086e+00
1.763332100000000082e+03 -6.130285519772723291e+00
1.800354800000000068e+03 -6.134463789472832218e+00
1.811765799999999899e+03 -6.125630735525893655e+00
1.847782200000000103e+03 -6.130332491894985303e+00
1.864692900000000009e+03 -6.124541920074762835e+00
1.894040400000000091e+03 -6.120570721970413963e+00
1.911737200000000030e+03 -6.120196073648009438e+00
1.956334399999999960e+03 -6.114180558576326696e+00
1.966403299999999945e+03 -6.121656865026952943e+00
1.994737499999999955e+03 -6.113339137153934288e+00
2.027062599999999975e+03 -6.114401904958914002e+00
2.029736599999999953e+03 -6.104117205107243649e+00
2.046403299999999945e+03 -6.101424555854015885e+00
2.086221700000000055e+03 -6.103787405609167216e+00
2.110919600000000173e+03 -6.099726548312523811e+00
2.136767499999999927e+03 -6.100378315595537337e+00
2.162946100000000115e+03 -6.097255408508325480e+00
2.195168099999999868e+03 -6.088335284359905231e+00
2.202046699999999873e+03 -6.094655570751363882e+00
2.229072799999999916e+03 -6.088273741782449733e+00
2.269172900000000027e+03 -6.092208500658656156e+00
2.293916799999999967e+03 -6.087283797439440036e+00
2.306380200000000059e+03 -6.085972962500951766e+00
2.328023700000000190e+03 -6.081490892334173282e+00
2.365553499999999985e+03 -6.084741841033972420e+00
2.409272699999999986e+03 -6.081497004753508406e+00
2.436833099999999831e+03 -6.084861994199329160e+00
2.449589399999999841e+03 -6.078034064761524746e+00
