9.870179100000000005e+01 -3.465059325310176241e+00
1.261925800000000066e+02 -3.464901993667096392e+00
1.483965699999999970e+02 -3.464643286620266771e+00
1.759885199999999941e+02 -3.464967429723174952e+00
1.998203200000000095e+02 -3.464638448915476232e+00
2.239002800000000093e+02 -3.464345940747495689e+00
2.495972800000000120e+02 -3.464118324895068213e+00
2.711694800000000214e+02 -3.463297854825438726e+00
3.003264100000000099e+02 -3.463472281687262289e+00
3.231395800000000236e+02 -3.463363019904438733e+00
3.510384099999999989e+02 -3.462872491897856175e+00
3.707308600000000069e+02 -3.462214552644182763e+00
4.018833000000000197e+02 -3.462227930012724553e+00
4.209434099999999717e+02 -3.460976892796383098e+00
4.520326099999999769e+02 -3.460499923808379563e+00
4.725369900000000030e+02 -3.460248607604269555e+00
5.015713999999999828e+02 -3.458766640476576004e+00
5.214287299999999732e+02 -3.458315482305466038e+00
5.505911700000000337e+02 -3.456593257080337267e+00
5.706015300000000252e+02 -3.456248320092847326e+00
6.018709999999999809e+02 -3.455766204030870536e+00
6.187970400000000382e+02 -3.453685225831963024e+00
6.543904499999999871e+02 -3.452734480040402509e+00
6.683572699999999713e+02 -3.450783507963670171e+00
7.086568499999999631e+02 -3.451906209279579585e+00
7.183452200000000403e+02 -3.447670615808302585e+00
7.556965500000000020e+02 -3.447635857968185835e+00
7.653256199999999581e+02 -3.443642923275057832e+00
7.960256799999999657e+02 -3.443935290751762412e+00
8.230804299999999785e+02 -3.440950090849236531e+00
8.446569399999999632e+02 -3.437477315501126895e+00
8.642445099999999911e+02 -3.434059156634211352e+00
9.109217200000000503e+02 -3.435762975572695499e+00
9.181346399999999903e+02 -3.431998410063312743e+00
9.555984600000000455e+02 -3.432147475647604917e+00
9.680610599999999977e+02 -3.427436525486920793e+00
1.000628500000000031e+03 -3.426618629349006628e+00
1.020391399999999976e+03 -3.422876623156730247e+00
1.054084100000000035e+03 -3.420461119056306565e+00
1.063749399999999923e+03 -3.417818482760120347e+00
1.093925999999999931e+03 -3.415851721212302294e+00
1.123881699999999910e+03 -3.415844135946527693e+00
1.148967200000000048e+03 -3.411340533683894005e+00
1.168952399999999898e+03 -3.406964362028145565e+00
1.199635500000000093e+03 -3.403663906171451980e+00
1.223392000000000053e+03 -3.405421300459221978e+00
1.252103200000000015e+03 -3.402625571534699578e+00
1.274596900000000005e+03 -3.401421457013686034e+00
1.314586800000000039e+03 -3.393080373037035802e+00
1.327508000000000038e+03 -3.400280927389338181e+00
1.348944799999999987e+03 -3.391549461458612136e+00
1.353414600000000064e+03 -3.386432044429724897e+00
1.401755000000000109e+03 -3.388498204390997248e+00
1.420091300000000047e+03 -3.386717436440283002e+00
1.447337700000000041e+03 -3.383778219899892470e+00
1.459030899999999974e+03 -3.377883223059794826e+00
1.506221000000000004e+03 -3.378698007976828066e+00
1.527162499999999909e+03 -3.378584833385937181e+00
1.552574399999999969e+03 -3.374001964555693789e+00
1.564926200000000108e+03 -3.373449374256383582e+00
1.602262400000000071e+03 -3.370955484167381222e+00
1.613237100000000055e+03 -3.368355913172423222e+00
1.640574499999999944e+03 -3.365032273643324690e+00
1.658567099999999982e+03 -3.363415807295062177e+00
1.705557099999999991e+03 -3.363866324214250358e+00
1.729575299999999970e+03 -3.365786935954796277e+00
1.745214600000000019e+03 -3.350630230263406784e+00
1.753673999999999978e+03 -3.361483294432405344e+00
1.799770899999999983e+03 -3.352800016575638420e+00
1.832962999999999965e+03 -3.359339058328777661e+00
1.849015100000000075e+03 -3.351691827644831978e+00
1.869017200000000003e+03 -3.351652561104183636e+00
1.898114900000000034e+03 -3.344512571414943736e+00
1.909887500000000045e+03 -3.348282055869380880e+00
1.939400200000000041e+03 -3.345728081842640478e+00
1.972199399999999969e+03 -3.346839782753901815e+00
2.005580400000000054e+03 -3.346276834574273273e+00
2.012617199999999912e+03 -3.341904098603651008e+00
2.052521200000000135e+03 -3.338459645544143761e+00
2.072633499999999913e+03 -3.344574249538013078e+00
2.095859300000000076e+03 -3.336757952296845797e+00
2.128808100000000195e+03 -3.339182752781405306e+00
2.147947099999999864e+03 -3.330012256750654043e+00
2.148459899999999834e+03 -3.334104728060009570e+00
2.214962500000000091e+03 -3.326746648493674297e+00
2.218122899999999845e+03 -3.330909542919105348e+00
2.220017299999999977e+03 -3.331232684215255979e+00
2.264583399999999983e+03 -3.327713454433919082e+00
2.316297300000000178e+03 -3.325922238126848285e+00
2.325954400000000078e+03 -3.328269492958655373e+00
2.353533600000000206e+03 -3.320194858556782869e+00
2.365132099999999809e+03 -3.320984671556450607e+00
2.384461499999999887e+03 -3.320929548744257609e+00
2.417364799999999832e+03 -3.318836073240981399e+00
2.459955599999999777e+03 -3.320495482793960562e+00
