1.001584600000000052e+02 -3.862891429402598220e+00
1.267013100000000065e+02 -3.862581851636163854e+00
1.500812200000000018e+02 -3.862580074320114853e+00
1.748238000000000056e+02 -3.862245504106603278e+00
2.015540300000000116e+02 -3.862921015470165642e+00
2.225816299999999899e+02 -3.861404392136294828e+00
2.455717400000000055e+02 -3.861018870016586835e+00
2.729913799999999924e+02 -3.860871691653304350e+00
2.985356199999999944e+02 -3.860246656353313544e+00
3.248527500000000146e+02 -3.860816238194371586e+00
3.517834300000000098e+02 -3.860276625033473685e+00
3.705476699999999823e+02 -3.858945639324043331e+00
3.978038199999999733e+02 -3.858480956379429561e+00
4.210862099999999941e+02 -3.857858863377918723e+00
4.511282100000000241e+02 -3.857251565176545327e+00
4.690700699999999870e+02 -3.856146253866794549e+00
5.042165499999999838e+02 -3.856885839948164030e+00
5.117842299999999796e+02 -3.852723723782379039e+00
5.503221300000000156e+02 -3.853911655219863786e+00
5.711117699999999786e+02 -3.853170732074444160e+00
5.966648199999999633e+02 -3.851835883962370755e+00
6.180600399999999581e+02 -3.849696966148140387e+00
6.499812100000000328e+02 -3.850106002047801734e+00
6.717710799999999836e+02 -3.847493493402245779e+00
6.995898999999999432e+02 -3.845669539512064361e+00
7.222516299999999774e+02 -3.843306034862782994e+00
7.518488499999999704e+02 -3.841762461722386668e+00
7.728768700000000536e+02 -3.839228391501785964e+00
7.971707199999999602e+02 -3.836178080253619171e+00
8.228769300000000158e+02 -3.833566116283456005e+00
8.521112600000000157e+02 -3.830854029077178868e+00
8.664401299999999537e+02 -3.825992837728045437e+00
8.921289399999999432e+02 -3.822815313024187311e+00
9.171613999999999578e+02 -3.820356720624179747e+00
9.469869099999999662e+02 -3.821261998089676926e+00
9.653290399999999636e+02 -3.814535200163685857e+00
1.006323600000000056e+03 -3.812990325634960875e+00
1.012381700000000023e+03 -3.809831958684112507e+00
1.042245100000000093e+03 -3.809236701731530506e+00
1.061032300000000077e+03 -3.803009249848044782e+00
1.101367099999999937e+03 -3.802096327963217615e+00
1.119537000000000035e+03 -3.798148381908846183e+00
1.144348099999999931e+03 -3.798182024156477876e+00
1.162507700000000114e+03 -3.791644452188077441e+00
1.190221999999999980e+03 -3.787528517487624313e+00
1.223261899999999969e+03 -3.789597213121238983e+00
1.252026299999999992e+03 -3.788486517732691627e+00
1.270028399999999920e+03 -3.783557984628674653e+00
1.296049800000000005e+03 -3.778602966605824953e+00
1.310722299999999905e+03 -3.777364856331302256e+00
1.346612499999999955e+03 -3.776950891619772488e+00
1.369592200000000048e+03 -3.774167196931871526e+00
1.405444899999999961e+03 -3.770754630742275904e+00
1.411920399999999972e+03 -3.764603162470404385e+00
1.456591100000000097e+03 -3.765124102306313336e+00
1.474622399999999971e+03 -3.764534738174967643e+00
1.494191499999999905e+03 -3.758901037093409947e+00
1.514219599999999900e+03 -3.757587909941350279e+00
1.545951800000000048e+03 -3.752684252503358131e+00
1.557822599999999966e+03 -3.750872111603903214e+00
1.601838199999999915e+03 -3.744887088086302995e+00
1.604534200000000055e+03 -3.751168883732877823e+00
1.651340899999999920e+03 -3.747050896509228846e+00
1.669103900000000067e+03 -3.744835790456377822e+00
1.698753999999999905e+03 -3.741350412579077300e+00
1.714919399999999996e+03 -3.739667847735117956e+00
1.755494099999999889e+03 -3.736758680986514758e+00
1.758449499999999944e+03 -3.733679234234631217e+00
1.790459399999999960e+03 -3.731263254199142398e+00
1.813747299999999996e+03 -3.729263642023359360e+00
1.834310300000000097e+03 -3.725987586097959881e+00
1.863682700000000068e+03 -3.726849102363036792e+00
1.901242899999999963e+03 -3.719821934085981496e+00
1.926529600000000073e+03 -3.729047936096206772e+00
1.943112300000000005e+03 -3.718611761685583161e+00
1.956262799999999970e+03 -3.716962475988253356e+00
1.999962299999999914e+03 -3.710402095003175749e+00
2.015749199999999973e+03 -3.715964240927293716e+00
2.031197400000000016e+03 -3.710435416836026512e+00
2.061682800000000043e+03 -3.710798079152858975e+00
2.095780699999999797e+03 -3.704245723411562885e+00
2.143971799999999803e+03 -3.713212783602610312e+00
2.152876999999999953e+03 -3.699065382533647917e+00
2.161575600000000122e+03 -3.707571369541736495e+00
2.191694800000000214e+03 -3.698870401965594024e+00
2.215856800000000021e+03 -3.699394696094781665e+00
2.237043200000000070e+03 -3.693053157882037141e+00
2.256361800000000130e+03 -3.691601491782692257e+00
2.301602300000000014e+03 -3.690223481428636099e+00
2.327071199999999862e+03 -3.695074898406216057e+00
2.357340200000000095e+03 -3.686151411437700975e+00
2.365141999999999825e+03 -3.691301092088161706e+00
2.403670900000000074e+03 -3.689049438552145510e+00
2.423189899999999852e+03 -3.688105869278753168e+00
2.457596900000000005e+03 -3.680717535617555214e+00
