9.953483199999999442e+01 -3.880079384805210196e+00
1.002229600000000005e+02 -3.880144670189527467e+00
1.269971900000000034e+02 -3.880285556022002869e+00
1.491604800000000068e+02 -3.879978824670606397e+00
1.499136799999999994e+02 -3.880235164092810773e+00
1.746845099999999888e+02 -3.879900162485005577e+00
1.989852099999999950e+02 -3.879677594009471875e+00
2.021452899999999886e+02 -3.880364372734788514e+00
2.241863400000000013e+02 -3.879896790978309973e+00
2.471361799999999960e+02 -3.879406669375239591e+00
2.526669799999999952e+02 -3.879714366313379514e+00
2.720668499999999881e+02 -3.878994324822743867e+00
2.990454300000000103e+02 -3.877711904454068215e+00
2.998186999999999784e+02 -3.879070012871558504e+00
3.211786099999999919e+02 -3.875352813452498602e+00
3.490643499999999904e+02 -3.875062748357005926e+00
3.511193299999999908e+02 -3.860674858509840934e+00
3.703702400000000239e+02 -3.843122241131908368e+00
4.004169299999999794e+02 -3.843105306620334893e+00
4.023030899999999974e+02 -3.832509006497291537e+00
4.219599000000000046e+02 -3.826629407023738327e+00
4.510486200000000281e+02 -3.822955038019894669e+00
4.511832099999999741e+02 -3.825740239297694689e+00
4.680015000000000214e+02 -3.818207072177412176e+00
4.964090400000000045e+02 -3.817891715512141015e+00
5.046055700000000002e+02 -3.818785412009204627e+00
5.218719200000000455e+02 -3.813307320144505574e+00
5.509078700000000026e+02 -3.812766215212374910e+00
5.570356500000000324e+02 -3.813361970212929553e+00
5.705869599999999764e+02 -3.808739006948511641e+00
6.011533200000000079e+02 -3.808388271742245923e+00
6.027160099999999829e+02 -3.807076605867935282e+00
6.177527499999999918e+02 -3.803069744169008448e+00
6.440535099999999602e+02 -3.802488951152935392e+00
6.575969300000000430e+02 -3.803056244115957440e+00
6.697084800000000087e+02 -3.797699533417262074e+00
7.040856700000000501e+02 -3.797268840316045946e+00
7.045999199999999973e+02 -3.796956842188612846e+00
7.203168799999999692e+02 -3.794648729334914705e+00
7.500738400000000183e+02 -3.793213162932133731e+00
7.526782399999999598e+02 -3.790998501847290036e+00
7.746142099999999573e+02 -3.790469712482115838e+00
7.852929900000000316e+02 -3.786181845038560478e+00
7.918860399999999800e+02 -3.786263849437598861e+00
8.171830599999999549e+02 -3.784648839340718496e+00
8.464889399999999569e+02 -3.783860551493242408e+00
8.504618799999999510e+02 -3.783183686872993778e+00
8.618841099999999642e+02 -3.779066949497673633e+00
8.982304500000000189e+02 -3.779376849472863675e+00
9.074390100000000530e+02 -3.780555532274815889e+00
9.146019000000000005e+02 -3.776257933278991175e+00
9.463690400000000409e+02 -3.774800770362564784e+00
9.526261500000000524e+02 -3.775740462490762894e+00
9.681863799999999856e+02 -3.774343338019747307e+00
1.002033099999999990e+03 -3.771821101186239034e+00
1.006796799999999962e+03 -3.773611283349935785e+00
1.014938400000000001e+03 -3.770388296140581907e+00
1.046529199999999946e+03 -3.769089545416319798e+00
1.049191499999999905e+03 -3.770289557498851529e+00
1.064106600000000071e+03 -3.766732472723355318e+00
1.095863299999999981e+03 -3.765025104243976628e+00
1.097537100000000009e+03 -3.766816404324204726e+00
1.106677699999999959e+03 -3.763392539485012733e+00
1.150119999999999891e+03 -3.765785766914736765e+00
1.159728499999999940e+03 -3.766572421855641117e+00
1.166433199999999943e+03 -3.761875738608258857e+00
1.208229199999999992e+03 -3.761168776883585529e+00
1.208550899999999956e+03 -3.762755911799984698e+00
1.217373900000000049e+03 -3.761799198110765019e+00
1.243961000000000013e+03 -3.759079474261051601e+00
1.246995300000000043e+03 -3.761059402951033359e+00
1.265199200000000019e+03 -3.759309234971695002e+00
1.295292699999999968e+03 -3.756763947879240284e+00
1.307978599999999915e+03 -3.755328209439759313e+00
1.316557600000000093e+03 -3.762772288254438102e+00
1.351174600000000055e+03 -3.756197606688846502e+00
1.356384700000000066e+03 -3.753513023200373055e+00
1.357988900000000058e+03 -3.755935017451458524e+00
1.389738700000000108e+03 -3.750979172736101042e+00
1.405509199999999964e+03 -3.755518098677248950e+00
1.417324499999999944e+03 -3.752405175972100881e+00
1.454167799999999943e+03 -3.753028721993939332e+00
1.454922900000000027e+03 -3.750940956634094992e+00
1.457306700000000092e+03 -3.749499664998909410e+00
1.498501500000000078e+03 -3.754012917172520503e+00
1.505517399999999952e+03 -3.751094782206633393e+00
1.520657200000000103e+03 -3.751147282885627376e+00
1.549944700000000012e+03 -3.748399531453622480e+00
1.564069300000000112e+03 -3.748732886201561865e+00
1.570318700000000035e+03 -3.750198572114597617e+00
1.590406400000000076e+03 -3.747389301761937297e+00
1.596568299999999908e+03 -3.750331858328875612e+00
1.622017599999999902e+03 -3.750072112244592137e+00
1.645491600000000062e+03 -3.746140608588458321e+00
1.658210600000000113e+03 -3.745510801471013007e+00
1.659343399999999974e+03 -3.748293577513527097e+00
1.702377700000000004e+03 -3.748314078667723148e+00
1.709478100000000040e+03 -3.747745643305426366e+00
1.714246699999999919e+03 -3.744518977012118111e+00
1.739462099999999964e+03 -3.742131085531053003e+00
1.754802699999999959e+03 -3.742261702991898531e+00
1.759718100000000049e+03 -3.747097972155609469e+00
1.786857700000000023e+03 -3.740647683445909255e+00
1.795680399999999963e+03 -3.737867515445171041e+00
1.818331200000000081e+03 -3.743997216111611070e+00
1.846663500000000113e+03 -3.743464362407979529e+00
1.851658300000000054e+03 -3.739922114698098987e+00
1.860574499999999944e+03 -3.743803458019823616e+00
1.890795000000000073e+03 -3.741722053230592149e+00
1.900768000000000029e+03 -3.739088283681380354e+00
1.901477100000000064e+03 -3.741742341040364295e+00
1.941627999999999929e+03 -3.736962978504459354e+00
1.950826600000000099e+03 -3.742863236661837512e+00
1.960377600000000029e+03 -3.740845183435024701e+00
2.008411599999999908e+03 -3.740668383659461416e+00
2.010231299999999919e+03 -3.739737021171575471e+00
2.032817500000000109e+03 -3.745666528677621621e+00
2.044523300000000063e+03 -3.740171440928658608e+00
2.058349099999999908e+03 -3.738843589007780910e+00
2.064022100000000137e+03 -3.742984912935966690e+00
2.102960199999999986e+03 -3.737569251323753061e+00
2.105429900000000089e+03 -3.739937567322208167e+00
2.114845499999999902e+03 -3.736728546730125888e+00
2.141300200000000132e+03 -3.738550515870310953e+00
2.155018700000000081e+03 -3.737051733230528416e+00
2.164914000000000215e+03 -3.737224917189170714e+00
2.201645899999999983e+03 -3.736866020698072610e+00
2.206782999999999902e+03 -3.739281484450216908e+00
2.226957199999999830e+03 -3.741057216004552988e+00
2.245447700000000168e+03 -3.735358750252465221e+00
2.246484500000000025e+03 -3.734205096334050733e+00
2.277435199999999895e+03 -3.737917388489678583e+00
2.294893799999999828e+03 -3.731070515498001949e+00
2.302574099999999817e+03 -3.736345920113449903e+00
2.321761399999999867e+03 -3.741503349226503516e+00
2.343710500000000138e+03 -3.735077435196592965e+00
2.345821399999999812e+03 -3.731924997101280894e+00
2.369783399999999801e+03 -3.735593852259864178e+00
2.397735400000000027e+03 -3.735622819807728590e+00
2.409283600000000206e+03 -3.735334139738367032e+00
2.417118199999999888e+03 -3.734105011016278564e+00
2.452481000000000222e+03 -3.735670009234886457e+00
