9.931083099999999320e+01 -4.453692501936860282e+00
1.262524099999999976e+02 -4.453329174733728024e+00
1.497819700000000012e+02 -4.453364456589066656e+00
1.760041799999999910e+02 -4.453341160620016836e+00
2.007813099999999906e+02 -4.453242114982570499e+00
2.243513800000000060e+02 -4.452933605282393792e+00
2.492392700000000048e+02 -4.452295566605407373e+00
2.696638399999999933e+02 -4.451498633192982446e+00
3.012502999999999815e+02 -4.452172096539536383e+00
3.229821400000000153e+02 -4.452028506195343738e+00
3.499230099999999766e+02 -4.451302030100129592e+00
3.705878500000000031e+02 -4.450855070008352676e+00
3.999366899999999987e+02 -4.450233343091698046e+00
4.183762699999999768e+02 -4.449616665673561400e+00
4.516258399999999824e+02 -4.449777525689420976e+00
4.696524200000000064e+02 -4.448988030291794793e+00
5.023508600000000115e+02 -4.448397975429880802e+00
5.211353699999999662e+02 -4.448311289556701631e+00
5.553038800000000492e+02 -4.448253678848577586e+00
5.739475999999999658e+02 -4.447544803162784888e+00
5.967490800000000490e+02 -4.445236050729405974e+00
6.215538400000000365e+02 -4.445116771648582876e+00
6.497481599999999844e+02 -4.442225481237232820e+00
6.738050399999999627e+02 -4.442962117359937402e+00
7.062279600000000528e+02 -4.441149807207493083e+00
7.179894900000000462e+02 -4.439296187632003843e+00
7.518991200000000390e+02 -4.437731441641965091e+00
7.665525599999999713e+02 -4.434844194737188161e+00
8.084033299999999826e+02 -4.435293616857884480e+00
8.132546899999999823e+02 -4.430923069873343501e+00
8.553040099999999484e+02 -4.431512514384744250e+00
8.680657800000000179e+02 -4.428801305380986264e+00
9.034266599999999698e+02 -4.428580390998746452e+00
9.230386899999999741e+02 -4.426561492634442985e+00
9.420667499999999563e+02 -4.421355650416791683e+00
9.663297199999999521e+02 -4.421357706165430557e+00
1.001191900000000032e+03 -4.419679606150043405e+00
1.021646899999999960e+03 -4.417030219938100188e+00
1.055287700000000086e+03 -4.415190500771231541e+00
1.079443899999999985e+03 -4.413181288564532956e+00
1.091614900000000034e+03 -4.406239753509884061e+00
1.118249600000000100e+03 -4.407420132887464703e+00
1.141620799999999917e+03 -4.401641984180532319e+00
1.160826499999999896e+03 -4.399725857419976904e+00
1.210195099999999911e+03 -4.402081794577940244e+00
1.214646500000000060e+03 -4.396156292877170024e+00
1.245435699999999997e+03 -4.392011598976919728e+00
1.255678699999999935e+03 -4.387520192392186935e+00
1.290125199999999950e+03 -4.386015009408448684e+00
1.318575499999999920e+03 -4.385238541371603738e+00
1.343174700000000030e+03 -4.382790474693629257e+00
1.357833200000000033e+03 -4.378031342331507147e+00
1.385278499999999894e+03 -4.373735088246528235e+00
1.402452700000000050e+03 -4.373224625023995671e+00
1.454858600000000024e+03 -4.367966670461792766e+00
1.459418599999999969e+03 -4.376951953162159903e+00
1.487460399999999936e+03 -4.367664882795613046e+00
1.510637899999999945e+03 -4.365418889598510432e+00
1.540948699999999917e+03 -4.362914157062617981e+00
1.568872299999999996e+03 -4.363901231454348384e+00
1.583339699999999993e+03 -4.360808195632304596e+00
1.607263599999999997e+03 -4.354886598699145850e+00
1.645824800000000096e+03 -4.353642684731316770e+00
1.667901800000000094e+03 -4.356305504032002673e+00
1.713194999999999936e+03 -4.356997040738416871e+00
1.728557399999999916e+03 -4.354998600263422226e+00
1.749448200000000043e+03 -4.342446662291407300e+00
1.753139300000000048e+03 -4.348756014376448320e+00
1.806354700000000093e+03 -4.344879019040646995e+00
1.815675999999999931e+03 -4.342832165919781495e+00
1.856420399999999972e+03 -4.341427840893284262e+00
1.867554399999999987e+03 -4.340600878946615282e+00
1.897503200000000106e+03 -4.334781210687280506e+00
1.932684199999999919e+03 -4.339207310943078433e+00
1.934551799999999957e+03 -4.334702029910145527e+00
1.961441199999999981e+03 -4.332484433832260784e+00
2.004080600000000004e+03 -4.331148316673252729e+00
2.006179100000000062e+03 -4.327059485469233913e+00
2.034744599999999991e+03 -4.325854219646443788e+00
2.054627800000000207e+03 -4.324309912218678775e+00
2.100447299999999814e+03 -4.319381401704471379e+00
2.110704400000000078e+03 -4.329561765632096382e+00
2.155070499999999811e+03 -4.320809730708772278e+00
2.158284799999999905e+03 -4.325927481400856145e+00
2.196261800000000221e+03 -4.319575640041127151e+00
2.218903800000000047e+03 -4.318962377761677018e+00
2.254871399999999994e+03 -4.319077887176631769e+00
2.270106900000000223e+03 -4.312519264176723155e+00
2.294816299999999956e+03 -4.316496897872466931e+00
2.322516399999999976e+03 -4.314321114701010984e+00
2.348078399999999874e+03 -4.316311702670638795e+00
2.371710199999999986e+03 -4.314109829198054413e+00
2.392306799999999839e+03 -4.311637951094620114e+00
2.421058500000000095e+03 -4.310372283107748004e+00
2.456767199999999775e+03 -4.307358069127177558e+00
