1.031341400000000021e+02 1.747962650111947980e+01
1.268632199999999983e+02 1.751421738245471360e+01
1.525699999999999932e+02 1.754101109301852190e+01
1.750107700000000079e+02 1.757465805007123905e+01
1.999237500000000125e+02 1.760195196417667418e+01
2.266012900000000059e+02 1.764242163647465844e+01
2.509198399999999936e+02 1.767332688784856387e+01
2.734669299999999907e+02 1.771411357622633886e+01
3.020274200000000064e+02 1.774634795440667645e+01
3.228036999999999921e+02 1.779125432525951567e+01
3.500840299999999843e+02 1.782298544677386687e+01
3.716020899999999756e+02 1.787071290453897987e+01
3.986298600000000079e+02 1.790457103602686928e+01
4.206913700000000063e+02 1.795469672297985042e+01
4.490201900000000137e+02 1.799965550580093421e+01
4.728235399999999800e+02 1.803892072053734807e+01
5.011454400000000078e+02 1.808486566252798866e+01
5.258500900000000229e+02 1.813413393038876364e+01
5.424008099999999786e+02 1.819795440667616759e+01
5.696011999999999489e+02 1.823774730307347980e+01
6.067752100000000155e+02 1.828815285975982263e+01
6.177725900000000365e+02 1.834687868919193932e+01
6.501420000000000528e+02 1.840560706289436155e+01
6.724677000000000362e+02 1.845550478322817156e+01
7.020006300000000010e+02 1.851736820679829165e+01
7.192341000000000122e+02 1.859193364543049043e+01
7.538473199999999679e+02 1.861246285365357167e+01
7.633178500000000213e+02 1.869441481783024628e+01
8.006707900000000109e+02 1.873608029717077272e+01
8.198804000000000087e+02 1.881792845511906975e+01
8.468924600000000282e+02 1.884844697740687991e+01
8.654225800000000390e+02 1.890823631182576747e+01
8.930438500000000204e+02 1.897912019132912675e+01
9.157696200000000317e+02 1.903027732546305728e+01
9.520307299999999486e+02 1.907948656625280037e+01
9.670359700000000203e+02 1.915394311011601758e+01
9.987085399999999709e+02 1.921118664766944661e+01
1.019494699999999966e+03 1.928037248117239955e+01
1.048663199999999961e+03 1.932048697333604892e+01
1.065811300000000074e+03 1.941438174231630498e+01
1.095694500000000062e+03 1.946871565235090529e+01
1.123607999999999947e+03 1.953118715652350801e+01
1.140274400000000014e+03 1.959678862202320460e+01
1.172179799999999886e+03 1.963309434154284716e+01
1.203597700000000032e+03 1.974540759210258400e+01
1.211695999999999913e+03 1.975255750050885339e+01
1.249748199999999997e+03 1.983400010177081185e+01
1.266546800000000076e+03 1.989536993690209599e+01
1.296087600000000066e+03 1.995005241196824741e+01
1.315293499999999995e+03 2.001937461835945342e+01
1.345985100000000102e+03 2.009674587828211045e+01
1.365389699999999948e+03 2.017162222674536665e+01
1.396469299999999976e+03 2.021794015876246675e+01
1.419031099999999924e+03 2.028501831874618233e+01
1.444392000000000053e+03 2.035964481986566099e+01
1.469802599999999984e+03 2.040659576633421324e+01
1.498873299999999972e+03 2.048544168532464838e+01
1.520533400000000029e+03 2.052028852025239303e+01
1.546850200000000086e+03 2.060852890291064554e+01
1.566394800000000032e+03 2.065342153470384545e+01
1.598903499999999894e+03 2.074756411561164171e+01
1.614166300000000092e+03 2.083264705882352885e+01
1.652417899999999918e+03 2.091277936087929845e+01
1.676431299999999965e+03 2.098244860573987580e+01
1.697916400000000067e+03 2.100118206798290288e+01
1.724729800000000068e+03 2.108990738856095959e+01
1.755606700000000046e+03 2.118680795847750886e+01
1.755761099999999942e+03 2.115692041522491351e+01
1.798335499999999911e+03 2.129608233258701233e+01
1.817823399999999992e+03 2.135495165886423763e+01
1.852632100000000037e+03 2.141981426826786006e+01
1.858143100000000004e+03 2.151363779767962470e+01
1.893328800000000001e+03 2.156736260940362371e+01
1.909602499999999964e+03 2.165146499084062981e+01
1.943299299999999903e+03 2.173342509668227152e+01
1.972993899999999940e+03 2.185021270099735347e+01
2.018641499999999951e+03 2.195433492774272466e+01
2.021049999999999955e+03 2.192218705475269758e+01
2.044396400000000085e+03 2.200199521677183156e+01
2.046333599999999933e+03 2.220473336047221480e+01
2.092578199999999924e+03 2.211377875025442563e+01
2.119094900000000052e+03 2.232922348870344109e+01
2.152888899999999921e+03 2.240893700386729037e+01
2.166933399999999892e+03 2.241681610014247994e+01
2.206931900000000041e+03 2.249097496438021793e+01
2.213431799999999839e+03 2.267161255851821977e+01
2.253630299999999806e+03 2.271632352941176336e+01
2.254343800000000101e+03 2.279040453897822260e+01
2.308494799999999941e+03 2.289432576836962951e+01
2.318995199999999841e+03 2.291644361897008153e+01
2.364214100000000144e+03 2.313394718094850333e+01
2.370065799999999854e+03 2.313040250356197802e+01
2.401096100000000206e+03 2.334528801139833121e+01
2.414781300000000101e+03 2.318698503969061520e+01
2.458109899999999925e+03 2.340343832688784786e+01
