1.018820099999999940e+02 1.113468959902300170e+01
1.271030800000000056e+02 1.114749185833503020e+01
1.497940600000000018e+02 1.115732902503561874e+01
1.755724099999999908e+02 1.116868054142071998e+01
1.967563100000000134e+02 1.118073529411764611e+01
2.228267800000000136e+02 1.119495267657235793e+01
2.489953399999999988e+02 1.120293303480561775e+01
2.727165699999999902e+02 1.122170211683289232e+01
2.969748599999999783e+02 1.123220130266639494e+01
3.231658899999999903e+02 1.124501323020557741e+01
3.476526999999999816e+02 1.126089761856299631e+01
3.723287700000000200e+02 1.127349328312639898e+01
3.986002300000000105e+02 1.128727406879706940e+01
4.210312400000000252e+02 1.130255800936291521e+01
4.496023599999999760e+02 1.131628485650315596e+01
4.700840600000000222e+02 1.132375279869733475e+01
4.994423600000000079e+02 1.133902401791166348e+01
5.216886700000000019e+02 1.135969061673112179e+01
5.492162100000000464e+02 1.137939497252188126e+01
5.703515700000000379e+02 1.139566049257073033e+01
5.987890700000000379e+02 1.141506208019539947e+01
6.184563200000000052e+02 1.143156421738245498e+01
6.439631500000000415e+02 1.145156167311215079e+01
6.635336200000000417e+02 1.146090423366578470e+01
6.995948300000000017e+02 1.147742418074496129e+01
7.204385600000000522e+02 1.149198147771219247e+01
7.449640500000000429e+02 1.150783838795033631e+01
7.667034499999999753e+02 1.152465652350905678e+01
8.026527800000000070e+02 1.153428760431508238e+01
8.168868999999999687e+02 1.156924994911459414e+01
8.499140700000000379e+02 1.158827752900468155e+01
8.656870099999999866e+02 1.160452829228577265e+01
9.014361000000000104e+02 1.161986260940362392e+01
9.192396999999999707e+02 1.164051292489313916e+01
9.494610999999999876e+02 1.166753969061673146e+01
9.683558600000000069e+02 1.169123040911866518e+01
9.899838700000000244e+02 1.170254274374109471e+01
1.018058999999999969e+03 1.172908253612863838e+01
1.047152700000000095e+03 1.174650875228984326e+01
1.074195899999999938e+03 1.177078465296153098e+01
1.112297399999999925e+03 1.179304701811520495e+01
1.116444799999999987e+03 1.182119682475066114e+01
1.148866800000000012e+03 1.182738041929574635e+01
1.160328500000000076e+03 1.187234530836555990e+01
1.190139799999999923e+03 1.188065031548951822e+01
1.206487800000000107e+03 1.190530073274984701e+01
1.238073599999999942e+03 1.193384337472013179e+01
1.267226000000000113e+03 1.194241960105841649e+01
1.292126700000000028e+03 1.198677640952574741e+01
1.311334200000000010e+03 1.199330042743741132e+01
1.351855299999999943e+03 1.203456492977813852e+01
1.373013799999999947e+03 1.204822918786891783e+01
1.397038800000000037e+03 1.207611591695501652e+01
1.418550099999999929e+03 1.209399704864644853e+01
1.441683099999999968e+03 1.212640494606146824e+01
1.458918300000000045e+03 1.214662629757785517e+01
1.489514200000000073e+03 1.216503511093018552e+01
1.514758299999999963e+03 1.218004986769794407e+01
1.549954199999999901e+03 1.220709749643802233e+01
1.556564800000000105e+03 1.223546305719519722e+01
1.592968800000000101e+03 1.226319916547934064e+01
1.609367700000000013e+03 1.229088845918990458e+01
1.648766300000000001e+03 1.231825921025849802e+01
1.667638099999999895e+03 1.234465245267657174e+01
1.707489000000000033e+03 1.238047832281701588e+01
1.717876600000000053e+03 1.237860624872786452e+01
1.735995899999999892e+03 1.240692295949521728e+01
1.763311200000000099e+03 1.241361795237126131e+01
1.808594800000000077e+03 1.245873702422145435e+01
1.816654199999999946e+03 1.247171738245471140e+01
1.852632399999999961e+03 1.252902045593323876e+01
1.864144500000000107e+03 1.251760736820679831e+01
1.903284499999999980e+03 1.255539995929167496e+01
1.920479000000000042e+03 1.256259312029309960e+01
1.955428799999999910e+03 1.260036332179930696e+01
1.963037399999999934e+03 1.260269438225117078e+01
1.995133599999999888e+03 1.265257683696315993e+01
1.996637199999999893e+03 1.264611235497659258e+01
2.048472699999999804e+03 1.268879706900061066e+01
2.057352600000000166e+03 1.269925351109301914e+01
2.109525999999999840e+03 1.274884439242825174e+01
2.113278099999999995e+03 1.272895328719723196e+01
2.161940999999999804e+03 1.278232240993283142e+01
2.170349200000000110e+03 1.280780683899857486e+01
2.179085799999999836e+03 1.283916904131895009e+01
2.195993800000000192e+03 1.286667514756767794e+01
2.251836999999999989e+03 1.289291369835131285e+01
2.266719999999999800e+03 1.288791726032973806e+01
2.306405299999999897e+03 1.290279717077142152e+01
2.311626400000000103e+03 1.291448351312843457e+01
2.360236600000000180e+03 1.295127773254630554e+01
2.371649199999999837e+03 1.296646549969468865e+01
2.411430100000000039e+03 1.301269183798086715e+01
2.414387000000000171e+03 1.296945552615509811e+01
2.451097200000000157e+03 1.304612405861998781e+01
