1.031482799999999997e+02 2.335207358029717284e+01
1.265489199999999954e+02 2.336415937309179824e+01
1.509753900000000044e+02 2.337179269285568850e+01
1.740054399999999930e+02 2.338503002238957862e+01
2.003222100000000125e+02 2.339684714024017964e+01
2.259318600000000004e+02 2.341037756971300610e+01
2.476567799999999977e+02 2.341699063708528428e+01
2.723836900000000014e+02 2.342673824547119921e+01
2.987305900000000065e+02 2.343776205984123706e+01
3.212641199999999913e+02 2.345768318746183567e+01
3.475061499999999910e+02 2.347175656421738310e+01
3.699289899999999989e+02 2.348864695705271899e+01
3.969953199999999924e+02 2.348623295338896710e+01
4.220303799999999796e+02 2.350616324038265859e+01
4.484569500000000062e+02 2.351196722979849341e+01
4.733488600000000019e+02 2.352636322002849667e+01
4.959328100000000177e+02 2.354292184001628385e+01
5.201998700000000326e+02 2.354423977203338225e+01
5.455636799999999766e+02 2.356673824547119622e+01
5.684987300000000232e+02 2.358782108691227108e+01
5.979585600000000341e+02 2.360342102584978718e+01
6.160910999999999831e+02 2.360761398330958727e+01
6.428586000000000240e+02 2.362630266639527576e+01
6.656420100000000275e+02 2.365041217178913158e+01
7.011709799999999859e+02 2.366280480358233262e+01
7.137854800000000068e+02 2.366903928353348263e+01
7.506102700000000141e+02 2.368618359454508493e+01
7.711829999999999927e+02 2.369317982902503417e+01
7.990776799999999866e+02 2.370170771422755962e+01
8.153226499999999533e+02 2.371019183798086871e+01
8.465562200000000530e+02 2.373213413393039062e+01
8.655391399999999749e+02 2.374631538774679385e+01
9.031696200000000090e+02 2.375466873600651496e+01
9.270177300000000287e+02 2.378502646041115653e+01
9.432050799999999526e+02 2.377946417667413215e+01
9.599165699999999788e+02 2.383138153877467857e+01
1.008426299999999969e+03 2.381529157337675429e+01
1.014874199999999973e+03 2.384511652757988998e+01
1.042482199999999921e+03 2.386463158966008535e+01
1.069907600000000002e+03 2.387341390189293833e+01
1.100086199999999963e+03 2.389685171992672608e+01
1.114394999999999982e+03 2.393041013637288827e+01
1.145366400000000112e+03 2.392267606350498710e+01
1.160521500000000060e+03 2.396485599430083369e+01
1.194146700000000010e+03 2.395544015876246746e+01
1.218842900000000100e+03 2.399439344595969814e+01
1.249770899999999983e+03 2.401372124974557565e+01
1.261090599999999995e+03 2.402123600651333390e+01
1.291993300000000090e+03 2.405625330755139402e+01
1.322429200000000037e+03 2.404902300020354389e+01
1.324637400000000071e+03 2.410949318135558883e+01
1.376316399999999931e+03 2.408867697944229391e+01
1.393721199999999953e+03 2.414242774272338821e+01
1.406337099999999964e+03 2.413098921229391536e+01
1.440624800000000050e+03 2.417190616731121366e+01
1.466087500000000091e+03 2.416827549358843896e+01
1.491464699999999993e+03 2.421618410339914718e+01
1.519310799999999972e+03 2.420939802564624443e+01
1.550342699999999923e+03 2.425254834113576408e+01
1.574668799999999919e+03 2.426973132505597519e+01
1.604707699999999932e+03 2.429998473437817808e+01
1.612340400000000045e+03 2.428484072867901489e+01
1.641365199999999959e+03 2.433575513942601276e+01
1.669675500000000056e+03 2.434873905963769403e+01
1.702359999999999900e+03 2.437615916955017425e+01
1.716874499999999898e+03 2.439342814980663832e+01
1.741825000000000045e+03 2.441625636067576011e+01
1.763512699999999995e+03 2.442773661713820488e+01
1.814753300000000081e+03 2.445449470791776747e+01
1.815368600000000015e+03 2.448405353144718077e+01
1.842627700000000004e+03 2.452569814777121948e+01
1.859025200000000041e+03 2.452726083859149142e+01
1.878422700000000077e+03 2.456636525544474026e+01
1.906487000000000080e+03 2.457537960512924968e+01
1.949702900000000000e+03 2.458941990637085340e+01
1.960686200000000099e+03 2.457700081416649596e+01
2.000259999999999991e+03 2.461817881131691621e+01
2.013775200000000041e+03 2.462462853653572381e+01
2.061510699999999815e+03 2.465630012212497491e+01
2.065944599999999809e+03 2.465087929981681469e+01
2.084861300000000028e+03 2.469194331365764228e+01
2.113896299999999883e+03 2.473395583146753651e+01
2.141511399999999867e+03 2.474749440260533362e+01
2.156786999999999807e+03 2.476111642580907812e+01
2.181770100000000184e+03 2.478024119682475046e+01
2.220916799999999967e+03 2.482163545695094697e+01
2.251759399999999914e+03 2.483169193975167843e+01
2.255227100000000064e+03 2.484071290453897873e+01
2.286264400000000023e+03 2.486927335640138637e+01
2.318757500000000164e+03 2.490465397923875557e+01
2.321397899999999936e+03 2.491468858131488062e+01
2.372764900000000125e+03 2.494665937309179782e+01
2.382459400000000187e+03 2.497533431711785212e+01
2.399769400000000132e+03 2.501304549155302226e+01
2.460646200000000135e+03 2.507250610624872778e+01
