1.000349800000000045e+02 -3.307846938668936421e+00
1.279599699999999984e+02 -3.307508502262896499e+00
1.506634699999999896e+02 -3.307244234825955864e+00
1.507558899999999937e+02 -3.307268076350539765e+00
1.766670699999999954e+02 -3.306601478572295694e+00
2.012499099999999999e+02 -3.306365445484387600e+00
2.013216299999999990e+02 -3.306384088303073288e+00
2.260092699999999866e+02 -3.305160951073336406e+00
2.511476000000000113e+02 -3.304616202835162664e+00
2.512330599999999947e+02 -3.304638245061179536e+00
2.751406999999999812e+02 -3.303040909890454291e+00
3.009098000000000184e+02 -3.302236116103845376e+00
3.009757200000000239e+02 -3.302253055965434392e+00
3.216652100000000019e+02 -3.299548678444370609e+00
3.484726299999999810e+02 -3.299040857762476797e+00
3.485019500000000221e+02 -3.299048488451615135e+00
3.713739299999999730e+02 -3.295704328453827880e+00
4.031621900000000096e+02 -3.295360756965768800e+00
4.037726299999999924e+02 -3.295518822286049421e+00
4.248643200000000206e+02 -3.291258590411933582e+00
4.513211999999999762e+02 -3.289577001407627765e+00
4.513934199999999919e+02 -3.289595620830049860e+00
4.760498900000000049e+02 -3.286597429809123838e+00
4.998516900000000192e+02 -3.284401544208143786e+00
4.999591100000000097e+02 -3.284429314416768442e+00
5.177709200000000465e+02 -3.277213291202663026e+00
5.522720799999999599e+02 -3.277581337227755576e+00
5.528143000000000029e+02 -3.277721410122001355e+00
5.675735600000000431e+02 -3.272223111489496628e+00
6.032783500000000458e+02 -3.273085609065306656e+00
6.036331000000000131e+02 -3.273177522544648888e+00
6.216887400000000525e+02 -3.267554963712781646e+00
6.504400600000000168e+02 -3.266784617801798074e+00
6.509327500000000555e+02 -3.266912089746575543e+00
6.691678600000000188e+02 -3.261936884128410430e+00
7.056948899999999867e+02 -3.261646030159178977e+00
7.062287499999999909e+02 -3.261783840056173833e+00
7.189607300000000123e+02 -3.256945552581696379e+00
7.528597499999999627e+02 -3.255504921012744468e+00
7.528649400000000469e+02 -3.255506415387290797e+00
7.751919199999999819e+02 -3.253745919336065384e+00
7.969500600000000077e+02 -3.250616455563953178e+00
7.978145600000000286e+02 -3.250840098681502255e+00
8.178394799999999805e+02 -3.248218089187810964e+00
8.435678299999999581e+02 -3.246168535190790738e+00
8.438893299999999726e+02 -3.246252005539376650e+00
8.685053400000000465e+02 -3.244556961560514097e+00
8.995155499999999620e+02 -3.242443451588257197e+00
8.998304399999999532e+02 -3.242524856922402332e+00
9.148504900000000362e+02 -3.239962388036879748e+00
9.518308899999999539e+02 -3.239317133295377182e+00
9.521089500000000498e+02 -3.239389169997491713e+00
9.714040999999999713e+02 -3.237973167639254690e+00
1.005228700000000003e+03 -3.232554463312181880e+00
1.007012399999999957e+03 -3.236857636973438090e+00
1.007284999999999968e+03 -3.236927702417382591e+00
1.043866800000000012e+03 -3.231998096938340392e+00
1.044255799999999908e+03 -3.232098406755911313e+00
1.065232299999999896e+03 -3.230641084758334003e+00
1.103493400000000065e+03 -3.229773588558730868e+00
1.104076700000000073e+03 -3.229924586763274874e+00
1.128210700000000088e+03 -3.231862413757766728e+00
1.147438499999999976e+03 -3.226760518504175668e+00
1.148007499999999936e+03 -3.226907616332396422e+00
1.168261400000000094e+03 -3.227152862975789294e+00
1.195001199999999926e+03 -3.223543345830610640e+00
1.195815499999999929e+03 -3.223754163904946068e+00
1.215491400000000112e+03 -3.224081921721783761e+00
1.257440700000000106e+03 -3.224315618984362253e+00
1.257744899999999916e+03 -3.224394667823928362e+00
1.261106500000000096e+03 -3.220957327320102426e+00
1.302413199999999961e+03 -3.222077566084435851e+00
1.303443199999999933e+03 -3.222343688934487194e+00
1.314207900000000109e+03 -3.220420950272989025e+00
1.345088799999999992e+03 -3.219312327802066775e+00
1.345460100000000011e+03 -3.219408112702653924e+00
1.365628699999999981e+03 -3.218428274827608071e+00
1.406594399999999951e+03 -3.214283022662833389e+00
1.413281600000000026e+03 -3.217912214258627834e+00
1.414530199999999923e+03 -3.218235765498095979e+00
1.442941299999999956e+03 -3.214369527820326589e+00
1.443144199999999955e+03 -3.214422286822299135e+00
1.454467699999999923e+03 -3.214168739393297169e+00
1.493190700000000106e+03 -3.212415463228242452e+00
1.493406899999999951e+03 -3.212471049920131883e+00
1.511075399999999945e+03 -3.211784332787376517e+00
1.552339300000000094e+03 -3.208684367880675126e+00
1.557430499999999938e+03 -3.214828093800219833e+00
1.557604000000000042e+03 -3.214873354087679935e+00
1.613264400000000023e+03 -3.210696168404855833e+00
1.613631800000000112e+03 -3.210790537994549609e+00
1.620071200000000090e+03 -3.210954589586285213e+00
1.660316800000000057e+03 -3.209506700540556423e+00
1.660834800000000087e+03 -3.210919262337033064e+00
1.661621200000000044e+03 -3.211122053539409826e+00
1.699061999999999898e+03 -3.210535827470259562e+00
1.699925600000000031e+03 -3.210759339690701708e+00
1.702935400000000072e+03 -3.206734155892659199e+00
1.745037499999999909e+03 -3.205261527600630878e+00
1.755818199999999933e+03 -3.208383277384686316e+00
1.756306499999999915e+03 -3.208509410885438840e+00
1.794858699999999999e+03 -3.205889315160065145e+00
1.796016100000000051e+03 -3.206188424331929632e+00
1.811379400000000032e+03 -3.207167419862936963e+00
1.846370499999999993e+03 -3.204199220593266340e+00
1.846465400000000045e+03 -3.204223550591006386e+00
1.858202700000000050e+03 -3.204752686007493523e+00
1.900512099999999919e+03 -3.204037597600111198e+00
1.901391100000000051e+03 -3.204264887485527957e+00
1.906432800000000043e+03 -3.205363911519974351e+00
1.932097299999999905e+03 -3.200514266658760487e+00
1.932283300000000054e+03 -3.200563470840767977e+00
1.970320699999999988e+03 -3.204839191976886603e+00
1.986697499999999991e+03 -3.204877775290336572e+00
1.988021600000000035e+03 -3.205220997439152342e+00
2.016394500000000107e+03 -3.204908134860598334e+00
2.053613499999999931e+03 -3.201532328082348222e+00
2.068584199999999782e+03 -3.206519334090934592e+00
2.068664099999999962e+03 -3.206539023008948774e+00
2.114501900000000205e+03 -3.208441062664113552e+00
2.115674100000000180e+03 -3.208744913867940696e+00
2.126924100000000180e+03 -3.207659979717790932e+00
2.162282099999999900e+03 -3.204278031769108193e+00
2.162445499999999811e+03 -3.204321037203329503e+00
2.163519600000000082e+03 -3.202783274805386604e+00
2.209257300000000214e+03 -3.203009121128143288e+00
2.209791600000000017e+03 -3.203147553627958111e+00
2.219629899999999907e+03 -3.203912810419118351e+00
2.255513500000000022e+03 -3.199790086758908636e+00
2.260592500000000200e+03 -3.200750982366745934e+00
2.260845400000000154e+03 -3.200816921791199032e+00
2.290570700000000215e+03 -3.197902989496054005e+00
2.292774399999999787e+03 -3.198473300444389711e+00
2.303042800000000170e+03 -3.202067230873935522e+00
2.332730000000000018e+03 -3.197692095418456226e+00
2.332749699999999848e+03 -3.197696068781729739e+00
2.364382300000000214e+03 -3.200086426652517524e+00
2.395294300000000021e+03 -3.195835935744495870e+00
2.409384500000000116e+03 -3.202938944120368614e+00
2.412760999999999967e+03 -3.203811683936888421e+00
2.430039099999999962e+03 -3.199287423493455407e+00
2.430295500000000175e+03 -3.199352690290001799e+00
