1.225319800000000043e+02 -3.849586278525581218e+00
1.323262100000000032e+02 -3.849414231495583483e+00
1.711809399999999926e+02 -3.849447554428444107e+00
1.715829899999999952e+02 -3.849422141655638896e+00
1.816971900000000062e+02 -3.849330828710086916e+00
2.179085599999999943e+02 -3.848454910138769502e+00
2.191346499999999935e+02 -3.848661406597426726e+00
2.269739500000000021e+02 -3.847869173765643414e+00
2.667399700000000280e+02 -3.847466599487936456e+00
2.672669500000000085e+02 -3.847700839601663425e+00
2.762671000000000276e+02 -3.847186930652447323e+00
3.150476699999999823e+02 -3.846380910773891770e+00
3.153230800000000045e+02 -3.846540039723711057e+00
3.242499300000000062e+02 -3.845920726960259550e+00
3.651627599999999916e+02 -3.845387493800878520e+00
3.666821199999999976e+02 -3.845686954775092037e+00
3.756703600000000165e+02 -3.845070536770307967e+00
4.155846799999999917e+02 -3.843971006877458407e+00
4.159241499999999974e+02 -3.843969615399539297e+00
4.241352499999999850e+02 -3.843071485207842475e+00
4.628028199999999970e+02 -3.841527978612544469e+00
4.652441900000000032e+02 -3.842237077804872669e+00
4.780179800000000228e+02 -3.842320702243394059e+00
5.119177399999999807e+02 -3.839574440688720447e+00
5.124424299999999448e+02 -3.839779287652023143e+00
5.244043699999999717e+02 -3.839832454644209747e+00
5.634005499999999529e+02 -3.837931706097498008e+00
5.636222000000000207e+02 -3.838066352852548047e+00
5.703054399999999760e+02 -3.836671673162179719e+00
6.075491700000000037e+02 -3.833714329599597903e+00
6.118034499999999980e+02 -3.834863250094911358e+00
6.243035399999999981e+02 -3.834852964774579487e+00
6.622202200000000403e+02 -3.832383198942341807e+00
6.635214899999999716e+02 -3.832646633472028164e+00
6.767394299999999703e+02 -3.832894641913639600e+00
7.172703000000000202e+02 -3.830241292619269267e+00
7.205055399999999963e+02 -3.831180149777478672e+00
7.300155499999999620e+02 -3.830117966336998858e+00
7.624964199999999437e+02 -3.825480061390484465e+00
7.649034900000000334e+02 -3.826179580954248927e+00
7.742145699999999806e+02 -3.825438502206078173e+00
8.101960800000000518e+02 -3.821689909688736897e+00
8.123476200000000063e+02 -3.822180178127486450e+00
8.219093299999999545e+02 -3.821304981171797621e+00
8.572279200000000401e+02 -3.817247569154599951e+00
8.611078599999999597e+02 -3.818299460880147933e+00
8.771995699999999943e+02 -3.818556424983557740e+00
9.093510099999999738e+02 -3.813351420142575332e+00
9.117822300000000268e+02 -3.814036879685121395e+00
9.179932599999999638e+02 -3.812200665729243987e+00
9.535367400000000089e+02 -3.808117940188433970e+00
9.574215299999999615e+02 -3.809149612094181236e+00
9.715446100000000342e+02 -3.809173088852168654e+00
1.005308200000000056e+03 -3.804625544853170727e+00
1.006216699999999946e+03 -3.804893892787688081e+00
1.019923400000000015e+03 -3.804770290836264834e+00
1.065759900000000016e+03 -3.798496795962464923e+00
1.070882599999999911e+03 -3.803476723472047460e+00
1.081261400000000094e+03 -3.806303041436245760e+00
1.107344399999999951e+03 -3.795274898779175121e+00
1.112651200000000017e+03 -3.796699020658879764e+00
1.120510600000000068e+03 -3.794854178255977040e+00
1.160048299999999927e+03 -3.787788060088588260e+00
1.161546199999999999e+03 -3.791464427937544013e+00
1.167535200000000032e+03 -3.793088879125425361e+00
1.204261199999999917e+03 -3.784802750059719223e+00
1.208662199999999984e+03 -3.785971892474771394e+00
1.226163500000000113e+03 -3.786907837237004859e+00
1.260840500000000020e+03 -3.781363525404524584e+00
1.261729900000000043e+03 -3.781662606278431760e+00
1.264496599999999944e+03 -3.778943393713674048e+00
1.307886299999999892e+03 -3.776364901685377529e+00
1.315773599999999988e+03 -3.778464224969821039e+00
1.318613900000000058e+03 -3.775668425792368499e+00
1.369283400000000029e+03 -3.773811974166344729e+00
1.371463400000000092e+03 -3.770627582984207748e+00
1.379690100000000029e+03 -3.776351488959757585e+00
1.398618600000000015e+03 -3.764423439947148342e+00
1.405693700000000035e+03 -3.766266792954418463e+00
1.412737499999999955e+03 -3.764918103545610073e+00
1.456935199999999895e+03 -3.758267251964459987e+00
1.466315800000000081e+03 -3.764747992457061265e+00
1.467207499999999982e+03 -3.764882544784077467e+00
1.498568099999999959e+03 -3.755409688842302973e+00
1.508246599999999944e+03 -3.757925818153633468e+00
1.513064699999999903e+03 -3.755954773753565235e+00
1.563333699999999908e+03 -3.753557017755606573e+00
1.563788700000000063e+03 -3.757128491250899760e+00
1.566690900000000056e+03 -3.757964611410831601e+00
1.603698499999999967e+03 -3.748112873247002597e+00
1.605675400000000081e+03 -3.748600330426690164e+00
1.621045299999999997e+03 -3.748547804018936169e+00
1.646126099999999951e+03 -3.741927934809615941e+00
1.649008499999999913e+03 -3.742659099108649468e+00
1.672514200000000073e+03 -3.744713960694428412e+00
1.711521799999999985e+03 -3.737499962531786402e+00
1.713661900000000060e+03 -3.742013377716088218e+00
1.725247399999999971e+03 -3.745117456661600119e+00
1.756227799999999888e+03 -3.735129305547717049e+00
1.757838700000000017e+03 -3.735587532187505388e+00
1.766672199999999975e+03 -3.734208894243713939e+00
1.788889100000000099e+03 -3.726920652716590787e+00
1.790157699999999977e+03 -3.727194418115688634e+00
1.820551500000000033e+03 -3.730821920261248259e+00
1.831699499999999944e+03 -3.721416397662510089e+00
1.840783100000000104e+03 -3.723688869852864958e+00
1.858051699999999983e+03 -3.724285347038380767e+00
1.902672100000000000e+03 -3.721401771008598924e+00
1.903222800000000007e+03 -3.721560980991892809e+00
1.923314200000000028e+03 -3.722309964130126492e+00
1.945795699999999897e+03 -3.716563615674364662e+00
1.947218800000000101e+03 -3.716919251974000638e+00
1.966923800000000028e+03 -3.717441180389638777e+00
1.992481999999999971e+03 -3.710821687673008462e+00
2.009404999999999973e+03 -3.715196162124361212e+00
2.015053000000000111e+03 -3.715029527023883560e+00
2.041427799999999934e+03 -3.709348701200867904e+00
2.046696099999999888e+03 -3.706591284474822778e+00
2.058685399999999845e+03 -3.713801840061237591e+00
2.104681099999999788e+03 -3.706605070455789797e+00
2.109733799999999974e+03 -3.707949254512919346e+00
2.126661799999999857e+03 -3.706760804181362445e+00
2.136878099999999904e+03 -3.699029948809339441e+00
2.138748099999999795e+03 -3.699453234489200160e+00
2.181126999999999953e+03 -3.705712402651682780e+00
2.202722400000000107e+03 -3.698635463319456029e+00
2.206606699999999819e+03 -3.695071191330826288e+00
2.210497800000000097e+03 -3.700596098405198653e+00
2.235950600000000122e+03 -3.692180428319103314e+00
2.242197299999999814e+03 -3.693840867073082457e+00
2.269096300000000156e+03 -3.696312451341178473e+00
2.301813700000000154e+03 -3.692351560178351200e+00
2.302887000000000171e+03 -3.692606640018012421e+00
2.311599499999999807e+03 -3.689856857538119428e+00
2.336192500000000109e+03 -3.683283994468624201e+00
2.360439400000000205e+03 -3.685293548560312882e+00
2.362631600000000162e+03 -3.690084120806105261e+00
2.393877599999999802e+03 -3.680836981450396728e+00
2.394643300000000181e+03 -3.681057014410950234e+00
2.429597999999999956e+03 -3.684743764878184002e+00
2.460278099999999995e+03 -3.684412307530560149e+00
2.463303600000000188e+03 -3.685260254345283037e+00
