9.931822300000000325e+01 -1.458108314808964856e+00
1.259903800000000018e+02 -1.457465179927859289e+00
1.493576099999999940e+02 -1.457476204367680772e+00
1.752939700000000016e+02 -1.456930506513580914e+00
1.979962199999999939e+02 -1.456634010777151156e+00
2.244853599999999858e+02 -1.455941781368647492e+00
2.517318099999999959e+02 -1.455907981784376748e+00
2.749864000000000033e+02 -1.454828060773279086e+00
3.034506900000000087e+02 -1.454697383254508480e+00
3.209449200000000246e+02 -1.452490700362402132e+00
3.501224500000000148e+02 -1.452225917826962309e+00
3.729312300000000278e+02 -1.450482099607034892e+00
3.987296600000000240e+02 -1.449361867651652425e+00
4.210272499999999809e+02 -1.447855477343697128e+00
4.507106999999999744e+02 -1.447456524891235441e+00
4.736821199999999976e+02 -1.445668756013056999e+00
4.959642299999999864e+02 -1.443998430985645953e+00
5.192694699999999557e+02 -1.441036529715246095e+00
5.481568099999999504e+02 -1.440484433373308670e+00
5.732526699999999664e+02 -1.437953029018698592e+00
6.022425700000000006e+02 -1.436324301760532718e+00
6.239108499999999822e+02 -1.434604031570142713e+00
6.518132600000000139e+02 -1.432293851006621210e+00
6.761685800000000199e+02 -1.431603925176325065e+00
7.029622200000000021e+02 -1.430097579745285952e+00
7.136398500000000240e+02 -1.425068879689363133e+00
7.524918699999999490e+02 -1.426046444023907789e+00
7.694239099999999780e+02 -1.422719713870975289e+00
7.983200199999999995e+02 -1.422023996289449643e+00
8.129561800000000176e+02 -1.417095949980714087e+00
8.428969399999999723e+02 -1.415109385391064789e+00
8.703416600000000471e+02 -1.415864579166289827e+00
9.002955299999999852e+02 -1.415961039433139890e+00
9.202964500000000498e+02 -1.411573259005292957e+00
9.472488700000000108e+02 -1.408623990268315751e+00
9.741001199999999471e+02 -1.409977541222358521e+00
9.967018500000000358e+02 -1.406795197472980652e+00
1.013325699999999983e+03 -1.404804934920097281e+00
1.048738900000000058e+03 -1.404067981878573512e+00
1.069020899999999983e+03 -1.403544388718097835e+00
1.108023599999999988e+03 -1.402501879761494097e+00
1.119760999999999967e+03 -1.400588694195044503e+00
1.152385899999999992e+03 -1.399303818701066238e+00
1.163543799999999919e+03 -1.396731356161822868e+00
1.203553100000000086e+03 -1.398118827060253588e+00
1.213089600000000019e+03 -1.393625673778375429e+00
1.252870899999999892e+03 -1.392606349501690044e+00
1.266697100000000091e+03 -1.391659885336425040e+00
1.300223700000000008e+03 -1.390649232652493517e+00
1.314525599999999940e+03 -1.386668510503197282e+00
1.339866299999999910e+03 -1.388288688342630195e+00
1.360114199999999983e+03 -1.383698779144403535e+00
1.396223199999999906e+03 -1.389128779362421184e+00
1.396403900000000021e+03 -1.378078811638453249e+00
1.452152299999999968e+03 -1.384233097466220475e+00
1.453810699999999997e+03 -1.377156687457293582e+00
1.488800999999999931e+03 -1.378928206061295070e+00
1.515150499999999965e+03 -1.377706135837645007e+00
1.552572100000000091e+03 -1.379001115532872745e+00
1.561497800000000097e+03 -1.373179185097009647e+00
1.593284799999999905e+03 -1.372886733019397676e+00
1.608190000000000055e+03 -1.371467176419701062e+00
1.639464099999999917e+03 -1.373280680264398201e+00
1.658713400000000092e+03 -1.367747135779935341e+00
1.710984899999999925e+03 -1.369581293459284144e+00
1.713264899999999898e+03 -1.368075919340304036e+00
1.750629500000000007e+03 -1.361467348012971978e+00
1.751643399999999929e+03 -1.367245032282963235e+00
1.795074499999999944e+03 -1.365092060809144581e+00
1.816946599999999989e+03 -1.360743126559389449e+00
1.857437699999999950e+03 -1.363870865763369356e+00
1.859448499999999967e+03 -1.357495928616129888e+00
1.903861900000000105e+03 -1.360426994878069618e+00
1.928266499999999951e+03 -1.360093539826861209e+00
1.949105800000000045e+03 -1.351438220910795796e+00
1.966158200000000079e+03 -1.350187639798478667e+00
2.007966100000000097e+03 -1.348947116968355342e+00
2.009349799999999959e+03 -1.346535952480788279e+00
2.064413799999999810e+03 -1.347650189025152434e+00
2.071371799999999894e+03 -1.345678921701984443e+00
2.109781300000000101e+03 -1.337230768892089472e+00
2.113428300000000036e+03 -1.341864105960521858e+00
2.161912600000000111e+03 -1.339298222076125811e+00
2.170013300000000072e+03 -1.339520391099216834e+00
2.209550999999999931e+03 -1.338871685917783605e+00
2.211695600000000013e+03 -1.331147968085070854e+00
2.239645300000000134e+03 -1.326424000308465079e+00
2.268804599999999937e+03 -1.328941091562045429e+00
2.288603700000000117e+03 -1.327390359117159413e+00
2.307735499999999774e+03 -1.320633531968994578e+00
2.341794899999999870e+03 -1.320726881668356611e+00
2.372800499999999829e+03 -1.318975807031063319e+00
2.403765899999999874e+03 -1.315322064298069415e+00
2.409692500000000109e+03 -1.307128684271066321e+00
2.465429700000000139e+03 -1.309445401360159966e+00
