9.832455500000000370e+01 -1.523669109438095859e+00
1.268330100000000016e+02 -1.523369460686603949e+00
1.490804400000000101e+02 -1.523195665812604016e+00
1.765239500000000135e+02 -1.522735047084051496e+00
2.008851999999999975e+02 -1.522544059121106130e+00
2.248279799999999966e+02 -1.521468835003935816e+00
2.511109999999999900e+02 -1.521359743245450868e+00
2.746068200000000274e+02 -1.520033972087462271e+00
2.987520099999999843e+02 -1.519011990922381816e+00
3.220520300000000020e+02 -1.517525892630734008e+00
3.473224599999999782e+02 -1.516771248465048183e+00
3.751680700000000002e+02 -1.515851940657037877e+00
4.007094900000000166e+02 -1.514222970550321845e+00
4.202984200000000214e+02 -1.512055468582919060e+00
4.486417599999999766e+02 -1.511612940952109518e+00
4.728445600000000013e+02 -1.509619693949436403e+00
4.966417700000000082e+02 -1.507584335562551114e+00
5.243538899999999785e+02 -1.506311720862887560e+00
5.548528900000000021e+02 -1.505221609614293188e+00
5.740147299999999859e+02 -1.502479621475637517e+00
6.032994899999999916e+02 -1.501362395161324415e+00
6.257990700000000288e+02 -1.499699338697888740e+00
6.469779300000000148e+02 -1.497697597632166477e+00
6.700256500000000415e+02 -1.494201739860088862e+00
7.018331500000000460e+02 -1.492971782637029232e+00
7.165165200000000141e+02 -1.489532431995595374e+00
7.494807799999999816e+02 -1.488687414827909228e+00
7.706468399999999974e+02 -1.487809527337109028e+00
7.972734799999999495e+02 -1.485936428784096375e+00
8.146585999999999785e+02 -1.484339031151908239e+00
8.483023399999999583e+02 -1.483612274353947491e+00
8.638575700000000097e+02 -1.479804891274838052e+00
8.966583100000000286e+02 -1.479273137263812155e+00
9.187360300000000279e+02 -1.477592157353829094e+00
9.603712000000000444e+02 -1.477767137106874795e+00
9.704530200000000377e+02 -1.475859749236191343e+00
1.001150499999999965e+03 -1.475719839717283044e+00
1.015830199999999991e+03 -1.471825388058648265e+00
1.056354100000000017e+03 -1.472770226703430829e+00
1.067560999999999922e+03 -1.470159698889881073e+00
1.107147699999999986e+03 -1.469433186932004309e+00
1.111436599999999999e+03 -1.465857086289478195e+00
1.157525900000000092e+03 -1.468089460208982899e+00
1.168681299999999965e+03 -1.466305787559667673e+00
1.206607199999999921e+03 -1.464658932453797302e+00
1.210958399999999983e+03 -1.462216024920958812e+00
1.250658799999999928e+03 -1.461705656116995655e+00
1.263854499999999916e+03 -1.460732720693580067e+00
1.298435600000000022e+03 -1.462595990097165233e+00
1.314033699999999953e+03 -1.458412553597208339e+00
1.351994899999999916e+03 -1.456482589357091184e+00
1.359959800000000087e+03 -1.458072358480142716e+00
1.395700299999999970e+03 -1.456662233537706186e+00
1.413641699999999901e+03 -1.455359978558135703e+00
1.455631900000000087e+03 -1.457904625836997425e+00
1.469702500000000100e+03 -1.455356017253184975e+00
1.472809700000000021e+03 -1.447648706149968101e+00
1.501013599999999997e+03 -1.449610798119575383e+00
1.547792400000000043e+03 -1.452121971078720764e+00
1.563376600000000053e+03 -1.451408022772219919e+00
1.600358899999999949e+03 -1.451535750568024863e+00
1.618980399999999918e+03 -1.449828508953733053e+00
1.641132399999999961e+03 -1.444354041082317686e+00
1.659699000000000069e+03 -1.445327039861598273e+00
1.694751400000000103e+03 -1.447771492258848713e+00
1.707386400000000094e+03 -1.444186018726120846e+00
1.747747599999999920e+03 -1.437893955961883963e+00
1.752999900000000025e+03 -1.448680082542778358e+00
1.793056399999999940e+03 -1.445046730952377345e+00
1.805781199999999899e+03 -1.438773196301493140e+00
1.851679499999999962e+03 -1.436844906535313493e+00
1.876975400000000036e+03 -1.448016753242562960e+00
1.904967699999999923e+03 -1.439373206107954051e+00
1.925609200000000101e+03 -1.441083147231722927e+00
1.942438699999999926e+03 -1.436343382902847798e+00
1.974197200000000066e+03 -1.437900320589754921e+00
2.001458800000000110e+03 -1.433841585556866249e+00
2.017010500000000093e+03 -1.434871779623626109e+00
2.074332899999999881e+03 -1.433408194595405805e+00
2.074571199999999862e+03 -1.430795364717727836e+00
2.113686299999999846e+03 -1.428200089665942585e+00
2.129319300000000112e+03 -1.432697973495747679e+00
2.140792100000000119e+03 -1.422049377658669345e+00
2.167606000000000222e+03 -1.429224435116785763e+00
2.209164000000000215e+03 -1.428669511703027251e+00
2.209260000000000218e+03 -1.423076631670061598e+00
2.258029100000000199e+03 -1.420723189643495310e+00
2.286654300000000148e+03 -1.424575032606839819e+00
2.306952900000000227e+03 -1.417395950701807683e+00
2.309740699999999833e+03 -1.415993255394409012e+00
2.312853799999999865e+03 -1.411456816190041375e+00
2.359560599999999795e+03 -1.413782573354656069e+00
2.396996700000000146e+03 -1.410792577794548697e+00
2.408096500000000106e+03 -1.407651004061944544e+00
2.450316800000000057e+03 -1.411445702617582398e+00
