1.039228999999999985e+02 -2.798579246731618397e+00
1.278816900000000061e+02 -2.798055790258268782e+00
1.511791399999999896e+02 -2.797625052402533008e+00
1.749020600000000059e+02 -2.796848526430349757e+00
2.009532900000000097e+02 -2.796889312871365441e+00
2.241208300000000122e+02 -2.795943614752871564e+00
2.513436299999999903e+02 -2.796161944608535510e+00
2.752580500000000256e+02 -2.795058780277289934e+00
3.003676699999999755e+02 -2.794560701119175761e+00
3.240622000000000185e+02 -2.793271594569951777e+00
3.492434900000000084e+02 -2.792250164844523930e+00
3.715664300000000253e+02 -2.790560271024606909e+00
3.965964700000000107e+02 -2.789497501205075558e+00
4.216825499999999920e+02 -2.788241453728280028e+00
4.462430899999999951e+02 -2.786953095499851152e+00
4.737050899999999842e+02 -2.786503108626113612e+00
4.971099300000000198e+02 -2.784716101063828386e+00
5.185380199999999604e+02 -2.782303419451561677e+00
5.492662900000000263e+02 -2.782016014845121177e+00
5.756953999999999496e+02 -2.780544323885218105e+00
5.990408400000000029e+02 -2.778109352872131677e+00
6.178402099999999564e+02 -2.775031698916219369e+00
6.490563700000000154e+02 -2.774595693280832887e+00
6.709470400000000154e+02 -2.772311044785478185e+00
7.020493999999999915e+02 -2.771022141058089083e+00
7.174805400000000191e+02 -2.767409118300463877e+00
7.509778199999999515e+02 -2.766491740687621714e+00
7.689366599999999607e+02 -2.763085608380344560e+00
8.002804800000000114e+02 -2.762382330615348103e+00
8.189894600000000082e+02 -2.759417987245553316e+00
8.454041399999999840e+02 -2.756693634436891305e+00
8.698697799999999916e+02 -2.755179948856764316e+00
8.947487200000000485e+02 -2.751916148431476916e+00
9.127957699999999477e+02 -2.749795999485543430e+00
9.472672000000000025e+02 -2.749909056640262417e+00
9.708595800000000509e+02 -2.747141018366193066e+00
9.981523700000000190e+02 -2.744927716811480956e+00
1.014643699999999967e+03 -2.742379584371842594e+00
1.051123800000000074e+03 -2.742528155156708003e+00
1.071069199999999910e+03 -2.738625461964046437e+00
1.094074100000000044e+03 -2.736008876319394822e+00
1.113373399999999947e+03 -2.732990598559060569e+00
1.147899300000000039e+03 -2.733058913763811493e+00
1.173310699999999997e+03 -2.731854401323929427e+00
1.205286599999999908e+03 -2.730700443742614780e+00
1.218164500000000089e+03 -2.727462265001095787e+00
1.252490800000000036e+03 -2.725461424166917279e+00
1.259000099999999975e+03 -2.720907692443178316e+00
1.283577199999999948e+03 -2.718316674535055544e+00
1.316508199999999988e+03 -2.720386527344473393e+00
1.360054300000000012e+03 -2.721539186331876969e+00
1.372553599999999960e+03 -2.717740074757613034e+00
1.390506499999999960e+03 -2.712811950908838199e+00
1.422518399999999929e+03 -2.713758741118947881e+00
1.439617700000000013e+03 -2.710682303723275233e+00
1.467929799999999886e+03 -2.709656236873313695e+00
1.487698900000000094e+03 -2.707491245676262537e+00
1.514749700000000075e+03 -2.707345600642892869e+00
1.547132399999999961e+03 -2.707526403912727364e+00
1.576340200000000095e+03 -2.705711793609860916e+00
1.595119599999999991e+03 -2.700517995940736604e+00
1.613119599999999991e+03 -2.700260047565508970e+00
1.649402900000000045e+03 -2.700357334549035038e+00
1.663520999999999958e+03 -2.697703002404233885e+00
1.698562799999999925e+03 -2.694169597454015186e+00
1.718142900000000054e+03 -2.696593899871630562e+00
1.745301699999999983e+03 -2.694483044518251713e+00
1.767520700000000033e+03 -2.691109400432093679e+00
1.796466200000000072e+03 -2.689796896905030099e+00
1.810549600000000055e+03 -2.689665295727366345e+00
1.853822599999999966e+03 -2.690367798683778844e+00
1.862747800000000097e+03 -2.682960047964146888e+00
1.882226100000000088e+03 -2.684467334907254976e+00
1.911197400000000016e+03 -2.680896591769867054e+00
1.939306199999999990e+03 -2.680610609792688503e+00
1.968960100000000011e+03 -2.678984294893525409e+00
1.987906300000000101e+03 -2.677728031127636132e+00
2.017267000000000053e+03 -2.676363644631210903e+00
2.056017199999999775e+03 -2.679053437252256309e+00
2.066388399999999820e+03 -2.672816829748678735e+00
2.096564600000000155e+03 -2.673499567886730155e+00
2.111372699999999895e+03 -2.669405255024630996e+00
2.164636399999999867e+03 -2.666862443737579635e+00
2.164921600000000126e+03 -2.670093765718211554e+00
2.209692100000000210e+03 -2.670592826215555604e+00
2.211193400000000111e+03 -2.663188452840872245e+00
2.239007500000000164e+03 -2.661686401065237018e+00
2.258692100000000210e+03 -2.658855711892928131e+00
2.300485599999999977e+03 -2.664185759068970594e+00
2.323997100000000046e+03 -2.660260540587217726e+00
2.338262999999999920e+03 -2.656017255055209247e+00
2.385365699999999833e+03 -2.647738409305328666e+00
2.402499299999999948e+03 -2.660605807593583005e+00
2.406471399999999903e+03 -2.659570594328722226e+00
2.465461299999999937e+03 -2.654987460269723876e+00
