1.025581600000000009e+02 2.322383472420109740e+01
1.278795099999999962e+02 2.322620089558314760e+01
1.508095199999999920e+02 2.324891614085080604e+01
1.761123699999999985e+02 2.325164665174028045e+01
1.993599700000000041e+02 2.326183391003460343e+01
2.234039199999999994e+02 2.327164359861591691e+01
2.483778200000000140e+02 2.329194382251170481e+01
2.723897600000000239e+02 2.329500966822715213e+01
2.972551000000000272e+02 2.331645074292692854e+01
3.219976300000000151e+02 2.333102330551598058e+01
3.476536800000000085e+02 2.333966670059027138e+01
3.738654099999999971e+02 2.334099989822918886e+01
3.976745500000000106e+02 2.335040250356197689e+01
4.230567399999999907e+02 2.335251017708121424e+01
4.446015499999999747e+02 2.338976338286179413e+01
4.713696800000000167e+02 2.339232444534907529e+01
4.963255199999999832e+02 2.340792540199470650e+01
5.180182300000000168e+02 2.341418888662731490e+01
5.457582599999999502e+02 2.343599786281294328e+01
5.670153099999999995e+02 2.343597038469366822e+01
5.959817199999999957e+02 2.344478221046203714e+01
6.219672799999999597e+02 2.347361693466313781e+01
6.528028299999999717e+02 2.348296814573580349e+01
6.701615000000000464e+02 2.349070679829025110e+01
6.960700100000000248e+02 2.351414716059434085e+01
7.127979400000000396e+02 2.352320730714431107e+01
7.482906400000000531e+02 2.353387187054752872e+01
7.738415899999999965e+02 2.354978831671076733e+01
8.011283100000000559e+02 2.357503154895176323e+01
8.224467200000000275e+02 2.358854671280276705e+01
8.435005700000000388e+02 2.359500915937309173e+01
8.691421500000000151e+02 2.360851618155912846e+01
8.971531499999999824e+02 2.363087980867087268e+01
9.160443199999999706e+02 2.364653775697130200e+01
9.409286299999999983e+02 2.366331467535110988e+01
9.699084500000000162e+02 2.370167107673519169e+01
9.901996100000000069e+02 2.367373905963769687e+01
1.020491899999999987e+03 2.375063403215957791e+01
1.059239000000000033e+03 2.369483869326277059e+01
1.067853399999999965e+03 2.378062283737024174e+01
1.091174700000000030e+03 2.375307704050478108e+01
1.122250800000000027e+03 2.381718807246081937e+01
1.152250399999999900e+03 2.377500152656218191e+01
1.169144399999999905e+03 2.384521880724608067e+01
1.195076700000000073e+03 2.384790046814573472e+01
1.223712600000000066e+03 2.385125127213515128e+01
1.250249399999999923e+03 2.389531548951760698e+01
1.271260899999999992e+03 2.390492774272338750e+01
1.292356199999999944e+03 2.391900976999796313e+01
1.311016499999999951e+03 2.393719519641766880e+01
1.348879899999999907e+03 2.396336606961123650e+01
1.362817900000000009e+03 2.397612507632810974e+01
1.395883100000000013e+03 2.398832637899450404e+01
1.414242999999999938e+03 2.403346682271524415e+01
1.454541799999999967e+03 2.404599277427233872e+01
1.462015799999999899e+03 2.404258854060655537e+01
1.507791300000000092e+03 2.407761856299613257e+01
1.508971900000000005e+03 2.409462141257887069e+01
1.550757800000000088e+03 2.412069763891716079e+01
1.558405799999999999e+03 2.413329432118868212e+01
1.583110300000000052e+03 2.416338184408711598e+01
1.615690000000000055e+03 2.417834876857317283e+01
1.655926899999999932e+03 2.421147872990026428e+01
1.658825399999999945e+03 2.420270710360268396e+01
1.699051300000000083e+03 2.423245827396702623e+01
1.702564800000000105e+03 2.425316201913291181e+01
1.747362000000000080e+03 2.426768013433747129e+01
1.775428599999999960e+03 2.426499643802157635e+01
1.793794399999999996e+03 2.430907439446366780e+01
1.812498299999999972e+03 2.433442703032769927e+01
1.836845800000000054e+03 2.434966161204966184e+01
1.882562899999999900e+03 2.438500865051902977e+01
1.886166400000000067e+03 2.435544880928149780e+01
1.923778099999999995e+03 2.439261347445552630e+01
1.968707799999999907e+03 2.442023203745166171e+01
1.983761700000000019e+03 2.442516893954813639e+01
2.004597999999999956e+03 2.445987583960920020e+01
2.029102599999999939e+03 2.445821901078770466e+01
2.035503799999999956e+03 2.452240942397720502e+01
2.070708799999999883e+03 2.453553938530429335e+01
2.086920999999999822e+03 2.455643191532668368e+01
2.113500599999999849e+03 2.456948046000406904e+01
2.159242000000000189e+03 2.460923519234683354e+01
2.176374099999999999e+03 2.459177488296356628e+01
2.193197200000000066e+03 2.464122328516181426e+01
2.200867900000000191e+03 2.462652757989008734e+01
2.262442900000000009e+03 2.467057296967229618e+01
2.263358900000000176e+03 2.467643853042947200e+01
2.311299799999999777e+03 2.473851516385100524e+01
2.316014599999999973e+03 2.471542591084876861e+01
2.359058100000000195e+03 2.477354111540810067e+01
2.361150900000000092e+03 2.476147669448402056e+01
2.398938000000000102e+03 2.479332129045389621e+01
2.412258699999999862e+03 2.481933543659678421e+01
2.451716600000000199e+03 2.485043354365967616e+01
