9.995566399999999874e+01 -3.860169808623964638e+00
1.004705100000000044e+02 -3.860277463862000769e+00
1.263468000000000018e+02 -3.859911789332477472e+00
1.505095300000000123e+02 -3.860144037294164221e+00
1.507571599999999989e+02 -3.860066593150368153e+00
1.749402599999999950e+02 -3.859631503865227575e+00
1.980103200000000072e+02 -3.859529880617821096e+00
2.007213199999999915e+02 -3.859552985367732614e+00
2.245151899999999898e+02 -3.859180360104852436e+00
2.507944999999999993e+02 -3.858922588903697104e+00
2.515269600000000025e+02 -3.858829784819609809e+00
2.757533399999999801e+02 -3.859013659566176813e+00
2.986559100000000058e+02 -3.858215113778300953e+00
3.004236799999999903e+02 -3.858076249412806025e+00
3.211041399999999726e+02 -3.856895183701620766e+00
3.481679100000000062e+02 -3.856096978787286300e+00
3.505020799999999781e+02 -3.856934633727396644e+00
3.681820700000000102e+02 -3.854608000768164011e+00
3.954518800000000169e+02 -3.854712186066894919e+00
3.995675699999999892e+02 -3.855121227809697793e+00
4.224520600000000172e+02 -3.853376831511278855e+00
4.454432600000000093e+02 -3.851671471088713439e+00
4.525111899999999991e+02 -3.852016227174224205e+00
4.735541600000000244e+02 -3.849244367032857106e+00
4.984113899999999830e+02 -3.848463861121822926e+00
5.049391800000000217e+02 -3.848697984945144146e+00
5.152882499999999482e+02 -3.842249417845197357e+00
5.468787999999999556e+02 -3.843070997361708319e+00
5.482174300000000358e+02 -3.842399046433746079e+00
5.740262300000000550e+02 -3.839842863129534933e+00
5.970513399999999820e+02 -3.837293989450892173e+00
5.990966899999999669e+02 -3.837961110565858203e+00
6.200526300000000219e+02 -3.833078668798910904e+00
6.446133800000000065e+02 -3.830906230929274958e+00
6.462821699999999510e+02 -3.830922167027689174e+00
6.715438100000000077e+02 -3.827262339826777104e+00
6.973794199999999819e+02 -3.825591064237580774e+00
7.041950399999999490e+02 -3.826963051947672945e+00
7.249158300000000281e+02 -3.823135329095894264e+00
7.519118799999999965e+02 -3.821172761931416861e+00
7.531832500000000437e+02 -3.821549065128199807e+00
7.673068100000000413e+02 -3.815914056165037316e+00
7.950484400000000278e+02 -3.816390012785607855e+00
8.117107399999999870e+02 -3.816288328629759974e+00
8.130026000000000295e+02 -3.811488217114417321e+00
8.495379000000000360e+02 -3.811565468945258051e+00
8.564538000000000011e+02 -3.812707071241472345e+00
8.723563900000000331e+02 -3.809438704002700238e+00
8.913217700000000150e+02 -3.805163228080785220e+00
8.924919499999999744e+02 -3.804919640730002772e+00
9.141830800000000181e+02 -3.804270767237139417e+00
9.437996500000000424e+02 -3.801985809320813647e+00
9.511688299999999572e+02 -3.802763014038375466e+00
9.678300199999999904e+02 -3.801157328290785120e+00
9.938565399999999954e+02 -3.798326267718487248e+00
9.946598099999999931e+02 -3.798154272991134395e+00
1.012422100000000000e+03 -3.796255490614876216e+00
1.039475200000000086e+03 -3.794004852959711016e+00
1.056685699999999997e+03 -3.797322927276718829e+00
1.067811899999999923e+03 -3.794693470551943726e+00
1.090274400000000014e+03 -3.791439157093546619e+00
1.097993300000000090e+03 -3.791312775871599428e+00
1.114786499999999933e+03 -3.790751496189222358e+00
1.142362000000000080e+03 -3.787499892644105692e+00
1.144859799999999950e+03 -3.789318125199367948e+00
1.175287800000000061e+03 -3.790065856879693662e+00
1.193273200000000088e+03 -3.786658805394070626e+00
1.202434999999999945e+03 -3.788430020199949233e+00
1.208419000000000096e+03 -3.783894212779737032e+00
1.239340899999999920e+03 -3.783311862330151598e+00
1.247937100000000100e+03 -3.785850302199782913e+00
1.260966300000000047e+03 -3.782612310184854998e+00
1.308656500000000051e+03 -3.779796610910414412e+00
1.311673000000000002e+03 -3.782398133753059000e+00
1.313162199999999984e+03 -3.782526099415505438e+00
1.348643900000000031e+03 -3.780769861297538004e+00
1.351688900000000103e+03 -3.781394780860499516e+00
1.352884700000000066e+03 -3.777232872763733429e+00
1.396426699999999983e+03 -3.777890883380674580e+00
1.408906300000000101e+03 -3.780915500458199130e+00
1.413255400000000009e+03 -3.777342648445927598e+00
1.433841200000000072e+03 -3.773448886123119461e+00
1.453374000000000024e+03 -3.777122715077840809e+00
1.466429699999999912e+03 -3.776729198509745977e+00
1.491595399999999927e+03 -3.773242258711328567e+00
1.493947899999999890e+03 -3.773011021138793719e+00
1.520944999999999936e+03 -3.775023231831782233e+00
1.535711199999999963e+03 -3.775367201579430176e+00
1.556022200000000112e+03 -3.773934811989293703e+00
1.561715300000000070e+03 -3.772811588630097468e+00
1.593500399999999900e+03 -3.769544546036345256e+00
1.610101799999999912e+03 -3.774026242789054741e+00
1.612451600000000099e+03 -3.771164702083516396e+00
1.647874700000000075e+03 -3.768995848792104031e+00
1.669673800000000028e+03 -3.773236988243377610e+00
1.670925300000000107e+03 -3.772432854425673554e+00
1.709770400000000109e+03 -3.770095735440550655e+00
1.712159900000000107e+03 -3.772298396505829654e+00
1.715662299999999959e+03 -3.769313749112212619e+00
1.723777499999999918e+03 -3.763483082102439425e+00
1.750545399999999972e+03 -3.766672097431023047e+00
1.766187200000000075e+03 -3.768915183164584182e+00
1.796090799999999945e+03 -3.767156494165223801e+00
1.808764899999999898e+03 -3.768913410462545688e+00
1.814797700000000077e+03 -3.767188509064248514e+00
1.848225500000000011e+03 -3.763999607509704859e+00
1.860102200000000039e+03 -3.765494507855730255e+00
1.861275200000000041e+03 -3.766594668053379280e+00
1.902298399999999901e+03 -3.760928406572096261e+00
1.902303900000000112e+03 -3.761301037468844033e+00
1.908982999999999947e+03 -3.763476272647513721e+00
1.947664199999999937e+03 -3.764811671319120645e+00
1.961785599999999931e+03 -3.762587308919369988e+00
1.976603200000000015e+03 -3.767394088267523866e+00
1.996634299999999939e+03 -3.757267417521925168e+00
1.998325000000000045e+03 -3.762401423653544796e+00
2.017975200000000086e+03 -3.761271082186107950e+00
2.050016299999999774e+03 -3.764396294371127993e+00
2.056803499999999985e+03 -3.759206182248479688e+00
2.062011899999999969e+03 -3.763752993186195717e+00
2.080449599999999919e+03 -3.755555837892295301e+00
2.082084499999999935e+03 -3.757908168460336817e+00
2.127861899999999878e+03 -3.764235464671150666e+00
2.148849799999999959e+03 -3.759779308811323606e+00
2.154637900000000172e+03 -3.757705629577860140e+00
2.155891000000000076e+03 -3.759956407661905864e+00
2.200953100000000177e+03 -3.758518792723477109e+00
2.203065000000000055e+03 -3.758141445226234723e+00
2.203122199999999793e+03 -3.755721671197229661e+00
2.231841399999999794e+03 -3.756279475931674217e+00
2.254143799999999828e+03 -3.758449578442970562e+00
2.268856099999999969e+03 -3.759451606640025201e+00
2.296704200000000128e+03 -3.756282739004964011e+00
2.304008899999999812e+03 -3.760085611016640073e+00
2.307225699999999961e+03 -3.754834121991806661e+00
2.349503099999999904e+03 -3.756593968763334956e+00
2.354995199999999841e+03 -3.759962798778675452e+00
2.356058899999999994e+03 -3.751448859070238839e+00
2.397248799999999846e+03 -3.756481046002504431e+00
2.408433899999999994e+03 -3.757917599735622449e+00
2.410296100000000024e+03 -3.751000073926608280e+00
2.420543900000000122e+03 -3.755541558960011628e+00
