9.935779499999999587e+01 -1.525478152123469044e+00
1.271102099999999950e+02 -1.525225520939879065e+00
1.514147700000000043e+02 -1.525275525763365669e+00
1.757458799999999997e+02 -1.524502758629943777e+00
1.986644699999999943e+02 -1.523938610793456050e+00
2.238922100000000057e+02 -1.523239692065613493e+00
2.488231900000000110e+02 -1.522977081633528629e+00
2.748335000000000150e+02 -1.522220550176689224e+00
2.983634500000000003e+02 -1.521283207432443829e+00
3.217360199999999963e+02 -1.519517523624431155e+00
3.489738399999999956e+02 -1.518925875264516057e+00
3.708191100000000233e+02 -1.516645264441173202e+00
4.038746199999999931e+02 -1.517244913950375418e+00
4.195612600000000043e+02 -1.513654944861374085e+00
4.463469299999999862e+02 -1.513461926773454813e+00
4.718882800000000088e+02 -1.510585686382272641e+00
4.939154300000000148e+02 -1.508664226240784556e+00
5.217501899999999750e+02 -1.506768472132103298e+00
5.530011600000000271e+02 -1.505908176342101390e+00
5.685538400000000365e+02 -1.502042175559715531e+00
6.007877499999999600e+02 -1.502161208136311821e+00
6.149010500000000548e+02 -1.496934853496110662e+00
6.513741700000000492e+02 -1.498051342995402102e+00
6.695278799999999819e+02 -1.494816135989760930e+00
7.062649699999999484e+02 -1.495366325975794108e+00
7.171646500000000515e+02 -1.489833408038919282e+00
7.427960500000000366e+02 -1.488167451232833782e+00
7.742645700000000488e+02 -1.488184686902932263e+00
8.114166099999999915e+02 -1.487117032688770824e+00
8.135397199999999884e+02 -1.482470549818882155e+00
8.477526800000000549e+02 -1.483218700623990527e+00
8.679563100000000304e+02 -1.481301297492319424e+00
9.056850500000000466e+02 -1.480199646018654613e+00
9.216684900000000198e+02 -1.478470549746114138e+00
9.534762100000000373e+02 -1.476568402297902649e+00
9.664003199999999651e+02 -1.474750474259647559e+00
1.003293599999999969e+03 -1.473233877805093295e+00
1.014152900000000045e+03 -1.472326842837142991e+00
1.052988900000000058e+03 -1.471129392489177290e+00
1.065814100000000053e+03 -1.470786148673753457e+00
1.097305399999999963e+03 -1.469754724272076984e+00
1.114277499999999918e+03 -1.467759997078439405e+00
1.156243600000000015e+03 -1.466171658480984963e+00
1.165202399999999898e+03 -1.464684918475644304e+00
1.200919900000000098e+03 -1.464745745600946947e+00
1.218476499999999987e+03 -1.464103171533484904e+00
1.250330400000000054e+03 -1.464693727851178018e+00
1.261012300000000096e+03 -1.460895268658780166e+00
1.294637799999999970e+03 -1.460414559738770102e+00
1.302326700000000073e+03 -1.455724856056129557e+00
1.344867999999999938e+03 -1.455633732256474744e+00
1.365316499999999905e+03 -1.456598887932575526e+00
1.384038299999999936e+03 -1.456270211729190578e+00
1.417843800000000101e+03 -1.457315631344968221e+00
1.454416999999999916e+03 -1.455621793638877559e+00
1.466546100000000024e+03 -1.454665966392429510e+00
1.503041099999999915e+03 -1.457291318087912124e+00
1.508719700000000103e+03 -1.451849161984865466e+00
1.536655999999999949e+03 -1.448921190656174751e+00
1.572083499999999958e+03 -1.452730321992601770e+00
1.581539800000000014e+03 -1.446922012454527007e+00
1.610395899999999983e+03 -1.448786580435061033e+00
1.650097500000000082e+03 -1.447404651307461876e+00
1.652180499999999938e+03 -1.443844023506893226e+00
1.696877799999999979e+03 -1.442399063664626668e+00
1.697086999999999989e+03 -1.447179382544957038e+00
1.755809799999999996e+03 -1.448351541396526665e+00
1.769754400000000032e+03 -1.443593685174320740e+00
1.793881800000000112e+03 -1.445173709865766654e+00
1.822250800000000027e+03 -1.442122102442429110e+00
1.859716400000000021e+03 -1.437757278507648451e+00
1.876201000000000022e+03 -1.441731271484467669e+00
1.901602399999999989e+03 -1.442324397741282072e+00
1.912735300000000052e+03 -1.438272746781964706e+00
1.956925999999999931e+03 -1.439420869196705421e+00
1.958382599999999911e+03 -1.433548955858336749e+00
2.010535699999999906e+03 -1.438432242211764800e+00
2.019222099999999955e+03 -1.435240285942544602e+00
2.045658500000000004e+03 -1.433154867950197531e+00
2.061675200000000132e+03 -1.430121068604685464e+00
2.087059400000000096e+03 -1.426882351616439504e+00
2.116836899999999787e+03 -1.428419121469459263e+00
2.145606800000000021e+03 -1.430119485636320853e+00
2.160776100000000042e+03 -1.426413176666471827e+00
2.215166400000000067e+03 -1.422114392252070925e+00
2.223130000000000109e+03 -1.428742345551632820e+00
2.252778800000000047e+03 -1.426140561987214284e+00
2.257924700000000030e+03 -1.421620431795364237e+00
2.289152199999999993e+03 -1.419827038215395909e+00
2.313819700000000012e+03 -1.417678635367620732e+00
2.341755700000000161e+03 -1.409749467004024037e+00
2.364612799999999879e+03 -1.414665759029095193e+00
2.401408399999999801e+03 -1.411607830561512955e+00
2.409544699999999921e+03 -1.406991808226154994e+00
2.446237399999999980e+03 -1.413435112377054548e+00
