1.211709900000000033e+02 -6.217244612595844266e+00
1.313729399999999998e+02 -6.217188146384356351e+00
1.695506499999999903e+02 -6.216989149201197051e+00
1.702820600000000013e+02 -6.217296796243971357e+00
1.800377799999999979e+02 -6.217022182173239209e+00
2.183430999999999926e+02 -6.216638385177706283e+00
2.192952999999999975e+02 -6.216994969166218077e+00
2.285108199999999954e+02 -6.216550171397003943e+00
2.622483300000000099e+02 -6.214978380619092135e+00
2.648845099999999775e+02 -6.215735196033777221e+00
2.745797999999999774e+02 -6.215444450750882588e+00
3.132343500000000063e+02 -6.214875646616355276e+00
3.150044100000000071e+02 -6.215413132454003176e+00
3.241947599999999738e+02 -6.215004571479774143e+00
3.650567300000000159e+02 -6.214903131988458895e+00
3.654130099999999857e+02 -6.215083269214130901e+00
3.733051699999999755e+02 -6.214294829975960610e+00
4.126834699999999998e+02 -6.213833748392109335e+00
4.152739700000000198e+02 -6.214421009858547507e+00
4.237312299999999823e+02 -6.213766956577559064e+00
4.644423499999999763e+02 -6.213169568411500698e+00
4.672202800000000025e+02 -6.213977276936985206e+00
4.689947999999999979e+02 -6.211519274210226982e+00
5.119428700000000276e+02 -6.211388743115324296e+00
5.147251300000000356e+02 -6.212182305410194338e+00
5.220425800000000436e+02 -6.210993918289159588e+00
5.621743000000000166e+02 -6.209816762006573398e+00
5.648129999999999882e+02 -6.210574737745489848e+00
5.685027099999999791e+02 -6.208548243005667544e+00
6.113527000000000271e+02 -6.208303815671535553e+00
6.155136999999999716e+02 -6.209452791997618348e+00
6.220259300000000167e+02 -6.208169713930984379e+00
6.579286200000000235e+02 -6.205846348375333221e+00
6.635625199999999495e+02 -6.207358288783259681e+00
6.720575999999999794e+02 -6.206293699271127728e+00
7.130538999999999987e+02 -6.204969099521246534e+00
7.142239600000000337e+02 -6.205350455705373136e+00
7.239980699999999842e+02 -6.204616012058388641e+00
7.628259000000000469e+02 -6.202771527966291387e+00
7.641969299999999521e+02 -6.203047094137726702e+00
7.695664500000000317e+02 -6.201348004373504530e+00
8.062401200000000472e+02 -6.198119230331609941e+00
8.076424600000000282e+02 -6.198440545961884318e+00
8.185674800000000459e+02 -6.198294191132000641e+00
8.602587899999999763e+02 -6.196225186329924028e+00
8.636412299999999505e+02 -6.197164747730686152e+00
8.728048800000000256e+02 -6.196526915050381668e+00
9.100698800000000119e+02 -6.193333975152325976e+00
9.139261299999999437e+02 -6.194396025871171219e+00
9.214089400000000296e+02 -6.193033106918387709e+00
9.618046500000000378e+02 -6.190758412653617704e+00
9.638830199999999877e+02 -6.187816677464184956e+00
9.645669500000000198e+02 -6.191545288328922148e+00
1.006408599999999979e+03 -6.184889665998608344e+00
1.016569200000000023e+03 -6.187572866186726195e+00
1.022885999999999967e+03 -6.186156831216449881e+00
1.062739100000000008e+03 -6.183830402070412013e+00
1.064383299999999963e+03 -6.184177096979447619e+00
1.070211199999999963e+03 -6.182445377915098739e+00
1.101618699999999990e+03 -6.177481186349444542e+00
1.111566900000000032e+03 -6.180084543059917834e+00
1.125061699999999973e+03 -6.179920663080507914e+00
1.160769500000000107e+03 -6.171639118935580370e+00
1.162412600000000111e+03 -6.175344475127104715e+00
1.162561400000000049e+03 -6.175310685612950934e+00
1.211772099999999909e+03 -6.166942157046792161e+00
1.213101400000000012e+03 -6.170728714136219928e+00
1.214063900000000103e+03 -6.170901211439534961e+00
1.265529199999999946e+03 -6.166310636507062348e+00
1.266929000000000087e+03 -6.162955842616653968e+00
1.268149799999999914e+03 -6.166888887238760830e+00
1.308814800000000105e+03 -6.160537666914065014e+00
1.309835800000000063e+03 -6.160859625104068371e+00
1.325343499999999949e+03 -6.161314328683189956e+00
1.350299800000000005e+03 -6.153552208611879237e+00
1.354383700000000090e+03 -6.154619681711638535e+00
1.374474500000000035e+03 -6.156360469843768612e+00
1.399315900000000056e+03 -6.148600194786674855e+00
1.413250500000000102e+03 -6.152227500159598073e+00
1.422942000000000007e+03 -6.151275282515518583e+00
1.456841499999999996e+03 -6.145792082180433269e+00
1.466302899999999909e+03 -6.148295542956301318e+00
1.467518000000000029e+03 -6.145109772268539494e+00
1.508204099999999926e+03 -6.140718515160900282e+00
1.512386899999999969e+03 -6.141854808474815464e+00
1.515851799999999912e+03 -6.139053729356848343e+00
1.568166600000000017e+03 -6.138075805963523202e+00
1.572630000000000109e+03 -6.139338578494333731e+00
1.573381300000000010e+03 -6.135565778245095636e+00
1.593627600000000029e+03 -6.128640273245261838e+00
1.595138899999999921e+03 -6.129060487919250733e+00
1.611257299999999987e+03 -6.129187622832932725e+00
1.671238000000000056e+03 -6.131462095799466994e+00
1.672617899999999963e+03 -6.127627396524277792e+00
1.673489399999999932e+03 -6.131915387445244114e+00
1.710140799999999899e+03 -6.124501637764813822e+00
1.711584299999999985e+03 -6.124938926865097777e+00
1.715960299999999961e+03 -6.122032961869640744e+00
1.753029899999999998e+03 -6.117545867857125508e+00
1.756963600000000042e+03 -6.114879213078074471e+00
1.759874700000000075e+03 -6.119347951590130563e+00
1.800624299999999948e+03 -6.112426804777194356e+00
1.803650300000000016e+03 -6.109847596097138123e+00
1.806233999999999924e+03 -6.113898904635320264e+00
1.839755200000000059e+03 -6.105714608844347246e+00
1.843824299999999994e+03 -6.106806242822790054e+00
1.863587099999999964e+03 -6.107543754845284667e+00
1.894080999999999904e+03 -6.102103709228199335e+00
1.901071200000000090e+03 -6.103893005203968158e+00
1.916564800000000105e+03 -6.104308443868127654e+00
1.952552100000000110e+03 -6.100197466642285349e+00
1.956376600000000053e+03 -6.101151065104071236e+00
1.958960700000000088e+03 -6.098062745725158607e+00
1.984815700000000106e+03 -6.092012196250391476e+00
1.995467699999999923e+03 -6.094705396687841947e+00
2.009625600000000077e+03 -6.094161343458338820e+00
2.057695400000000063e+03 -6.094028807854888541e+00
2.064506899999999860e+03 -6.095847725577957732e+00
2.065446500000000015e+03 -6.091765371368882853e+00
2.105587899999999991e+03 -6.090999836223783603e+00
2.108693800000000010e+03 -6.091845008096180791e+00
2.115780299999999897e+03 -6.088711611507434007e+00
2.140162100000000009e+03 -6.081840560594322653e+00
2.140604699999999866e+03 -6.081897480997191074e+00
2.176842000000000098e+03 -6.086624286608358858e+00
2.188543500000000222e+03 -6.077378850504878471e+00
2.195837799999999788e+03 -6.079296630082918540e+00
2.202353200000000015e+03 -6.076083270364208921e+00
2.251772699999999986e+03 -6.075672242025150105e+00
2.254994000000000142e+03 -6.072864161404021743e+00
2.256815900000000056e+03 -6.076943951824397061e+00
2.297125300000000152e+03 -6.072791153947070697e+00
2.311296499999999924e+03 -6.076468939195190266e+00
2.314213400000000092e+03 -6.072945079829821680e+00
2.342665300000000116e+03 -6.068688412764543294e+00
2.352818600000000060e+03 -6.071301030459136605e+00
2.368973500000000058e+03 -6.072593208921245989e+00
2.408913199999999961e+03 -6.069986908287297922e+00
2.411507399999999961e+03 -6.070719131976565208e+00
2.425064100000000053e+03 -6.069345424947401035e+00
2.444477899999999863e+03 -6.062927274889455376e+00
2.447243800000000192e+03 -6.063623996359574164e+00
