1.000819500000000062e+02 -4.457759803921828912e+00
1.268964299999999952e+02 -4.457750246412068407e+00
1.495215000000000032e+02 -4.457516843091759995e+00
1.750009400000000142e+02 -4.457487970417726153e+00
1.983244799999999941e+02 -4.457259580847331648e+00
2.235427400000000091e+02 -4.457096528061518903e+00
2.482712500000000091e+02 -4.456739136674801038e+00
2.721854999999999905e+02 -4.456675873438931568e+00
2.989060699999999997e+02 -4.456556703498544714e+00
3.231864800000000173e+02 -4.456701981451329786e+00
3.492337200000000053e+02 -4.456166171569901913e+00
3.725665500000000065e+02 -4.456216542289803684e+00
4.016855699999999842e+02 -4.456424828340280975e+00
4.184067400000000134e+02 -4.454696291197740798e+00
4.487411900000000173e+02 -4.455097479293153917e+00
4.699531299999999874e+02 -4.454461200304165480e+00
5.002412100000000237e+02 -4.454133272803716181e+00
5.184266699999999446e+02 -4.453207108325845098e+00
5.464100499999999556e+02 -4.452783268220311896e+00
5.663109299999999848e+02 -4.451283527353705693e+00
6.007649099999999862e+02 -4.452242114044338450e+00
6.220839700000000221e+02 -4.450946422069898212e+00
6.529427799999999706e+02 -4.449819672855105601e+00
6.703186399999999594e+02 -4.448581676565686926e+00
7.016945699999999988e+02 -4.447132120188422633e+00
7.160963699999999790e+02 -4.444884989291001176e+00
7.550298800000000483e+02 -4.445589451880465504e+00
7.711612499999999955e+02 -4.443005356039988918e+00
7.847048899999999776e+02 -4.440231722771345702e+00
8.193371899999999641e+02 -4.438434352961746043e+00
8.516958300000000008e+02 -4.437470019084010175e+00
8.679579300000000330e+02 -4.432996505628991279e+00
8.980887099999999919e+02 -4.431421470854448152e+00
9.277037699999999631e+02 -4.430634494240064392e+00
9.568649100000000089e+02 -4.427746860681778251e+00
9.610450700000000097e+02 -4.421631250253389211e+00
9.985664299999999685e+02 -4.420882815742490202e+00
1.014725699999999961e+03 -4.416200243619075927e+00
1.051976899999999887e+03 -4.415928629286923979e+00
1.066030999999999949e+03 -4.411840593309021230e+00
1.101773500000000013e+03 -4.409947116080125795e+00
1.123030799999999999e+03 -4.407451608943990351e+00
1.142071799999999939e+03 -4.405158383294948798e+00
1.165294300000000021e+03 -4.400020909306899597e+00
1.192466899999999896e+03 -4.398680159285236257e+00
1.212010999999999967e+03 -4.393772897709514957e+00
1.251886999999999944e+03 -4.394386186756101154e+00
1.262346500000000106e+03 -4.390357680323973000e+00
1.297785499999999956e+03 -4.388867067358669161e+00
1.325592900000000100e+03 -4.387536853619733890e+00
1.352069899999999961e+03 -4.378155245193335432e+00
1.364537700000000086e+03 -4.382939533087450990e+00
1.405422800000000052e+03 -4.381158748512739010e+00
1.406862900000000081e+03 -4.374367599109406868e+00
1.440721199999999953e+03 -4.374767804338643096e+00
1.469388099999999895e+03 -4.373450954754999564e+00
1.497994200000000092e+03 -4.369989189114889427e+00
1.513118799999999965e+03 -4.367539744822104275e+00
1.539444600000000037e+03 -4.363053253355421823e+00
1.561577700000000050e+03 -4.362838249142236613e+00
1.600738800000000083e+03 -4.362322798023363646e+00
1.625271500000000060e+03 -4.361768693852448919e+00
1.653700499999999920e+03 -4.357826023229188550e+00
1.674159300000000030e+03 -4.357790686765175003e+00
1.695502799999999979e+03 -4.354844331539599267e+00
1.715178200000000061e+03 -4.351825939335236981e+00
1.757611699999999928e+03 -4.353851817840460825e+00
1.774474099999999908e+03 -4.348649817925078764e+00
1.813595199999999977e+03 -4.346138375694356348e+00
1.817237900000000081e+03 -4.343736965873770117e+00
1.862279800000000023e+03 -4.345526827795116454e+00
1.868564399999999978e+03 -4.341853944160547485e+00
1.887288399999999911e+03 -4.334242099676740345e+00
1.916287900000000036e+03 -4.337435007476543980e+00
1.946407999999999902e+03 -4.333588434994535277e+00
1.975764699999999948e+03 -4.335449963329526035e+00
2.011536700000000110e+03 -4.329378380705807494e+00
2.015887999999999920e+03 -4.335061949259031877e+00
2.061894400000000132e+03 -4.330926514918992609e+00
2.065503999999999905e+03 -4.327098728020215113e+00
2.083824500000000171e+03 -4.321753830675780783e+00
2.114346700000000055e+03 -4.320966531662655541e+00
2.137182400000000143e+03 -4.321598235794811060e+00
2.161101299999999810e+03 -4.321907689026202704e+00
2.191710300000000188e+03 -4.318907331881908007e+00
2.211871299999999792e+03 -4.317310680894062891e+00
2.233609199999999873e+03 -4.310896572914286295e+00
2.275469500000000153e+03 -4.318932114337286521e+00
2.303207399999999780e+03 -4.314145606576825998e+00
2.309681700000000092e+03 -4.313791762133578622e+00
2.349371500000000196e+03 -4.312627167164722941e+00
2.351275099999999838e+03 -4.307771382142225214e+00
2.383936000000000149e+03 -4.303432868117667454e+00
2.400157999999999902e+03 -4.307435147183848123e+00
2.419184799999999996e+03 -4.302124664148676558e+00
