1.010703699999999969e+02 -6.235946024247221331e+00
1.267920299999999969e+02 -6.235511828071365947e+00
1.497906000000000120e+02 -6.235392893600005593e+00
1.498363799999999912e+02 -6.235404728641439576e+00
1.750937099999999873e+02 -6.235302356322099726e+00
2.001778799999999876e+02 -6.235217298890718851e+00
2.002652099999999962e+02 -6.235239875434371193e+00
2.224537799999999947e+02 -6.234580275843233821e+00
2.475138599999999940e+02 -6.234509853683731784e+00
2.475239400000000103e+02 -6.234512968418474799e+00
2.734250900000000115e+02 -6.234803476443940617e+00
3.004899899999999775e+02 -6.234889036077212232e+00
3.005101199999999722e+02 -6.234894240082980765e+00
3.217382299999999873e+02 -6.234135945553878067e+00
3.498538899999999785e+02 -6.233711547729565261e+00
3.499037900000000150e+02 -6.233724447873023600e+00
3.701152700000000095e+02 -6.233388251814475645e+00
4.013550900000000183e+02 -6.233835118306646272e+00
4.014659399999999891e+02 -6.233863266384497059e+00
4.203529300000000148e+02 -6.232867138357829795e+00
4.474922199999999748e+02 -6.232387764825499943e+00
4.475089399999999955e+02 -6.232392087278378234e+00
4.671623099999999909e+02 -6.231481118138104236e+00
4.998734799999999723e+02 -6.231671781468501869e+00
5.002636899999999969e+02 -6.231772658522192643e+00
5.168750800000000254e+02 -6.230395855047351716e+00
5.528604500000000144e+02 -6.231587655898236378e+00
5.531018599999999878e+02 -6.231650065189467291e+00
5.650223899999999730e+02 -6.229039209143747868e+00
6.012716500000000224e+02 -6.230209672498742357e+00
6.012875099999999975e+02 -6.230213772624498603e+00
6.164136200000000372e+02 -6.228152770803431437e+00
6.459082899999999654e+02 -6.227583144415022254e+00
6.461190800000000536e+02 -6.227637637826640038e+00
6.686788299999999481e+02 -6.227077048779689150e+00
7.016833699999999681e+02 -6.226709013082151856e+00
7.017837500000000546e+02 -6.226734963310617488e+00
7.172451300000000174e+02 -6.224112864240227694e+00
7.566490800000000263e+02 -6.223488456435782190e+00
7.570038200000000188e+02 -6.223580672642362366e+00
7.696040699999999788e+02 -6.221861495412530196e+00
8.094808799999999565e+02 -6.223062974727329610e+00
8.096077199999999721e+02 -6.223096274246648463e+00
8.235238299999999754e+02 -6.220459385786330841e+00
8.513479399999999941e+02 -6.219614104575364344e+00
8.517843199999999797e+02 -6.219726917493253460e+00
8.646564799999999877e+02 -6.215260000623968217e+00
8.957478200000000470e+02 -6.213756208520106128e+00
8.961449800000000323e+02 -6.213858373433104099e+00
9.191150300000000470e+02 -6.212095591314870546e+00
9.546080799999999726e+02 -6.210724742109858809e+00
9.548665700000000243e+02 -6.210791566921136209e+00
9.707843000000000302e+02 -6.207693101868372310e+00
1.007845500000000015e+03 -6.205929258637491230e+00
1.008145499999999970e+03 -6.206007323464251435e+00
1.009933200000000056e+03 -6.202026165847928318e+00
1.041957799999999907e+03 -6.201700440360006006e+00
1.042452500000000100e+03 -6.201827821304927824e+00
1.067144900000000007e+03 -6.197603217703436584e+00
1.114379200000000083e+03 -6.196833866407856384e+00
1.114548900000000003e+03 -6.196876719528291666e+00
1.118389300000000048e+03 -6.191609616732633548e+00
1.140843800000000101e+03 -6.188456176291435185e+00
1.141985500000000002e+03 -6.188751837325601635e+00
1.167504200000000083e+03 -6.187514612209549014e+00
1.184728599999999915e+03 -6.182979064402711167e+00
1.185008000000000038e+03 -6.183051803719346040e+00
1.221249399999999923e+03 -6.184450237143273021e+00
1.251093100000000049e+03 -6.180873447291491907e+00
1.251418799999999919e+03 -6.180957138371792503e+00
1.265733899999999949e+03 -6.176624088811490942e+00
1.309524799999999914e+03 -6.176576599725417616e+00
1.309726300000000037e+03 -6.170197285014457300e+00
1.309823100000000068e+03 -6.176653207360210729e+00
1.359154500000000098e+03 -6.172501715650020593e+00
1.359206100000000106e+03 -6.172514546423264470e+00
1.365034200000000055e+03 -6.168290511873805393e+00
1.406062400000000025e+03 -6.168733776250769907e+00
1.406207000000000107e+03 -6.168771667083671417e+00
1.407841699999999946e+03 -6.159121503448240276e+00
1.449998499999999922e+03 -6.159243873105471501e+00
1.450342000000000098e+03 -6.159332674694213416e+00
1.466959299999999985e+03 -6.154597944563587220e+00
1.494124600000000100e+03 -6.153460731730874045e+00
1.494746399999999994e+03 -6.153621479410290362e+00
1.521241400000000112e+03 -6.151713586015365998e+00
1.545666400000000067e+03 -6.148343933164358788e+00
1.545805800000000090e+03 -6.148379970839673803e+00
1.548770400000000109e+03 -6.141027612424137416e+00
1.614108600000000024e+03 -6.140770964952334765e+00
1.617703600000000051e+03 -6.143178565071393926e+00
1.618032699999999977e+03 -6.143262626265324045e+00
1.639138599999999997e+03 -6.137321608362127812e+00
1.639369099999999889e+03 -6.137380688347091606e+00
1.668426999999999907e+03 -6.138184510929202808e+00
1.709390200000000050e+03 -6.129805251992439530e+00
1.714830200000000104e+03 -6.137369243285389686e+00
1.716045000000000073e+03 -6.137682275562721834e+00
1.743779299999999921e+03 -6.127478340081943919e+00
1.744055299999999988e+03 -6.127550200430888161e+00
1.764895199999999932e+03 -6.125540518002709156e+00
1.805478000000000065e+03 -6.127883190838339544e+00
1.805847299999999905e+03 -6.127978662240733065e+00
1.808889499999999998e+03 -6.119272967860426071e+00
1.847832400000000007e+03 -6.118082595586682437e+00
1.848017399999999952e+03 -6.118130421769847338e+00
1.862500500000000102e+03 -6.116331644181165927e+00
1.902965500000000020e+03 -6.110614146294373050e+00
1.905446599999999989e+03 -6.115059244143991712e+00
1.906055699999999888e+03 -6.115216199766503991e+00
1.947529800000000023e+03 -6.111331933367308622e+00
1.947604499999999916e+03 -6.111351244804510863e+00
1.981074499999999944e+03 -6.106666332374901529e+00
1.997907500000000027e+03 -6.107620888294162498e+00
1.999808199999999943e+03 -6.108112257085198671e+00
2.006022099999999909e+03 -6.103260298209895574e+00
2.048658100000000104e+03 -6.099922182604263554e+00
2.048898499999999785e+03 -6.099984330790387155e+00
2.066201700000000073e+03 -6.100117027342405684e+00
2.109126699999999801e+03 -6.099753583282149449e+00
2.109236100000000079e+03 -6.099781356506134067e+00
2.120252599999999802e+03 -6.097281284906143739e+00
2.148893399999999929e+03 -6.085911840202009593e+00
2.170349999999999909e+03 -6.097956355981968279e+00
2.170501800000000003e+03 -6.097996617012276133e+00
2.180155000000000200e+03 -6.090800018104531866e+00
2.180651899999999841e+03 -6.090929494355434848e+00
2.231840599999999995e+03 -6.082366537587150290e+00
2.232246799999999894e+03 -6.082472566082307353e+00
2.235995899999999892e+03 -6.094701705727320729e+00
2.249868300000000090e+03 -6.081605725788405969e+00
2.271755599999999959e+03 -6.078398264293862319e+00
2.271953100000000177e+03 -6.078447795413707944e+00
2.311463799999999992e+03 -6.077183876936030238e+00
2.350093699999999899e+03 -6.072972429168302710e+00
2.363696699999999964e+03 -6.079207882736511692e+00
2.364067500000000109e+03 -6.079304250772829654e+00
2.411170399999999972e+03 -6.078561992448484830e+00
2.411778699999999844e+03 -6.078718741255070057e+00
2.430137200000000121e+03 -6.076326065387511299e+00
2.474923999999999978e+03 -6.073469172855240572e+00
2.475144200000000183e+03 -6.073525081231080591e+00
