1.219631100000000004e+02 2.348736311825768297e+01
1.315187099999999987e+02 2.349208426623244605e+01
1.699971299999999985e+02 2.350492723386932781e+01
1.701773399999999867e+02 2.350447689802564355e+01
1.784438000000000102e+02 2.350917616527580023e+01
2.178106400000000065e+02 2.352951200895583028e+01
2.180888500000000079e+02 2.353155505800936353e+01
2.286164400000000114e+02 2.352479798493791918e+01
2.666119199999999978e+02 2.355296102177895179e+01
2.671961000000000013e+02 2.355135049867698172e+01
2.741140100000000075e+02 2.355602381437003601e+01
3.157088600000000156e+02 2.356957154488092598e+01
3.165612399999999980e+02 2.356768267860777399e+01
3.247923099999999863e+02 2.357335080398941685e+01
3.642633400000000279e+02 2.359286942804803644e+01
3.653693900000000099e+02 2.359115560757174990e+01
3.686499999999999773e+02 2.360263179320170934e+01
4.103433299999999804e+02 2.360534551190718489e+01
4.128307300000000168e+02 2.360638102992061604e+01
4.226658199999999965e+02 2.360878587421127506e+01
4.639016500000000178e+02 2.363961632403826485e+01
4.644598799999999983e+02 2.363856096071646817e+01
4.769002600000000029e+02 2.364077498473437799e+01
5.106930300000000216e+02 2.365879248931406664e+01
5.112159599999999955e+02 2.365875127213515228e+01
5.211963399999999638e+02 2.366884897211479455e+01
5.590262400000000298e+02 2.368484072867901347e+01
5.598627000000000180e+02 2.368522898432729562e+01
5.708806799999999839e+02 2.366599786281294371e+01
6.116020499999999629e+02 2.370483614899247016e+01
6.125919699999999466e+02 2.370501272135151538e+01
6.229121000000000095e+02 2.371917667412985864e+01
6.625466499999999996e+02 2.373973946672094471e+01
6.637692600000000311e+02 2.373942346834927974e+01
6.717539799999999559e+02 2.372977101567270708e+01
7.073582699999999477e+02 2.375279157337675429e+01
7.119296000000000504e+02 2.375372684714023919e+01
7.191897000000000162e+02 2.376521422755953594e+01
7.595572200000000294e+02 2.378118410339914490e+01
7.653900099999999611e+02 2.378092509668227095e+01
7.684385800000000017e+02 2.380331671076735489e+01
8.115036499999999933e+02 2.381495064115611626e+01
8.117668300000000272e+02 2.381523458172196328e+01
8.257775000000000318e+02 2.381950335843680122e+01
8.539061699999999746e+02 2.384866934663138593e+01
8.581825800000000299e+02 2.384825564828007316e+01
8.742426799999999503e+02 2.384390545491552871e+01
9.090640499999999520e+02 2.389077498473437799e+01
9.161366600000000062e+02 2.386844545084469615e+01
9.173952100000000200e+02 2.388966262975778676e+01
9.607047300000000405e+02 2.390082688784856302e+01
9.622853900000000067e+02 2.390043456136780264e+01
9.689194499999999834e+02 2.391015163851007586e+01
1.010756200000000035e+03 2.391455322613474266e+01
1.011129900000000021e+03 2.391603093832688742e+01
1.014079600000000028e+03 2.396755444738449015e+01
1.058687500000000000e+03 2.393572206391207047e+01
1.058752700000000004e+03 2.393384591899043201e+01
1.068927699999999959e+03 2.399672959495216773e+01
1.103759199999999964e+03 2.398203796051292613e+01
1.112726100000000088e+03 2.398073987380419325e+01
1.121558899999999994e+03 2.402463616934663193e+01
1.160200100000000020e+03 2.401193924282515724e+01
1.161676899999999932e+03 2.401334825971911258e+01
1.172869500000000016e+03 2.406747659271320927e+01
1.209192900000000009e+03 2.404976694484022204e+01
1.211971900000000005e+03 2.405096580500712378e+01
1.216787100000000009e+03 2.408154793405251581e+01
1.259182399999999916e+03 2.410096580500712449e+01
1.262884499999999889e+03 2.410135049867697887e+01
1.266391100000000051e+03 2.411463973132505600e+01
1.312825900000000047e+03 2.415240687970689848e+01
1.313521199999999908e+03 2.415162680643191706e+01
1.319149799999999914e+03 2.413623804192957323e+01
1.358413500000000113e+03 2.420398941583553665e+01
1.363769900000000007e+03 2.420260227966619127e+01
1.368123100000000022e+03 2.417797984937919509e+01
1.415505499999999984e+03 2.421257836352534198e+01
1.416445899999999938e+03 2.421246438021575287e+01
1.417390699999999924e+03 2.422733411357622657e+01
1.464953700000000026e+03 2.425373498880521339e+01
1.470184400000000096e+03 2.426300223895786701e+01
1.471473899999999958e+03 2.425367392631793351e+01
1.506757299999999987e+03 2.429051750457968595e+01
1.514526100000000042e+03 2.429050987176877641e+01
1.526227799999999888e+03 2.429389375127213313e+01
1.565637999999999920e+03 2.429961021778953878e+01
1.568076099999999997e+03 2.429841288418481327e+01
1.568418499999999995e+03 2.435534856503154799e+01
1.600989399999999932e+03 2.436619886016690373e+01
1.606396799999999985e+03 2.436616680236108223e+01
1.613271600000000035e+03 2.437533075513942649e+01
1.658962700000000041e+03 2.440804752696926627e+01
1.663657099999999900e+03 2.440735802971707713e+01
1.669006100000000060e+03 2.439753511093018545e+01
1.686057800000000043e+03 2.443279717077142266e+01
1.695645999999999958e+03 2.443347089354773161e+01
1.715734300000000076e+03 2.446905404030124132e+01
1.750753200000000106e+03 2.448954101363728952e+01
1.754215400000000045e+03 2.448922399755749879e+01
1.768258499999999913e+03 2.447872633828617950e+01
1.797960900000000038e+03 2.451914207205373586e+01
1.802281600000000026e+03 2.451959953185426500e+01
1.803962999999999965e+03 2.456056533686138721e+01
1.851413299999999936e+03 2.458885711377976691e+01
1.853913099999999986e+03 2.458777325463056940e+01
1.869808899999999994e+03 2.455325106859352857e+01
1.907983099999999922e+03 2.459597852635863902e+01
1.912859099999999899e+03 2.459527325463057323e+01
1.914663900000000012e+03 2.462442194178709443e+01
1.954134000000000015e+03 2.467699928760431405e+01
1.959449699999999893e+03 2.464572715245267887e+01
1.967494500000000016e+03 2.464632861795237417e+01
2.010624199999999973e+03 2.470694076938734085e+01
2.022386700000000019e+03 2.468975880317524840e+01
2.024742600000000039e+03 2.468967585996336211e+01
2.050060599999999795e+03 2.475921992672501659e+01
2.050245300000000043e+03 2.475824598005291932e+01
2.069799599999999828e+03 2.474458477508650489e+01
2.099625199999999950e+03 2.483375839609200142e+01
2.118433100000000195e+03 2.476456645634032228e+01
2.118929299999999785e+03 2.476389324241807444e+01
2.128957699999999932e+03 2.484224201099124585e+01
2.131575899999999820e+03 2.484141359658050163e+01
2.146452000000000226e+03 2.481213616934662980e+01
2.204860999999999876e+03 2.487228984327294867e+01
2.211601299999999810e+03 2.487256360675758060e+01
2.214029399999999896e+03 2.485559332383472508e+01
2.254040399999999863e+03 2.492358894768980093e+01
2.254377700000000004e+03 2.492378536535721523e+01
2.262483900000000176e+03 2.492615204559332298e+01
2.298513500000000022e+03 2.497141766741298596e+01
2.305880799999999908e+03 2.495349073885609670e+01
2.313605500000000120e+03 2.495290860981070580e+01
2.331779799999999796e+03 2.502723895786688146e+01
2.338179099999999835e+03 2.502670415224913469e+01
2.353248399999999947e+03 2.499636220232037331e+01
2.391634100000000217e+03 2.506893293303480519e+01
2.394116100000000188e+03 2.503261805414207331e+01
2.414391500000000178e+03 2.503328719723183227e+01
2.440524100000000089e+03 2.513679676368817439e+01
2.442791600000000017e+03 2.513545237125991960e+01
