9.905921399999999721e+01 -3.464630812369717816e+00
1.272265000000000015e+02 -3.464627149455187016e+00
1.503155999999999892e+02 -3.464507702650337251e+00
1.752623800000000074e+02 -3.464255588393979401e+00
1.991199300000000108e+02 -3.463723972798788964e+00
2.235659100000000024e+02 -3.463865595517169549e+00
2.525043799999999976e+02 -3.464199910866263554e+00
2.716246499999999742e+02 -3.463144611430525543e+00
3.013014299999999821e+02 -3.463398931597146291e+00
3.227031299999999874e+02 -3.463032246695977090e+00
3.477786399999999958e+02 -3.461902206741088506e+00
3.701312699999999722e+02 -3.461630938916654632e+00
4.035635800000000017e+02 -3.462177276154802641e+00
4.238604000000000269e+02 -3.461598029219687067e+00
4.568712300000000255e+02 -3.461372215989337420e+00
4.716458600000000274e+02 -3.460005460520839904e+00
5.050724999999999909e+02 -3.459942200463214323e+00
5.263988399999999501e+02 -3.459556084387108932e+00
5.553140300000000025e+02 -3.457550929326774103e+00
5.697676300000000538e+02 -3.455827773925100210e+00
6.021065800000000081e+02 -3.455406894467743850e+00
6.173560300000000325e+02 -3.452718507171267603e+00
6.512854800000000068e+02 -3.452206310244278598e+00
6.698672599999999875e+02 -3.450991853343564841e+00
6.981475299999999606e+02 -3.448757221961219255e+00
7.232946600000000217e+02 -3.448935082506508376e+00
7.505833300000000463e+02 -3.446266105631980992e+00
7.711494699999999511e+02 -3.444444861052012641e+00
7.966564499999999498e+02 -3.441306580436382045e+00
8.216753099999999677e+02 -3.441026387492296390e+00
8.568819799999999987e+02 -3.439559724401949570e+00
8.669635700000000043e+02 -3.435473516640179081e+00
9.064192399999999452e+02 -3.435182294262550062e+00
9.145750799999999572e+02 -3.431078650904687777e+00
9.482736599999999498e+02 -3.429761298287447246e+00
9.702621400000000449e+02 -3.427660138351849906e+00
1.007949600000000032e+03 -3.419894802760301999e+00
1.010639400000000023e+03 -3.425264960981365903e+00
1.042792699999999968e+03 -3.420713296747234899e+00
1.066950900000000047e+03 -3.417558153381696773e+00
1.103167300000000068e+03 -3.417191015320212077e+00
1.116789399999999887e+03 -3.412877213661222875e+00
1.150833100000000059e+03 -3.412237927353967581e+00
1.168881100000000060e+03 -3.409747476474978001e+00
1.206160200000000032e+03 -3.407575482745701656e+00
1.218081699999999955e+03 -3.403289322813367157e+00
1.249235500000000002e+03 -3.400513513808472332e+00
1.272633399999999938e+03 -3.398695758321967464e+00
1.309857199999999921e+03 -3.398170927835169497e+00
1.324226100000000088e+03 -3.394847970240517210e+00
1.328103000000000065e+03 -3.392307227907593870e+00
1.367594700000000103e+03 -3.391995806466768126e+00
1.391358999999999924e+03 -3.388611822135534801e+00
1.417559600000000046e+03 -3.386393951153124249e+00
1.457739199999999983e+03 -3.383767540399954754e+00
1.467891000000000076e+03 -3.380611298912283402e+00
1.499925799999999981e+03 -3.378675855350841140e+00
1.514846600000000080e+03 -3.376617089243650227e+00
1.547052300000000059e+03 -3.374774218755824506e+00
1.567954099999999926e+03 -3.373982553772093329e+00
1.597905500000000075e+03 -3.372103665541582806e+00
1.600103699999999890e+03 -3.365662886403266718e+00
1.651033799999999928e+03 -3.367109404495612246e+00
1.670245300000000043e+03 -3.367165568927447339e+00
1.690666699999999992e+03 -3.361714294736810604e+00
1.707660699999999906e+03 -3.359031508388289122e+00
1.730238399999999956e+03 -3.356522170805660732e+00
1.747784699999999930e+03 -3.353722242348696092e+00
1.802410399999999981e+03 -3.356832166156738406e+00
1.802974099999999908e+03 -3.353297352408721288e+00
1.839527199999999993e+03 -3.352572570436990418e+00
1.858608899999999949e+03 -3.351626422623961599e+00
1.904375999999999976e+03 -3.349828727563530784e+00
1.904622399999999971e+03 -3.347334010422944761e+00
1.954393900000000031e+03 -3.348023649319006090e+00
1.955112599999999929e+03 -3.342416652951103462e+00
2.003183099999999968e+03 -3.343710514472796103e+00
2.014430900000000065e+03 -3.342953578645812218e+00
2.041266200000000026e+03 -3.339275426317218631e+00
2.057324900000000071e+03 -3.337933891280508103e+00
2.079222900000000209e+03 -3.332661620129735880e+00
2.118466899999999896e+03 -3.337635338963873100e+00
2.154453599999999824e+03 -3.338044560788511639e+00
2.165796200000000226e+03 -3.335787656768583354e+00
2.204350699999999961e+03 -3.328597323153757337e+00
2.210552799999999934e+03 -3.333740125671067034e+00
2.223494799999999941e+03 -3.324989513374256855e+00
2.272332899999999881e+03 -3.329296490129206809e+00
2.300756300000000010e+03 -3.325081864975810930e+00
2.306556500000000142e+03 -3.324879876829379466e+00
2.346272199999999884e+03 -3.326214802683912009e+00
2.365981299999999919e+03 -3.323855031006751837e+00
2.391467500000000200e+03 -3.318331824103569527e+00
2.410870699999999943e+03 -3.320822800211281844e+00
2.451704200000000128e+03 -3.316820402042239824e+00
