1.030051700000000068e+02 -3.882356446710854669e+00
1.276440999999999946e+02 -3.882100515470142010e+00
1.524531900000000064e+02 -3.882067029096217148e+00
1.754204599999999914e+02 -3.881147259210609324e+00
2.003975800000000049e+02 -3.880914590320872826e+00
2.258193699999999922e+02 -3.880491972125927447e+00
2.487438099999999963e+02 -3.879716075894086291e+00
2.737875099999999975e+02 -3.879123558400945804e+00
3.003194300000000112e+02 -3.878938063214633747e+00
3.229741099999999960e+02 -3.877641431298182173e+00
3.494884500000000003e+02 -3.877044918708218990e+00
3.708314700000000244e+02 -3.875231759156978040e+00
3.998956600000000208e+02 -3.875020771843157075e+00
4.199284799999999791e+02 -3.873043996189416305e+00
4.483509099999999989e+02 -3.872522535700163360e+00
4.731736700000000155e+02 -3.871181622576927772e+00
4.977351400000000012e+02 -3.869270362089336057e+00
5.181229200000000219e+02 -3.866313042500474140e+00
5.484752200000000357e+02 -3.865706785335025319e+00
5.688475600000000441e+02 -3.861886732086006635e+00
5.987965500000000247e+02 -3.860819504559540150e+00
6.181402199999999993e+02 -3.857312392015131763e+00
6.537219000000000051e+02 -3.857465931106430990e+00
6.680890900000000556e+02 -3.852525291467159718e+00
6.948397800000000188e+02 -3.850719118812012898e+00
7.207053399999999783e+02 -3.849308689903862213e+00
7.558655700000000479e+02 -3.849474281275136800e+00
7.695014700000000403e+02 -3.844724702594922050e+00
7.973383900000000040e+02 -3.842424917025617059e+00
8.217852400000000443e+02 -3.840265472167004646e+00
8.458458200000000033e+02 -3.836364656508874038e+00
8.739156699999999773e+02 -3.836801049716147105e+00
8.965906999999999698e+02 -3.833107989284362027e+00
9.215491700000000037e+02 -3.832286843390751763e+00
9.473465499999999793e+02 -3.829825153341795740e+00
9.598940499999999929e+02 -3.825022727951265189e+00
9.927669700000000148e+02 -3.824682033663020952e+00
1.013674399999999991e+03 -3.822199426426043267e+00
1.045982500000000073e+03 -3.821219787994240669e+00
1.068814000000000078e+03 -3.820666710026881852e+00
1.095368500000000040e+03 -3.817647341249221782e+00
1.121195200000000114e+03 -3.818334488891235168e+00
1.145627199999999903e+03 -3.816191202976557229e+00
1.162402299999999968e+03 -3.812736734008516759e+00
1.197622599999999920e+03 -3.813440854874266428e+00
1.213433099999999968e+03 -3.811007626191460496e+00
1.253322499999999991e+03 -3.810697145535501207e+00
1.260301999999999907e+03 -3.808711336654980517e+00
1.293672800000000052e+03 -3.807836113876371442e+00
1.317580600000000004e+03 -3.807577004477543436e+00
1.342231299999999919e+03 -3.804457435780051355e+00
1.360131000000000085e+03 -3.801992405812357312e+00
1.395088700000000017e+03 -3.803351212116135027e+00
1.407666199999999890e+03 -3.800226194266697277e+00
1.446153700000000072e+03 -3.802013654818986232e+00
1.463722199999999930e+03 -3.800604769798729965e+00
1.486297199999999975e+03 -3.798219098144770989e+00
1.515367700000000013e+03 -3.798447254812928442e+00
1.549218699999999899e+03 -3.799838550660791903e+00
1.570732400000000098e+03 -3.797615464809295904e+00
1.595025699999999915e+03 -3.796828088924538047e+00
1.627665299999999888e+03 -3.797961119107784000e+00
1.658369999999999891e+03 -3.796836000995759797e+00
1.664282799999999952e+03 -3.794489348529367589e+00
1.697877899999999954e+03 -3.793215618788532417e+00
1.729207300000000032e+03 -3.795534310296511560e+00
1.748555299999999988e+03 -3.793416063937528282e+00
1.768806499999999915e+03 -3.791292100466440829e+00
1.802612300000000005e+03 -3.789893011845396842e+00
1.836189200000000028e+03 -3.795961971709427729e+00
1.843542899999999918e+03 -3.786351142379221102e+00
1.868663900000000012e+03 -3.790317993779341421e+00
1.915862499999999955e+03 -3.789337245604711413e+00
1.917592499999999973e+03 -3.788682765120556795e+00
1.944105900000000020e+03 -3.785491108239566138e+00
1.963271700000000010e+03 -3.786532761385037915e+00
2.014198100000000068e+03 -3.785299562522211669e+00
2.014890900000000101e+03 -3.789993930736986982e+00
2.060022599999999784e+03 -3.783928064127191959e+00
2.065679500000000189e+03 -3.784860259469210675e+00
2.095977899999999863e+03 -3.781419490022454255e+00
2.096995100000000093e+03 -3.780587351649952854e+00
2.148913900000000012e+03 -3.782154825591876879e+00
2.161604899999999816e+03 -3.780749512056202466e+00
2.214757099999999809e+03 -3.784619255811509930e+00
2.222368199999999888e+03 -3.782122242048115535e+00
2.256091800000000148e+03 -3.780856645610396694e+00
2.271811000000000149e+03 -3.780420677076385960e+00
2.287545700000000124e+03 -3.778689407642486842e+00
2.311173899999999776e+03 -3.778377098104376941e+00
2.357048600000000079e+03 -3.779059591046077138e+00
2.368003900000000158e+03 -3.777405086181533811e+00
2.386363100000000031e+03 -3.773572890484100384e+00
2.411275099999999838e+03 -3.780307103447948514e+00
2.453742699999999786e+03 -3.778664156529494278e+00
