9.920599799999999391e+01 -4.329893316253007995e+00
1.276093099999999936e+02 -4.330027049753022439e+00
1.497055900000000008e+02 -4.329497926796080698e+00
1.760815499999999929e+02 -4.329867675637351532e+00
1.990399400000000014e+02 -4.329323128922553110e+00
2.259622500000000116e+02 -4.329797482623738425e+00
2.507910599999999874e+02 -4.329296063527633187e+00
2.729338000000000193e+02 -4.329024524375336469e+00
2.981399299999999926e+02 -4.328706697232952649e+00
3.231789099999999735e+02 -4.328912521911347788e+00
3.481290399999999750e+02 -4.327947453220397200e+00
3.687536499999999933e+02 -4.327560518274676582e+00
4.023208000000000197e+02 -4.328789739983598395e+00
4.209009899999999789e+02 -4.327823549015671567e+00
4.478762600000000020e+02 -4.327298770808909900e+00
4.686612600000000270e+02 -4.326773419960951550e+00
4.953797099999999887e+02 -4.325752877614779557e+00
5.184391500000000406e+02 -4.325852813791293272e+00
5.431832200000000057e+02 -4.325781248353149699e+00
5.717185299999999870e+02 -4.325083748748562051e+00
6.025348800000000438e+02 -4.324880736802453107e+00
6.190105700000000297e+02 -4.319371813706593066e+00
6.487066700000000310e+02 -4.318420259355120194e+00
6.693147699999999531e+02 -4.290663902571774990e+00
6.959946700000000419e+02 -4.288300501956629596e+00
7.203725100000000339e+02 -4.268164790015852361e+00
7.489517799999999852e+02 -4.266194612609807812e+00
7.672179599999999482e+02 -4.251267943988443321e+00
7.989650100000000066e+02 -4.250150794001793741e+00
8.124771500000000515e+02 -4.239166035471221505e+00
8.520381399999999985e+02 -4.239962237845785076e+00
8.619414799999999559e+02 -4.232723038672091320e+00
9.016482700000000250e+02 -4.232528233880364255e+00
9.191188300000000027e+02 -4.227849168846233852e+00
9.492450300000000425e+02 -4.228175708039517033e+00
9.727364700000000539e+02 -4.222530516349387142e+00
1.006735400000000027e+03 -4.220292998259275841e+00
1.013839500000000044e+03 -4.214958320153392002e+00
1.045906999999999925e+03 -4.215195232085910959e+00
1.067653299999999945e+03 -4.211118376072311875e+00
1.115996200000000044e+03 -4.212960523265578239e+00
1.117862499999999955e+03 -4.206199156105878245e+00
1.151453700000000026e+03 -4.204754359110326689e+00
1.167459299999999985e+03 -4.201251071020204009e+00
1.214543899999999894e+03 -4.201914930550098681e+00
1.215046399999999949e+03 -4.196411517040479211e+00
1.257327099999999973e+03 -4.195877895739024588e+00
1.266279500000000098e+03 -4.190447256142149968e+00
1.307194500000000062e+03 -4.189432444748500295e+00
1.309694600000000037e+03 -4.187651129420416396e+00
1.344136199999999917e+03 -4.187607380686478642e+00
1.364179900000000089e+03 -4.182818996805268696e+00
1.397209700000000112e+03 -4.176655181123197558e+00
1.405051999999999907e+03 -4.182304849436323302e+00
1.443872299999999996e+03 -4.178935723798207214e+00
1.466827500000000100e+03 -4.174691186925556963e+00
1.499884199999999964e+03 -4.171024250118637866e+00
1.522311999999999898e+03 -4.172547705282577901e+00
1.537829199999999901e+03 -4.172292621772134780e+00
1.569156099999999924e+03 -4.166574487456628617e+00
1.609323200000000043e+03 -4.160526312739708743e+00
1.610382200000000012e+03 -4.165994874657758196e+00
1.637812699999999950e+03 -4.163423219065954584e+00
1.659605499999999893e+03 -4.160022591433497396e+00
1.706153000000000020e+03 -4.154136903807913228e+00
1.713401599999999917e+03 -4.163207178002297226e+00
1.745584499999999935e+03 -4.155273434632417384e+00
1.751266800000000103e+03 -4.151242524082140228e+00
1.794332499999999982e+03 -4.152444967308597690e+00
1.810466400000000021e+03 -4.147359133909406914e+00
1.862027499999999918e+03 -4.145499003995534615e+00
1.881813900000000103e+03 -4.149056427387087354e+00
1.905808199999999943e+03 -4.144365527711252994e+00
1.912736000000000104e+03 -4.139371594548261868e+00
1.946014100000000099e+03 -4.138539423053877009e+00
1.961152399999999943e+03 -4.136957198480994968e+00
1.997469200000000001e+03 -4.136845051031074583e+00
2.017746499999999969e+03 -4.137565968452917353e+00
2.043715699999999970e+03 -4.133407551355380960e+00
2.054765699999999924e+03 -4.131019437546656015e+00
2.098182099999999991e+03 -4.129671591130398056e+00
2.100836899999999787e+03 -4.128222351063053353e+00
2.147757599999999911e+03 -4.127631850578193706e+00
2.155223700000000008e+03 -4.126794685032716181e+00
2.200086499999999887e+03 -4.127724588395373040e+00
2.212720699999999852e+03 -4.124459689646554850e+00
2.248823499999999967e+03 -4.121496422070650034e+00
2.274245100000000093e+03 -4.126905171406625605e+00
2.285419300000000021e+03 -4.117335803262966110e+00
2.298622499999999945e+03 -4.117057967740292312e+00
2.357538799999999810e+03 -4.118428481152935028e+00
2.369889200000000073e+03 -4.118012766865911445e+00
2.407390800000000127e+03 -4.115461951459375101e+00
2.413222999999999956e+03 -4.117632677228272087e+00
2.451960599999999886e+03 -4.116167726644607505e+00
