1.009760299999999944e+02 -2.803417259334084477e+00
1.264147099999999995e+02 -2.802777096284549518e+00
1.505161400000000071e+02 -2.803046316027311136e+00
1.761645900000000040e+02 -2.802323399185958408e+00
2.006988499999999931e+02 -2.801810762828797596e+00
2.224206000000000074e+02 -2.800834826587418114e+00
2.472731799999999964e+02 -2.800936590978917451e+00
2.732472999999999956e+02 -2.800234971954432162e+00
3.005403999999999769e+02 -2.800073602769672210e+00
3.214766399999999749e+02 -2.798658844468273177e+00
3.493827699999999936e+02 -2.798701498181756175e+00
3.731367900000000191e+02 -2.797529999762703667e+00
3.979720399999999927e+02 -2.796956359925205859e+00
4.186043599999999856e+02 -2.794123982792448668e+00
4.498865999999999872e+02 -2.793829932939134064e+00
4.707056200000000104e+02 -2.792025212883930685e+00
4.942067700000000059e+02 -2.790446036408886776e+00
5.150076400000000376e+02 -2.786855736775852854e+00
5.550095599999999649e+02 -2.788157695075189402e+00
5.694153300000000399e+02 -2.783666322844570828e+00
5.973283500000000004e+02 -2.783277061444330513e+00
6.185072999999999865e+02 -2.779057604992845043e+00
6.527832700000000159e+02 -2.779169643346253160e+00
6.666404800000000250e+02 -2.775099809764905334e+00
6.962907900000000154e+02 -2.774776657965915660e+00
7.142821999999999889e+02 -2.768845717481914104e+00
7.506574799999999641e+02 -2.768960931304972117e+00
7.689918800000000374e+02 -2.764809022868648825e+00
8.054885699999999815e+02 -2.766744194731656226e+00
8.175592199999999821e+02 -2.760652658584151986e+00
8.458247599999999693e+02 -2.760903227955837203e+00
8.685708300000000008e+02 -2.755800586513376782e+00
9.115360500000000457e+02 -2.757120397848265014e+00
9.207754499999999780e+02 -2.752714747277608787e+00
9.593556300000000192e+02 -2.750819979789685732e+00
9.748279700000000503e+02 -2.747493457838592334e+00
9.936345800000000281e+02 -2.745458180350049293e+00
1.014677400000000034e+03 -2.742985589389173029e+00
1.046420599999999922e+03 -2.742136678784366843e+00
1.070999700000000075e+03 -2.738744529228906099e+00
1.105200100000000020e+03 -2.736735718389313732e+00
1.116473400000000083e+03 -2.734349256358784341e+00
1.145077700000000050e+03 -2.731993121454483919e+00
1.167262600000000020e+03 -2.731023495138837909e+00
1.200087700000000041e+03 -2.729407513535405005e+00
1.218192500000000109e+03 -2.725387628940187934e+00
1.257114299999999957e+03 -2.725999353290624150e+00
1.275252199999999903e+03 -2.724042066005636809e+00
1.300653800000000047e+03 -2.721173153593952065e+00
1.312462199999999939e+03 -2.719551424915394922e+00
1.342103299999999990e+03 -2.716301355205239076e+00
1.376689900000000080e+03 -2.719619689863398193e+00
1.406586900000000014e+03 -2.716594995833534032e+00
1.426300099999999929e+03 -2.714957126750325411e+00
1.452035499999999956e+03 -2.706428680887562166e+00
1.463983799999999974e+03 -2.714353906850360154e+00
1.487053900000000112e+03 -2.707672709168663872e+00
1.514533400000000029e+03 -2.705991494307031786e+00
1.547099200000000110e+03 -2.705418543624515060e+00
1.564219900000000052e+03 -2.703854966053368614e+00
1.606908300000000054e+03 -2.708308536520522392e+00
1.621649699999999939e+03 -2.701842512641840166e+00
1.652469700000000103e+03 -2.701231987138909219e+00
1.661970000000000027e+03 -2.696670957219349685e+00
1.706100200000000086e+03 -2.693680805350978424e+00
1.711836999999999989e+03 -2.696306565043537162e+00
1.748525900000000092e+03 -2.695719017085422387e+00
1.770386700000000019e+03 -2.691941708680581247e+00
1.818951299999999947e+03 -2.690848599006958164e+00
1.819295599999999922e+03 -2.693227908653230251e+00
1.862637699999999995e+03 -2.683494173971626928e+00
1.863031999999999925e+03 -2.689426761740359328e+00
1.873461199999999963e+03 -2.684043587227246341e+00
1.931172299999999950e+03 -2.684191632791582016e+00
1.953363800000000083e+03 -2.679853877576050980e+00
1.967249199999999973e+03 -2.680602750356058994e+00
1.997161100000000033e+03 -2.677550003123236433e+00
2.015451999999999998e+03 -2.677640003966048177e+00
2.048985799999999927e+03 -2.677144544601850029e+00
2.062399100000000089e+03 -2.673320220122641810e+00
2.090886700000000019e+03 -2.672264111344920590e+00
2.110347299999999905e+03 -2.672431894742916203e+00
2.147438999999999851e+03 -2.674279691712226459e+00
2.155860599999999977e+03 -2.666452619489158238e+00
2.198159200000000055e+03 -2.665737486878685836e+00
2.200573199999999815e+03 -2.664073491655274406e+00
2.245250799999999799e+03 -2.664688012551097884e+00
2.271205699999999979e+03 -2.664687154470684938e+00
2.307116899999999987e+03 -2.655580420020618782e+00
2.311185500000000047e+03 -2.662265452115455844e+00
2.342340499999999793e+03 -2.656608668986803146e+00
2.354279700000000048e+03 -2.652885806615457032e+00
2.385113899999999830e+03 -2.651726285699957053e+00
2.400065500000000156e+03 -2.647457641582596555e+00
2.415354800000000068e+03 -2.651341992697736849e+00
