9.977653100000000563e+01 -1.482338795330168990e+00
1.275793400000000020e+02 -1.481967805880411992e+00
1.491694599999999866e+02 -1.481595078603570093e+00
1.759382899999999950e+02 -1.481040695031427212e+00
1.997469600000000014e+02 -1.480644723056360634e+00
2.223297900000000027e+02 -1.479345240074921852e+00
2.495356600000000071e+02 -1.479349545315536307e+00
2.745973000000000184e+02 -1.478587484924600792e+00
2.984919699999999807e+02 -1.477324828503149279e+00
3.224576200000000199e+02 -1.476210432266523709e+00
3.501494999999999891e+02 -1.475638467476843241e+00
3.731255199999999945e+02 -1.474489176615810804e+00
4.011509500000000230e+02 -1.473674263449939348e+00
4.237012599999999907e+02 -1.471857824652840874e+00
4.456365299999999934e+02 -1.469689479196516713e+00
4.734661600000000021e+02 -1.469183402340910050e+00
5.021440900000000056e+02 -1.468450617339943642e+00
5.183021999999999707e+02 -1.464155899210903611e+00
5.530599999999999454e+02 -1.464278415131666122e+00
5.713642800000000079e+02 -1.461716674482360423e+00
6.061461299999999710e+02 -1.461840421037140070e+00
6.163550099999999929e+02 -1.457071925892334807e+00
6.583869999999999436e+02 -1.458448260088842874e+00
6.705724900000000162e+02 -1.453700629750143136e+00
7.025796199999999772e+02 -1.454132803958491094e+00
7.200866999999999507e+02 -1.449901659615503879e+00
7.531076500000000351e+02 -1.449027689148460585e+00
7.703958800000000338e+02 -1.446748872669449959e+00
7.944191799999999830e+02 -1.443866660789478118e+00
8.192221700000000055e+02 -1.443279694329921536e+00
8.481095199999999750e+02 -1.441952717609616741e+00
8.700524100000000089e+02 -1.439146407208318657e+00
9.019294399999999996e+02 -1.436504036110029414e+00
9.179905599999999595e+02 -1.435533318020625337e+00
9.574273699999999963e+02 -1.435555202860016255e+00
9.657665799999999763e+02 -1.431340812455815570e+00
1.006059099999999944e+03 -1.430803384122897537e+00
1.013259199999999964e+03 -1.427478716275112802e+00
1.047523200000000088e+03 -1.426875010033262114e+00
1.067619599999999991e+03 -1.426466625074928274e+00
1.104078400000000101e+03 -1.426193904732770523e+00
1.111447100000000091e+03 -1.422695746199367672e+00
1.145113399999999956e+03 -1.421642387252727513e+00
1.159731500000000096e+03 -1.418388483391350041e+00
1.199099899999999934e+03 -1.419457307349469399e+00
1.208719000000000051e+03 -1.415762680618913860e+00
1.245959599999999909e+03 -1.414833481685068506e+00
1.267059099999999944e+03 -1.414486168505420860e+00
1.282310300000000097e+03 -1.413627156883592972e+00
1.321768299999999954e+03 -1.412171668141700032e+00
1.350036700000000110e+03 -1.410556347529622556e+00
1.363311599999999999e+03 -1.407867473286418925e+00
1.407670599999999922e+03 -1.410734303054927974e+00
1.414487399999999980e+03 -1.406295635102046360e+00
1.444903800000000047e+03 -1.405662950894639440e+00
1.455452900000000000e+03 -1.400658523783666842e+00
1.498749099999999999e+03 -1.403086086075080896e+00
1.512915999999999940e+03 -1.401325399622458168e+00
1.548271099999999933e+03 -1.399887542185863643e+00
1.566847999999999956e+03 -1.401182814955704403e+00
1.603485100000000102e+03 -1.401878334042040875e+00
1.605370200000000068e+03 -1.393070280140286554e+00
1.645114700000000084e+03 -1.395726461667404106e+00
1.662973899999999958e+03 -1.392527218512925824e+00
1.693904600000000073e+03 -1.390613385660155910e+00
1.714402100000000019e+03 -1.391060066943285545e+00
1.742330400000000054e+03 -1.387187273537146881e+00
1.758591499999999996e+03 -1.386503395720573462e+00
1.794197200000000066e+03 -1.389291680995808242e+00
1.806978100000000040e+03 -1.385626024031949344e+00
1.861022200000000112e+03 -1.385824448756988403e+00
1.883421000000000049e+03 -1.385786977167199119e+00
1.906749000000000024e+03 -1.376561216272374821e+00
1.913591599999999971e+03 -1.378360136105870826e+00
1.959753400000000056e+03 -1.382724879830522280e+00
1.963738299999999981e+03 -1.374997931859047062e+00
2.011032699999999977e+03 -1.371137512684290627e+00
2.016442299999999932e+03 -1.376340907337161745e+00
2.055015699999999924e+03 -1.365910039435161316e+00
2.071438400000000001e+03 -1.374068060560857063e+00
2.104323699999999917e+03 -1.363231838884237712e+00
2.108649300000000039e+03 -1.369779819856831615e+00
2.137244099999999889e+03 -1.360181253438390581e+00
2.171003400000000056e+03 -1.362818230350309801e+00
2.194551100000000133e+03 -1.356387867948534165e+00
2.206248599999999897e+03 -1.354846822149703645e+00
2.247230500000000120e+03 -1.356352053549893633e+00
2.271763899999999921e+03 -1.354714322079125788e+00
2.304306799999999839e+03 -1.349674836594987326e+00
2.331702099999999973e+03 -1.349191577540408415e+00
2.350500700000000052e+03 -1.333264192669902037e+00
2.369425999999999931e+03 -1.344667292782755208e+00
2.399901400000000194e+03 -1.338644915188509588e+00
2.411961200000000190e+03 -1.330373696428508890e+00
2.465428100000000086e+03 -1.328942239916378165e+00
