1.256026600000000002e+02 -4.407823576753610695e+00
1.338792599999999879e+02 -4.406933423784486159e+00
1.726302399999999864e+02 -4.405928068977174483e+00
1.727878499999999917e+02 -4.406104169480165922e+00
1.822354300000000080e+02 -4.405285871066762837e+00
2.190880600000000129e+02 -4.403454420164229610e+00
2.197093199999999911e+02 -4.403727892073547423e+00
2.304107500000000073e+02 -4.403257553218082876e+00
2.697632100000000150e+02 -4.401927996242656960e+00
2.704498500000000263e+02 -4.402221321537178156e+00
2.760175300000000220e+02 -4.400494485927908705e+00
3.165293399999999906e+02 -4.399455331979673645e+00
3.173762300000000209e+02 -4.399770850406119038e+00
3.246692199999999957e+02 -4.398482866938790536e+00
3.677878400000000170e+02 -4.397727028897574719e+00
3.693587999999999738e+02 -4.398238028155718737e+00
3.755117000000000189e+02 -4.396493798446488022e+00
4.141275299999999788e+02 -4.394639643488862824e+00
4.152009600000000091e+02 -4.394999326445576671e+00
4.258024599999999964e+02 -4.394423263608082664e+00
4.640108700000000113e+02 -4.392919359509637189e+00
4.654607899999999745e+02 -4.393376830595545179e+00
4.725518900000000144e+02 -4.392112931767481854e+00
5.128978100000000495e+02 -4.390997358468944789e+00
5.136431400000000167e+02 -4.391264944430447237e+00
5.233632499999999936e+02 -4.390780635965858103e+00
5.614828999999999724e+02 -4.389179034978780258e+00
5.642098799999999983e+02 -4.389955609366559486e+00
5.714049199999999473e+02 -4.388617675337608937e+00
6.087183099999999740e+02 -4.386947982038629235e+00
6.101186800000000403e+02 -4.387363028156715750e+00
6.202225300000000061e+02 -4.386923222310485926e+00
6.634988700000000108e+02 -4.386725917036033984e+00
6.638243400000000065e+02 -4.386885774995041842e+00
6.667211200000000417e+02 -4.385082289214193629e+00
7.130491700000000037e+02 -4.385197115476402452e+00
7.131364099999999553e+02 -4.385145376060409106e+00
7.163264900000000353e+02 -4.383269790293437218e+00
7.572154900000000453e+02 -4.382874147876758997e+00
7.587444600000000037e+02 -4.383220668843012646e+00
7.689924200000000383e+02 -4.383011431958510506e+00
8.167347700000000259e+02 -4.384569584943081466e+00
8.173083699999999681e+02 -4.384813638297098137e+00
8.183796599999999444e+02 -4.381637199122367043e+00
8.554935000000000400e+02 -4.380223825767648904e+00
8.585159499999999753e+02 -4.381044116602246241e+00
8.653955399999999827e+02 -4.380626616998839040e+00
9.087423900000000003e+02 -4.380700542202128567e+00
9.111789700000000494e+02 -4.381385402880551005e+00
9.127107399999999870e+02 -4.379033940191862762e+00
9.560164700000000266e+02 -4.379585633183912918e+00
9.581267900000000282e+02 -4.380170934420411832e+00
9.627212100000000419e+02 -4.378711370210160325e+00
1.005736300000000028e+03 -4.379317684761323548e+00
1.009202800000000025e+03 -4.380253432871791475e+00
1.009771299999999997e+03 -4.377465432989009919e+00
1.052997100000000046e+03 -4.378445068224606551e+00
1.056167300000000068e+03 -4.379288849493406133e+00
1.067686300000000074e+03 -4.379312028336575402e+00
1.104187799999999925e+03 -4.377590698921542511e+00
1.106565499999999929e+03 -4.378169507497895019e+00
1.113343800000000101e+03 -4.377154582844413611e+00
1.153303200000000061e+03 -4.375128380141212858e+00
1.155910399999999981e+03 -4.378010616329577331e+00
1.156513500000000022e+03 -4.378203625147716771e+00
1.203168699999999944e+03 -4.376764974091500449e+00
1.203697200000000066e+03 -4.376878296347428865e+00
1.212113299999999981e+03 -4.376050311118921066e+00
1.247097999999999956e+03 -4.376500312807280579e+00
1.250206200000000081e+03 -4.375065090063174011e+00
1.251476300000000037e+03 -4.377628984744272422e+00
1.303605099999999993e+03 -4.377859184667412862e+00
1.305700100000000020e+03 -4.378369387581225070e+00
1.320062899999999900e+03 -4.378853778315352052e+00
1.349642399999999952e+03 -4.377212503909068353e+00
1.352653700000000072e+03 -4.377999635430071201e+00
1.360089699999999993e+03 -4.377595406937266453e+00
1.398476000000000113e+03 -4.377604161004460259e+00
1.401468699999999899e+03 -4.378378393275591307e+00
1.401597099999999955e+03 -4.375347522505670383e+00
1.453944400000000087e+03 -4.378480178904768039e+00
1.454744699999999966e+03 -4.378714754048839808e+00
1.456003799999999956e+03 -4.376731076739006632e+00
1.491824200000000019e+03 -4.375537516350651579e+00
1.495679900000000089e+03 -4.376558869214912662e+00
1.515230399999999918e+03 -4.378485543868217533e+00
1.540873800000000074e+03 -4.376096401900266386e+00
1.543187500000000000e+03 -4.376729497687686710e+00
1.552896400000000085e+03 -4.377728806582308785e+00
1.605362699999999904e+03 -4.380783942706468537e+00
1.605368699999999990e+03 -4.380754250186599030e+00
1.611994500000000016e+03 -4.378695525102073383e+00
1.652361400000000003e+03 -4.379837360082062148e+00
1.653572599999999966e+03 -4.380130023462604605e+00
1.656419100000000071e+03 -4.377249372803682981e+00
1.701643800000000056e+03 -4.377540339101093636e+00
1.704094700000000103e+03 -4.376641531542397878e+00
1.707767700000000104e+03 -4.377552198717921783e+00
1.740662700000000086e+03 -4.378647906626206066e+00
1.745225599999999986e+03 -4.379789597491464015e+00
1.750681800000000067e+03 -4.377982547822613313e+00
1.803004899999999907e+03 -4.380043916490960143e+00
1.803778099999999995e+03 -4.377116081715374030e+00
1.809741299999999910e+03 -4.381818027551235062e+00
1.840422100000000000e+03 -4.379890018010617503e+00
1.844198399999999992e+03 -4.380898884288262352e+00
1.866290799999999990e+03 -4.383008031630474477e+00
1.886757499999999936e+03 -4.379805238186138538e+00
1.891914899999999989e+03 -4.381186157504892265e+00
1.915665799999999990e+03 -4.383947497934214788e+00
1.936721099999999979e+03 -4.379687017893702183e+00
1.940094499999999925e+03 -4.380499267717190115e+00
1.964458599999999933e+03 -4.384245918632463379e+00
1.999341799999999921e+03 -4.381102969782706857e+00
2.004313000000000102e+03 -4.383223153467863398e+00
2.008684099999999944e+03 -4.384389094938774711e+00
2.026109899999999925e+03 -4.377141924867379075e+00
2.030806399999999940e+03 -4.378240299321197959e+00
2.063120899999999892e+03 -4.382987076255405512e+00
2.078991199999999935e+03 -4.380689854590126053e+00
2.079617999999999938e+03 -4.380955497555836686e+00
2.110933899999999994e+03 -4.384922032242682732e+00
2.137775799999999890e+03 -4.382419461578015429e+00
2.138629800000000159e+03 -4.382582737071447632e+00
2.151314800000000105e+03 -4.381926584812003256e+00
2.203769800000000032e+03 -4.383753224656103065e+00
2.207439100000000053e+03 -4.384733208053739340e+00
2.212903099999999995e+03 -4.383994783836719478e+00
2.248618800000000192e+03 -4.385268101050570522e+00
2.255531100000000151e+03 -4.385060563841405745e+00
2.268735000000000127e+03 -4.388530161470741042e+00
2.300982899999999972e+03 -4.387941738076504450e+00
2.305299700000000030e+03 -4.389075221399362903e+00
2.315660699999999906e+03 -4.389180878275025677e+00
2.335789900000000216e+03 -4.384777105478845804e+00
2.337876000000000204e+03 -4.385378840254253063e+00
2.367170399999999972e+03 -4.388492072691036583e+00
2.384456000000000131e+03 -4.386540380090538704e+00
2.391959699999999884e+03 -4.388416730944932453e+00
2.417107399999999870e+03 -4.390301791563850031e+00
2.455536700000000110e+03 -4.386395649367551108e+00
2.459149499999999989e+03 -4.387286275728818907e+00
