9.870609600000000228e+01 1.848938530429472848e+01
9.916133499999999401e+01 1.848685579075921126e+01
1.273486800000000017e+02 1.850457408915123381e+01
1.493223999999999876e+02 1.851309027071036084e+01
1.513704899999999895e+02 1.851280327702015072e+01
1.752990299999999877e+02 1.852855739873804453e+01
2.006503600000000063e+02 1.854166191736209868e+01
2.008705799999999897e+02 1.854446621209037005e+01
2.244644900000000121e+02 1.855645990230001985e+01
2.500248200000000054e+02 1.856377773254630625e+01
2.506105799999999988e+02 1.856157134133930242e+01
2.738157600000000116e+02 1.857654131894972593e+01
2.983097000000000207e+02 1.858655861998778747e+01
2.984988599999999792e+02 1.860653928353348263e+01
3.212986200000000281e+02 1.860129452473030653e+01
3.477130199999999718e+02 1.861622226745369346e+01
3.518978299999999990e+02 1.861919041318949652e+01
3.740107300000000237e+02 1.861644870751068481e+01
3.952569300000000112e+02 1.864116018725829349e+01
3.981846300000000269e+02 1.865023356401384191e+01
4.204604299999999739e+02 1.862983360472216532e+01
4.486571000000000140e+02 1.865124516588642578e+01
4.503788799999999810e+02 1.863432322409932596e+01
4.738841400000000021e+02 1.863024933848971898e+01
4.992186300000000188e+02 1.866425859963362655e+01
5.007031200000000126e+02 1.864443975167921863e+01
5.253093599999999697e+02 1.862255088540606707e+01
5.470881000000000540e+02 1.865779513535517964e+01
5.477056599999999662e+02 1.863814166497048674e+01
5.675357999999999947e+02 1.864761754528801063e+01
6.006408999999999878e+02 1.865779462650111853e+01
6.081695499999999583e+02 1.865383625076328045e+01
6.162617299999999432e+02 1.865435273763484858e+01
6.479388199999999642e+02 1.867068440871157975e+01
6.513218900000000531e+02 1.865902808874414731e+01
6.605549499999999625e+02 1.868138255648280222e+01
6.962046699999999646e+02 1.868740382658253552e+01
7.057204000000000406e+02 1.867339303887645130e+01
7.239092799999999670e+02 1.866403368613881497e+01
7.464441000000000486e+02 1.869090474251984446e+01
7.528710999999999558e+02 1.871251628332993988e+01
7.685639499999999771e+02 1.866593629147160627e+01
7.923397200000000566e+02 1.870846020761245398e+01
8.019217800000000125e+02 1.871335640138408252e+01
8.213995400000000018e+02 1.872436749440260684e+01
8.494327899999999545e+02 1.875697435375534283e+01
8.510770700000000488e+02 1.874277834317117808e+01
8.656977500000000418e+02 1.873408864237736537e+01
8.884817699999999832e+02 1.877336403419499433e+01
9.007486199999999599e+02 1.873438326887848504e+01
9.170547199999999748e+02 1.878443924282515809e+01
9.419760199999999486e+02 1.877650926114390373e+01
9.478701499999999669e+02 1.877324852432322544e+01
9.742859300000000076e+02 1.877912833299409812e+01
9.983107800000000225e+02 1.882145532261347398e+01
1.001902500000000032e+03 1.879724150213718659e+01
1.017868500000000040e+03 1.881841797272542038e+01
1.050498399999999947e+03 1.880478170160797902e+01
1.052844399999999951e+03 1.883629401587624486e+01
1.070538999999999987e+03 1.886189700793812207e+01
1.098275300000000016e+03 1.885929421941786899e+01
1.109771999999999935e+03 1.888272084266232298e+01
1.120848700000000008e+03 1.887176317932017255e+01
1.153395999999999958e+03 1.889530633014451411e+01
1.155889300000000048e+03 1.888436037044575500e+01
1.171891499999999951e+03 1.892422247099531774e+01
1.196561099999999897e+03 1.892871514349684503e+01
1.213691299999999956e+03 1.890500356197842535e+01
1.214596000000000004e+03 1.893093476490942351e+01
1.251792400000000043e+03 1.893556584571544832e+01
1.254011199999999917e+03 1.893058111133726840e+01
1.261615399999999909e+03 1.894095817219621480e+01
1.287525499999999965e+03 1.894713464278445159e+01
1.305836499999999887e+03 1.895663036841034099e+01
1.310984799999999950e+03 1.896275188276002410e+01
1.340657899999999927e+03 1.898772186037044563e+01
1.350547100000000000e+03 1.901221351516385027e+01
1.367968299999999999e+03 1.901283126399348689e+01
1.387125399999999900e+03 1.906652350905760329e+01
1.405864600000000110e+03 1.907475575005088331e+01
1.415583000000000084e+03 1.904500457968654459e+01
1.442734699999999975e+03 1.907183899857520970e+01
1.462774499999999989e+03 1.906884388357418914e+01
1.468641800000000103e+03 1.908626653775696980e+01
1.491466100000000097e+03 1.913378892733564030e+01
1.506984500000000025e+03 1.909498473437817978e+01
1.507861400000000003e+03 1.906181610014247951e+01
1.540542599999999993e+03 1.913207103602686843e+01
1.560774100000000089e+03 1.916030836556075911e+01
1.564149100000000089e+03 1.912016690413189579e+01
1.600256200000000035e+03 1.919569662120903786e+01
1.600989100000000008e+03 1.917489161408508025e+01
1.604238100000000031e+03 1.920415530225931278e+01
1.642253799999999956e+03 1.922612304091186886e+01
1.643365099999999984e+03 1.920354722165682659e+01
1.653390200000000050e+03 1.924986311825768226e+01
1.682480199999999968e+03 1.927364695705271913e+01
1.714942900000000009e+03 1.925445959698758358e+01
1.725543100000000095e+03 1.922182525951557253e+01
1.736866400000000112e+03 1.932527732546305543e+01
1.744459700000000112e+03 1.929298035823325819e+01
1.748104800000000068e+03 1.927955068186443910e+01
1.795652800000000070e+03 1.933527223692245300e+01
1.807589999999999918e+03 1.935625025442703162e+01
1.813576299999999947e+03 1.932699623447995307e+01
1.852867700000000013e+03 1.938090932220639218e+01
1.856700100000000020e+03 1.933660645226948915e+01
1.868875999999999976e+03 1.935028190514960400e+01
1.895553799999999910e+03 1.940291726032973685e+01
1.895711399999999912e+03 1.940796102177895222e+01
1.904833399999999983e+03 1.941865153673926514e+01
1.946385500000000093e+03 1.945797679625483312e+01
1.953028900000000021e+03 1.943610166904132086e+01
1.963607899999999972e+03 1.944907897415021480e+01
1.996337500000000091e+03 1.945659474862609528e+01
2.000085800000000063e+03 1.950306940769387509e+01
2.012268199999999979e+03 1.948609556279259181e+01
2.032810500000000047e+03 1.950047781396295576e+01
2.048474900000000162e+03 1.952797883167107784e+01
2.054400399999999991e+03 1.952524272338693123e+01
2.090626200000000154e+03 1.961340525137390500e+01
2.097532499999999800e+03 1.957741095053938807e+01
2.110454299999999876e+03 1.955134795440667617e+01
2.148051899999999932e+03 1.957838235294117624e+01
2.162518599999999878e+03 1.959012466924486162e+01
2.162681700000000092e+03 1.955249287604315356e+01
2.201095299999999952e+03 1.967111184612253183e+01
2.222622100000000046e+03 1.962289130877264398e+01
2.224495899999999892e+03 1.966561571341339132e+01
2.237340200000000095e+03 1.968889069814777315e+01
2.248335300000000188e+03 1.965117596173417169e+01
2.255436000000000149e+03 1.968784042336657691e+01
2.305010299999999916e+03 1.972018980256462228e+01
2.310616500000000087e+03 1.968914716059434156e+01
2.314825100000000020e+03 1.969852076124567475e+01
2.342901800000000094e+03 1.977950946468552829e+01
2.361603099999999813e+03 1.974711683289232766e+01
2.367305199999999786e+03 1.977475320578058415e+01
2.394036099999999806e+03 1.977368512110726684e+01
2.402306999999999789e+03 1.978576989619377358e+01
2.413933300000000145e+03 1.980666955017300879e+01
2.463423899999999776e+03 1.985619936902096683e+01
