1.216292100000000005e+02 -6.190980515105745319e+00
1.328479199999999878e+02 -6.191112100050016664e+00
1.683680799999999920e+02 -6.190100386329711490e+00
1.695344800000000021e+02 -6.190513871844912863e+00
1.802924399999999991e+02 -6.190382846896008928e+00
2.179168600000000140e+02 -6.189688177368363853e+00
2.186580399999999997e+02 -6.189986646507254164e+00
2.279555900000000008e+02 -6.189474005665560163e+00
2.653829799999999750e+02 -6.188504504173556242e+00
2.675550099999999816e+02 -6.189159646318663555e+00
2.760069799999999987e+02 -6.188482344742747721e+00
3.153509700000000180e+02 -6.187891794928442657e+00
3.171086900000000242e+02 -6.188438811981928467e+00
3.277488399999999729e+02 -6.188207108942174628e+00
3.632130999999999972e+02 -6.186339808196692935e+00
3.661960500000000138e+02 -6.187192376808949845e+00
3.759951699999999732e+02 -6.186688294531577981e+00
4.107984999999999900e+02 -6.184490858901655841e+00
4.133283700000000067e+02 -6.185211031691723704e+00
4.259016599999999926e+02 -6.185476539558548481e+00
4.639532500000000255e+02 -6.183954992800703820e+00
4.667513099999999895e+02 -6.184764343353531757e+00
4.735647799999999847e+02 -6.183427857476635481e+00
5.142210499999999911e+02 -6.182314050535703487e+00
5.156654800000000023e+02 -6.182600959257548823e+00
5.203350900000000365e+02 -6.180903098577532617e+00
5.634683800000000247e+02 -6.180171661612838818e+00
5.647388200000000325e+02 -6.180578968025429276e+00
5.715813900000000558e+02 -6.179185380612183032e+00
6.128175999999999704e+02 -6.177903465919365900e+00
6.139969499999999698e+02 -6.178283152920961641e+00
6.240205899999999701e+02 -6.177603549519717241e+00
6.649366899999999987e+02 -6.175734096790661098e+00
6.662605200000000423e+02 -6.172959093226217497e+00
6.664270000000000209e+02 -6.176206894494675304e+00
7.169034799999999450e+02 -6.173492788419932431e+00
7.174651900000000069e+02 -6.170531956451775102e+00
7.184862900000000536e+02 -6.174000694004863732e+00
7.614731399999999439e+02 -6.169599199099738307e+00
7.615122099999999818e+02 -6.169675959354528061e+00
7.677460800000000063e+02 -6.168174878570616748e+00
8.106600499999999556e+02 -6.165997571433891267e+00
8.120376899999999978e+02 -6.166289603189683888e+00
8.234111199999999826e+02 -6.166113639010847081e+00
8.589137699999999995e+02 -6.162956649573760437e+00
8.631731399999999894e+02 -6.163991630490671447e+00
8.691233300000000099e+02 -6.162155152937737412e+00
9.111195000000000164e+02 -6.159453073684263202e+00
9.123677999999999884e+02 -6.159708615350660388e+00
9.191869599999999991e+02 -6.157554345414391506e+00
9.593988500000000386e+02 -6.154748209808265536e+00
9.636105900000000020e+02 -6.155898599791136405e+00
9.670452000000000226e+02 -6.152999114082329690e+00
1.007789999999999964e+03 -6.150372981207943290e+00
1.007847399999999993e+03 -6.150431072845875313e+00
1.015622399999999971e+03 -6.148881630984065261e+00
1.062777700000000095e+03 -6.147153529727826360e+00
1.065032200000000103e+03 -6.147813199825825414e+00
1.073031099999999924e+03 -6.146120134363621368e+00
1.101343800000000101e+03 -6.140338574345531875e+00
1.106248399999999947e+03 -6.141624320983336105e+00
1.121212800000000016e+03 -6.142463708086493668e+00
1.164665899999999965e+03 -6.139953560220019924e+00
1.167041999999999916e+03 -6.137010430637753089e+00
1.167434899999999971e+03 -6.140576281554941396e+00
1.202967200000000048e+03 -6.133422275775796351e+00
1.207734400000000051e+03 -6.134619580955795293e+00
1.213132599999999911e+03 -6.132536087915858580e+00
1.262225300000000061e+03 -6.132030398189324494e+00
1.263807399999999916e+03 -6.132362565574195123e+00
1.268272699999999986e+03 -6.130517239836289711e+00
1.306124700000000075e+03 -6.126826753343419973e+00
1.308927400000000034e+03 -6.127591506563165424e+00
1.322185500000000047e+03 -6.127172052670124103e+00
1.355185999999999922e+03 -6.117761653602430627e+00
1.362251999999999953e+03 -6.123238874310565905e+00
1.363652000000000044e+03 -6.123671532897597025e+00
1.409416199999999890e+03 -6.117852377769160910e+00
1.410909300000000030e+03 -6.118180364482373790e+00
1.419502899999999954e+03 -6.116668010075268391e+00
1.451458000000000084e+03 -6.112102864166472749e+00
1.453164600000000064e+03 -6.112527770913231961e+00
1.465768600000000106e+03 -6.113149782958013034e+00
1.505486599999999953e+03 -6.109721869661133731e+00
1.506248900000000049e+03 -6.105995674580110943e+00
1.512864499999999907e+03 -6.111571703188891647e+00
1.547907600000000002e+03 -6.099476961202403125e+00
1.567882599999999911e+03 -6.108522435159356334e+00
1.571915500000000065e+03 -6.109446457104230177e+00
1.607952299999999923e+03 -6.102167429880727134e+00
1.608754899999999907e+03 -6.098688270290241853e+00
1.612259800000000041e+03 -6.103221468463647881e+00
1.645050300000000107e+03 -6.094968361733483775e+00
1.651685999999999922e+03 -6.096681786877392817e+00
1.666553599999999960e+03 -6.097522609664512316e+00
1.694223199999999906e+03 -6.091283730970251220e+00
1.700801699999999983e+03 -6.092966085445423730e+00
1.716366400000000112e+03 -6.093279815316797077e+00
1.759514599999999973e+03 -6.091400187290623158e+00
1.760277000000000044e+03 -6.091539273506330510e+00
1.772890499999999975e+03 -6.090278437195517647e+00
1.809525000000000091e+03 -6.083287247085515048e+00
1.813024499999999989e+03 -6.088073985135800115e+00
1.813093100000000049e+03 -6.088014373784337963e+00
1.850503799999999956e+03 -6.078312692746691503e+00
1.850899300000000039e+03 -6.082376366232904452e+00
1.853409799999999905e+03 -6.083006044010143221e+00
1.909891699999999901e+03 -6.079951521461669728e+00
1.911104100000000017e+03 -6.080202361949880618e+00
1.913144800000000032e+03 -6.075786915182969317e+00
1.943862399999999980e+03 -6.071439709628901227e+00
1.954010700000000043e+03 -6.076769841970032004e+00
1.964701600000000099e+03 -6.079578940476558557e+00
2.007034799999999905e+03 -6.073541437776045271e+00
2.009131000000000085e+03 -6.074130670636931129e+00
2.020695899999999938e+03 -6.073244486152513666e+00
2.049011899999999969e+03 -6.068582240475444145e+00
2.055517299999999977e+03 -6.067489743552759052e+00
2.057941800000000057e+03 -6.070908098448885681e+00
2.085817900000000009e+03 -6.062517230616951025e+00
2.091862500000000182e+03 -6.064016782155372098e+00
2.109495800000000145e+03 -6.065062721686036440e+00
2.138123300000000199e+03 -6.061395924561678861e+00
2.138705599999999777e+03 -6.061491504466139268e+00
2.170373799999999846e+03 -6.065531204053991488e+00
2.197607599999999820e+03 -6.056395212963479935e+00
2.202161500000000160e+03 -6.059293431210211800e+00
2.213057800000000043e+03 -6.062054876602037012e+00
2.249628499999999804e+03 -6.051968625854875050e+00
2.257142899999999827e+03 -6.058182568844205917e+00
2.259825899999999820e+03 -6.058929607436422060e+00
2.282844200000000001e+03 -6.047419478020427341e+00
2.290460099999999784e+03 -6.049310993978161299e+00
2.320354100000000017e+03 -6.053290460272958917e+00
2.335220800000000054e+03 -6.047648758513472167e+00
2.339252599999999802e+03 -6.048752630423917864e+00
2.357406300000000101e+03 -6.048413156636049948e+00
2.373657600000000002e+03 -6.042579839157055765e+00
2.381625500000000102e+03 -6.044519101527601634e+00
2.416403499999999894e+03 -6.049943857665730285e+00
2.438390300000000025e+03 -6.039705839643024099e+00
2.447441200000000208e+03 -6.042003442600357488e+00
