9.917558499999999810e+01 -3.378987784438613584e+00
9.976161999999999352e+01 -3.378921801927959656e+00
1.268975300000000033e+02 -3.378624487633143492e+00
1.503027800000000127e+02 -3.378709405726141757e+00
1.509906699999999944e+02 -3.378521627343762823e+00
1.751420999999999992e+02 -3.377989352157895198e+00
1.994477899999999977e+02 -3.377974871986957783e+00
2.015466000000000122e+02 -3.378137647486292749e+00
2.251124499999999955e+02 -3.377391704475089185e+00
2.492114300000000071e+02 -3.377013588218386708e+00
2.494793999999999983e+02 -3.376667740655718841e+00
2.744648199999999747e+02 -3.376098066249800134e+00
3.003744199999999864e+02 -3.375552218161942175e+00
3.006909200000000055e+02 -3.375607121333331850e+00
3.237866900000000214e+02 -3.374550715770584297e+00
3.482796299999999974e+02 -3.373534216015195764e+00
3.520882500000000164e+02 -3.373599626135843632e+00
3.721429999999999723e+02 -3.370787892915504180e+00
3.983653899999999908e+02 -3.370166281990112811e+00
3.990045999999999822e+02 -3.369409436057830387e+00
4.219170899999999733e+02 -3.365904621080958670e+00
4.494728099999999813e+02 -3.364609383759650463e+00
4.499227599999999825e+02 -3.365989850935591221e+00
4.691765399999999886e+02 -3.359409937651055333e+00
4.988249900000000139e+02 -3.359458175552562320e+00
4.993392799999999738e+02 -3.359142066048034003e+00
5.169847300000000132e+02 -3.353580267295776629e+00
5.504088100000000168e+02 -3.354252962565388518e+00
5.512820799999999508e+02 -3.353127763600686873e+00
5.681403599999999869e+02 -3.348543363350225288e+00
6.024791699999999537e+02 -3.348304966858606235e+00
6.078568099999999959e+02 -3.348140542935927222e+00
6.201251700000000255e+02 -3.344027963253830116e+00
6.411256799999999885e+02 -3.340773265986681118e+00
6.455180299999999534e+02 -3.343571253010544364e+00
6.703542700000000423e+02 -3.339729804788603040e+00
7.005503300000000309e+02 -3.337379665733716472e+00
7.029814099999999826e+02 -3.338277281226768700e+00
7.200342299999999796e+02 -3.335348506229959487e+00
7.496522999999999683e+02 -3.334839073484093142e+00
7.546998399999999947e+02 -3.335545347148611839e+00
7.681788900000000240e+02 -3.329724484835407061e+00
8.002875000000000227e+02 -3.327661369117354440e+00
8.065089199999999892e+02 -3.330669485799656382e+00
8.144448800000000119e+02 -3.325558103501056184e+00
8.483553600000000188e+02 -3.325459229603845657e+00
8.518941600000000562e+02 -3.324904763757672299e+00
8.705943700000000263e+02 -3.322569895484579039e+00
9.008490699999999833e+02 -3.321925990736932732e+00
9.020112800000000561e+02 -3.321967336672685622e+00
9.178828200000000379e+02 -3.318550651326215739e+00
9.482594500000000153e+02 -3.317933535568309278e+00
9.571728000000000520e+02 -3.318780252427853128e+00
9.687604400000000169e+02 -3.316156510903547794e+00
9.907121799999999894e+02 -3.314795496748651260e+00
1.002928400000000011e+03 -3.314876541441186042e+00
1.009731999999999971e+03 -3.310034247306799848e+00
1.046409900000000107e+03 -3.310696043702146429e+00
1.054789800000000014e+03 -3.311064684176686423e+00
1.077854199999999992e+03 -3.309408473342663193e+00
1.084188699999999926e+03 -3.306460020484566886e+00
1.092003799999999956e+03 -3.308519968271311562e+00
1.120730600000000095e+03 -3.306758243761542371e+00
1.148982500000000073e+03 -3.305351511224538186e+00
1.160180900000000065e+03 -3.304289976710264032e+00
1.174517800000000079e+03 -3.304134250244043614e+00
1.194355900000000020e+03 -3.301301263417761866e+00
1.207288299999999936e+03 -3.302267485429968286e+00
1.225551999999999907e+03 -3.303500566479148137e+00
1.247495100000000093e+03 -3.298663168498519482e+00
1.252795800000000099e+03 -3.300000785664055414e+00
1.266249299999999948e+03 -3.297909528222131570e+00
1.293060400000000072e+03 -3.294751529237488707e+00
1.298889200000000073e+03 -3.296337567774905608e+00
1.322020800000000008e+03 -3.297182955002886828e+00
1.352662700000000086e+03 -3.295273181323580935e+00
1.353085800000000063e+03 -3.293447999729279374e+00
1.372121300000000019e+03 -3.294651113262870190e+00
1.393179799999999886e+03 -3.291735242289445473e+00
1.405605900000000020e+03 -3.295407182632847487e+00
1.418098899999999958e+03 -3.290967881422441010e+00
1.431399100000000089e+03 -3.286609636884167074e+00
1.443180100000000039e+03 -3.291138773060530820e+00
1.464046900000000051e+03 -3.287902938772718109e+00
1.491609500000000025e+03 -3.287595384810904076e+00
1.507230199999999968e+03 -3.284070955933147129e+00
1.515446999999999889e+03 -3.287440429978654599e+00
1.544089500000000044e+03 -3.283667598175830094e+00
1.548596600000000080e+03 -3.286758378794016444e+00
1.565540199999999913e+03 -3.283749058055311032e+00
1.595280600000000049e+03 -3.281085111234524732e+00
1.610669699999999921e+03 -3.284813550851522823e+00
1.615569700000000012e+03 -3.281012468159337114e+00
1.651752799999999979e+03 -3.280596623684903790e+00
1.659750999999999976e+03 -3.280052725925565404e+00
1.667621599999999944e+03 -3.279873408703429583e+00
1.701848799999999983e+03 -3.278486120131858694e+00
1.705806100000000015e+03 -3.279950897177799085e+00
1.721120799999999917e+03 -3.279946129781062147e+00
1.762952900000000000e+03 -3.276371999505624188e+00
1.767735899999999901e+03 -3.278032680975333957e+00
1.770220600000000104e+03 -3.281238377723777688e+00
1.791258499999999913e+03 -3.273355854148837008e+00
1.814777499999999918e+03 -3.276739718877413665e+00
1.821135800000000017e+03 -3.276204654697894014e+00
1.841350699999999961e+03 -3.272576751692558350e+00
1.845809099999999944e+03 -3.272327240376113888e+00
1.867714500000000044e+03 -3.272013527906700414e+00
1.913943600000000060e+03 -3.271626842420983117e+00
1.917397999999999911e+03 -3.274163675752173930e+00
1.923054399999999987e+03 -3.277644235626219427e+00
1.943522400000000061e+03 -3.269970375855973721e+00
1.951806000000000040e+03 -3.271930394016136390e+00
1.984589300000000094e+03 -3.275815513465526241e+00
2.004463199999999915e+03 -3.266446900723837476e+00
2.013963899999999967e+03 -3.268885414472774364e+00
2.020165799999999990e+03 -3.270966237746921301e+00
2.058320600000000013e+03 -3.264899980604174523e+00
2.058501800000000003e+03 -3.267924587489234867e+00
2.059682600000000093e+03 -3.267973588892835846e+00
2.084422999999999774e+03 -3.265548947676652602e+00
2.097815500000000156e+03 -3.266383147876274151e+00
2.119690000000000055e+03 -3.266102002810306715e+00
2.153060399999999845e+03 -3.263124804040790305e+00
2.161662400000000162e+03 -3.264876935469186670e+00
2.162753299999999854e+03 -3.265237725446504147e+00
2.196837500000000091e+03 -3.263438697512273556e+00
2.199599700000000212e+03 -3.258376371679165828e+00
2.205936599999999999e+03 -3.261983495507401631e+00
2.257685800000000199e+03 -3.266407439962277337e+00
2.257766299999999774e+03 -3.262533838032537492e+00
2.263448400000000220e+03 -3.261039818583082450e+00
2.289460000000000036e+03 -3.261504310623031699e+00
2.294854400000000169e+03 -3.260368135634878151e+00
2.313318099999999959e+03 -3.261893150667893426e+00
2.354534500000000207e+03 -3.259651250050859428e+00
2.357451199999999972e+03 -3.258607086589895729e+00
2.360119099999999889e+03 -3.260591978095702892e+00
2.406571800000000167e+03 -3.260480632772568832e+00
2.412633600000000115e+03 -3.262552969953769644e+00
2.418743500000000040e+03 -3.261627463090567947e+00
2.438025999999999840e+03 -3.255046680176629792e+00
