9.917214599999999791e+01 -6.237032234285450727e+00
1.267606099999999998e+02 -6.236862345717775646e+00
1.488199400000000026e+02 -6.236605931797640778e+00
1.741647600000000011e+02 -6.236281927436025718e+00
1.990796599999999899e+02 -6.236334262385240912e+00
2.244695900000000108e+02 -6.236317564065962493e+00
2.506097300000000132e+02 -6.236200692320553962e+00
2.730237900000000195e+02 -6.235756113434379522e+00
3.040292900000000031e+02 -6.236406498798952036e+00
3.240929199999999923e+02 -6.235753228546620619e+00
3.548344799999999850e+02 -6.235964425556193902e+00
3.726345099999999775e+02 -6.235052145090730136e+00
3.983038000000000238e+02 -6.233529201597074909e+00
4.224699299999999766e+02 -6.234350207622727957e+00
4.497349600000000009e+02 -6.233105966070708881e+00
4.724014500000000112e+02 -6.233397315017106699e+00
5.001159200000000169e+02 -6.232162403300250730e+00
5.216251700000000255e+02 -6.232289937847292016e+00
5.503736300000000483e+02 -6.230596198386587403e+00
5.688941399999999931e+02 -6.230134271602638663e+00
6.023916799999999512e+02 -6.230489045471205856e+00
6.185313200000000506e+02 -6.228288066625590425e+00
6.529118300000000090e+02 -6.227876296129625011e+00
6.742405499999999847e+02 -6.228418181856448577e+00
6.974486600000000180e+02 -6.226673690392595439e+00
7.182133000000000038e+02 -6.224876589207724464e+00
7.507292599999999538e+02 -6.223991954788526293e+00
7.687956699999999728e+02 -6.223008095135679874e+00
7.970555900000000520e+02 -6.220959074031338076e+00
8.204916299999999865e+02 -6.220455574993246195e+00
8.493415199999999459e+02 -6.221578612875546810e+00
8.693484499999999571e+02 -6.217373639968758248e+00
9.082386800000000449e+02 -6.216245979560505397e+00
9.165550399999999627e+02 -6.213829467850594312e+00
9.496946100000000115e+02 -6.212978326662622841e+00
9.718166499999999814e+02 -6.211151517564858615e+00
9.983281500000000506e+02 -6.208372151910045211e+00
1.022533900000000017e+03 -6.207424446698441400e+00
1.057382299999999987e+03 -6.206121015501993909e+00
1.067647999999999911e+03 -6.202117056802199713e+00
1.102837099999999964e+03 -6.200104837879763409e+00
1.115019999999999982e+03 -6.196981716073420188e+00
1.155317800000000034e+03 -6.196402654557497058e+00
1.167371100000000069e+03 -6.191380569584583604e+00
1.211998000000000047e+03 -6.190022640960467726e+00
1.218473999999999933e+03 -6.189073673208473458e+00
1.256067600000000084e+03 -6.186837349958417498e+00
1.268491299999999910e+03 -6.184034468754914471e+00
1.298771799999999985e+03 -6.182027958429102021e+00
1.314973899999999958e+03 -6.178085035957437299e+00
1.351378699999999981e+03 -6.178556853403006421e+00
1.363830899999999929e+03 -6.171110413902518133e+00
1.402239800000000059e+03 -6.172483498205387775e+00
1.403183600000000069e+03 -6.165988734970243357e+00
1.447721999999999980e+03 -6.167638662119443005e+00
1.462153299999999945e+03 -6.161437626926322686e+00
1.496746200000000044e+03 -6.158330407275988350e+00
1.517209499999999935e+03 -6.158909097982219194e+00
1.544761799999999994e+03 -6.155243701131005274e+00
1.562941199999999981e+03 -6.152552841587721311e+00
1.600013200000000097e+03 -6.145154196233854726e+00
1.604898200000000088e+03 -6.153071350540511020e+00
1.650178000000000111e+03 -6.145323589577192713e+00
1.665255000000000109e+03 -6.143015310121432648e+00
1.705836099999999988e+03 -6.142504907609182219e+00
1.707968800000000101e+03 -6.137641028105612406e+00
1.755541699999999992e+03 -6.137962163004772265e+00
1.761741899999999987e+03 -6.132405461511130973e+00
1.798342599999999948e+03 -6.130364316249291790e+00
1.812588899999999967e+03 -6.127352784406896014e+00
1.854381399999999985e+03 -6.125733814666937782e+00
1.878908400000000029e+03 -6.124645772043471936e+00
1.890794799999999896e+03 -6.122487623346272834e+00
1.907720100000000002e+03 -6.117183728420283906e+00
1.961910000000000082e+03 -6.114290291104211406e+00
1.965086499999999887e+03 -6.116109851262155672e+00
2.005229599999999891e+03 -6.115463827451095291e+00
2.019666500000000042e+03 -6.113089804797472659e+00
2.058182099999999991e+03 -6.111632748769991963e+00
2.061847299999999905e+03 -6.105492956583649544e+00
2.122539999999999964e+03 -6.105389415529992370e+00
2.126414999999999964e+03 -6.110069686181843984e+00
2.144956099999999878e+03 -6.099940275483824337e+00
2.159715599999999995e+03 -6.096602938550075734e+00
2.211068699999999808e+03 -6.097514092469078939e+00
2.227869499999999789e+03 -6.097387150833347924e+00
2.253767100000000028e+03 -6.092211139647637275e+00
2.271791099999999915e+03 -6.093737688035997913e+00
2.295953300000000127e+03 -6.083845791247551205e+00
2.317038300000000163e+03 -6.086201324277849878e+00
2.343299100000000180e+03 -6.078111371170552779e+00
2.362574900000000071e+03 -6.084841445222684442e+00
2.401469500000000153e+03 -6.078369911493309630e+00
2.416938000000000102e+03 -6.083510695217787756e+00
2.445345499999999902e+03 -6.077789771525377027e+00
