9.975092800000000182e+01 -6.190788618537347077e+00
1.271861099999999993e+02 -6.190801981599546977e+00
1.495946199999999919e+02 -6.190451123637219055e+00
1.496352300000000071e+02 -6.190461622130723818e+00
1.761961799999999982e+02 -6.190619933426058097e+00
2.003526300000000049e+02 -6.190346945018886160e+00
2.003658900000000074e+02 -6.190349864138818603e+00
2.249810699999999883e+02 -6.190094713465491338e+00
2.516260699999999986e+02 -6.190203004936624787e+00
2.516933899999999937e+02 -6.190220408496898585e+00
2.738132600000000139e+02 -6.189648381378567876e+00
3.009966999999999757e+02 -6.189627704219536675e+00
3.010829400000000078e+02 -6.189649998976489265e+00
3.228890499999999975e+02 -6.188724621729059905e+00
3.520173500000000217e+02 -6.189037281198048746e+00
3.522261700000000246e+02 -6.189091265325445512e+00
3.694604100000000244e+02 -6.186775338496788734e+00
3.953885300000000029e+02 -6.186057146099131820e+00
3.954271899999999960e+02 -6.186067649332875007e+00
4.205569300000000226e+02 -6.186124130439212720e+00
4.527596899999999778e+02 -6.186761417875580094e+00
4.530324499999999830e+02 -6.186831422911897249e+00
4.718819399999999860e+02 -6.184674572503439549e+00
5.032796399999999721e+02 -6.184529239667387657e+00
5.037113800000000197e+02 -6.184640853052899345e+00
5.206222800000000461e+02 -6.182605675904295772e+00
5.555656800000000430e+02 -6.183038589159247422e+00
5.557146400000000313e+02 -6.183076589430831937e+00
5.713402099999999564e+02 -6.180028791008496114e+00
6.045858799999999746e+02 -6.179693069827038698e+00
6.045991599999999835e+02 -6.179697011825490804e+00
6.175981199999999944e+02 -6.176576227611216829e+00
6.475191899999999805e+02 -6.176039997148846439e+00
6.476671400000000176e+02 -6.176078245169382974e+00
6.735428200000000061e+02 -6.174852398694801181e+00
7.000914099999999962e+02 -6.172675945378136575e+00
7.002549699999999575e+02 -6.172718228894453318e+00
7.192636400000000094e+02 -6.169871306399946853e+00
7.477899499999999762e+02 -6.168078410708485393e+00
7.478347099999999728e+02 -6.168089982059612453e+00
7.692983400000000529e+02 -6.164553677335080195e+00
8.049074100000000271e+02 -6.163349194498167094e+00
8.052534699999999930e+02 -6.163438149043814818e+00
8.227283700000000408e+02 -6.159444665583076350e+00
8.519416300000000319e+02 -6.157082871236119637e+00
8.521483299999999872e+02 -6.157136307301310119e+00
8.700610599999999977e+02 -6.152661161215423391e+00
8.924909699999999475e+02 -6.150529757826247668e+00
8.926525599999999940e+02 -6.150571532058343394e+00
9.234978099999999586e+02 -6.145764755839944193e+00
9.454922500000000127e+02 -6.141699586102910224e+00
9.457693100000000186e+02 -6.141771720482958052e+00
9.798342199999999593e+02 -6.140324259739984747e+00
1.006482399999999984e+03 -6.135400297790485347e+00
1.006526200000000017e+03 -6.135412129816559812e+00
1.018443999999999960e+03 -6.132594482116922485e+00
1.043162700000000086e+03 -6.130990660898624434e+00
1.043314699999999903e+03 -6.131029955924792496e+00
1.067516900000000078e+03 -6.125942822892201711e+00
1.097459100000000035e+03 -6.124131269284838197e+00
1.097846399999999903e+03 -6.124231394045594357e+00
1.109118899999999940e+03 -6.117851849155985455e+00
1.155731600000000071e+03 -6.118294690140619885e+00
1.156488000000000056e+03 -6.118490743453847358e+00
1.163476200000000063e+03 -6.113843027376568706e+00
1.193297800000000052e+03 -6.114117129160506536e+00
1.193483099999999922e+03 -6.114165541753703970e+00
1.214677899999999909e+03 -6.110507327153789525e+00
1.254681800000000067e+03 -6.107920167768301489e+00
1.254705699999999979e+03 -6.107925837540065572e+00
1.264449499999999944e+03 -6.105068251824495640e+00
1.308731399999999894e+03 -6.103171306842154031e+00
1.308962399999999889e+03 -6.103230516087071678e+00
1.314341899999999896e+03 -6.099991669693695329e+00
1.345859600000000000e+03 -6.097450125377396724e+00
1.346279999999999973e+03 -6.097558807147140492e+00
1.361254699999999957e+03 -6.096685001112830626e+00
1.390532200000000103e+03 -6.093868106370601723e+00
1.390709800000000087e+03 -6.093914528360500071e+00
1.418187500000000000e+03 -6.093803527992057489e+00
1.440053000000000111e+03 -6.090130935546725688e+00
1.440246300000000019e+03 -6.090181416299196293e+00
1.454363800000000083e+03 -6.085291482268585739e+00
1.512642800000000079e+03 -6.086383104977416636e+00
1.513101699999999937e+03 -6.086502248617716937e+00
1.513257200000000012e+03 -6.082603409180033616e+00
1.549768900000000031e+03 -6.083186823323882386e+00
1.550751999999999953e+03 -6.083440974246420829e+00
1.562804300000000012e+03 -6.078358077120381786e+00
1.601314100000000053e+03 -6.071917840423612489e+00
1.602426400000000058e+03 -6.078406796555600344e+00
1.602815700000000106e+03 -6.078507438356173687e+00
1.638617199999999912e+03 -6.070117815470950973e+00
1.638933199999999943e+03 -6.070198490054073304e+00
1.658644999999999982e+03 -6.070319825499331579e+00
1.705022500000000036e+03 -6.072638561156223247e+00
1.705179000000000087e+03 -6.072679528376042413e+00
1.709023599999999988e+03 -6.067860285229255801e+00
1.735245400000000018e+03 -6.062475495113166524e+00
1.736029199999999946e+03 -6.062678631871900592e+00
1.764448499999999967e+03 -6.062814615828196807e+00
1.781955200000000104e+03 -6.061200104369159014e+00
1.782662499999999909e+03 -6.061381937792672758e+00
1.809415199999999913e+03 -6.059770667013713918e+00
1.847040099999999939e+03 -6.059430284001841471e+00
1.847276900000000069e+03 -6.059491501516292900e+00
1.860250399999999900e+03 -6.056020658894193609e+00
1.892765799999999899e+03 -6.051612065333808133e+00
1.893133700000000090e+03 -6.051707174808329093e+00
1.911986300000000028e+03 -6.052513167883863510e+00
1.940829199999999901e+03 -6.044155974124170605e+00
1.955198300000000017e+03 -6.052629475723832364e+00
1.956002099999999928e+03 -6.052837274026686920e+00
1.998885899999999992e+03 -6.042938448638831339e+00
2.000312100000000100e+03 -6.047423270229688619e+00
2.000704400000000078e+03 -6.047524687589989512e+00
2.059266700000000128e+03 -6.049378537387168464e+00
2.059470400000000154e+03 -6.049431706746692505e+00
2.070939899999999852e+03 -6.045657028809586997e+00
2.088173400000000129e+03 -6.043383654417292306e+00
2.088265400000000227e+03 -6.043407947102981126e+00
2.104362099999999828e+03 -6.037857275920512024e+00
2.150618699999999990e+03 -6.036544614041268630e+00
2.151072700000000168e+03 -6.036661982079954747e+00
2.158336999999999989e+03 -6.035171843227425725e+00
2.178429399999999987e+03 -6.029012576845673266e+00
2.178437100000000100e+03 -6.029015585157093682e+00
2.199605799999999817e+03 -6.030602505947578074e+00
2.255425200000000132e+03 -6.030584529957762285e+00
2.256440999999999804e+03 -6.030847134481325256e+00
2.260965299999999843e+03 -6.029376821238932926e+00
2.300237599999999929e+03 -6.025277508130317372e+00
2.308355000000000018e+03 -6.031097776239267461e+00
2.308397399999999834e+03 -6.031109246337469365e+00
2.340401899999999841e+03 -6.024538247253560463e+00
2.340849000000000160e+03 -6.024654340358934768e+00
2.350658699999999953e+03 -6.023529646997896947e+00
2.398729600000000119e+03 -6.022150703317742604e+00
2.399458900000000085e+03 -6.022339241887376460e+00
2.409381600000000162e+03 -6.023395196244507588e+00
2.447046899999999823e+03 -6.020885835495170646e+00
2.448451000000000022e+03 -6.021248823299398367e+00
