9.871810000000000684e+01 -3.295469556166368719e+00
1.272696399999999954e+02 -3.295090418836953639e+00
1.491488999999999976e+02 -3.294864951710243517e+00
1.758986500000000035e+02 -3.293934121228552225e+00
1.991278000000000077e+02 -3.293379223308136261e+00
2.253943899999999871e+02 -3.292542090051670645e+00
2.517896800000000042e+02 -3.292449657169694621e+00
2.750731200000000172e+02 -3.290323306812948267e+00
3.003578699999999913e+02 -3.289425814682890969e+00
3.239827500000000100e+02 -3.287249986569654059e+00
3.481918699999999944e+02 -3.286175023117670513e+00
3.737708400000000211e+02 -3.283796702831257797e+00
4.013998599999999897e+02 -3.283039344390336289e+00
4.239860400000000027e+02 -3.279805911655762074e+00
4.529089799999999855e+02 -3.279514087216111928e+00
4.722894900000000007e+02 -3.274657705546983877e+00
5.015930999999999926e+02 -3.273457218809649572e+00
5.222064400000000433e+02 -3.269498420619335377e+00
5.514096200000000181e+02 -3.268267187499370063e+00
5.705295300000000225e+02 -3.263849897988526205e+00
6.015552400000000262e+02 -3.263009629758351515e+00
6.209793300000000045e+02 -3.258768015302794030e+00
6.565141899999999850e+02 -3.259681280331156117e+00
6.698062300000000278e+02 -3.253828101112679949e+00
7.061484600000000000e+02 -3.253132765967746476e+00
7.162960600000000113e+02 -3.248867765177222644e+00
7.439832800000000361e+02 -3.249127131813404290e+00
7.663825600000000122e+02 -3.244407105705396699e+00
7.947051599999999780e+02 -3.243319332390399712e+00
8.249425300000000334e+02 -3.243272565648642747e+00
8.417659200000000510e+02 -3.239468072974196478e+00
8.699542500000000018e+02 -3.237411840989715905e+00
9.096789300000000367e+02 -3.237206242841124126e+00
9.141576400000000149e+02 -3.233477603883693430e+00
9.566387200000000348e+02 -3.234013645579132845e+00
9.638154700000000048e+02 -3.229292243143701668e+00
1.001042800000000057e+03 -3.229151085256607434e+00
1.008180399999999963e+03 -3.224310921424788479e+00
1.055986499999999978e+03 -3.225982135554269714e+00
1.068728299999999990e+03 -3.225725259124700539e+00
1.113901699999999892e+03 -3.224633687958961659e+00
1.121406400000000076e+03 -3.222402827355653976e+00
1.147773100000000113e+03 -3.221831804529313281e+00
1.171184500000000071e+03 -3.219843409202023388e+00
1.200460700000000088e+03 -3.217829862487311399e+00
1.216992500000000064e+03 -3.218317024426550432e+00
1.249762600000000020e+03 -3.216861412056333247e+00
1.272530700000000024e+03 -3.216735512011416720e+00
1.309028800000000047e+03 -3.216427510834066084e+00
1.312387899999999945e+03 -3.212870859263522227e+00
1.345368899999999940e+03 -3.211168578023610998e+00
1.367997299999999996e+03 -3.212790859511095221e+00
1.401345499999999902e+03 -3.210432947042301866e+00
1.406512999999999920e+03 -3.208035946168497521e+00
1.446728699999999890e+03 -3.208474689274497305e+00
1.468511400000000094e+03 -3.209470748372355686e+00
1.497683299999999917e+03 -3.206871719814159416e+00
1.503210399999999936e+03 -3.205179885020005948e+00
1.542329500000000053e+03 -3.204646197681074948e+00
1.555862499999999955e+03 -3.203570811114558659e+00
1.588517299999999977e+03 -3.201346077334107143e+00
1.617617500000000064e+03 -3.205017084036233754e+00
1.644374499999999898e+03 -3.203650157133876686e+00
1.674050799999999981e+03 -3.204004546575484724e+00
1.707209299999999985e+03 -3.202621966989459334e+00
1.720051200000000108e+03 -3.205281157696491690e+00
1.755733699999999999e+03 -3.204934554780892064e+00
1.765112399999999980e+03 -3.200230548030302380e+00
1.785727399999999989e+03 -3.199955264674060995e+00
1.806311899999999923e+03 -3.199872381418868539e+00
1.826907300000000077e+03 -3.195048880248066769e+00
1.865517200000000003e+03 -3.198900855609534855e+00
1.903477599999999939e+03 -3.198050523755607610e+00
1.916299700000000030e+03 -3.201130252190179881e+00
1.946633299999999963e+03 -3.196455808371881258e+00
1.974093100000000049e+03 -3.202342622996558141e+00
1.988877899999999954e+03 -3.193685040538755793e+00
2.008488299999999981e+03 -3.198228106294837225e+00
2.053379899999999907e+03 -3.197107547438770236e+00
2.063797000000000025e+03 -3.197743532642614461e+00
2.121858299999999872e+03 -3.201297245198846397e+00
2.124567199999999957e+03 -3.201214932235048938e+00
2.134714100000000144e+03 -3.193006385937539715e+00
2.145138800000000174e+03 -3.192905072713372316e+00
2.197936599999999999e+03 -3.194061224694591417e+00
2.214739799999999832e+03 -3.198036318120931032e+00
2.259189899999999852e+03 -3.194982316801979749e+00
2.260360700000000179e+03 -3.199118087779542208e+00
2.300142499999999927e+03 -3.193144079003397362e+00
2.321927700000000186e+03 -3.197260924844749219e+00
2.325375300000000152e+03 -3.193177895213080042e+00
2.361246200000000044e+03 -3.194707495921774498e+00
2.404420999999999822e+03 -3.197258161989050773e+00
2.408278899999999794e+03 -3.195579137128558678e+00
2.453111800000000130e+03 -3.196762556420676749e+00
