1.022249900000000054e+02 -6.234529678320142487e+00
1.273715200000000038e+02 -6.234543685402171853e+00
1.508468799999999987e+02 -6.234403496084997442e+00
1.752668899999999894e+02 -6.234143686946490348e+00
2.000281200000000013e+02 -6.234109989421771303e+00
2.239498900000000106e+02 -6.233678122728647963e+00
2.493658700000000010e+02 -6.233801478616889824e+00
2.736249399999999810e+02 -6.233414066947977616e+00
2.982083799999999769e+02 -6.233179715534197030e+00
3.225810000000000173e+02 -6.232837433276833039e+00
3.481795500000000061e+02 -6.232503203916690104e+00
3.718309300000000235e+02 -6.232026369874345662e+00
3.982700199999999882e+02 -6.231946583184941879e+00
4.199967899999999759e+02 -6.230828193441371177e+00
4.438249500000000012e+02 -6.230086659571539620e+00
4.692474399999999832e+02 -6.229955235977818973e+00
4.968624300000000176e+02 -6.229496560700008345e+00
5.173406700000000455e+02 -6.228265048967443818e+00
5.492937200000000075e+02 -6.228771630369449142e+00
5.674151799999999639e+02 -6.227058057600915575e+00
6.010097500000000537e+02 -6.227607364058450834e+00
6.190307000000000244e+02 -6.225842873604890748e+00
6.448540199999999913e+02 -6.224423356690402365e+00
6.673539600000000291e+02 -6.223762835793625214e+00
6.961912300000000187e+02 -6.223069055282498319e+00
7.169192900000000463e+02 -6.221684846309698536e+00
7.521875000000000000e+02 -6.221991572689244521e+00
7.665948499999999513e+02 -6.218663442219490634e+00
7.930861700000000383e+02 -6.217930559205476548e+00
8.246754200000000310e+02 -6.217974680724672076e+00
8.490842499999999973e+02 -6.215451142742091761e+00
8.683293800000000147e+02 -6.213351793993092897e+00
8.966964400000000524e+02 -6.211560981601278897e+00
9.148789299999999685e+02 -6.209102958336171874e+00
9.534317300000000159e+02 -6.210181979660458929e+00
9.664216099999999869e+02 -6.206859886147696237e+00
9.922605700000000297e+02 -6.204098493494150546e+00
1.011928099999999972e+03 -6.201124728655466711e+00
1.042374700000000075e+03 -6.199635410471069363e+00
1.069801999999999907e+03 -6.199941362380466892e+00
1.102369500000000016e+03 -6.198294049634878178e+00
1.117755699999999933e+03 -6.194688236592787334e+00
1.153986799999999903e+03 -6.193654229122020460e+00
1.169650900000000092e+03 -6.191092170018491991e+00
1.191334000000000060e+03 -6.185594487453829338e+00
1.217762199999999893e+03 -6.185834498957071048e+00
1.246715599999999995e+03 -6.182381202402464027e+00
1.269537399999999934e+03 -6.181491961184416795e+00
1.298194099999999935e+03 -6.177771650354122457e+00
1.320313400000000001e+03 -6.176296259921780774e+00
1.361765900000000101e+03 -6.177671013604091321e+00
1.362096399999999903e+03 -6.169638705604379325e+00
1.402479800000000068e+03 -6.169442550921671042e+00
1.415593399999999974e+03 -6.164741898035913437e+00
1.445206699999999955e+03 -6.164061987289506384e+00
1.464271600000000035e+03 -6.161745070532928636e+00
1.488598799999999983e+03 -6.157306474756415682e+00
1.505093599999999924e+03 -6.154171462055399111e+00
1.525909100000000080e+03 -6.151838455661652993e+00
1.569663900000000012e+03 -6.153369258676107734e+00
1.605401200000000017e+03 -6.152375007060233436e+00
1.613260399999999890e+03 -6.146822296954977283e+00
1.637731800000000021e+03 -6.143750106555774693e+00
1.653506800000000112e+03 -6.140366422174798444e+00
1.698947599999999966e+03 -6.140606039073964517e+00
1.717123000000000047e+03 -6.138990880643390824e+00
1.757227000000000089e+03 -6.130795566941217523e+00
1.768051500000000033e+03 -6.139963241973411812e+00
1.778865900000000011e+03 -6.125344976013551879e+00
1.802134000000000015e+03 -6.127202396578539378e+00
1.845103800000000092e+03 -6.126293339013789030e+00
1.866068400000000111e+03 -6.124431912744092266e+00
1.896756499999999960e+03 -6.125206329784114168e+00
1.916700599999999895e+03 -6.122541698642988806e+00
1.948958499999999958e+03 -6.119050659959341942e+00
1.955380400000000009e+03 -6.112769163638300363e+00
1.992918799999999919e+03 -6.111364794392136979e+00
2.025869799999999941e+03 -6.112191445932730005e+00
2.049983600000000024e+03 -6.108745412518525875e+00
2.057692000000000007e+03 -6.106527928887199863e+00
2.092882999999999811e+03 -6.102976408765046656e+00
2.123622499999999945e+03 -6.102908730052428510e+00
2.155410100000000057e+03 -6.101097452830299694e+00
2.171738699999999881e+03 -6.100442372553136927e+00
2.209624800000000050e+03 -6.097786551375445896e+00
2.232959899999999834e+03 -6.099733550050949304e+00
2.245739199999999983e+03 -6.091239980981797864e+00
2.260993800000000192e+03 -6.090586611201668887e+00
2.283072299999999814e+03 -6.088286506659990494e+00
2.310954799999999977e+03 -6.085468227611529279e+00
2.331848599999999806e+03 -6.081822774541800314e+00
2.353611199999999826e+03 -6.082719041419611727e+00
2.378308300000000145e+03 -6.078663574701709926e+00
2.416098500000000058e+03 -6.080176936632667228e+00
2.443029500000000098e+03 -6.075909744891403896e+00
