1.002152300000000054e+02 2.370913342153470538e+01
1.009260100000000051e+02 2.372490230002035716e+01
1.273479899999999958e+02 2.377514705882352786e+01
1.491612499999999955e+02 2.382937665377569658e+01
1.512610400000000084e+02 2.383466720944432993e+01
1.760588799999999878e+02 2.389205220842662314e+01
1.990647299999999973e+02 2.394286128638306366e+01
1.990714800000000082e+02 2.395397720333808422e+01
2.266958899999999915e+02 2.397993079584774989e+01
2.487506400000000042e+02 2.405156218196621154e+01
2.496712499999999864e+02 2.405368613881538664e+01
2.720316300000000069e+02 2.411339049460614703e+01
2.978221100000000092e+02 2.416594850396905869e+01
2.996799100000000067e+02 2.416692499491145796e+01
3.251485700000000065e+02 2.426861846122532285e+01
3.496649300000000267e+02 2.433835691023814363e+01
3.509008099999999786e+02 2.430928455119071785e+01
3.731844399999999951e+02 2.441294422959495236e+01
4.012660900000000197e+02 2.447176725015265575e+01
4.014930200000000013e+02 2.450093018522288091e+01
4.206866899999999987e+02 2.462124414817830242e+01
4.501025200000000268e+02 2.471611286383065220e+01
4.508065599999999904e+02 2.468839100346020743e+01
4.715826500000000010e+02 2.482753816405455183e+01
5.007256399999999985e+02 2.487932983920211782e+01
5.063422499999999786e+02 2.488240891512313979e+01
5.184966399999999567e+02 2.499791064522694839e+01
5.518696300000000292e+02 2.505672552411968468e+01
5.535181099999999788e+02 2.509557754935884333e+01
5.645765800000000354e+02 2.518671076735192216e+01
5.992642299999999977e+02 2.529344697740688019e+01
6.008315700000000561e+02 2.526713311622226854e+01
6.176571999999999889e+02 2.536345308365560669e+01
6.473061500000000024e+02 2.543347089354773161e+01
6.494570700000000443e+02 2.544509261143904055e+01
6.675554700000000139e+02 2.556172094443313725e+01
7.032896200000000135e+02 2.558448503969061605e+01
7.071062299999999823e+02 2.565067626704661308e+01
7.194413799999999810e+02 2.570931152045593393e+01
7.473397099999999682e+02 2.579287044575615795e+01
7.508456200000000536e+02 2.579000457968654558e+01
7.681429000000000542e+02 2.590026358640341897e+01
7.915721999999999525e+02 2.597825055973946817e+01
7.951123700000000554e+02 2.599755393853043017e+01
8.214714199999999664e+02 2.608411459393446208e+01
8.412814799999999877e+02 2.617638357419092188e+01
8.502164999999999964e+02 2.614284093222063987e+01
8.692239399999999705e+02 2.626054040301241699e+01
8.873958800000000338e+02 2.633177132098514051e+01
8.964738399999999956e+02 2.633973997557500368e+01
9.130004000000000133e+02 2.643023152859759861e+01
9.587291000000000167e+02 2.659379910441685624e+01
9.596191000000000031e+02 2.651420771422755962e+01
9.610732299999999668e+02 2.650047526969265377e+01
9.947316899999999578e+02 2.672231783024628626e+01
9.982363500000000158e+02 2.663082637899450589e+01
1.017909899999999993e+03 2.674496692448605728e+01
1.049928599999999960e+03 2.684693466313861165e+01
1.050938400000000001e+03 2.688545237125992315e+01
1.065876099999999951e+03 2.691197588031752730e+01
1.095221399999999903e+03 2.701816965194381837e+01
1.106135600000000068e+03 2.698299460614695988e+01
1.108307399999999916e+03 2.715287095461021494e+01
1.144949399999999969e+03 2.719458273967025974e+01
1.154141000000000076e+03 2.728780276816609174e+01
1.156319500000000062e+03 2.726555058009362753e+01
1.195140799999999899e+03 2.738627060858945583e+01
1.198193299999999908e+03 2.741497455729696497e+01
1.203191399999999931e+03 2.744769234683493053e+01
1.236580300000000079e+03 2.755040810095664483e+01
1.252936099999999897e+03 2.759001933645430782e+01
1.268663199999999961e+03 2.764010329737431704e+01
1.300356600000000071e+03 2.774681508243435957e+01
1.307690399999999954e+03 2.769781243639324231e+01
1.311366899999999987e+03 2.779348310604518701e+01
1.347567299999999932e+03 2.790960920008141599e+01
1.351625099999999975e+03 2.790556024832077853e+01
1.355094599999999900e+03 2.799976134744555623e+01
1.394469800000000077e+03 2.818308263789944590e+01
1.400701199999999972e+03 2.813176775900671700e+01
1.417600300000000061e+03 2.819104722165682730e+01
1.444045100000000048e+03 2.833447435375533985e+01
1.454309999999999945e+03 2.838905963769591168e+01
1.457747499999999945e+03 2.834604773051088955e+01
1.490134700000000066e+03 2.843077396702625492e+01
1.503794200000000046e+03 2.846532108691227236e+01
1.508287900000000036e+03 2.860777172806839275e+01
1.534641599999999926e+03 2.859572104620394839e+01
1.554043400000000020e+03 2.868101618155912647e+01
1.564872499999999945e+03 2.875207358029717142e+01
1.584509700000000066e+03 2.877344341542845285e+01
1.598695400000000063e+03 2.887206035009159422e+01
1.607069700000000012e+03 2.898574750661510535e+01
1.638031700000000001e+03 2.904771473641359236e+01
1.655078800000000001e+03 2.905737634846326500e+01
1.662270199999999932e+03 2.914832485243232441e+01
1.697026699999999892e+03 2.930609607164665320e+01
1.703793799999999919e+03 2.921348107062894073e+01
1.709737399999999980e+03 2.943937970690005912e+01
1.738713199999999915e+03 2.949342458782821197e+01
1.760347500000000082e+03 2.953419957256258854e+01
1.767854000000000042e+03 2.954703287197231987e+01
1.807860599999999977e+03 2.977215194382251084e+01
1.812814599999999928e+03 2.979219112558518390e+01
1.815946699999999964e+03 2.972181355587217411e+01
1.837513599999999997e+03 2.998823224099328399e+01
1.849143299999999954e+03 2.993607775290047002e+01
1.863197599999999966e+03 3.003250865051903062e+01
1.897395899999999983e+03 3.012639934866680136e+01
1.906807900000000018e+03 3.022825513942601461e+01
1.916655400000000100e+03 3.018340321595766440e+01
1.947768700000000081e+03 3.040668379808671062e+01
1.952520999999999958e+03 3.053077345817219523e+01
1.966715999999999894e+03 3.051397618562996428e+01
2.001562100000000100e+03 3.066518216975371658e+01
2.015325800000000072e+03 3.074272033380826130e+01
2.016432900000000018e+03 3.053729696722979625e+01
2.049433100000000195e+03 3.098845104823936580e+01
2.054405200000000150e+03 3.108829330348056175e+01
2.058239199999999983e+03 3.110684815794830271e+01
2.076977499999999964e+03 3.121357826175452743e+01
2.082272500000000036e+03 3.123834520659474734e+01
2.130470299999999952e+03 3.126399653979239091e+01
2.142899699999999939e+03 3.137457205373498681e+01
2.151311499999999796e+03 3.149739822918786913e+01
2.163304099999999835e+03 3.156281701607978718e+01
2.199976999999999862e+03 3.176442448605739699e+01
2.209754399999999805e+03 3.165184256055363221e+01
2.221126600000000053e+03 3.196293201709749709e+01
2.241335000000000036e+03 3.210722369224506423e+01
2.259549700000000030e+03 3.213223844901282433e+01
2.262999299999999948e+03 3.214276969265214490e+01
2.298738600000000133e+03 3.246569102381437233e+01
2.300681900000000041e+03 3.258290301241603970e+01
2.317253999999999905e+03 3.233634744555261875e+01
2.332104899999999816e+03 3.261754070832485297e+01
2.350314899999999852e+03 3.251709444331365262e+01
2.368871000000000095e+03 3.294521066558111499e+01
2.390660400000000209e+03 3.306230103806228016e+01
2.411599400000000060e+03 3.285938988398127236e+01
2.414208299999999781e+03 3.337876959088133333e+01
2.443545200000000023e+03 3.334204203134541444e+01
