9.905621499999999457e+01 -3.888826912704578476e+00
9.937350000000000705e+01 -3.888981906866203264e+00
1.263382799999999975e+02 -3.888737085216289913e+00
1.501272400000000005e+02 -3.888769001734028841e+00
1.503831800000000101e+02 -3.889024562800914353e+00
1.754468999999999994e+02 -3.888489225761351253e+00
1.999047300000000007e+02 -3.888385489388241023e+00
2.000967200000000048e+02 -3.888404693152742730e+00
2.257032199999999875e+02 -3.888315038871185791e+00
2.502320499999999868e+02 -3.887791635836201909e+00
2.504041799999999967e+02 -3.887600281011025061e+00
2.739190300000000207e+02 -3.887450200909660314e+00
2.989274500000000216e+02 -3.886886116263806201e+00
3.009278899999999908e+02 -3.887393906915850739e+00
3.242522500000000036e+02 -3.886741192388976085e+00
3.516297500000000014e+02 -3.885819533593309227e+00
3.527768599999999992e+02 -3.886574358333148016e+00
3.721523700000000190e+02 -3.884905570691789656e+00
3.981747199999999793e+02 -3.883661972698025266e+00
4.000314700000000130e+02 -3.884691949007817335e+00
4.223069199999999910e+02 -3.882780130204432023e+00
4.458610300000000279e+02 -3.880777691961883935e+00
4.489138100000000122e+02 -3.882111471985393969e+00
4.679571599999999876e+02 -3.878801909017917549e+00
5.006360099999999989e+02 -3.878571688997883182e+00
5.016843299999999886e+02 -3.879046852838021309e+00
5.207424399999999878e+02 -3.874816263369160296e+00
5.489770099999999502e+02 -3.874427338489990102e+00
5.520337600000000293e+02 -3.874843103518589515e+00
5.705852800000000116e+02 -3.869355507298203545e+00
6.017068100000000186e+02 -3.868301510547479616e+00
6.039877800000000434e+02 -3.868453114243493474e+00
6.192776099999999815e+02 -3.862974178804065239e+00
6.497092499999999973e+02 -3.862303403094661025e+00
6.547591300000000274e+02 -3.863601620999654429e+00
6.711367500000000064e+02 -3.857838716726867734e+00
6.962210199999999531e+02 -3.855432547349797012e+00
6.976194000000000415e+02 -3.856789222306568732e+00
7.211621999999999844e+02 -3.852164177728783834e+00
7.484375499999999874e+02 -3.850488755130110796e+00
7.490731100000000424e+02 -3.850424991653488949e+00
7.710270199999999932e+02 -3.845903740603627607e+00
8.010187600000000430e+02 -3.847092018294009375e+00
8.046116899999999532e+02 -3.845358639556115676e+00
8.169794699999999921e+02 -3.840385541691334392e+00
8.374196100000000342e+02 -3.839152372900613397e+00
8.509728000000000065e+02 -3.839226771289691698e+00
8.690006899999999632e+02 -3.835882098575128740e+00
9.022914299999999912e+02 -3.835800599616683737e+00
9.036144199999999955e+02 -3.835469150521814363e+00
9.229099200000000565e+02 -3.832247264698872780e+00
9.453498600000000351e+02 -3.830866418848141830e+00
9.515350300000000061e+02 -3.830581478044926769e+00
9.635684199999999464e+02 -3.827001070691288476e+00
9.970571400000000040e+02 -3.826252404226999637e+00
1.005912400000000048e+03 -3.827180327967899753e+00
1.018227200000000039e+03 -3.824274848597231991e+00
1.049793400000000020e+03 -3.822503169994993399e+00
1.053861200000000053e+03 -3.822396523667959123e+00
1.065782699999999977e+03 -3.820126494409347373e+00
1.096521799999999985e+03 -3.820052300727602379e+00
1.108441600000000108e+03 -3.822699092314883362e+00
1.115751700000000028e+03 -3.816638308430953419e+00
1.140963099999999940e+03 -3.815926972937421002e+00
1.155079899999999952e+03 -3.817004901907864678e+00
1.158395999999999958e+03 -3.813249824801506094e+00
1.185929100000000062e+03 -3.810963445642209901e+00
1.187500500000000102e+03 -3.812482598543271983e+00
1.222932600000000093e+03 -3.813249055851251956e+00
1.226007100000000037e+03 -3.807759222349941908e+00
1.262536800000000085e+03 -3.809857059850117800e+00
1.265376099999999951e+03 -3.808289681167615903e+00
1.297552599999999984e+03 -3.806754802301458795e+00
1.300641800000000103e+03 -3.808875781051766829e+00
1.317982199999999921e+03 -3.807299847037784790e+00
1.349846000000000004e+03 -3.806216339458123432e+00
1.361167699999999968e+03 -3.804242450853676516e+00
1.362139300000000048e+03 -3.807385191996935259e+00
1.381142800000000079e+03 -3.798554691961217422e+00
1.399190000000000055e+03 -3.805434429137052543e+00
1.410816900000000032e+03 -3.801018018052878311e+00
1.454795699999999897e+03 -3.802217303514330737e+00
1.460907200000000103e+03 -3.799587192981945361e+00
1.461680100000000039e+03 -3.802912588201781130e+00
1.501115199999999959e+03 -3.799946752323644539e+00
1.506375099999999975e+03 -3.798431617521103032e+00
1.517074499999999944e+03 -3.798674370804885569e+00
1.550345900000000029e+03 -3.797414709034559355e+00
1.563949000000000069e+03 -3.799639146321642347e+00
1.572329099999999926e+03 -3.798692145440933476e+00
1.587319400000000087e+03 -3.793280849825855228e+00
1.603616400000000112e+03 -3.793662583018528878e+00
1.612859600000000000e+03 -3.794454892230406884e+00
1.635940100000000029e+03 -3.791722241083710809e+00
1.640192299999999932e+03 -3.794346860372980856e+00
1.662272999999999911e+03 -3.792887289973026821e+00
1.711392100000000028e+03 -3.794268386499182188e+00
1.713198799999999892e+03 -3.797127831784944174e+00
1.726761199999999917e+03 -3.794436699479449171e+00
1.756081599999999980e+03 -3.792714245536451756e+00
1.761573000000000093e+03 -3.790942908835770009e+00
1.778847099999999955e+03 -3.796193616755199951e+00
1.786451099999999997e+03 -3.788116505745922957e+00
1.789803400000000011e+03 -3.787243980628355544e+00
1.800719200000000001e+03 -3.785382541247558130e+00
1.835834700000000112e+03 -3.788757106373191075e+00
1.850474200000000110e+03 -3.786635388613563080e+00
1.851181700000000092e+03 -3.785413803356365570e+00
1.902209800000000087e+03 -3.788224197006347271e+00
1.912587399999999889e+03 -3.789524711158215098e+00
1.922485400000000027e+03 -3.788518713210169864e+00
1.938208499999999958e+03 -3.783116879303153102e+00
1.946655099999999948e+03 -3.786240347016542440e+00
1.975653700000000072e+03 -3.789128422107720606e+00
1.998551600000000008e+03 -3.783612711368526504e+00
2.007946400000000040e+03 -3.787173196525904117e+00
2.013773100000000113e+03 -3.786733045926854668e+00
2.051807400000000143e+03 -3.784359125838513638e+00
2.056078199999999924e+03 -3.782520814945536713e+00
2.068678499999999985e+03 -3.785689957175385700e+00
2.085746799999999894e+03 -3.782025717345823601e+00
2.102130099999999857e+03 -3.784029038233878595e+00
2.114590000000000146e+03 -3.778541998251813361e+00
2.130808199999999943e+03 -3.778319195614026071e+00
2.147685500000000047e+03 -3.778500551003725505e+00
2.153676399999999830e+03 -3.781237950126838498e+00
2.194925499999999829e+03 -3.782245954362609908e+00
2.215444399999999860e+03 -3.783894483868393444e+00
2.224057800000000043e+03 -3.783401241642152524e+00
2.247897399999999834e+03 -3.783047613336965487e+00
2.259501999999999953e+03 -3.780136123194094644e+00
2.264964199999999892e+03 -3.780972238729778834e+00
2.292285400000000209e+03 -3.781868052537812552e+00
2.303397100000000137e+03 -3.773112874956017215e+00
2.311137700000000223e+03 -3.780670355193543219e+00
2.341550999999999931e+03 -3.778884111585409045e+00
2.343115600000000086e+03 -3.775796580843782557e+00
2.373447099999999864e+03 -3.779968785259260500e+00
2.389283500000000004e+03 -3.776524137037537976e+00
2.395369200000000092e+03 -3.774946536418755549e+00
2.399530400000000100e+03 -3.778429627139640701e+00
2.455112200000000030e+03 -3.774216907055556014e+00
