1.002566499999999934e+02 -6.225262427150459743e+00
1.257249800000000022e+02 -6.224860440105704384e+00
1.501104699999999923e+02 -6.225276624425580607e+00
1.748463099999999883e+02 -6.224440006475444598e+00
1.998785000000000025e+02 -6.224511977289512998e+00
2.235819199999999967e+02 -6.223862864891094304e+00
2.497478900000000124e+02 -6.223797449872273901e+00
2.739402200000000107e+02 -6.222886983648344028e+00
3.011829399999999737e+02 -6.222858224262727944e+00
3.241480599999999868e+02 -6.221674770124550058e+00
3.529493100000000254e+02 -6.221025107402669896e+00
3.683703699999999799e+02 -6.218923828448872371e+00
4.010729799999999727e+02 -6.219667947483084269e+00
4.231784499999999980e+02 -6.218034798940022867e+00
4.497202199999999834e+02 -6.216360348037627048e+00
4.720215699999999970e+02 -6.215750258484252555e+00
5.041664499999999975e+02 -6.215616934508213731e+00
5.167375799999999799e+02 -6.211956583748140304e+00
5.559388099999999895e+02 -6.212775799726069970e+00
5.695951700000000528e+02 -6.209290160882225074e+00
5.971413900000000012e+02 -6.208616271814738852e+00
6.261088099999999486e+02 -6.206325260405367139e+00
6.522061999999999671e+02 -6.204236722238145596e+00
6.652832499999999527e+02 -6.198998938788813362e+00
7.034489899999999807e+02 -6.199423755325069507e+00
7.222206400000000031e+02 -6.194853641079633100e+00
7.422314099999999826e+02 -6.191208891501955414e+00
7.702723799999999983e+02 -6.188438704060322593e+00
8.103277600000000120e+02 -6.186985349921314103e+00
8.103464699999999539e+02 -6.180077913268867462e+00
8.558557700000000068e+02 -6.180689401208015354e+00
8.704056699999999864e+02 -6.176187050086931585e+00
8.988446599999999762e+02 -6.173883080538786317e+00
9.206603000000000065e+02 -6.169853612945789045e+00
9.514184199999999691e+02 -6.168766933503838423e+00
9.740180800000000545e+02 -6.163853238416336033e+00
9.850564000000000533e+02 -6.159377330008568130e+00
1.018574499999999944e+03 -6.156129134902356803e+00
1.043593399999999974e+03 -6.153274303408369228e+00
1.068128999999999905e+03 -6.151717285195953622e+00
1.098065599999999904e+03 -6.148774119008384886e+00
1.116708000000000084e+03 -6.146599351496218056e+00
1.159515699999999924e+03 -6.147123555776057735e+00
1.171240099999999984e+03 -6.141197188567420362e+00
1.187294699999999921e+03 -6.139673899522144040e+00
1.213343100000000049e+03 -6.134589793961017890e+00
1.256724899999999934e+03 -6.133857468459146034e+00
1.266831799999999930e+03 -6.130469896244170158e+00
1.305581400000000031e+03 -6.130019802428213538e+00
1.323284000000000106e+03 -6.128742928709558058e+00
1.348012500000000045e+03 -6.125125561198051294e+00
1.365454899999999952e+03 -6.123072078038520161e+00
1.394918899999999894e+03 -6.121510399091194543e+00
1.416902399999999943e+03 -6.118578163409739368e+00
1.454296100000000024e+03 -6.118598832903067830e+00
1.466271500000000060e+03 -6.111988321014305114e+00
1.499842000000000098e+03 -6.110511254276828730e+00
1.513295800000000099e+03 -6.106518334109990676e+00
1.546299700000000030e+03 -6.106047853293519623e+00
1.565121200000000044e+03 -6.104687247474585021e+00
1.614541300000000092e+03 -6.099459561709305255e+00
1.615908100000000104e+03 -6.105819928906964122e+00
1.661733199999999897e+03 -6.100575748253646680e+00
1.662177799999999934e+03 -6.094352908879725916e+00
1.705397200000000112e+03 -6.096876482911739892e+00
1.717666300000000092e+03 -6.095481833186929599e+00
1.744979900000000043e+03 -6.091626496410151859e+00
1.780721999999999980e+03 -6.091115879339342065e+00
1.787878500000000031e+03 -6.087041389239889355e+00
1.813884800000000041e+03 -6.084774102005656715e+00
1.867758199999999988e+03 -6.085419339779949865e+00
1.873435799999999972e+03 -6.088794806288685635e+00
1.908813100000000077e+03 -6.084480843906955094e+00
1.916869099999999889e+03 -6.079324522426975186e+00
1.932843900000000076e+03 -6.073771342349056468e+00
1.959264899999999898e+03 -6.075382889618664350e+00
1.999134299999999939e+03 -6.075516912897924726e+00
2.011784300000000030e+03 -6.070881633060432492e+00
2.051907999999999902e+03 -6.066399431740463477e+00
2.052681399999999940e+03 -6.069768514127845904e+00
2.095458500000000186e+03 -6.061308622068509955e+00
2.119465999999999894e+03 -6.070071521584559981e+00
2.125740299999999934e+03 -6.062896484048987844e+00
2.165752899999999954e+03 -6.062793763894585908e+00
2.205970600000000104e+03 -6.060617565054041478e+00
2.212049700000000030e+03 -6.056431449736527028e+00
2.229327000000000226e+03 -6.056615968839876629e+00
2.242915500000000065e+03 -6.051482418424667387e+00
2.300157600000000002e+03 -6.053323181107106876e+00
2.330438400000000001e+03 -6.056680070136575722e+00
2.354330199999999877e+03 -6.047647945933552371e+00
2.364124600000000100e+03 -6.050695462493706600e+00
2.382110999999999876e+03 -6.043803986035218401e+00
2.422007900000000063e+03 -6.047767121461560258e+00
2.459752199999999903e+03 -6.048046858729061448e+00
