9.952533200000000591e+01 -3.303519733669656677e+00
1.267604999999999933e+02 -3.302978234235602439e+00
1.510188499999999863e+02 -3.302987491714261203e+00
1.511719600000000128e+02 -3.303027124582934348e+00
1.743500999999999976e+02 -3.301921893215532755e+00
1.986728500000000111e+02 -3.301894573241586084e+00
1.988575299999999970e+02 -3.301942367583786453e+00
2.241826700000000017e+02 -3.300714028654371912e+00
2.493405899999999917e+02 -3.300115572177209522e+00
2.493679500000000075e+02 -3.300122594396513342e+00
2.748491000000000213e+02 -3.299178073826125601e+00
3.005047099999999887e+02 -3.298257893393387263e+00
3.007443000000000097e+02 -3.298319832178384647e+00
3.244577400000000011e+02 -3.296606802923725432e+00
3.474178499999999872e+02 -3.295085701066711170e+00
3.475642199999999775e+02 -3.295123387969572715e+00
3.749570899999999938e+02 -3.293240711784280350e+00
4.021128100000000245e+02 -3.292015280421618950e+00
4.022529000000000110e+02 -3.292051649131888968e+00
4.231540600000000154e+02 -3.287048796916462567e+00
4.546377100000000269e+02 -3.286675785637400704e+00
4.548988800000000197e+02 -3.286743608594470345e+00
4.746438499999999863e+02 -3.282442468870329755e+00
4.973684499999999957e+02 -3.280749196606481455e+00
4.974095599999999990e+02 -3.280759977016158402e+00
5.203003700000000435e+02 -3.275553597628900970e+00
5.516368499999999813e+02 -3.275442560328994279e+00
5.522682700000000295e+02 -3.275605947626153203e+00
5.712100500000000238e+02 -3.269957385085840773e+00
6.006076399999999467e+02 -3.268824650186334502e+00
6.007834699999999657e+02 -3.268870105741934040e+00
6.177503600000000006e+02 -3.264794752196920502e+00
6.492991100000000415e+02 -3.264120180578182318e+00
6.494732500000000073e+02 -3.264165250120541817e+00
6.669179699999999684e+02 -3.260436964732491560e+00
7.033007199999999557e+02 -3.261426590871669084e+00
7.038942899999999554e+02 -3.261580244075678703e+00
7.155658300000000054e+02 -3.254878609632068542e+00
7.504260199999999941e+02 -3.253906844337719928e+00
7.505819900000000189e+02 -3.253947063917114857e+00
7.667156899999999951e+02 -3.250677889581293556e+00
7.964015100000000302e+02 -3.250074736061602465e+00
7.973040899999999738e+02 -3.250308020075661553e+00
8.222007599999999456e+02 -3.248365615746525048e+00
8.461670900000000302e+02 -3.247519256080966699e+00
8.470054099999999835e+02 -3.247736232918109422e+00
8.656948800000000119e+02 -3.244239316820208607e+00
8.916575900000000274e+02 -3.241825405523008019e+00
8.920241899999999760e+02 -3.241919822723804856e+00
9.227954099999999471e+02 -3.241007453971636920e+00
9.613150399999999536e+02 -3.239961474381465312e+00
9.618706499999999551e+02 -3.240105721252977578e+00
9.689573100000000068e+02 -3.236628685994849430e+00
1.003073300000000017e+03 -3.235431047587032261e+00
1.003386499999999955e+03 -3.235512168678748690e+00
1.018093100000000049e+03 -3.233277988934142311e+00
1.048680599999999913e+03 -3.232215489040258127e+00
1.049386799999999994e+03 -3.232398055799993841e+00
1.069130300000000034e+03 -3.230523617264695169e+00
1.113839699999999993e+03 -3.231999503811719521e+00
1.113992099999999937e+03 -3.232038189850165999e+00
1.115649599999999964e+03 -3.228364661360172416e+00
1.152307000000000016e+03 -3.229330490480856852e+00
1.152511400000000094e+03 -3.229383433721068730e+00
1.159478499999999940e+03 -3.223939096580202168e+00
1.197672000000000025e+03 -3.225232732210040698e+00
1.199026699999999892e+03 -3.225583000016169155e+00
1.202553200000000061e+03 -3.220749148390991579e+00
1.248047399999999925e+03 -3.221976720467015554e+00
1.248389499999999998e+03 -3.222065109242478353e+00
1.274154700000000048e+03 -3.222607974030585520e+00
1.304162199999999984e+03 -3.215170924407108721e+00
1.304407799999999952e+03 -3.219391398374471081e+00
1.304785200000000032e+03 -3.219488760246503212e+00
1.348918599999999969e+03 -3.218795843132172152e+00
1.349165999999999940e+03 -3.218859648301440668e+00
1.360665500000000065e+03 -3.216031663474326674e+00
1.391569099999999935e+03 -3.211589961715536123e+00
1.392771700000000010e+03 -3.211900654216475193e+00
1.408688799999999901e+03 -3.212531468592117800e+00
1.449683099999999968e+03 -3.212108753593585497e+00
1.449981600000000071e+03 -3.212185921786422149e+00
1.475547900000000027e+03 -3.215296693241853188e+00
1.496859300000000076e+03 -3.212722662364567938e+00
1.496955099999999902e+03 -3.212747275915631917e+00
1.518791199999999890e+03 -3.212678878222101631e+00
1.546464600000000019e+03 -3.208344299631968877e+00
1.548763300000000072e+03 -3.208938661117599178e+00
1.566904099999999971e+03 -3.210107403410081606e+00
1.591670399999999972e+03 -3.207376919695486883e+00
1.591744400000000041e+03 -3.207396355481189509e+00
1.614040600000000040e+03 -3.208527708822622060e+00
1.643623000000000047e+03 -3.205495315611964102e+00
1.643963899999999967e+03 -3.205582834424069549e+00
1.663508800000000065e+03 -3.206072075206714000e+00
1.701367299999999886e+03 -3.201253562193191904e+00
1.707227399999999989e+03 -3.206785408666736892e+00
1.708243999999999915e+03 -3.207048677974880579e+00
1.749240900000000011e+03 -3.204307838059111457e+00
1.749669200000000046e+03 -3.204418613021542406e+00
1.774444799999999987e+03 -3.205831435231496940e+00
1.802265200000000050e+03 -3.200987993609000437e+00
1.802329799999999977e+03 -3.201004490453497997e+00
1.813486799999999903e+03 -3.202353126408558737e+00
1.848897699999999986e+03 -3.199894532567295169e+00
1.850293599999999969e+03 -3.200255247852050289e+00
1.873782300000000077e+03 -3.202375325834874165e+00
1.898622900000000072e+03 -3.198488342842373822e+00
1.899909699999999930e+03 -3.198820751834244192e+00
1.902609400000000051e+03 -3.196594191975173249e+00
1.946154199999999946e+03 -3.197354951687020996e+00
1.947272200000000112e+03 -3.197644129601501461e+00
1.957892100000000028e+03 -3.197832389986673185e+00
2.001691800000000057e+03 -3.200599917581476550e+00
2.001733300000000099e+03 -3.200610289959857191e+00
2.005605800000000045e+03 -3.195746712602188566e+00
2.048206200000000081e+03 -3.193782306368438739e+00
2.049924199999999928e+03 -3.194226697999131392e+00
2.066636199999999917e+03 -3.197388320251414395e+00
2.114622299999999996e+03 -3.195072992450572968e+00
2.115763300000000072e+03 -3.195369134031081693e+00
2.121808500000000095e+03 -3.196007350756757681e+00
2.139006899999999860e+03 -3.190567106671447828e+00
2.140017499999999927e+03 -3.190828112464453081e+00
2.156062100000000100e+03 -3.191924922934110231e+00
2.204218699999999899e+03 -3.193956949797904343e+00
2.204724299999999857e+03 -3.194088268088767446e+00
2.219595200000000204e+03 -3.195037515740010825e+00
2.245032600000000002e+03 -3.190983323433679075e+00
2.245842099999999846e+03 -3.191192747956232978e+00
2.271418099999999868e+03 -3.194687006089993453e+00
2.302324200000000019e+03 -3.189783249633621587e+00
2.302937699999999950e+03 -3.189941546285356644e+00
2.311746500000000196e+03 -3.190072857115159977e+00
2.346640499999999975e+03 -3.191643264090719523e+00
2.346899499999999989e+03 -3.191710475174181383e+00
2.351151400000000194e+03 -3.187520341556369541e+00
2.388094000000000051e+03 -3.185379511790598528e+00
2.391565200000000004e+03 -3.186276529900876842e+00
2.432348899999999958e+03 -3.191037666966114905e+00
2.449405900000000202e+03 -3.188351474719712364e+00
2.450687399999999798e+03 -3.188683582149592688e+00
