1.028447100000000063e+02 -1.480825294343687926e+00
1.271008099999999956e+02 -1.480445612733459093e+00
1.502438999999999965e+02 -1.479989522970704519e+00
1.743914499999999919e+02 -1.479350504853785608e+00
2.016536999999999864e+02 -1.479650527315381714e+00
2.254460699999999918e+02 -1.478855012746075337e+00
2.495193399999999997e+02 -1.478176335837077859e+00
2.736287100000000123e+02 -1.477286047063658847e+00
2.994580399999999827e+02 -1.476797963764264532e+00
3.211274099999999976e+02 -1.474846955617037381e+00
3.493989700000000198e+02 -1.474928055428788243e+00
3.732369299999999726e+02 -1.473493146240712592e+00
4.006385300000000029e+02 -1.472793166584133395e+00
4.245769300000000044e+02 -1.471096211737386250e+00
4.518060500000000275e+02 -1.470099454494442348e+00
4.750254100000000221e+02 -1.468388962362671801e+00
4.996060200000000009e+02 -1.466685479174715478e+00
5.181186599999999771e+02 -1.463557565060740195e+00
5.491155999999999722e+02 -1.463056795911338526e+00
5.778461700000000292e+02 -1.462588484450284998e+00
5.960039600000000064e+02 -1.459251950768868600e+00
6.177444900000000416e+02 -1.456327887646585273e+00
6.494126499999999851e+02 -1.456516874675037210e+00
6.711450800000000072e+02 -1.454084000667890342e+00
7.006977900000000545e+02 -1.452661680830769519e+00
7.222628399999999829e+02 -1.450438588885618163e+00
7.493588399999999865e+02 -1.448841571756938729e+00
7.697985599999999522e+02 -1.445496041182075198e+00
8.065530499999999847e+02 -1.446403467049371061e+00
8.238005600000000186e+02 -1.443250445642515700e+00
8.465338000000000420e+02 -1.440613447291922977e+00
8.668026399999999967e+02 -1.438612556222756522e+00
8.963106299999999464e+02 -1.437282074520430220e+00
9.154482000000000426e+02 -1.434246207788500982e+00
9.482228099999999813e+02 -1.434028480252089732e+00
9.644642000000000053e+02 -1.430378790541592560e+00
9.970387399999999616e+02 -1.430479735797739238e+00
1.020453099999999949e+03 -1.428700023458563617e+00
1.050930900000000065e+03 -1.428730423853316722e+00
1.073661000000000058e+03 -1.427173928629102306e+00
1.104876800000000003e+03 -1.427513679712830053e+00
1.119811699999999973e+03 -1.423568776525894197e+00
1.144255100000000084e+03 -1.420563385835064807e+00
1.160188100000000077e+03 -1.419745328792464845e+00
1.197812100000000100e+03 -1.418829351826291330e+00
1.213549999999999955e+03 -1.417106847779447509e+00
1.239599799999999959e+03 -1.415928355520099879e+00
1.264717200000000048e+03 -1.414678267699799097e+00
1.301710800000000063e+03 -1.415077897027038345e+00
1.305858799999999974e+03 -1.408953565515126849e+00
1.346653999999999996e+03 -1.410508994509043212e+00
1.369874800000000050e+03 -1.409641689626605743e+00
1.407921900000000051e+03 -1.412181825590860695e+00
1.423219299999999976e+03 -1.407808907802547083e+00
1.444962199999999939e+03 -1.404984378601839445e+00
1.470549700000000030e+03 -1.404207388261266232e+00
1.486434600000000046e+03 -1.400148777135651557e+00
1.517728000000000065e+03 -1.401865855800303873e+00
1.548638699999999972e+03 -1.401942069321183926e+00
1.566303799999999910e+03 -1.398739512911354899e+00
1.600966499999999996e+03 -1.399994119754047306e+00
1.615268800000000056e+03 -1.394994927839500853e+00
1.650793799999999919e+03 -1.397862340380998214e+00
1.655058299999999917e+03 -1.389960982127473654e+00
1.703421900000000051e+03 -1.395946838101948195e+00
1.718860799999999927e+03 -1.391783765688411334e+00
1.740509900000000016e+03 -1.389732870487347283e+00
1.772410100000000057e+03 -1.388316772218207262e+00
1.799341499999999996e+03 -1.388305230394167644e+00
1.806470100000000002e+03 -1.382000751281499129e+00
1.849955400000000054e+03 -1.379625479760980156e+00
1.860920900000000074e+03 -1.386887717234070116e+00
1.890425500000000056e+03 -1.379993617443573628e+00
1.906462899999999991e+03 -1.376273687677152857e+00
1.946938300000000027e+03 -1.376761962053021149e+00
1.971284300000000030e+03 -1.377852040820836566e+00
1.997273999999999887e+03 -1.368731998895377444e+00
2.001198499999999967e+03 -1.373568715784049044e+00
2.048504300000000057e+03 -1.371433765616979716e+00
2.072077299999999923e+03 -1.366126013380136950e+00
2.094079900000000180e+03 -1.360540512701486016e+00
2.104751499999999851e+03 -1.368765596738148904e+00
2.150044800000000123e+03 -1.356487130800726693e+00
2.156851799999999912e+03 -1.365960289214328327e+00
2.197016099999999824e+03 -1.359122666847646599e+00
2.211186700000000201e+03 -1.354825943228477492e+00
2.262589800000000196e+03 -1.354669522430534068e+00
2.270005200000000059e+03 -1.350848865232000318e+00
2.307362900000000081e+03 -1.345241512356254443e+00
2.313367499999999836e+03 -1.351759727779771714e+00
2.358602499999999964e+03 -1.347005422779731010e+00
2.376929799999999886e+03 -1.341695969509493658e+00
2.392548499999999876e+03 -1.337390237921249669e+00
2.415204400000000078e+03 -1.334284589015614975e+00
2.446074999999999818e+03 -1.330801738554539426e+00
