9.922844100000000367e+01 -4.415108613432097151e+00
9.995875499999999647e+01 -4.415236402539046701e+00
1.271329199999999986e+02 -4.414156590380096112e+00
1.489938500000000090e+02 -4.414101583036537768e+00
1.525793899999999894e+02 -4.414598687486018136e+00
1.772160399999999925e+02 -4.412961747524166256e+00
1.990656600000000083e+02 -4.412687502459252897e+00
1.990737200000000087e+02 -4.412306775219888344e+00
2.231483900000000062e+02 -4.409661281325675475e+00
2.490130200000000116e+02 -4.409722981218516580e+00
2.504171900000000051e+02 -4.409864635602751548e+00
2.744580100000000016e+02 -4.406553561988125089e+00
2.975976299999999810e+02 -4.406122526718379895e+00
2.997680199999999786e+02 -4.406009333227899560e+00
3.198821699999999737e+02 -4.400623194233855173e+00
3.491419399999999769e+02 -4.401476558188879729e+00
3.525351099999999747e+02 -4.401525345777754339e+00
3.699932299999999827e+02 -4.396887182403014904e+00
4.011669099999999730e+02 -4.397057282161251024e+00
4.027252599999999916e+02 -4.397211317025781163e+00
4.190960999999999785e+02 -4.392850944539200775e+00
4.500409300000000030e+02 -4.392440052177060572e+00
4.504648599999999874e+02 -4.393322748496436780e+00
4.691485900000000129e+02 -4.390953597425664157e+00
4.919552800000000161e+02 -4.389570525282191937e+00
4.990833400000000211e+02 -4.391652228571622629e+00
5.211888500000000022e+02 -4.388181923668766693e+00
5.498090799999999945e+02 -4.387687936703693836e+00
5.556853700000000345e+02 -4.388903034358510702e+00
5.719492199999999684e+02 -4.386849523486341162e+00
5.978168200000000070e+02 -4.385744171114105860e+00
6.016904299999999921e+02 -4.386886223681173647e+00
6.151872700000000123e+02 -4.384142115942950113e+00
6.448841700000000401e+02 -4.384595663583468195e+00
6.507402600000000348e+02 -4.385495189044529063e+00
6.658566299999999956e+02 -4.383325267855464169e+00
6.968628800000000183e+02 -4.382610489894418926e+00
7.004130400000000236e+02 -4.384638901807340616e+00
7.181352799999999661e+02 -4.382480071021163326e+00
7.466676899999999932e+02 -4.381811386129764507e+00
7.514819599999999582e+02 -4.381640542316946885e+00
7.628943100000000186e+02 -4.379881519439869919e+00
8.051559899999999743e+02 -4.380730575227747003e+00
8.067499299999999494e+02 -4.382229807152087986e+00
8.143803299999999581e+02 -4.379524369429898201e+00
8.476777499999999463e+02 -4.380656026246647627e+00
8.477450800000000299e+02 -4.380481085557192067e+00
8.664122999999999593e+02 -4.379720123070127258e+00
9.000734800000000178e+02 -4.379076492811750931e+00
9.040412599999999657e+02 -4.380497368114381729e+00
9.085026299999999537e+02 -4.377873293846928249e+00
9.405383600000000115e+02 -4.378995692988667088e+00
9.512082199999999830e+02 -4.379991597300423756e+00
9.646311600000000226e+02 -4.377684674377115392e+00
1.004638299999999958e+03 -4.379300520314432177e+00
1.005226599999999962e+03 -4.378645157953448219e+00
1.009751600000000053e+03 -4.376466802593373728e+00
1.049135800000000017e+03 -4.378728496022557870e+00
1.050589500000000044e+03 -4.374060341423430920e+00
1.056889400000000023e+03 -4.380181510843447867e+00
1.091260299999999916e+03 -4.376350402724670019e+00
1.103431000000000040e+03 -4.375450719688646295e+00
1.110029600000000073e+03 -4.380567336157934477e+00
1.141697599999999966e+03 -4.377256536250231811e+00
1.152067099999999982e+03 -4.378476440209277065e+00
1.160094399999999951e+03 -4.376201412824844539e+00
1.190930699999999888e+03 -4.375940816645239373e+00
1.209355999999999995e+03 -4.375673134312243917e+00
1.211117999999999938e+03 -4.378563055103483315e+00
1.248070999999999913e+03 -4.375819428497991659e+00
1.254056000000000040e+03 -4.377850488594227762e+00
1.269353800000000092e+03 -4.377333057889839729e+00
1.295695099999999911e+03 -4.375694151743500626e+00
1.306276800000000094e+03 -4.378848315214861842e+00
1.310445099999999911e+03 -4.376133668864511606e+00
1.349965899999999920e+03 -4.376024508802051294e+00
1.354450100000000020e+03 -4.378373668113425765e+00
1.357620499999999993e+03 -4.375302174401899613e+00
1.412313000000000102e+03 -4.378707099886169019e+00
1.412708399999999983e+03 -4.376899182285298728e+00
1.418504599999999982e+03 -4.381680436468757378e+00
1.443199499999999944e+03 -4.377242353378314021e+00
1.453059199999999919e+03 -4.377023879316207733e+00
1.454990500000000111e+03 -4.375801196675201510e+00
1.499950900000000047e+03 -4.377680766752969355e+00
1.502124399999999923e+03 -4.378576671580594493e+00
1.520805699999999888e+03 -4.379355986546215718e+00
1.551061500000000024e+03 -4.376705343984431451e+00
1.563715699999999970e+03 -4.379335041646413629e+00
1.565965799999999945e+03 -4.377178288280830998e+00
1.591554300000000012e+03 -4.378335558088499724e+00
1.612226100000000088e+03 -4.380398538960259991e+00
1.618264799999999923e+03 -4.380364100342147182e+00
1.641660499999999956e+03 -4.380396630986663986e+00
1.641822499999999991e+03 -4.380183575327533774e+00
1.669290999999999940e+03 -4.379021397471510646e+00
1.682982400000000098e+03 -4.378258434099940644e+00
1.704056199999999990e+03 -4.382665112008498731e+00
1.707278299999999945e+03 -4.378838410603053788e+00
1.751882499999999936e+03 -4.381628694586570560e+00
1.755164700000000039e+03 -4.381903424793094359e+00
1.762020999999999958e+03 -4.379430138333874289e+00
1.803193700000000035e+03 -4.382736628978132210e+00
1.804196500000000015e+03 -4.379738189046561203e+00
1.808089500000000044e+03 -4.380587218491338142e+00
1.854709499999999935e+03 -4.381526349276640531e+00
1.857270299999999907e+03 -4.383108375201271834e+00
1.862870499999999993e+03 -4.378592928544239093e+00
1.888353100000000040e+03 -4.382685572976305011e+00
1.905854399999999941e+03 -4.383459142407783560e+00
1.906730999999999995e+03 -4.379503285893862952e+00
1.946336800000000039e+03 -4.382808935358492697e+00
1.951885099999999966e+03 -4.380724860852601488e+00
1.958310099999999920e+03 -4.383074381697399602e+00
1.992789500000000089e+03 -4.385339611203686871e+00
2.005587899999999991e+03 -4.380680310212853534e+00
2.014004300000000057e+03 -4.385433259450556953e+00
2.055378900000000158e+03 -4.383938800546346215e+00
2.056257300000000214e+03 -4.381759157383730674e+00
2.073488499999999931e+03 -4.389704453610380419e+00
2.094866500000000087e+03 -4.386772258518489842e+00
2.097718899999999849e+03 -4.385178193171810790e+00
2.120562199999999848e+03 -4.386863917825678527e+00
2.129950800000000072e+03 -4.380715238588279270e+00
2.153291200000000117e+03 -4.385625087166908465e+00
2.164275799999999890e+03 -4.386459278450049126e+00
2.181117099999999937e+03 -4.386066041147042682e+00
2.204228300000000218e+03 -4.384157375818625191e+00
2.224436499999999796e+03 -4.390346893996742494e+00
2.240619099999999889e+03 -4.383987318337188910e+00
2.241248999999999796e+03 -4.385604872016469535e+00
2.268025500000000193e+03 -4.387744665470738603e+00
2.294629699999999957e+03 -4.384013078981527478e+00
2.296729800000000068e+03 -4.388125658763321724e+00
2.298935899999999947e+03 -4.388658833188138431e+00
2.341445200000000114e+03 -4.387926676726971564e+00
2.351696500000000015e+03 -4.388258858967599707e+00
2.372753600000000006e+03 -4.391930963131231991e+00
2.388243300000000090e+03 -4.390163274699435902e+00
2.393561400000000049e+03 -4.387273352659730286e+00
2.417261100000000170e+03 -4.391106181070810521e+00
2.458952000000000226e+03 -4.391258523562769689e+00
