1.002288999999999959e+02 -3.475461898857017395e+00
1.263857900000000001e+02 -3.475259595463786155e+00
1.503803399999999897e+02 -3.475499250953243191e+00
1.764590399999999875e+02 -3.475410918704122221e+00
1.985123100000000136e+02 -3.474823404263659210e+00
2.224325800000000015e+02 -3.474355784433457384e+00
2.503521100000000104e+02 -3.474833664984187109e+00
2.732332900000000109e+02 -3.474306406064453956e+00
3.022445099999999911e+02 -3.474297937041425755e+00
3.238053300000000263e+02 -3.474095174313012624e+00
3.502945500000000152e+02 -3.473101520440569967e+00
3.698648200000000088e+02 -3.472714712505098777e+00
3.965625299999999811e+02 -3.472592991236392201e+00
4.239736100000000079e+02 -3.472881825059725536e+00
4.478488899999999830e+02 -3.471633237964513174e+00
4.692128599999999778e+02 -3.470268350094353860e+00
5.006599100000000249e+02 -3.469451926243696249e+00
5.170650299999999788e+02 -3.468115884983040687e+00
5.565948399999999765e+02 -3.469767144964523986e+00
5.728741899999999987e+02 -3.467636784240706760e+00
6.050020399999999654e+02 -3.466608461293658294e+00
6.215804200000000037e+02 -3.465487117563289754e+00
6.493837800000000016e+02 -3.463480253867589287e+00
6.682373900000000049e+02 -3.461845433348455181e+00
7.024339300000000321e+02 -3.461776953748821217e+00
7.202780000000000200e+02 -3.458469687647309332e+00
7.542494799999999486e+02 -3.457169760749302601e+00
7.694483099999999922e+02 -3.454455158740268317e+00
7.978099099999999453e+02 -3.452842458542349391e+00
8.217956599999999980e+02 -3.451070119944048997e+00
8.508386600000000044e+02 -3.449290912887677862e+00
8.690573100000000295e+02 -3.446609487855136766e+00
8.969148199999999633e+02 -3.443339297549451228e+00
9.186269399999999905e+02 -3.440301590263282527e+00
9.495998299999999972e+02 -3.441293942199790568e+00
9.651408300000000509e+02 -3.435007152721069712e+00
9.990938099999999622e+02 -3.432283910739856836e+00
1.012461699999999951e+03 -3.429766542169769394e+00
1.056430299999999988e+03 -3.430160524332872107e+00
1.070461999999999989e+03 -3.427642771191075965e+00
1.105363800000000083e+03 -3.424058416685838324e+00
1.117663600000000088e+03 -3.420760396785007096e+00
1.161718800000000101e+03 -3.421375626939133330e+00
1.169692299999999932e+03 -3.416095036390189854e+00
1.203528999999999996e+03 -3.412835474809013725e+00
1.214470000000000027e+03 -3.409734417420783537e+00
1.257403399999999920e+03 -3.407882304300854592e+00
1.269092399999999998e+03 -3.406987646468509823e+00
1.291684199999999919e+03 -3.404403183408008182e+00
1.315247100000000046e+03 -3.400383884642780075e+00
1.356872100000000046e+03 -3.398906174185863271e+00
1.364225899999999911e+03 -3.396929860835879555e+00
1.409285699999999906e+03 -3.398839860135366209e+00
1.417013099999999895e+03 -3.392587394223954611e+00
1.458607299999999896e+03 -3.393109099737720680e+00
1.466729599999999891e+03 -3.388937097040794821e+00
1.495627999999999929e+03 -3.381787564793695466e+00
1.526091200000000072e+03 -3.387221223160895800e+00
1.546279700000000048e+03 -3.379683431928517390e+00
1.563123399999999947e+03 -3.383923524212311129e+00
1.593230399999999918e+03 -3.380814558402621017e+00
1.621707699999999932e+03 -3.378004820047121548e+00
1.651689699999999903e+03 -3.368818963633092967e+00
1.661355800000000045e+03 -3.376353004741069697e+00
1.695283799999999928e+03 -3.372585344419605669e+00
1.715212099999999964e+03 -3.369110654717244913e+00
1.752242199999999912e+03 -3.368039667100340750e+00
1.761403600000000097e+03 -3.365816681205359817e+00
1.798383599999999888e+03 -3.363797162665092877e+00
1.821333499999999958e+03 -3.363567030112806222e+00
1.864181000000000040e+03 -3.361581220208004428e+00
1.870454500000000053e+03 -3.358426431789744093e+00
1.900915899999999965e+03 -3.353257192498697581e+00
1.909744500000000016e+03 -3.358215828413905868e+00
1.945077399999999898e+03 -3.353734373093219201e+00
1.963200700000000097e+03 -3.352680343780678474e+00
1.986782999999999902e+03 -3.345863800989655523e+00
2.017192900000000009e+03 -3.350969004894596370e+00
2.056329799999999977e+03 -3.345046676791970874e+00
2.061002899999999954e+03 -3.347884931047434343e+00
2.090270500000000084e+03 -3.345226631039115439e+00
2.107264999999999873e+03 -3.342083053942406234e+00
2.157114500000000135e+03 -3.343318249208996118e+00
2.160943999999999960e+03 -3.338701442733180258e+00
2.199268300000000181e+03 -3.336696254867665523e+00
2.206770100000000184e+03 -3.336779116366106468e+00
2.253460099999999784e+03 -3.334104804770358754e+00
2.262860299999999825e+03 -3.337076211683259963e+00
2.313839199999999892e+03 -3.336826053872017361e+00
2.316202299999999923e+03 -3.334376357750351350e+00
2.325482100000000173e+03 -3.324948584724136236e+00
2.366058899999999994e+03 -3.330904554801802142e+00
2.395283300000000054e+03 -3.328417307372535383e+00
2.419679700000000139e+03 -3.328833564332691619e+00
2.462474400000000060e+03 -3.328582578014513071e+00
