1.228541000000000025e+02 -3.370050430223068716e+00
1.334714600000000075e+02 -3.369953279235328836e+00
1.704885899999999879e+02 -3.368885808145023475e+00
1.717641500000000008e+02 -3.369341812492595789e+00
1.843172600000000045e+02 -3.369569791194806818e+00
2.204695499999999981e+02 -3.367758692896411610e+00
2.226764599999999916e+02 -3.368454401167703782e+00
2.311288000000000125e+02 -3.367545971958993078e+00
2.696249099999999999e+02 -3.365868581225421874e+00
2.707298999999999864e+02 -3.366272093740115601e+00
2.786786700000000110e+02 -3.365169976674059704e+00
3.181356700000000046e+02 -3.363518473255122654e+00
3.204394699999999716e+02 -3.363999152174581120e+00
3.300803799999999910e+02 -3.363321714750417524e+00
3.672906600000000026e+02 -3.360903912176423702e+00
3.673522500000000264e+02 -3.361019976896756134e+00
3.797544500000000198e+02 -3.360906123308003757e+00
4.199089900000000171e+02 -3.358562924662646498e+00
4.221566000000000258e+02 -3.359262641362258606e+00
4.294466400000000021e+02 -3.357677945739522496e+00
4.666604699999999752e+02 -3.354280906219571534e+00
4.683005899999999997e+02 -3.354801337737214784e+00
4.783561799999999948e+02 -3.353966855435216665e+00
5.165391499999999496e+02 -3.350632794293116223e+00
5.183918099999999640e+02 -3.351011652193993662e+00
5.256814699999999903e+02 -3.349498403214620446e+00
5.667675900000000411e+02 -3.346946972837560708e+00
5.676208800000000565e+02 -3.347258446625944295e+00
5.728099999999999454e+02 -3.345186035563196825e+00
6.185567300000000159e+02 -3.343397220595106134e+00
6.200447599999999966e+02 -3.343895278660009573e+00
6.203776400000000422e+02 -3.340373406821052438e+00
6.627675500000000284e+02 -3.337948570076660459e+00
6.662643900000000485e+02 -3.338931190787619574e+00
6.748597399999999880e+02 -3.338023603872787959e+00
7.077585199999999759e+02 -3.333183183348225942e+00
7.171535099999999829e+02 -3.335537529959007763e+00
7.265818000000000438e+02 -3.334677861631222484e+00
7.644360100000000102e+02 -3.330995426622044064e+00
7.670595299999999952e+02 -3.331580742022228314e+00
7.731072000000000344e+02 -3.329738323121511634e+00
8.177474499999999580e+02 -3.328195620621143824e+00
8.185528500000000349e+02 -3.328518324719500043e+00
8.194833800000000110e+02 -3.325056106907250175e+00
8.646509399999999914e+02 -3.323958853381945300e+00
8.651511000000000422e+02 -3.324009842059695963e+00
8.783107099999999718e+02 -3.323944226357629539e+00
9.089117599999999584e+02 -3.317887468366379267e+00
9.147998199999999542e+02 -3.319341411772232409e+00
9.163192099999999982e+02 -3.316719345798196716e+00
9.602866999999999962e+02 -3.316123828710285881e+00
9.628441100000000006e+02 -3.316852851242452882e+00
9.696298000000000457e+02 -3.315559458463678055e+00
1.007112600000000043e+03 -3.309928472481875161e+00
1.008038999999999987e+03 -3.313044313788833684e+00
1.016489500000000021e+03 -3.315288930173589499e+00
1.056953099999999949e+03 -3.308903962685404654e+00
1.059031199999999899e+03 -3.309395090730402167e+00
1.070030400000000100e+03 -3.308634949341319409e+00
1.104288900000000012e+03 -3.306076177844895270e+00
1.104837999999999965e+03 -3.306191060090900358e+00
1.118781999999999925e+03 -3.307134351423144381e+00
1.151580899999999929e+03 -3.302423615731007622e+00
1.157243300000000090e+03 -3.303864458660187964e+00
1.165587399999999889e+03 -3.302511906405722453e+00
1.204432199999999966e+03 -3.299928831582517930e+00
1.211170100000000048e+03 -3.301710403494100277e+00
1.211892599999999902e+03 -3.298585511016201455e+00
1.255183500000000095e+03 -3.297394666718147072e+00
1.262480800000000045e+03 -3.299327062686363554e+00
1.266851499999999987e+03 -3.297297907873268930e+00
1.294295499999999947e+03 -3.291835787486477649e+00
1.307836499999999887e+03 -3.295321445264863591e+00
1.313828600000000051e+03 -3.293315973256280227e+00
1.352055100000000039e+03 -3.293027207822476043e+00
1.358006399999999985e+03 -3.294538513664662993e+00
1.369610100000000102e+03 -3.294440397611456017e+00
1.401556000000000040e+03 -3.289590408430429491e+00
1.401791099999999915e+03 -3.289650524950756605e+00
1.417722600000000057e+03 -3.290655711310870313e+00
1.444259900000000016e+03 -3.286196418685666032e+00
1.457985599999999977e+03 -3.289740002172456990e+00
1.460833200000000033e+03 -3.287741581743362840e+00
1.501156500000000051e+03 -3.285959668153753288e+00
1.511162399999999934e+03 -3.288571122818564341e+00
1.516834599999999909e+03 -3.286826477667439850e+00
1.545019500000000107e+03 -3.282299890203311143e+00
1.554314300000000003e+03 -3.284688176941943372e+00
1.557627700000000004e+03 -3.282081852269445488e+00
1.596080899999999929e+03 -3.280979517439049253e+00
1.598953600000000051e+03 -3.281702220502455525e+00
1.610358699999999999e+03 -3.281066603225771594e+00
1.660202700000000050e+03 -3.282878943699826912e+00
1.661281300000000101e+03 -3.279669385146256833e+00
1.661767499999999927e+03 -3.283218291448259940e+00
1.691477499999999964e+03 -3.277258474223909257e+00
1.697111300000000028e+03 -3.278735226964253346e+00
1.711430399999999963e+03 -3.278625071854033735e+00
1.742036399999999958e+03 -3.274356180143294104e+00
1.749621399999999994e+03 -3.276334914430588441e+00
1.768533400000000029e+03 -3.277947836965472650e+00
1.799794100000000071e+03 -3.272896081406263313e+00
1.805851100000000088e+03 -3.270482748626156955e+00
1.814802899999999909e+03 -3.276820170892709161e+00
1.832347800000000007e+03 -3.270736448796087270e+00
1.844720100000000002e+03 -3.273856978224115810e+00
1.873799199999999928e+03 -3.278371502270959414e+00
1.891979000000000042e+03 -3.270753817578749167e+00
1.899586900000000014e+03 -3.272701172969312733e+00
1.910729599999999891e+03 -3.271835446508563727e+00
1.939282699999999977e+03 -3.267927606017937414e+00
1.942254599999999982e+03 -3.268739306586867954e+00
1.967840099999999893e+03 -3.271266806330433763e+00
1.996965599999999995e+03 -3.268003431542700010e+00
2.003502199999999903e+03 -3.269687980697638885e+00
2.014148999999999887e+03 -3.269651056045891124e+00
2.045364100000000008e+03 -3.266721442367595873e+00
2.051633899999999812e+03 -3.268321498361963062e+00
2.070633600000000115e+03 -3.269291308439905119e+00
2.090947099999999864e+03 -3.264738610539323460e+00
2.092328599999999824e+03 -3.265049500959493312e+00
2.114372800000000097e+03 -3.266871609990961822e+00
2.144613899999999830e+03 -3.264080590756635036e+00
2.151715000000000146e+03 -3.265913974868349889e+00
2.155355500000000120e+03 -3.264774259686826330e+00
2.187644600000000082e+03 -3.260887969095865202e+00
2.194682899999999790e+03 -3.262662730614042772e+00
2.201492099999999937e+03 -3.260850888872604436e+00
2.235971399999999903e+03 -3.259858205288960420e+00
2.246480500000000120e+03 -3.262615928731109172e+00
2.277904100000000199e+03 -3.257049192639470014e+00
2.281579400000000078e+03 -3.268003045495660785e+00
2.290310300000000097e+03 -3.260155536574278035e+00
2.308607100000000173e+03 -3.261758918984166478e+00
2.328788599999999860e+03 -3.256303279032432663e+00
2.331351799999999912e+03 -3.256870863324651477e+00
2.364985200000000077e+03 -3.261442217066084837e+00
2.383563999999999851e+03 -3.256512863987318873e+00
2.388087700000000041e+03 -3.257595367340695880e+00
2.418015800000000127e+03 -3.261321741979371414e+00
2.475625900000000001e+03 -3.262886430951074779e+00
2.480994200000000092e+03 -3.264112631328895286e+00
