1.001296300000000059e+02 -4.558379243930857250e+00
1.273272199999999970e+02 -4.558209721266560877e+00
1.495428899999999999e+02 -4.557927675091926645e+00
1.745825700000000040e+02 -4.557007841125058079e+00
2.003377000000000123e+02 -4.556872446195943560e+00
2.236009300000000053e+02 -4.556110044772841761e+00
2.500011100000000113e+02 -4.556305462660182215e+00
2.753374499999999898e+02 -4.555121541645098304e+00
2.990896599999999808e+02 -4.553636426516083802e+00
3.246809000000000083e+02 -4.552880350119147934e+00
3.480844900000000166e+02 -4.551870904609500279e+00
3.700775600000000054e+02 -4.547983632277639465e+00
3.990275800000000004e+02 -4.547741501412813747e+00
4.235081900000000132e+02 -4.542367448139107644e+00
4.526475800000000049e+02 -4.541671525377521945e+00
4.723156099999999924e+02 -4.533444022507930882e+00
5.007710000000000150e+02 -4.532145819248476037e+00
5.194503600000000461e+02 -4.522573268956590731e+00
5.545496500000000424e+02 -4.521961809564464474e+00
5.714248499999999922e+02 -4.512788815833982170e+00
6.009679599999999482e+02 -4.511166985913448002e+00
6.234766200000000254e+02 -4.504472081817910478e+00
6.479041200000000345e+02 -4.502331296312878983e+00
6.669078600000000279e+02 -4.495419696099264506e+00
6.899909900000000107e+02 -4.494246904587182456e+00
7.181591700000000174e+02 -4.488456377328430058e+00
7.393559000000000196e+02 -4.486337080153518286e+00
7.651957499999999754e+02 -4.481751726660647250e+00
7.958956899999999450e+02 -4.480788821918138431e+00
8.182509199999999510e+02 -4.477565397016890714e+00
8.428100500000000466e+02 -4.477383228315691355e+00
8.750423500000000558e+02 -4.474676890472100155e+00
8.968692600000000539e+02 -4.470708396646798199e+00
9.127902299999999514e+02 -4.467280675569392123e+00
9.432721999999999980e+02 -4.466777958999289311e+00
9.733207800000000134e+02 -4.466832650888023615e+00
9.974869099999999662e+02 -4.463918006598187382e+00
1.019131700000000023e+03 -4.462579563225570922e+00
1.061848500000000058e+03 -4.457028212275279344e+00
1.064166300000000092e+03 -4.464573878273179197e+00
1.100342499999999973e+03 -4.459592592368384345e+00
1.108690800000000081e+03 -4.456001710061998189e+00
1.141420599999999922e+03 -4.455561529125730225e+00
1.164708699999999908e+03 -4.454871759006056031e+00
1.192094599999999900e+03 -4.454102994350390254e+00
1.210054300000000012e+03 -4.453420674844486449e+00
1.247964600000000019e+03 -4.453353595091826378e+00
1.261151699999999892e+03 -4.452057044172482492e+00
1.295199900000000071e+03 -4.452302749822769634e+00
1.307561200000000099e+03 -4.449532994050016121e+00
1.352536100000000033e+03 -4.449041796077822575e+00
1.359828299999999899e+03 -4.451141355173986014e+00
1.387880499999999984e+03 -4.450012021246774196e+00
1.405052200000000084e+03 -4.449672497313723163e+00
1.441520400000000109e+03 -4.448527894011691686e+00
1.468793499999999995e+03 -4.453091254693355872e+00
1.501391599999999926e+03 -4.447769377590831574e+00
1.503892000000000053e+03 -4.451119780364211742e+00
1.548423000000000002e+03 -4.447990977857089412e+00
1.551608899999999949e+03 -4.451211146404641106e+00
1.594928400000000011e+03 -4.452143765387219787e+00
1.610691800000000057e+03 -4.451037002794066666e+00
1.643451000000000022e+03 -4.450482755337219487e+00
1.646581699999999955e+03 -4.449868329954611568e+00
1.702585399999999936e+03 -4.454807066963386575e+00
1.717769800000000032e+03 -4.454251211613630801e+00
1.730776100000000042e+03 -4.452201274660708918e+00
1.768223600000000033e+03 -4.455387236608187251e+00
1.802090599999999995e+03 -4.456499695031464370e+00
1.813299299999999903e+03 -4.455901539738770012e+00
1.859907099999999900e+03 -4.456241495819936560e+00
1.863327800000000025e+03 -4.456942881837847814e+00
1.901734699999999975e+03 -4.458486169638248953e+00
1.912086199999999963e+03 -4.458174908942373449e+00
1.942815700000000106e+03 -4.456950513135693015e+00
1.959971299999999928e+03 -4.458291541056125240e+00
2.013968000000000075e+03 -4.457891512059601880e+00
2.027149400000000014e+03 -4.464194647764036183e+00
2.059833399999999983e+03 -4.461024277338507815e+00
2.068737200000000030e+03 -4.460880890486594197e+00
2.089900399999999991e+03 -4.461544651172108189e+00
2.108055400000000191e+03 -4.461967471530545737e+00
2.152364900000000034e+03 -4.463751638901031882e+00
2.152531899999999951e+03 -4.463828752291680857e+00
2.176638100000000122e+03 -4.459894747612835886e+00
2.205130000000000109e+03 -4.464115702027816823e+00
2.256847900000000209e+03 -4.465671591447033073e+00
2.271721199999999953e+03 -4.470922904691589927e+00
2.307560300000000097e+03 -4.468950441601312384e+00
2.307812800000000152e+03 -4.467491496425047615e+00
2.332189899999999852e+03 -4.469781911111554429e+00
2.351353200000000015e+03 -4.468726388341947242e+00
2.385175200000000132e+03 -4.468999969322912769e+00
2.424659799999999905e+03 -4.472470296758736197e+00
2.442646699999999782e+03 -4.473479112393501822e+00
