9.981791300000000433e+01 -3.483018534719992676e+00
1.267352000000000061e+02 -3.482915058224953508e+00
1.493285799999999881e+02 -3.482743938696130748e+00
1.740631999999999948e+02 -3.482423848421114521e+00
2.005135899999999936e+02 -3.482812940670024116e+00
2.233382499999999879e+02 -3.482316510872650817e+00
2.499086299999999881e+02 -3.482387447269020164e+00
2.731338700000000017e+02 -3.482176490703478677e+00
2.984153299999999831e+02 -3.481846995997327276e+00
3.218474400000000060e+02 -3.481182802571759716e+00
3.539325999999999794e+02 -3.481410133822985031e+00
3.706285700000000247e+02 -3.480138953340431218e+00
3.993129299999999944e+02 -3.480167142651790169e+00
4.175487800000000220e+02 -3.478276191029178399e+00
4.515464900000000057e+02 -3.479004264322713702e+00
4.706762400000000071e+02 -3.477360178122637091e+00
5.025540700000000243e+02 -3.476248443313102676e+00
5.196825400000000172e+02 -3.475377898256019282e+00
5.463762000000000398e+02 -3.474715999104417197e+00
5.699197599999999966e+02 -3.473333619961665342e+00
6.022770699999999806e+02 -3.472721374574861297e+00
6.170280800000000454e+02 -3.470138508795280963e+00
6.475457599999999729e+02 -3.469547680189325689e+00
6.666847299999999450e+02 -3.467110435104381772e+00
6.984248499999999922e+02 -3.466871505787260332e+00
7.197890999999999622e+02 -3.464160160687369316e+00
7.504338800000000447e+02 -3.462384553080105398e+00
7.703138699999999517e+02 -3.458499552176320879e+00
7.992605200000000423e+02 -3.456263877597876011e+00
8.156260700000000270e+02 -3.452039222824918596e+00
8.482361200000000281e+02 -3.452252899924376450e+00
8.702876499999999851e+02 -3.447382267228577213e+00
8.943513699999999744e+02 -3.446935804947223403e+00
9.145049900000000207e+02 -3.441725196418293553e+00
9.505232499999999618e+02 -3.441317317615689486e+00
9.648629100000000562e+02 -3.436451842624931530e+00
1.007919800000000009e+03 -3.438007391966952930e+00
1.022277000000000044e+03 -3.433062541380796251e+00
1.060416799999999967e+03 -3.432504771593088755e+00
1.061171499999999924e+03 -3.425360063826705215e+00
1.105904099999999971e+03 -3.426345866211885305e+00
1.113212600000000066e+03 -3.421220960167707936e+00
1.146537499999999909e+03 -3.420098475436815999e+00
1.168898500000000013e+03 -3.416824995279099220e+00
1.186448599999999942e+03 -3.411694225464835473e+00
1.218472199999999930e+03 -3.411934545141108277e+00
1.254103200000000015e+03 -3.410304732256423943e+00
1.259432900000000018e+03 -3.404963046173654639e+00
1.297883900000000040e+03 -3.404932552532288881e+00
1.322621100000000069e+03 -3.403781661703526584e+00
1.334528700000000072e+03 -3.398459646997011419e+00
1.368130799999999908e+03 -3.397927549814326209e+00
1.406337399999999889e+03 -3.396036957562808656e+00
1.410658300000000054e+03 -3.391355248018596669e+00
1.431678100000000086e+03 -3.390545899904583216e+00
1.463718599999999924e+03 -3.389574529133163594e+00
1.496743899999999940e+03 -3.387759387278203249e+00
1.523236100000000079e+03 -3.387143055799973990e+00
1.558054599999999937e+03 -3.379163820362013571e+00
1.565829099999999926e+03 -3.383359822209921930e+00
1.596234200000000101e+03 -3.377102956804888478e+00
1.626082400000000007e+03 -3.379996849934465253e+00
1.661976599999999962e+03 -3.372632158667521196e+00
1.666953999999999951e+03 -3.379092689324291410e+00
1.692075800000000072e+03 -3.372809798425744798e+00
1.714662100000000009e+03 -3.370107487696666126e+00
1.749097500000000082e+03 -3.368365514930255600e+00
1.767207100000000082e+03 -3.367216553705667526e+00
1.803748000000000047e+03 -3.365409948953269392e+00
1.823719200000000001e+03 -3.365046186921706095e+00
1.830592699999999923e+03 -3.359585895753139706e+00
1.849022099999999909e+03 -3.355528972110166652e+00
1.901704400000000078e+03 -3.354236579920788941e+00
1.915411900000000060e+03 -3.356645802330581407e+00
1.970064599999999928e+03 -3.356183172286486105e+00
1.976223600000000033e+03 -3.353283996039642112e+00
2.007207599999999957e+03 -3.356212814677423495e+00
2.017775100000000066e+03 -3.351437040119464861e+00
2.076122899999999845e+03 -3.349721342138682889e+00
2.077698699999999917e+03 -3.351849458702797602e+00
2.100341300000000047e+03 -3.344644248950315202e+00
2.118765100000000075e+03 -3.344604196342035429e+00
2.144169899999999870e+03 -3.337969827864117889e+00
2.155326900000000023e+03 -3.337522717839126241e+00
2.216010200000000168e+03 -3.340614589157106629e+00
2.224071399999999812e+03 -3.333762889000804197e+00
2.235986899999999878e+03 -3.337276572209141978e+00
2.268231999999999971e+03 -3.334715004849247322e+00
2.312805499999999938e+03 -3.332233104357858799e+00
2.327359399999999823e+03 -3.337475935494712331e+00
2.350115699999999833e+03 -3.331746842435732603e+00
2.368177000000000135e+03 -3.332814073714399417e+00
2.394574599999999919e+03 -3.322564340598392008e+00
2.398858200000000124e+03 -3.326586910508673611e+00
2.409710700000000088e+03 -3.315155015630987911e+00
