9.882002500000000111e+01 -2.820554729337505950e+00
1.008987800000000021e+02 -2.820786154944267210e+00
1.269996900000000011e+02 -2.820376422146729123e+00
1.496726999999999919e+02 -2.820255910947838895e+00
1.508230299999999886e+02 -2.820323750087997183e+00
1.748148600000000101e+02 -2.819645391188158268e+00
1.978452800000000025e+02 -2.819088578220922514e+00
2.012190500000000100e+02 -2.819811212725882754e+00
2.233810400000000129e+02 -2.818593856269497877e+00
2.486074099999999873e+02 -2.817475949133679158e+00
2.490413299999999879e+02 -2.818344334112132366e+00
2.725662800000000061e+02 -2.817034642387311827e+00
3.000725100000000225e+02 -2.816133541508013760e+00
3.004119099999999776e+02 -2.817059264032215182e+00
3.227035599999999818e+02 -2.815194580534075008e+00
3.494873799999999733e+02 -2.814728898147278890e+00
3.496861200000000167e+02 -2.813371768354099522e+00
3.724099499999999807e+02 -2.812565738511704438e+00
4.005572500000000105e+02 -2.812164582337507213e+00
4.023385299999999916e+02 -2.810643499198006268e+00
4.231143299999999954e+02 -2.808931513911521627e+00
4.482945599999999899e+02 -2.804365794278743884e+00
4.532860499999999888e+02 -2.808628715700042910e+00
4.683263400000000161e+02 -2.802228867818439717e+00
4.969770599999999945e+02 -2.798246426874628767e+00
5.015481899999999769e+02 -2.803141568379294846e+00
5.205152500000000373e+02 -2.795062282927960773e+00
5.463227600000000166e+02 -2.794213633016845222e+00
5.502362500000000409e+02 -2.791155736860019498e+00
5.675085199999999759e+02 -2.786792191920053785e+00
5.964690200000000004e+02 -2.786131490067058181e+00
5.988766699999999901e+02 -2.785111538159790623e+00
6.186389199999999846e+02 -2.780987876040299955e+00
6.470199999999999818e+02 -2.779749487202026970e+00
6.514712600000000293e+02 -2.780908011999290164e+00
6.681473399999999856e+02 -2.775557447748296713e+00
6.944252199999999675e+02 -2.774602838310852526e+00
7.053901200000000244e+02 -2.776296123602996602e+00
7.196394999999999982e+02 -2.770951528852724000e+00
7.487951299999999719e+02 -2.770123075368362553e+00
7.537538399999999683e+02 -2.769061422364565317e+00
7.644350299999999834e+02 -2.764315751330746362e+00
7.971271400000000540e+02 -2.763881092400926942e+00
8.012585400000000391e+02 -2.765174563901839910e+00
8.223337400000000343e+02 -2.761947520693289082e+00
8.484318100000000413e+02 -2.759914877839246383e+00
8.514007699999999659e+02 -2.759878372807028857e+00
8.631409499999999753e+02 -2.755860166052122473e+00
8.924296600000000126e+02 -2.755495792766068153e+00
8.971417400000000271e+02 -2.755332471369595471e+00
9.230073899999999867e+02 -2.753011013418038111e+00
9.451451700000000073e+02 -2.749016738719794795e+00
9.454921500000000378e+02 -2.749454597906120235e+00
9.678122200000000248e+02 -2.747925726839946403e+00
9.983851799999999912e+02 -2.745577817344012850e+00
1.000207300000000032e+03 -2.745990709621467296e+00
1.011844399999999951e+03 -2.740153110893245536e+00
1.048771899999999960e+03 -2.742523744869480584e+00
1.060507200000000012e+03 -2.742564728399823348e+00
1.068379300000000057e+03 -2.738757313307234931e+00
1.100868400000000065e+03 -2.738902168994023612e+00
1.109645999999999958e+03 -2.739806708527396495e+00
1.127013300000000072e+03 -2.735144608405866151e+00
1.152544300000000021e+03 -2.733723457446591620e+00
1.156838999999999942e+03 -2.735445314595275956e+00
1.163429399999999987e+03 -2.730054977087734258e+00
1.182150000000000091e+03 -2.727805829862575582e+00
1.209983699999999999e+03 -2.732081845280698307e+00
1.211529199999999946e+03 -2.725881703289575242e+00
1.247609699999999975e+03 -2.725795532514936781e+00
1.255410200000000032e+03 -2.729514488325014199e+00
1.266753799999999956e+03 -2.724408463626948773e+00
1.288249499999999898e+03 -2.720798727673757522e+00
1.295122100000000046e+03 -2.723586168421030518e+00
1.319047000000000025e+03 -2.720307309144764929e+00
1.343976100000000088e+03 -2.720178957250513285e+00
1.353578999999999951e+03 -2.718711976407465869e+00
1.369391800000000103e+03 -2.717182507392708057e+00
1.399751400000000103e+03 -2.715863044811156257e+00
1.408530700000000024e+03 -2.718146102395440966e+00
1.420081699999999955e+03 -2.713948060694343134e+00
1.433179599999999937e+03 -2.709487446338909145e+00
1.449112100000000055e+03 -2.712022557410668000e+00
1.467794399999999996e+03 -2.710079303703037290e+00
1.495923399999999901e+03 -2.708018928521689794e+00
1.509967100000000073e+03 -2.705017355168160886e+00
1.520702999999999975e+03 -2.711958380170531591e+00
1.540830200000000104e+03 -2.705540402160302449e+00
1.542110500000000002e+03 -2.709562409014164786e+00
1.567086000000000013e+03 -2.703462284888225042e+00
1.594874499999999898e+03 -2.700969440364206164e+00
1.595841499999999996e+03 -2.701071098157528105e+00
1.605208499999999958e+03 -2.698196093998580736e+00
1.641522500000000036e+03 -2.697200564439303339e+00
1.642806599999999889e+03 -2.697844966247692433e+00
1.677590400000000045e+03 -2.702201152597141665e+00
1.689785800000000108e+03 -2.698571899374945016e+00
1.707369300000000067e+03 -2.697649031375795037e+00
1.715468000000000075e+03 -2.693051988060879420e+00
1.743140699999999924e+03 -2.694490890220630597e+00
1.743511099999999942e+03 -2.687440401337891860e+00
1.768201499999999896e+03 -2.695168873206250648e+00
1.796682800000000043e+03 -2.692603604713004639e+00
1.797068800000000010e+03 -2.691310354521428749e+00
1.805842599999999948e+03 -2.685335324258019796e+00
1.835649799999999914e+03 -2.685374072986856930e+00
1.866141699999999901e+03 -2.690878147008154642e+00
1.874086499999999887e+03 -2.686862780943521933e+00
1.897058299999999917e+03 -2.682710821680885704e+00
1.910403199999999970e+03 -2.685153365630620570e+00
1.920996399999999994e+03 -2.683591898376476603e+00
1.949165600000000040e+03 -2.678694978996916998e+00
1.955764400000000023e+03 -2.680854238255063748e+00
1.962762600000000020e+03 -2.679819884905879412e+00
2.001132000000000062e+03 -2.677618540289889104e+00
2.014687799999999925e+03 -2.674967783983810854e+00
2.015053900000000112e+03 -2.679479841108451055e+00
2.033226699999999937e+03 -2.675261323776674249e+00
2.053369599999999991e+03 -2.680500925799115919e+00
2.064460000000000036e+03 -2.674468157477026153e+00
2.087890400000000227e+03 -2.666672237634764908e+00
2.092755599999999959e+03 -2.665154342451375058e+00
2.100153600000000097e+03 -2.673684723338604741e+00
2.146398299999999836e+03 -2.669210477032549989e+00
2.151274399999999787e+03 -2.669853042704158685e+00
2.161813099999999849e+03 -2.666533846790732909e+00
2.201080100000000130e+03 -2.662407975250596692e+00
2.207251999999999953e+03 -2.668472952147908472e+00
2.222319899999999961e+03 -2.666541365550758602e+00
2.242535400000000209e+03 -2.663443996244789336e+00
2.261413399999999911e+03 -2.662497192811295932e+00
2.275864199999999983e+03 -2.670521074596010180e+00
2.295192100000000210e+03 -2.651574713199964961e+00
2.301385499999999865e+03 -2.659180206549287107e+00
2.309597800000000007e+03 -2.663855763337027671e+00
2.341638500000000022e+03 -2.660992830184509383e+00
2.355568900000000212e+03 -2.661443851320731468e+00
2.359921899999999823e+03 -2.656106792799691085e+00
2.408519800000000032e+03 -2.657163702382493664e+00
2.417827499999999873e+03 -2.659793925696993355e+00
2.419881400000000212e+03 -2.652176009039940663e+00
2.453546699999999873e+03 -2.655838094809703342e+00
