9.901446400000000381e+01 -4.272076296321070998e+00
1.268936499999999938e+02 -4.271819647816279542e+00
1.496144899999999893e+02 -4.271811033478900121e+00
1.747539299999999969e+02 -4.271392310036213225e+00
1.992043400000000020e+02 -4.271411680888081541e+00
2.253975399999999922e+02 -4.271464846176479035e+00
2.513842099999999959e+02 -4.271558452036855691e+00
2.734190399999999954e+02 -4.270675411279011513e+00
3.008562400000000139e+02 -4.270324854756148092e+00
3.226070399999999836e+02 -4.270025520722480650e+00
3.530909599999999955e+02 -4.270835693774037267e+00
3.699625100000000089e+02 -4.268767445434284546e+00
4.015202499999999759e+02 -4.268955721011502114e+00
4.203366899999999760e+02 -4.268135940198049205e+00
4.514127799999999979e+02 -4.268132683581310260e+00
4.712601399999999785e+02 -4.267613102251257118e+00
5.020015900000000215e+02 -4.267318062804101864e+00
5.219422899999999572e+02 -4.266552155789118395e+00
5.507421699999999873e+02 -4.266155904415009914e+00
5.682782200000000330e+02 -4.264402634087456789e+00
6.009515699999999470e+02 -4.264014519584270246e+00
6.171398799999999483e+02 -4.262680641526683800e+00
6.495774300000000494e+02 -4.262234214070072191e+00
6.672708099999999831e+02 -4.260206890443284600e+00
7.028468100000000049e+02 -4.259252814184449676e+00
7.185802200000000539e+02 -4.258758235481320931e+00
7.407357600000000275e+02 -4.256983593822693202e+00
7.661871999999999616e+02 -4.255831565636190028e+00
8.024897799999999961e+02 -4.255488894892923923e+00
8.142957099999999855e+02 -4.252556686432658495e+00
8.511680800000000318e+02 -4.253140627742235225e+00
8.676207699999999932e+02 -4.250386648165366488e+00
8.981457299999999577e+02 -4.248449899833890875e+00
9.178895800000000236e+02 -4.246517847730081563e+00
9.460349899999999934e+02 -4.245493060270578489e+00
9.654464500000000271e+02 -4.242264311382293762e+00
1.001552400000000034e+03 -4.242401440883772246e+00
1.015615199999999959e+03 -4.239996144564392111e+00
1.047595199999999977e+03 -4.238556253224495585e+00
1.067833900000000085e+03 -4.235804541665903145e+00
1.089356899999999996e+03 -4.233063505887135314e+00
1.114771999999999935e+03 -4.230448287035845745e+00
1.155590500000000020e+03 -4.230491522568270213e+00
1.162107600000000048e+03 -4.225559591545700044e+00
1.201479499999999916e+03 -4.226491624414688175e+00
1.218405600000000049e+03 -4.222431779170491950e+00
1.251186400000000049e+03 -4.220657235426154230e+00
1.276796399999999949e+03 -4.221127665691533082e+00
1.301150300000000016e+03 -4.218719227027162511e+00
1.304458599999999933e+03 -4.211419796807668092e+00
1.349191199999999981e+03 -4.212986557873898086e+00
1.349985500000000002e+03 -4.206450957839896532e+00
1.405866700000000037e+03 -4.209565842158189852e+00
1.418155299999999897e+03 -4.205480782726908728e+00
1.451762500000000045e+03 -4.204935501655031160e+00
1.464236699999999928e+03 -4.201133921178130670e+00
1.497469499999999925e+03 -4.199424986828752537e+00
1.507515400000000000e+03 -4.194641581801424657e+00
1.547009900000000016e+03 -4.195783967871951958e+00
1.569144399999999905e+03 -4.194382830573408327e+00
1.586724999999999909e+03 -4.192739031714476816e+00
1.612199699999999893e+03 -4.187593474669712101e+00
1.627253300000000081e+03 -4.186346772552742124e+00
1.657406899999999951e+03 -4.182667979152451920e+00
1.703467699999999923e+03 -4.183868254947201493e+00
1.722565100000000029e+03 -4.182614441899186630e+00
1.743633000000000038e+03 -4.181002802356281300e+00
1.751722099999999955e+03 -4.174203959114679563e+00
1.792972099999999955e+03 -4.177299566260584740e+00
1.796729900000000043e+03 -4.174136236933957633e+00
1.859459000000000060e+03 -4.170733580994979484e+00
1.863796100000000024e+03 -4.179677421166759110e+00
1.906521300000000110e+03 -4.167409739850056916e+00
1.926979000000000042e+03 -4.173260593673211005e+00
1.961814800000000105e+03 -4.170279419068513072e+00
1.972859600000000000e+03 -4.169174664803197317e+00
2.000144600000000082e+03 -4.158960367086515397e+00
2.010051600000000008e+03 -4.169336657144741665e+00
2.055454999999999927e+03 -4.163206794693021351e+00
2.058971199999999953e+03 -4.158323160426763643e+00
2.094704099999999926e+03 -4.158179593020827625e+00
2.118721599999999853e+03 -4.157776799698108761e+00
2.161593800000000101e+03 -4.158072614396468580e+00
2.169424300000000130e+03 -4.156179185360095119e+00
2.196624800000000050e+03 -4.151618190278779430e+00
2.218475399999999809e+03 -4.154342468459569560e+00
2.256562300000000050e+03 -4.145785932392653805e+00
2.259619299999999839e+03 -4.155301192134682076e+00
2.313156500000000051e+03 -4.149727722313859779e+00
2.315244299999999839e+03 -4.146404240151373877e+00
2.333177999999999884e+03 -4.141672506272147558e+00
2.360399699999999939e+03 -4.143185636225686252e+00
2.406925200000000132e+03 -4.144516630386609890e+00
2.414360900000000129e+03 -4.141487400665941010e+00
2.479088600000000042e+03 -4.145461894833659677e+00
