9.972599099999999339e+01 -3.468299727291468848e+00
1.267122700000000037e+02 -3.468248179824055200e+00
1.494306100000000015e+02 -3.468179434147213414e+00
1.758324000000000069e+02 -3.467874301428892192e+00
2.003837200000000109e+02 -3.467517255962799361e+00
2.232224300000000028e+02 -3.467070611433447969e+00
2.487467000000000041e+02 -3.467012161913427981e+00
2.735991200000000276e+02 -3.466634900614446568e+00
3.013100600000000213e+02 -3.466361573778042438e+00
3.223984500000000253e+02 -3.465594077227061920e+00
3.475515300000000138e+02 -3.464934324734382454e+00
3.694245599999999854e+02 -3.463925443649848113e+00
3.997488299999999981e+02 -3.464139285988570016e+00
4.218870499999999879e+02 -3.463007174703242708e+00
4.532663499999999885e+02 -3.462554724018022334e+00
4.700177199999999971e+02 -3.460813487358089802e+00
4.978333799999999769e+02 -3.460029424869848658e+00
5.189552999999999656e+02 -3.458190706403895032e+00
5.491650899999999638e+02 -3.458266465697702241e+00
5.682308500000000322e+02 -3.454695598664948797e+00
6.004850199999999631e+02 -3.454983668977026134e+00
6.252854200000000446e+02 -3.452880563787461554e+00
6.574063999999999623e+02 -3.452401859068764178e+00
6.718688300000000027e+02 -3.448627556721518328e+00
6.914584399999999960e+02 -3.444664840765442548e+00
7.198490000000000464e+02 -3.442821025635047771e+00
7.543851799999999912e+02 -3.441448226798165422e+00
7.684531200000000126e+02 -3.437878779930593431e+00
7.997622499999999945e+02 -3.435692231240017325e+00
8.190004599999999755e+02 -3.433723293818205846e+00
8.431371699999999691e+02 -3.431657139944293888e+00
8.655018900000000031e+02 -3.427691206052182693e+00
8.967354000000000269e+02 -3.426511008757775478e+00
9.222835499999999911e+02 -3.425616986306045497e+00
9.468817199999999730e+02 -3.422472846310023797e+00
9.620779400000000123e+02 -3.417201086763293816e+00
1.003041299999999978e+03 -3.418226662594967102e+00
1.018733200000000011e+03 -3.413884389571451017e+00
1.047580500000000029e+03 -3.412080643496794075e+00
1.067841200000000072e+03 -3.409795742925964657e+00
1.109251199999999926e+03 -3.410459987834959961e+00
1.114134000000000015e+03 -3.404070853878173875e+00
1.164547800000000052e+03 -3.405643668139467728e+00
1.169195600000000013e+03 -3.401330002236104377e+00
1.197336299999999937e+03 -3.400300689596434722e+00
1.225105399999999918e+03 -3.397283086248627626e+00
1.260033100000000104e+03 -3.396223847926028050e+00
1.263316800000000057e+03 -3.390946350402544773e+00
1.287409300000000030e+03 -3.387432730318879592e+00
1.317580400000000054e+03 -3.389209203943925885e+00
1.345612200000000030e+03 -3.386529918824044749e+00
1.374083800000000110e+03 -3.386870141873515205e+00
1.402960800000000063e+03 -3.384572241965536854e+00
1.422442000000000007e+03 -3.382864320953039794e+00
1.456103299999999990e+03 -3.375119917727635865e+00
1.460922000000000025e+03 -3.380874705215414000e+00
1.499447599999999966e+03 -3.376991830153357466e+00
1.504287299999999959e+03 -3.371915592254318916e+00
1.550863800000000083e+03 -3.374489162341145487e+00
1.563326299999999947e+03 -3.372021571225682024e+00
1.595533300000000054e+03 -3.370436669624647941e+00
1.618725200000000086e+03 -3.369785483991091901e+00
1.654670499999999947e+03 -3.366496032401491867e+00
1.657340500000000020e+03 -3.362222307426016243e+00
1.686100100000000111e+03 -3.361491146635494420e+00
1.720082900000000109e+03 -3.362525817259593097e+00
1.747698599999999942e+03 -3.360177288893426262e+00
1.776382499999999936e+03 -3.363161292523973778e+00
1.804705400000000054e+03 -3.360316930776755751e+00
1.815850200000000086e+03 -3.357793951563606161e+00
1.845641300000000001e+03 -3.354479922204954168e+00
1.866538600000000088e+03 -3.353699509920712529e+00
1.895601300000000037e+03 -3.351004013658919867e+00
1.916635399999999890e+03 -3.351843385786892338e+00
1.956838299999999890e+03 -3.351076448578133249e+00
1.969817800000000034e+03 -3.348597437962930190e+00
1.980887400000000071e+03 -3.344326491693984327e+00
2.002749399999999923e+03 -3.343158133854983838e+00
2.049791799999999967e+03 -3.344437330537167075e+00
2.059537800000000061e+03 -3.342716228484996943e+00
2.102868699999999990e+03 -3.343025904099931722e+00
2.113678199999999833e+03 -3.343822664899540165e+00
2.158533600000000206e+03 -3.345146187476218280e+00
2.168080800000000181e+03 -3.343406512753051008e+00
2.186924399999999878e+03 -3.337745900704462088e+00
2.206921899999999823e+03 -3.336408579513246764e+00
2.251444800000000214e+03 -3.337531143202473682e+00
2.265689800000000105e+03 -3.337385904634898814e+00
2.299857500000000073e+03 -3.335533101826686497e+00
2.326211400000000140e+03 -3.334502989363381964e+00
2.347868599999999788e+03 -3.332547969976959124e+00
2.367089800000000196e+03 -3.333799803053335786e+00
2.381496799999999894e+03 -3.328118437383520423e+00
2.430693800000000010e+03 -3.333531783337230436e+00
2.433916700000000219e+03 -3.324484191658358068e+00
