1.025005400000000009e+02 1.197589100346020707e+01
1.274989099999999951e+02 1.199144412782414015e+01
1.507900300000000016e+02 1.200876144921636524e+01
1.757173799999999915e+02 1.202304040301241628e+01
1.996959999999999980e+02 1.203466364746590678e+01
2.235725700000000131e+02 1.205433187461835942e+01
2.489925100000000100e+02 1.206997150417260301e+01
2.743535299999999779e+02 1.209090067168735949e+01
2.991386699999999905e+02 1.210362965601465568e+01
3.223380199999999718e+02 1.211765367392631809e+01
3.484351399999999899e+02 1.213230510889476932e+01
3.695662699999999745e+02 1.215481783024628548e+01
3.985454500000000166e+02 1.216818898839812668e+01
4.221451799999999821e+02 1.218458223081620240e+01
4.488337000000000216e+02 1.221006462446570318e+01
4.751725799999999822e+02 1.222079432118868247e+01
5.022117999999999824e+02 1.223603602686749348e+01
5.168403899999999567e+02 1.226615001017708195e+01
5.475047799999999825e+02 1.228189853450030533e+01
5.682693699999999808e+02 1.229602483207816022e+01
5.971104199999999764e+02 1.231580348056177598e+01
6.187880199999999604e+02 1.233381589660085531e+01
6.488161599999999680e+02 1.235641919397516908e+01
6.703934199999999919e+02 1.237922043557907692e+01
6.965236400000000003e+02 1.239848717687767099e+01
7.190562599999999520e+02 1.242261194789334411e+01
7.489800000000000182e+02 1.244509261143903878e+01
7.670319399999999632e+02 1.246680083452065979e+01
7.996607299999999441e+02 1.249003918176267014e+01
8.201906800000000430e+02 1.252344952167718262e+01
8.489827400000000353e+02 1.253048341135762200e+01
8.625517999999999574e+02 1.257239161408508110e+01
8.985246799999999894e+02 1.258681915326684297e+01
9.150786900000000514e+02 1.262859963362507543e+01
9.455807099999999537e+02 1.263331925503765518e+01
9.623279199999999491e+02 1.267234021982495307e+01
9.966680000000000064e+02 1.268971046203948738e+01
1.008040200000000027e+03 1.272793354365967922e+01
1.052177200000000084e+03 1.274176623244453488e+01
1.061312899999999900e+03 1.278938225117036431e+01
1.105246200000000044e+03 1.278709495216771863e+01
1.116335499999999911e+03 1.283381284347649043e+01
1.145770700000000033e+03 1.284142580907795761e+01
1.163689200000000028e+03 1.288954304905353077e+01
1.198044499999999971e+03 1.290157795644209315e+01
1.225248399999999947e+03 1.293307246081823614e+01
1.244943500000000085e+03 1.296377366171381951e+01
1.272513899999999921e+03 1.299274577651129725e+01
1.304409900000000107e+03 1.302391563199674351e+01
1.317274699999999939e+03 1.304824140036637559e+01
1.353802699999999959e+03 1.307523967026256884e+01
1.359979800000000068e+03 1.310022542234887055e+01
1.401761600000000044e+03 1.314731528597598320e+01
1.412671800000000076e+03 1.316308772644005742e+01
1.439654399999999896e+03 1.320159831060451872e+01
1.458258700000000090e+03 1.322085945450844591e+01
1.497525699999999915e+03 1.325675859963362591e+01
1.527756800000000112e+03 1.326971758599633588e+01
1.553597600000000057e+03 1.330828414410746952e+01
1.564314800000000105e+03 1.332186037044575677e+01
1.594563699999999926e+03 1.336667107673519261e+01
1.609279700000000048e+03 1.336562996132709102e+01
1.664374600000000100e+03 1.340701048239365001e+01
1.665121200000000044e+03 1.342526053327905444e+01
1.680043499999999995e+03 1.346283279055566950e+01
1.705856800000000021e+03 1.348982749847343854e+01
1.753532099999999900e+03 1.352557551394260038e+01
1.769036900000000060e+03 1.353667412985955565e+01
1.802800099999999929e+03 1.358049409729289536e+01
1.814067999999999984e+03 1.359303022593120147e+01
1.846331699999999955e+03 1.362759464685528066e+01
1.875480900000000020e+03 1.363268573173213838e+01
1.890991999999999962e+03 1.368386729086098086e+01
1.909580899999999929e+03 1.370882607368206685e+01
1.937301099999999906e+03 1.374627315285976081e+01
1.978233899999999949e+03 1.376264960309383412e+01
2.006508199999999988e+03 1.379493384897211428e+01
2.012510099999999966e+03 1.380466568288214901e+01
2.051092200000000048e+03 1.384937461835945349e+01
2.069469700000000103e+03 1.385658864237736587e+01
2.110052499999999782e+03 1.392306431915326748e+01
2.117673600000000079e+03 1.388752086301648703e+01
2.140449900000000071e+03 1.397899857520863165e+01
2.146902999999999793e+03 1.398409373091797114e+01
2.190023299999999836e+03 1.403044677386525763e+01
2.220054299999999785e+03 1.402878434764909343e+01
2.261146699999999782e+03 1.405806737227763215e+01
2.268175400000000081e+03 1.406038418481579377e+01
2.310038599999999860e+03 1.411366273152859740e+01
2.315947200000000066e+03 1.414661103195603609e+01
2.368022300000000087e+03 1.418239670262568808e+01
2.379342500000000200e+03 1.417775035619784418e+01
2.403052900000000136e+03 1.418867952371259911e+01
2.415841300000000047e+03 1.423290352127010117e+01
2.457206299999999828e+03 1.428196061469570743e+01
