9.975061399999999878e+01 -6.222053548556885083e+00
1.264551600000000064e+02 -6.221634286571799066e+00
1.494136900000000026e+02 -6.221531970228497244e+00
1.762603100000000040e+02 -6.221678136569983586e+00
2.005720300000000123e+02 -6.221493629684843540e+00
2.230155200000000093e+02 -6.220823095025750149e+00
2.509706400000000031e+02 -6.221009036466944586e+00
2.745273099999999999e+02 -6.221031837686493482e+00
3.008076199999999858e+02 -6.220920671433091798e+00
3.215956499999999778e+02 -6.219873561665569817e+00
3.513354800000000182e+02 -6.219833933191671882e+00
3.715128799999999956e+02 -6.219394788773405125e+00
3.990948799999999892e+02 -6.218633976130798935e+00
4.200883600000000229e+02 -6.218457198899993266e+00
4.484849500000000262e+02 -6.217966001061096648e+00
4.694714500000000044e+02 -6.217287724673763449e+00
5.027994400000000041e+02 -6.217647007627521205e+00
5.203001400000000558e+02 -6.216418691843248467e+00
5.514189699999999448e+02 -6.216117813494225430e+00
5.711321799999999484e+02 -6.215262513656098164e+00
6.027232999999999947e+02 -6.214176953738808074e+00
6.173784200000000055e+02 -6.212885703940070670e+00
6.518661600000000362e+02 -6.212428379549213453e+00
6.689574400000000196e+02 -6.211631061577788770e+00
7.040287100000000464e+02 -6.211386162650769371e+00
7.179810199999999440e+02 -6.209541250156447312e+00
7.459361800000000358e+02 -6.209071797908315204e+00
7.664000099999999520e+02 -6.207076332937242924e+00
7.982538799999999810e+02 -6.206339586567525046e+00
8.175742800000000443e+02 -6.204482065836582905e+00
8.552233599999999569e+02 -6.203250824127175100e+00
8.694622100000000273e+02 -6.201949151371501934e+00
9.082784900000000334e+02 -6.202051610134887483e+00
9.193682700000000523e+02 -6.198286135224734039e+00
9.437468400000000202e+02 -6.195595503108721758e+00
9.752705700000000206e+02 -6.196310657093487606e+00
9.909143599999999878e+02 -6.191892645232002224e+00
1.020228500000000054e+03 -6.190886566033960037e+00
1.053833300000000008e+03 -6.189026040048596577e+00
1.060682600000000093e+03 -6.184091550504053458e+00
1.102932499999999891e+03 -6.184108739433407109e+00
1.104750600000000077e+03 -6.180127299157346599e+00
1.158001600000000053e+03 -6.184792887956683138e+00
1.171839400000000069e+03 -6.177318942264129475e+00
1.185827800000000025e+03 -6.172362557799323746e+00
1.206546000000000049e+03 -6.169347975680186558e+00
1.248174800000000005e+03 -6.168759859445046345e+00
1.261856399999999894e+03 -6.166362569376658165e+00
1.293889899999999898e+03 -6.164299881536607018e+00
1.311436400000000049e+03 -6.162461586302044658e+00
1.355569300000000112e+03 -6.162475541759633302e+00
1.368605900000000020e+03 -6.157630822450081531e+00
1.407962500000000091e+03 -6.153775671794301516e+00
1.423231899999999996e+03 -6.152635592794353236e+00
1.457882700000000114e+03 -6.148748002549945468e+00
1.466220100000000002e+03 -6.147073241924688958e+00
1.498354599999999891e+03 -6.142894897854147551e+00
1.510222299999999905e+03 -6.141688560468681501e+00
1.552332799999999907e+03 -6.142346487623391305e+00
1.563168400000000020e+03 -6.134962991925334563e+00
1.603800300000000107e+03 -6.136993200343737520e+00
1.621145099999999957e+03 -6.132915706890832652e+00
1.655442299999999932e+03 -6.124688790308251640e+00
1.655945899999999938e+03 -6.131520588913256020e+00
1.704241999999999962e+03 -6.122480547816465446e+00
1.712717799999999897e+03 -6.126388584461818887e+00
1.761481299999999919e+03 -6.124795856335811806e+00
1.764149100000000089e+03 -6.117549956673120626e+00
1.787056000000000040e+03 -6.115200423620639647e+00
1.815120300000000043e+03 -6.113370523503846243e+00
1.856595100000000002e+03 -6.107391994754929776e+00
1.860768199999999979e+03 -6.113226574238062483e+00
1.889747200000000021e+03 -6.103770838190845538e+00
1.920805900000000065e+03 -6.104214643006313779e+00
1.969959200000000010e+03 -6.100248128643868561e+00
1.983352000000000089e+03 -6.105586579002759251e+00
2.016685300000000097e+03 -6.100514199891616585e+00
2.028036399999999958e+03 -6.098521960215401272e+00
2.046317500000000109e+03 -6.091584035745478687e+00
2.072771400000000085e+03 -6.093126233648810341e+00
2.103662600000000111e+03 -6.091711145091103674e+00
2.108238800000000083e+03 -6.087302895480187992e+00
2.149861899999999878e+03 -6.086143897987692952e+00
2.173212899999999991e+03 -6.083929527789225133e+00
2.195557400000000143e+03 -6.082397863876742861e+00
2.212944700000000012e+03 -6.077377765010302468e+00
2.261022199999999884e+03 -6.078608913476466924e+00
2.281930600000000140e+03 -6.079408513038810469e+00
2.312282700000000204e+03 -6.072650514773899388e+00
2.314935300000000097e+03 -6.076246401057400881e+00
2.362278400000000147e+03 -6.073704342207260076e+00
2.363395899999999983e+03 -6.069523972990832128e+00
2.389706799999999930e+03 -6.066896798720595285e+00
2.417563299999999799e+03 -6.068297322274181838e+00
2.449429999999999836e+03 -6.065026237514408614e+00
