1.223681500000000000e+02 1.215791064522694853e+01
1.322075199999999882e+02 1.216879910441685197e+01
1.708724899999999991e+02 1.219622430286993797e+01
1.708899000000000115e+02 1.219703948707510754e+01
1.795071100000000115e+02 1.220434866680236041e+01
2.185272799999999904e+02 1.223390545491552928e+01
2.192832500000000095e+02 1.223507683696315951e+01
2.284211200000000019e+02 1.224709291675147504e+01
2.666975699999999847e+02 1.227628587421127726e+01
2.677853799999999751e+02 1.227445603500915894e+01
2.769508700000000090e+02 1.228532871972318397e+01
3.153230399999999918e+02 1.230221147974760854e+01
3.161178699999999822e+02 1.230356503154895265e+01
3.251530200000000264e+02 1.231068237329533943e+01
3.653808700000000158e+02 1.235013942601261938e+01
3.660291500000000156e+02 1.234984632607368127e+01
3.742032899999999813e+02 1.235858182373295300e+01
4.159751699999999914e+02 1.238765825361286410e+01
4.185727699999999913e+02 1.238833299409729172e+01
4.219332299999999805e+02 1.239720282922857741e+01
4.619818900000000212e+02 1.243366578465296080e+01
4.651198800000000233e+02 1.243325513942601113e+01
4.726759299999999939e+02 1.245109759820883433e+01
5.132314599999999700e+02 1.248264400569916610e+01
5.145428600000000188e+02 1.248291675147567759e+01
5.278286000000000513e+02 1.248643700386729094e+01
5.632702900000000454e+02 1.252717077142275492e+01
5.638734299999999848e+02 1.252698249542031306e+01
5.736395199999999477e+02 1.253551953999592961e+01
6.104212599999999611e+02 1.257662935070221977e+01
6.122509999999999764e+02 1.257638459189904268e+01
6.216105099999999766e+02 1.258598208833706522e+01
6.652968799999999874e+02 1.263053175249338445e+01
6.660229399999999487e+02 1.263082892326480788e+01
6.733786300000000438e+02 1.264110624872786381e+01
7.112161300000000210e+02 1.267680592306126641e+01
7.144620599999999513e+02 1.267761398330958755e+01
7.206526499999999942e+02 1.270246030938326953e+01
7.691263699999999517e+02 1.274159373091797143e+01
7.695995500000000220e+02 1.274164512517809911e+01
7.749943799999999783e+02 1.275848972114797419e+01
8.082564700000000357e+02 1.280197028292285744e+01
8.124269299999999703e+02 1.280201862405862023e+01
8.196749099999999544e+02 1.281230307347852637e+01
8.589642599999999675e+02 1.284908762466924514e+01
8.658078600000000051e+02 1.284998626094036211e+01
8.766086299999999483e+02 1.288153063301445123e+01
9.043248200000000452e+02 1.291195094646855246e+01
9.071641100000000506e+02 1.291120089558314810e+01
9.189533800000000383e+02 1.293605485446773962e+01
9.645284299999999575e+02 1.297920364339507415e+01
9.681774500000000216e+02 1.297932576836963037e+01
9.725889499999999543e+02 1.298917260329737466e+01
1.014028500000000008e+03 1.303970435579075904e+01
1.019423599999999965e+03 1.303971300630979080e+01
1.024750900000000001e+03 1.306616273152859797e+01
1.060986599999999953e+03 1.310711072664359911e+01
1.061836199999999963e+03 1.310699674333401177e+01
1.062639499999999998e+03 1.311911510278851978e+01
1.110646799999999985e+03 1.317675351109301829e+01
1.116830200000000104e+03 1.317637339710970856e+01
1.117824200000000019e+03 1.318445349073885708e+01
1.164180699999999888e+03 1.324133777732546235e+01
1.167180299999999988e+03 1.324085538367596193e+01
1.176755200000000059e+03 1.324575768369631668e+01
1.206931900000000041e+03 1.329488041929574571e+01
1.209487900000000081e+03 1.329482953388967914e+01
1.218274899999999889e+03 1.331631640545491635e+01
1.261029199999999946e+03 1.336248931406472629e+01
1.264382200000000012e+03 1.336276562181966199e+01
1.266974699999999984e+03 1.338654895176063597e+01
1.302124499999999898e+03 1.343581111337268474e+01
1.312197799999999916e+03 1.343610879299816752e+01
1.323648400000000038e+03 1.343995776511296469e+01
1.361081699999999955e+03 1.350697689802564483e+01
1.365623399999999947e+03 1.350992061876653949e+01
1.367273400000000038e+03 1.350776409525748178e+01
1.420464899999999943e+03 1.355910899653979129e+01
1.421431499999999915e+03 1.355948046000406926e+01
1.428440299999999979e+03 1.356459546102177782e+01
1.451058099999999968e+03 1.361287756971300666e+01
1.455990800000000036e+03 1.361323682067983043e+01
1.465041400000000067e+03 1.364939497252187905e+01
1.496884299999999939e+03 1.369755800936291301e+01
1.501345800000000054e+03 1.369787960512924840e+01
1.516569400000000087e+03 1.367949063708528357e+01
1.545167799999999943e+03 1.375198351312843315e+01
1.557516100000000051e+03 1.375186291471605848e+01
1.557732999999999947e+03 1.378121361693466262e+01
1.592247499999999945e+03 1.380747557500508904e+01
1.597500700000000052e+03 1.384663494809688622e+01
1.599036000000000058e+03 1.380788723794015738e+01
1.648390799999999899e+03 1.388972420109912420e+01
1.655091499999999996e+03 1.388928200692041415e+01
1.670221099999999979e+03 1.389521575412172005e+01
1.710942199999999957e+03 1.396080449826989600e+01
1.714670699999999897e+03 1.396053277020150674e+01
1.730784900000000107e+03 1.397044626501119602e+01
1.754338600000000042e+03 1.400903979238754360e+01
1.755358799999999974e+03 1.400888357419092323e+01
1.776978000000000065e+03 1.402047425198452935e+01
1.793780199999999923e+03 1.408966771829839359e+01
1.794200499999999920e+03 1.408912935070221906e+01
1.810979399999999941e+03 1.406989415835538360e+01
1.846549500000000080e+03 1.414502747811927641e+01
1.855024400000000014e+03 1.416771015672705225e+01
1.859231899999999996e+03 1.414499542031345491e+01
1.895146700000000010e+03 1.422309077956442103e+01
1.896911200000000008e+03 1.422269997964583688e+01
1.916670100000000048e+03 1.422497201302666525e+01
1.949130900000000111e+03 1.429732495420313576e+01
1.955640599999999949e+03 1.429663240382658174e+01
1.967213199999999915e+03 1.427922959495216659e+01
1.985836499999999887e+03 1.435411815591288409e+01
1.988901000000000067e+03 1.435420720537349837e+01
2.000561099999999897e+03 1.435223285161815632e+01
2.042919399999999996e+03 1.441011703643395059e+01
2.045400200000000041e+03 1.441035416242621814e+01
2.072316600000000108e+03 1.442492468959902219e+01
2.097075899999999820e+03 1.451233971097089359e+01
2.097381699999999910e+03 1.449961530633014384e+01
2.113587700000000041e+03 1.449923112151435056e+01
2.141103399999999965e+03 1.454549155302259322e+01
2.143510299999999916e+03 1.454529259108487871e+01
2.164262200000000121e+03 1.454477763077549213e+01
2.181469099999999798e+03 1.463465143496845045e+01
2.197093699999999899e+03 1.463418939548137665e+01
2.213611499999999978e+03 1.461450692041522359e+01
2.248159000000000106e+03 1.468194127824140160e+01
2.254052299999999832e+03 1.468219265214736424e+01
2.263702099999999973e+03 1.469629350702218673e+01
2.280058199999999943e+03 1.474438021575412172e+01
2.283389999999999873e+03 1.474436138815387842e+01
2.320045700000000124e+03 1.475929167514756735e+01
2.344589599999999791e+03 1.481674028088744244e+01
2.347524699999999939e+03 1.481707358029717092e+01
2.363136599999999817e+03 1.484042540199470750e+01
2.373026600000000144e+03 1.490915174028088863e+01
2.390151299999999992e+03 1.490885965805006919e+01
2.402923299999999927e+03 1.489538825564827995e+01
2.452846300000000156e+03 1.496599379198046087e+01
2.461488400000000183e+03 1.496658304498269842e+01
