1.004387399999999957e+02 -6.228793115939937231e+00
1.276582700000000017e+02 -6.228887610409037379e+00
1.503461299999999881e+02 -6.228750940266212233e+00
1.737960899999999924e+02 -6.228091768504268266e+00
1.995869000000000142e+02 -6.228356295713278534e+00
2.253195200000000114e+02 -6.228545226015564928e+00
2.496889400000000023e+02 -6.227990433205258469e+00
2.738833300000000008e+02 -6.228096172237409078e+00
3.010441200000000208e+02 -6.227897646929937636e+00
3.209928300000000263e+02 -6.227115949881895318e+00
3.497121999999999957e+02 -6.227863295816912448e+00
3.686767800000000079e+02 -6.226144808275487996e+00
4.005454899999999725e+02 -6.227123174547203988e+00
4.173685699999999770e+02 -6.225385363384344117e+00
4.488697700000000168e+02 -6.225395018582157824e+00
4.732649999999999864e+02 -6.225974009915054452e+00
4.981814299999999776e+02 -6.224669626619963481e+00
5.222562199999999848e+02 -6.225052303377693441e+00
5.514813100000000077e+02 -6.223992671738113991e+00
5.693014299999999821e+02 -6.223571031711487400e+00
5.998391000000000304e+02 -6.223486795709882280e+00
6.139937200000000530e+02 -6.220932938703609416e+00
6.488253399999999829e+02 -6.220986354155342291e+00
6.689644600000000310e+02 -6.220434016220645290e+00
7.071584000000000287e+02 -6.220055009645651722e+00
7.211571599999999762e+02 -6.219088683866399236e+00
7.542813099999999622e+02 -6.218523094261942497e+00
7.706725400000000263e+02 -6.216416669975750153e+00
7.976104100000000017e+02 -6.214023328355411380e+00
8.162113399999999501e+02 -6.212960880934484287e+00
8.536608099999999695e+02 -6.213357763320265015e+00
8.694531600000000253e+02 -6.209301788359037566e+00
8.865345399999999927e+02 -6.207403295123560483e+00
9.157501999999999498e+02 -6.205422235207695536e+00
9.536080500000000484e+02 -6.205609202436305871e+00
9.670145599999999604e+02 -6.200662676850758004e+00
1.011861999999999966e+03 -6.194019812278611425e+00
1.013274000000000001e+03 -6.201116472758530840e+00
1.047787700000000086e+03 -6.193438605321023083e+00
1.069749299999999948e+03 -6.190760732478555184e+00
1.097633499999999913e+03 -6.187121093605981059e+00
1.109167500000000018e+03 -6.184554826413060979e+00
1.152498700000000099e+03 -6.183591121411772917e+00
1.167022500000000036e+03 -6.180542434075142921e+00
1.189428499999999985e+03 -6.177927035511987519e+00
1.221061699999999973e+03 -6.175638737177806981e+00
1.258333800000000110e+03 -6.174500350051788544e+00
1.264512400000000071e+03 -6.167393692454026244e+00
1.292960399999999936e+03 -6.169647313721248416e+00
1.304041999999999916e+03 -6.161049172520437267e+00
1.340556100000000015e+03 -6.160079166810827012e+00
1.370471600000000080e+03 -6.158152324806973610e+00
1.389501899999999978e+03 -6.158275577855478744e+00
1.420253300000000081e+03 -6.153151439604681805e+00
1.452385299999999916e+03 -6.152880448420201986e+00
1.471863100000000031e+03 -6.149453604475022317e+00
1.501975500000000011e+03 -6.148606059097835974e+00
1.507416300000000092e+03 -6.139959184542354009e+00
1.555833699999999908e+03 -6.139890558902180828e+00
1.564615399999999909e+03 -6.137388769806219280e+00
1.596616299999999910e+03 -6.134957385542190167e+00
1.610991500000000087e+03 -6.131964420148306338e+00
1.637226400000000012e+03 -6.132814443469809973e+00
1.664730099999999993e+03 -6.127455737588673124e+00
1.713039299999999912e+03 -6.123480145589969226e+00
1.723142399999999952e+03 -6.130282920126145285e+00
1.746188000000000102e+03 -6.119378260678996817e+00
1.759824699999999893e+03 -6.117242108843204740e+00
1.798736000000000104e+03 -6.117356410816826795e+00
1.820580200000000104e+03 -6.114280286251189800e+00
1.870964799999999968e+03 -6.112197322543271305e+00
1.873586000000000013e+03 -6.113904875547508944e+00
1.903880799999999908e+03 -6.102697909807259791e+00
1.913892299999999977e+03 -6.108987486313421478e+00
1.939863100000000031e+03 -6.101746132552603896e+00
1.981025100000000066e+03 -6.104123030247757598e+00
1.983402199999999993e+03 -6.094310120512490769e+00
2.028011400000000094e+03 -6.098910367968745305e+00
2.049647100000000137e+03 -6.090039450489766359e+00
2.057942799999999806e+03 -6.095664615873740644e+00
2.108400900000000092e+03 -6.087042033391346862e+00
2.116960099999999784e+03 -6.094440997582659669e+00
2.144946899999999914e+03 -6.078522265103917910e+00
2.145364199999999983e+03 -6.086319439172507728e+00
2.205783600000000206e+03 -6.079085403390187103e+00
2.222904199999999946e+03 -6.085741726692064368e+00
2.227928199999999833e+03 -6.069300351598251098e+00
2.264581700000000183e+03 -6.080921848656567263e+00
2.290249400000000151e+03 -6.071938693587049407e+00
2.308318299999999908e+03 -6.070503106388853709e+00
2.345468600000000151e+03 -6.069618189811887277e+00
2.346375000000000000e+03 -6.065364419442423660e+00
2.394738199999999779e+03 -6.059206573393017159e+00
2.406751999999999953e+03 -6.065039837640874509e+00
2.457884500000000116e+03 -6.061370249468724047e+00
