1.220349700000000013e+02 -3.460250026432643011e+00
1.323037199999999984e+02 -3.460193731854638965e+00
1.691500299999999868e+02 -3.459718015313079764e+00
1.701932199999999966e+02 -3.460105703953615386e+00
1.803069299999999942e+02 -3.459893411493903059e+00
2.189747999999999877e+02 -3.459623796824615294e+00
2.191641899999999907e+02 -3.459784909345150261e+00
2.274154599999999959e+02 -3.459110322864205500e+00
2.662567999999999984e+02 -3.458634128852163592e+00
2.665610399999999913e+02 -3.458810531814329181e+00
2.755851499999999987e+02 -3.458324850382958893e+00
3.158247400000000198e+02 -3.458012187604081245e+00
3.161977499999999850e+02 -3.458203214085212807e+00
3.250768299999999726e+02 -3.457595518851965366e+00
3.621057700000000068e+02 -3.456357734303320051e+00
3.663153800000000047e+02 -3.457523806083319773e+00
3.747774000000000001e+02 -3.456808190766012867e+00
4.123374900000000025e+02 -3.455381645384964617e+00
4.157226400000000126e+02 -3.456334934038632234e+00
4.223677700000000073e+02 -3.455137505757218896e+00
4.620740599999999745e+02 -3.454194963319623390e+00
4.639711800000000039e+02 -3.454756188209222589e+00
4.741798900000000003e+02 -3.454437374334839994e+00
5.111989500000000248e+02 -3.452599081202817111e+00
5.124368799999999737e+02 -3.452983582563250664e+00
5.207660600000000386e+02 -3.452181875003263567e+00
5.601546600000000353e+02 -3.450467909665213995e+00
5.660861700000000383e+02 -3.452073682138071309e+00
5.722357100000000401e+02 -3.450776680687759335e+00
6.155432499999999436e+02 -3.449805027230805621e+00
6.161183399999999892e+02 -3.450041731197765582e+00
6.211503800000000410e+02 -3.448292695137300079e+00
6.635457199999999602e+02 -3.447098042941684870e+00
6.644751499999999851e+02 -3.447421669395841715e+00
6.696915000000000191e+02 -3.445595917207379788e+00
7.150839399999999841e+02 -3.444023724125267805e+00
7.179643999999999551e+02 -3.444857429842960173e+00
7.230840600000000222e+02 -3.442932490442453197e+00
7.561997199999999566e+02 -3.438641878810809960e+00
7.649144000000000005e+02 -3.440946801976372704e+00
7.747754599999999527e+02 -3.440255292568714207e+00
8.117036000000000513e+02 -3.436429572559466017e+00
8.150333900000000540e+02 -3.437207548126180345e+00
8.257351800000000139e+02 -3.436667996414820792e+00
8.627193800000000010e+02 -3.433210778801669250e+00
8.627225700000000188e+02 -3.433136547506232095e+00
8.727690199999999550e+02 -3.432613970600126851e+00
9.065598499999999831e+02 -3.428326012953752944e+00
9.088108499999999594e+02 -3.428874000703066471e+00
9.228343800000000101e+02 -3.429020683387666413e+00
9.646840999999999440e+02 -3.421819518572940311e+00
9.686496600000000399e+02 -3.426198501011648023e+00
9.720863399999999501e+02 -3.427202461084278617e+00
1.010738200000000006e+03 -3.420088284144670254e+00
1.013914200000000051e+03 -3.420973764299733766e+00
1.016534400000000005e+03 -3.418249346999001403e+00
1.060645600000000059e+03 -3.416159025772204316e+00
1.068142000000000053e+03 -3.418004484749805005e+00
1.077272999999999911e+03 -3.416400039198256522e+00
1.104970399999999927e+03 -3.407661834025487835e+00
1.112489600000000110e+03 -3.412527384285306553e+00
1.117135700000000043e+03 -3.413639953027957308e+00
1.156548299999999927e+03 -3.407817292920827246e+00
1.158919699999999921e+03 -3.408471971295191416e+00
1.159437400000000025e+03 -3.405147380428836357e+00
1.214535399999999981e+03 -3.405670162400157519e+00
1.217619599999999991e+03 -3.406361749629691182e+00
1.217672900000000027e+03 -3.402629446917107892e+00
1.258899499999999989e+03 -3.399605428470803048e+00
1.262563699999999926e+03 -3.397061805609046914e+00
1.265140599999999949e+03 -3.401134712613230970e+00
1.306098400000000083e+03 -3.394648979305433301e+00
1.307192999999999984e+03 -3.394964776284736807e+00
1.321443099999999959e+03 -3.395354033453452214e+00
1.352366800000000012e+03 -3.388440121065125599e+00
1.360622100000000046e+03 -3.386973578251289752e+00
1.363366500000000087e+03 -3.391326862447090473e+00
1.394837500000000091e+03 -3.382844535704939037e+00
1.407702999999999975e+03 -3.386174492655851687e+00
1.410714600000000019e+03 -3.383167533200362342e+00
1.447635899999999992e+03 -3.379316484971928158e+00
1.462892100000000028e+03 -3.383213905375658026e+00
1.476690299999999979e+03 -3.382695527301831984e+00
1.504768000000000029e+03 -3.377939872951656319e+00
1.507767299999999977e+03 -3.378746902437293365e+00
1.525032200000000103e+03 -3.379375345956869836e+00
1.554420100000000048e+03 -3.374553610986215091e+00
1.559024400000000014e+03 -3.375703816503244248e+00
1.571092799999999897e+03 -3.375141619304711238e+00
1.600709499999999935e+03 -3.370041663447021385e+00
1.607035100000000057e+03 -3.367742293844779411e+00
1.610141000000000076e+03 -3.372445037465599871e+00
1.667145800000000008e+03 -3.365642782296898172e+00
1.668133800000000065e+03 -3.369547752175417354e+00
1.670078999999999951e+03 -3.370169340754754828e+00
1.690967699999999923e+03 -3.356132278168967975e+00
1.699789299999999912e+03 -3.361394569537424992e+00
1.707678400000000011e+03 -3.363459196342113433e+00
1.759958599999999933e+03 -3.359538733614851225e+00
1.763423500000000104e+03 -3.360510654700425981e+00
1.771625199999999950e+03 -3.358859432911305287e+00
1.802554799999999886e+03 -3.355823445139108685e+00
1.809992799999999988e+03 -3.357774099653962452e+00
1.813031500000000051e+03 -3.354504758748296123e+00
1.851759399999999914e+03 -3.351878843367025684e+00
1.854201999999999998e+03 -3.348258726649160799e+00
1.856988000000000056e+03 -3.353246671236945975e+00
1.907090200000000095e+03 -3.349068973438336094e+00
1.907196400000000040e+03 -3.349048392429346155e+00
1.913972999999999956e+03 -3.346775751678951583e+00
1.944363000000000056e+03 -3.340927510610266271e+00
1.952402199999999993e+03 -3.345805773331455235e+00
1.959052400000000034e+03 -3.347534854199063936e+00
1.996651499999999942e+03 -3.341040539008385490e+00
2.001469700000000103e+03 -3.342268329741806543e+00
2.009692800000000034e+03 -3.340385259859442790e+00
2.037494699999999966e+03 -3.336053573375601378e+00
2.044279999999999973e+03 -3.337743542017090448e+00
2.063557999999999993e+03 -3.338328957864111324e+00
2.089433599999999842e+03 -3.334765669580316061e+00
2.091637600000000020e+03 -3.335274130545442972e+00
2.098282499999999800e+03 -3.332978332199931781e+00
2.140454099999999926e+03 -3.331543770776974611e+00
2.146825899999999820e+03 -3.333159764293816441e+00
2.169888899999999921e+03 -3.335371500101023123e+00
2.201713600000000042e+03 -3.328951861596257888e+00
2.221036599999999908e+03 -3.332189354559925043e+00
2.224715000000000146e+03 -3.333016642656451367e+00
2.236393399999999929e+03 -3.324265641826321005e+00
2.251379699999999957e+03 -3.328103820985666594e+00
2.260991399999999885e+03 -3.326366776424556804e+00
2.280934200000000146e+03 -3.322527730233398646e+00
2.288232500000000073e+03 -3.324495597422521875e+00
2.300056999999999789e+03 -3.323403575388344855e+00
2.350306099999999788e+03 -3.323141423877373324e+00
2.363829699999999775e+03 -3.324237075572989752e+00
2.367849400000000060e+03 -3.325362346158259985e+00
2.386369000000000142e+03 -3.318010808993981264e+00
2.396600800000000163e+03 -3.320696590438333651e+00
2.414600300000000061e+03 -3.320659609892506303e+00
2.441225899999999911e+03 -3.314554968308220051e+00
2.454593699999999899e+03 -3.317988624710705992e+00
