9.958504200000000139e+01 -3.303299468692527441e+00
1.276791999999999945e+02 -3.303148465969182102e+00
1.502301699999999869e+02 -3.302750424947676677e+00
1.503376499999999965e+02 -3.302778159782089329e+00
1.756305299999999932e+02 -3.302061733392025022e+00
2.001797699999999907e+02 -3.302061467525913674e+00
2.002124200000000087e+02 -3.302069908200942372e+00
2.247782799999999952e+02 -3.300700948909258248e+00
2.489219999999999970e+02 -3.300011327390174110e+00
2.489918600000000026e+02 -3.300029438476423049e+00
2.738441900000000260e+02 -3.298675764739063876e+00
2.990545599999999808e+02 -3.298161496574747442e+00
2.992167699999999968e+02 -3.298203481974592677e+00
3.237126799999999776e+02 -3.296146380188202940e+00
3.522667200000000207e+02 -3.295781475561979423e+00
3.523305799999999977e+02 -3.295798137299586816e+00
3.739034800000000018e+02 -3.292052344428372912e+00
4.050275800000000004e+02 -3.292485171243365816e+00
4.052415799999999990e+02 -3.292540240076860858e+00
4.223133799999999951e+02 -3.286110011112167051e+00
4.544229199999999764e+02 -3.286188597246491927e+00
4.544943099999999845e+02 -3.286207307409826139e+00
4.726329900000000066e+02 -3.281197962458338502e+00
4.997251099999999724e+02 -3.280186193035693698e+00
5.000623800000000188e+02 -3.280273434930808030e+00
5.208200299999999743e+02 -3.274342224636002552e+00
5.525760999999999967e+02 -3.274589252621464830e+00
5.528286799999999630e+02 -3.274654753121704509e+00
5.736277000000000044e+02 -3.269167119944933475e+00
6.013946799999999939e+02 -3.267985371954418738e+00
6.017199000000000524e+02 -3.268069549570036259e+00
6.174023499999999558e+02 -3.262738928790859028e+00
6.511113699999999653e+02 -3.262321384830404458e+00
6.512244799999999714e+02 -3.262350524246499184e+00
6.736756500000000187e+02 -3.258766851877623605e+00
7.005872299999999768e+02 -3.256535042692141779e+00
7.010462999999999738e+02 -3.256653670541361123e+00
7.156685300000000325e+02 -3.252636026714042394e+00
7.448648899999999458e+02 -3.251892395438430228e+00
7.452062499999999545e+02 -3.251980949107002861e+00
7.656478299999999990e+02 -3.248588881263965611e+00
7.954308899999999767e+02 -3.246897849733354047e+00
7.956970300000000407e+02 -3.246966499565717257e+00
8.251718200000000252e+02 -3.245871430524496226e+00
8.568738700000000108e+02 -3.245341059517272697e+00
8.568847500000000537e+02 -3.245343516016040208e+00
8.658723300000000336e+02 -3.240713188328478100e+00
8.923382800000000543e+02 -3.239718963436201360e+00
8.923687499999999773e+02 -3.239726484339986001e+00
9.120494899999999916e+02 -3.235885027282864090e+00
9.513690699999999651e+02 -3.237010536222087786e+00
9.517086399999999458e+02 -3.237098270942180722e+00
9.660923400000000356e+02 -3.233593255053823778e+00
1.002089500000000044e+03 -3.234968289077313486e+00
1.002681500000000028e+03 -3.235121332863441612e+00
1.012858299999999986e+03 -3.229834825287396960e+00
1.050970900000000029e+03 -3.229458554187637276e+00
1.051553900000000112e+03 -3.229609474836208527e+00
1.071411299999999983e+03 -3.229527610153309247e+00
1.100901800000000094e+03 -3.227035727230875395e+00
1.101016499999999951e+03 -3.227065328579031167e+00
1.118261400000000094e+03 -3.225339934898066918e+00
1.148198499999999967e+03 -3.224109293655369690e+00
1.148362100000000055e+03 -3.224151689283293987e+00
1.168561300000000074e+03 -3.223785247564237011e+00
1.205892599999999902e+03 -3.222362144462669775e+00
1.206054499999999962e+03 -3.222404355033779311e+00
1.217017100000000028e+03 -3.221323740214154352e+00
1.244170900000000074e+03 -3.218712813510976378e+00
1.245678900000000112e+03 -3.219102966846184355e+00
1.266866800000000012e+03 -3.217929687367913516e+00
1.292089099999999917e+03 -3.214579504770902929e+00
1.292860400000000027e+03 -3.214779359145369053e+00
1.311990500000000111e+03 -3.216461182682298414e+00
1.349480399999999918e+03 -3.216609408540313186e+00
1.349920100000000048e+03 -3.216723079744300495e+00
1.356317700000000059e+03 -3.213291855429771360e+00
1.397225699999999961e+03 -3.214676618479803683e+00
1.397738599999999906e+03 -3.214809060684911568e+00
1.417402499999999918e+03 -3.213806624872652229e+00
1.449716100000000097e+03 -3.210586448194507003e+00
1.450448499999999967e+03 -3.210775940832077069e+00
1.473888400000000047e+03 -3.212968534327689252e+00
1.506269299999999930e+03 -3.210660117936428026e+00
1.506622599999999920e+03 -3.210751096822435535e+00
1.509741400000000112e+03 -3.208665652858731843e+00
1.549996300000000019e+03 -3.209655696238671307e+00
1.552261299999999892e+03 -3.210241549144992934e+00
1.561576299999999947e+03 -3.207968611822546556e+00
1.592931599999999889e+03 -3.207630198874043881e+00
1.592990299999999934e+03 -3.207645679305138664e+00
1.628890599999999949e+03 -3.210504120067649403e+00
1.662699200000000019e+03 -3.206820746142977185e+00
1.663804300000000012e+03 -3.210265300732149552e+00
1.664071699999999964e+03 -3.210333767445536779e+00
1.704481199999999944e+03 -3.203411152316455013e+00
1.705428400000000011e+03 -3.205038578857060561e+00
1.705823900000000094e+03 -3.205140518168633879e+00
1.750640499999999975e+03 -3.206179737834149002e+00
1.751766800000000103e+03 -3.206471061463873617e+00
1.768709599999999909e+03 -3.205498374943232420e+00
1.790145999999999958e+03 -3.201972128218016689e+00
1.791087600000000066e+03 -3.202216059418391936e+00
1.812186999999999898e+03 -3.203533131133751155e+00
1.847710600000000113e+03 -3.203805229579657521e+00
1.848601200000000063e+03 -3.204035772723049735e+00
1.865756900000000087e+03 -3.203524343287655896e+00
1.921303400000000011e+03 -3.204695739868857807e+00
1.921688499999999976e+03 -3.204796618906371020e+00
1.927712700000000041e+03 -3.205998000241334633e+00
1.961521999999999935e+03 -3.203351699199995739e+00
1.962320999999999913e+03 -3.203559019888377879e+00
1.965747000000000071e+03 -3.203087646202250394e+00
2.009732400000000098e+03 -3.200341304290379885e+00
2.009747200000000021e+03 -3.200345486582875321e+00
2.011323499999999967e+03 -3.200668114658114405e+00
2.044826299999999947e+03 -3.200160875656688386e+00
2.046089699999999993e+03 -3.200487489709719302e+00
2.054658600000000206e+03 -3.198677583567353100e+00
2.100414999999999964e+03 -3.198148595985255582e+00
2.101812399999999798e+03 -3.198510258789340810e+00
2.123668400000000020e+03 -3.203645051642406649e+00
2.156088499999999840e+03 -3.200395670106807255e+00
2.156566499999999905e+03 -3.200519598821152112e+00
2.157247699999999895e+03 -3.198022641317133985e+00
2.198967599999999948e+03 -3.199228023324882209e+00
2.201749899999999798e+03 -3.199947506809317055e+00
2.214198100000000068e+03 -3.200214006361699060e+00
2.254481099999999969e+03 -3.198515252681510823e+00
2.254809799999999996e+03 -3.198599973748569081e+00
2.258615999999999985e+03 -3.199883565497118276e+00
2.297193499999999858e+03 -3.196484288770384818e+00
2.298176399999999830e+03 -3.196738845957595387e+00
2.318511199999999917e+03 -3.197262436130911656e+00
2.357741899999999987e+03 -3.201022559923208277e+00
2.358620100000000093e+03 -3.201250202732164762e+00
2.362476400000000012e+03 -3.198250695035666169e+00
2.417558500000000095e+03 -3.197576510851446230e+00
2.420894099999999980e+03 -3.200545027702364820e+00
2.422528400000000147e+03 -3.200968748039389578e+00
2.446633499999999913e+03 -3.199084631999026485e+00
2.447699399999999969e+03 -3.199360544567871667e+00
