9.937185100000000659e+01 -3.901183800941390167e+00
1.262439899999999966e+02 -3.900828778985306666e+00
1.502877699999999948e+02 -3.900963209038623702e+00
1.744846100000000035e+02 -3.900473764224930306e+00
1.998330400000000111e+02 -3.900601079849272068e+00
2.259010800000000074e+02 -3.900735108814354923e+00
2.507307800000000100e+02 -3.900425859552648422e+00
2.731179700000000139e+02 -3.899711561999595677e+00
2.975690299999999979e+02 -3.899246671823661359e+00
3.231537900000000150e+02 -3.899253269902225316e+00
3.478583899999999858e+02 -3.898304922217977975e+00
3.714776499999999828e+02 -3.898245593594111380e+00
3.961853500000000281e+02 -3.897586669344785815e+00
4.184724899999999934e+02 -3.896647748478744955e+00
4.474049600000000169e+02 -3.895814320972175615e+00
4.717469600000000014e+02 -3.896505238243297864e+00
5.010660100000000057e+02 -3.896220609530053558e+00
5.170981799999999566e+02 -3.894185161207460055e+00
5.502012499999999591e+02 -3.893889361164731167e+00
5.716191199999999526e+02 -3.893190554881803322e+00
5.999731100000000197e+02 -3.891864356714362927e+00
6.186837500000000318e+02 -3.890363652339031475e+00
6.497245699999999715e+02 -3.889807109192636503e+00
6.701397100000000364e+02 -3.887198049356154428e+00
7.028631000000000313e+02 -3.886002700214250982e+00
7.203543899999999667e+02 -3.884978139423011179e+00
7.516757300000000441e+02 -3.883742080865245860e+00
7.714130800000000363e+02 -3.880329516710952387e+00
7.926368700000000445e+02 -3.877851450785978038e+00
8.195872799999999643e+02 -3.875543988904749160e+00
8.539260699999999815e+02 -3.874353826607682461e+00
8.712111599999999498e+02 -3.869312443847356509e+00
9.048464099999999917e+02 -3.868706533127234781e+00
9.151531700000000455e+02 -3.861497587789404662e+00
9.596987100000000055e+02 -3.862711033882907152e+00
9.718611700000000155e+02 -3.855700783842507917e+00
9.966757099999999809e+02 -3.853198067281387029e+00
1.011876600000000053e+03 -3.847275113231465760e+00
1.038946899999999914e+03 -3.845356471477579419e+00
1.070041199999999890e+03 -3.844445292750597432e+00
1.085667999999999893e+03 -3.841050977380006781e+00
1.127029800000000023e+03 -3.838615493157986336e+00
1.141429399999999987e+03 -3.836059580612225073e+00
1.157048099999999977e+03 -3.829410932272506063e+00
1.212036100000000033e+03 -3.832986490161917725e+00
1.223246200000000044e+03 -3.826960546990460621e+00
1.252476300000000037e+03 -3.823624325333101481e+00
1.261744799999999941e+03 -3.819162845361245395e+00
1.300731299999999919e+03 -3.819413828007599765e+00
1.314894600000000082e+03 -3.815208490142413034e+00
1.346467499999999973e+03 -3.812492431268588167e+00
1.369712500000000091e+03 -3.810825663048305945e+00
1.400550999999999931e+03 -3.810701601417507689e+00
1.420045200000000023e+03 -3.804686792843045673e+00
1.444911200000000008e+03 -3.801944072165047483e+00
1.455904800000000023e+03 -3.797027435232192882e+00
1.500848600000000033e+03 -3.793273464948064166e+00
1.507369300000000067e+03 -3.799526924194154276e+00
1.541693199999999933e+03 -3.793967504434686333e+00
1.570415099999999939e+03 -3.792961586248805972e+00
1.589296000000000049e+03 -3.785548353609960781e+00
1.611281999999999925e+03 -3.785562774812442743e+00
1.647600500000000011e+03 -3.784044288910280329e+00
1.666367700000000013e+03 -3.783288666425072666e+00
1.702386899999999969e+03 -3.774032058516385568e+00
1.712405299999999897e+03 -3.784550571262595309e+00
1.764910800000000108e+03 -3.774506539514958625e+00
1.776997900000000072e+03 -3.779104529783442246e+00
1.791125099999999975e+03 -3.772931076528453609e+00
1.806538800000000037e+03 -3.767905240685345269e+00
1.849804300000000012e+03 -3.768435745715369656e+00
1.853857099999999946e+03 -3.761789500034643297e+00
1.908573300000000017e+03 -3.765168494634933971e+00
1.912606299999999919e+03 -3.762118290447267643e+00
1.954051899999999932e+03 -3.759688899259364447e+00
1.964667400000000043e+03 -3.753596508621418693e+00
2.012612699999999904e+03 -3.749551724191396040e+00
2.017090300000000070e+03 -3.755819643381690831e+00
2.029911499999999933e+03 -3.744756456469736872e+00
2.043614399999999932e+03 -3.743980437174208475e+00
2.106449900000000071e+03 -3.747887803528024531e+00
2.120646499999999833e+03 -3.744243893427303238e+00
2.143218400000000202e+03 -3.741018828869666635e+00
2.160748199999999997e+03 -3.739427183175339842e+00
2.191118699999999990e+03 -3.737193634328901393e+00
2.210561299999999846e+03 -3.734046058079098174e+00
2.226512700000000223e+03 -3.731152816829895524e+00
2.291028800000000047e+03 -3.737927432121363580e+00
2.309914099999999962e+03 -3.727908324961162201e+00
2.333364900000000034e+03 -3.734548118574953168e+00
2.343260299999999916e+03 -3.727050149879581831e+00
2.344730900000000020e+03 -3.722042124494882920e+00
2.396179599999999937e+03 -3.718455908650953212e+00
2.403361499999999978e+03 -3.726863356420653695e+00
2.442782600000000002e+03 -3.716130721943619264e+00
