1.232945299999999946e+02 1.716546102177895605e+01
1.323834500000000105e+02 1.717237940158762299e+01
1.733031900000000007e+02 1.724148330958681186e+01
1.740222899999999981e+02 1.723960054956238608e+01
1.817347000000000037e+02 1.725018929371056231e+01
2.202292700000000139e+02 1.731187105638102963e+01
2.217413599999999860e+02 1.731363677997150674e+01
2.315441999999999894e+02 1.733209342560553523e+01
2.690285799999999767e+02 1.741107724404640678e+01
2.703578200000000038e+02 1.741031243639324444e+01
2.802455800000000181e+02 1.743317626704661194e+01
3.195529700000000162e+02 1.750018369631589721e+01
3.219303300000000263e+02 1.749941532668430710e+01
3.293370699999999829e+02 1.752494911459393379e+01
3.690267999999999802e+02 1.760541064522695009e+01
3.703955500000000143e+02 1.760542031345410052e+01
3.762187799999999811e+02 1.763418481579482844e+01
4.154424599999999828e+02 1.772277020150620785e+01
4.186794600000000059e+02 1.772229900264603941e+01
4.247840299999999729e+02 1.773260533279055551e+01
4.702391400000000203e+02 1.783262263382861690e+01
4.707901299999999765e+02 1.783260329737431249e+01
4.778842599999999834e+02 1.786396142886220417e+01
5.173908400000000256e+02 1.795197842458782844e+01
5.209051200000000108e+02 1.795181457358029675e+01
5.236171799999999621e+02 1.798654182780378719e+01
5.649050399999999854e+02 1.805551343374720119e+01
5.700401200000000017e+02 1.805720588235294244e+01
5.706563700000000381e+02 1.812088744148178421e+01
6.182714099999999462e+02 1.818627315285976209e+01
6.207346099999999751e+02 1.818543201709749724e+01
6.238648799999999710e+02 1.825899399552208280e+01
6.621042400000000043e+02 1.832274882963566043e+01
6.625754799999999705e+02 1.832154335436596782e+01
6.709497599999999693e+02 1.838200793812334410e+01
7.144163899999999785e+02 1.845262212497455678e+01
7.150049699999999575e+02 1.845232037451658869e+01
7.243771900000000414e+02 1.849545593323834680e+01
7.610827199999999948e+02 1.859469316100142322e+01
7.622801799999999730e+02 1.859462446570323735e+01
7.778179800000000341e+02 1.861171636474659152e+01
8.088529499999999643e+02 1.872011194789334354e+01
8.100035299999999552e+02 1.872044015876246803e+01
8.192554400000000214e+02 1.875629045389782235e+01
8.602457799999999679e+02 1.884555821290453892e+01
8.651138200000000325e+02 1.884559383268878463e+01
8.680395499999999629e+02 1.887823224099328456e+01
9.106907999999999674e+02 1.899563352330551780e+01
9.112480500000000347e+02 1.899644209240789650e+01
9.126875900000000001e+02 1.900346173417463902e+01
9.625144800000000487e+02 1.910102635864034326e+01
9.653909400000000005e+02 1.910120751068593492e+01
9.678116999999999734e+02 1.914386372888255750e+01
1.010017399999999952e+03 1.924176012619580689e+01
1.010871700000000033e+03 1.924184561367799873e+01
1.015519300000000044e+03 1.927219061673112321e+01
1.058134900000000016e+03 1.938272745776511385e+01
1.062577900000000000e+03 1.938239314064725960e+01
1.068047900000000027e+03 1.939920771422755763e+01
1.111733400000000074e+03 1.951067117850600496e+01
1.115309099999999944e+03 1.954949369020964767e+01
1.117287100000000009e+03 1.951041929574597944e+01
1.154043400000000020e+03 1.962834673315693124e+01
1.155262199999999893e+03 1.962831213108080775e+01
1.171855900000000020e+03 1.966182118868308493e+01
1.201904199999999946e+03 1.976399348666802425e+01
1.209669000000000096e+03 1.976413138611846065e+01
1.216079799999999977e+03 1.980202676572358911e+01
1.254623599999999897e+03 1.992494809688581370e+01
1.255593800000000101e+03 1.992524628536535758e+01
1.267503799999999956e+03 1.993790199470791791e+01
1.304076099999999997e+03 2.002691837980867007e+01
1.306867799999999988e+03 2.002653521270099546e+01
1.316428200000000061e+03 2.005678455119071657e+01
1.351503899999999931e+03 2.016228882556482915e+01
1.351771899999999960e+03 2.016298697333604650e+01
1.365509900000000016e+03 2.018322715245267673e+01
1.407102200000000039e+03 2.030127875025442563e+01
1.407570999999999913e+03 2.030074750661510308e+01
1.414662199999999984e+03 2.030036841033991735e+01
1.448714799999999968e+03 2.043327396702625620e+01
1.452199100000000044e+03 2.043411561164258217e+01
1.469633700000000090e+03 2.043614390392835389e+01
1.497799400000000105e+03 2.056610268674943853e+01
1.498841599999999971e+03 2.056613830653368780e+01
1.517354399999999941e+03 2.058457205373498766e+01
1.548885299999999916e+03 2.070765876246692372e+01
1.554695400000000063e+03 2.070874567474048433e+01
1.567941900000000032e+03 2.068249949114593988e+01
1.595731299999999919e+03 2.083401689395481426e+01
1.600902199999999993e+03 2.083463667820069176e+01
1.619569300000000112e+03 2.081650620801953977e+01
1.642277100000000019e+03 2.096641715855892585e+01
1.646462800000000016e+03 2.096637441481783171e+01
1.664401699999999892e+03 2.100430032566659833e+01
1.691113900000000058e+03 2.110741960105841741e+01
1.697605299999999943e+03 2.110794677386525464e+01
1.703066800000000057e+03 2.108870293099938920e+01
1.737716300000000047e+03 2.123703185426419893e+01
1.748639200000000073e+03 2.123705678811316844e+01
1.769288700000000063e+03 2.124803277020150816e+01
1.797983999999999924e+03 2.138470181152045413e+01
1.798159000000000106e+03 2.138423010380622813e+01
1.809954199999999901e+03 2.137818389985752177e+01
1.830102499999999964e+03 2.153526307754935942e+01
1.841600500000000011e+03 2.153551597801750717e+01
1.860513899999999921e+03 2.150619784245878208e+01
1.893913600000000088e+03 2.166237278648483766e+01
1.895633800000000065e+03 2.166194076938733915e+01
1.911291600000000017e+03 2.165301597801750333e+01
1.934640499999999975e+03 2.180845053938530498e+01
1.936580999999999904e+03 2.180855383675961789e+01
1.961322300000000041e+03 2.185163800122125011e+01
1.982070600000000013e+03 2.188398992468959747e+01
1.999161900000000060e+03 2.188384184815794953e+01
2.005126400000000103e+03 2.187213820476287296e+01
2.044181000000000040e+03 2.204284754732342577e+01
2.044944799999999987e+03 2.204378180337879201e+01
2.065901100000000042e+03 2.204250814166497108e+01
2.089220499999999902e+03 2.221047781396295662e+01
2.090874699999999848e+03 2.221060044779157039e+01
2.106209699999999884e+03 2.222492316303684134e+01
2.135585799999999836e+03 2.232593781803378974e+01
2.141280099999999948e+03 2.232616731121514420e+01
2.161287699999999859e+03 2.232248727864848448e+01
2.182353700000000117e+03 2.247413138611846151e+01
2.196159999999999854e+03 2.247424791369834907e+01
2.216900099999999838e+03 2.245184866680235913e+01
2.240118800000000192e+03 2.260563403215957479e+01
2.246672999999999774e+03 2.260613677997150361e+01
2.270005299999999806e+03 2.263475880317525224e+01
2.287034200000000055e+03 2.271993079584775188e+01
2.296002300000000105e+03 2.272022338693262711e+01
2.334235700000000179e+03 2.271333095868105190e+01
2.335666900000000169e+03 2.288883574190922232e+01
2.344864900000000034e+03 2.288884998982291918e+01
2.345452299999999923e+03 2.291347292896397292e+01
2.382053399999999783e+03 2.296869886016690288e+01
2.403229800000000068e+03 2.296938072460818248e+01
2.417492000000000189e+03 2.293844290657439444e+01
2.458930899999999838e+03 2.319978933441888813e+01
2.460454200000000128e+03 2.320023916140850773e+01
