1.003478800000000035e+02 -3.304699608502259078e+00
1.286862900000000138e+02 -3.304561525887939943e+00
1.502769299999999930e+02 -3.304106040714969605e+00
1.768491099999999960e+02 -3.303616532616115098e+00
1.983174999999999955e+02 -3.302681193842238461e+00
2.257879700000000014e+02 -3.302306773387676309e+00
2.494116500000000087e+02 -3.301445513943282339e+00
2.728562099999999759e+02 -3.299918469479345973e+00
3.008658800000000042e+02 -3.299982343834945819e+00
3.224035499999999956e+02 -3.296919230402798995e+00
3.511821199999999976e+02 -3.296653639316062367e+00
3.715476300000000265e+02 -3.293113165786202057e+00
3.989585200000000214e+02 -3.292461639072066681e+00
4.220392100000000255e+02 -3.287955833298987329e+00
4.508304800000000228e+02 -3.287074453564901688e+00
4.704749299999999721e+02 -3.280911890822724164e+00
4.984070300000000202e+02 -3.280368392432174041e+00
5.204200499999999465e+02 -3.275478644761588232e+00
5.507061599999999544e+02 -3.274713611192876073e+00
5.675132200000000466e+02 -3.269730563487135200e+00
6.015766599999999471e+02 -3.269545393186005455e+00
6.181186400000000276e+02 -3.264096096688978044e+00
6.546342600000000402e+02 -3.263607605443978876e+00
6.682582800000000134e+02 -3.259927670792513332e+00
6.920273300000000063e+02 -3.258023949643548800e+00
7.202540599999999813e+02 -3.256723675761900694e+00
7.440174100000000408e+02 -3.253788713086907869e+00
7.726670299999999543e+02 -3.252282936682249215e+00
7.966962700000000268e+02 -3.250780746060852433e+00
8.189166300000000547e+02 -3.247344203002030305e+00
8.477819100000000390e+02 -3.245310777820405335e+00
8.720703700000000254e+02 -3.245037009237859760e+00
9.070471499999999878e+02 -3.244453923350838931e+00
9.195570000000000164e+02 -3.241120647242218045e+00
9.471768799999999828e+02 -3.238100341764866386e+00
9.677583600000000388e+02 -3.237114632186225194e+00
9.971839099999999689e+02 -3.235230576755155241e+00
1.013770499999999970e+03 -3.233804363818445715e+00
1.057053000000000111e+03 -3.234139436697303971e+00
1.066179300000000012e+03 -3.230873334416859421e+00
1.095087199999999939e+03 -3.228996154302666621e+00
1.116753300000000081e+03 -3.228717820030020835e+00
1.152863000000000056e+03 -3.227703008335931489e+00
1.169977000000000089e+03 -3.226367598945999227e+00
1.210949499999999944e+03 -3.226266797572295175e+00
1.226049400000000105e+03 -3.226465506815977768e+00
1.249257900000000063e+03 -3.222910002802205298e+00
1.272479299999999967e+03 -3.222143606135722926e+00
1.292343200000000024e+03 -3.219312760321953792e+00
1.325261400000000094e+03 -3.220850044968048387e+00
1.354130100000000084e+03 -3.217200162178125211e+00
1.367482999999999947e+03 -3.216475173228715789e+00
1.408316000000000031e+03 -3.216168554613070718e+00
1.416212700000000041e+03 -3.213767000433264798e+00
1.463995699999999943e+03 -3.217886751199825479e+00
1.467404299999999921e+03 -3.213570812098545559e+00
1.500271500000000060e+03 -3.207873306285865755e+00
1.519252700000000004e+03 -3.211698449764217145e+00
1.550021099999999933e+03 -3.208455868981630932e+00
1.560867099999999937e+03 -3.208021937526694511e+00
1.602305000000000064e+03 -3.209578394123442813e+00
1.623107500000000073e+03 -3.208809093936074053e+00
1.663966400000000021e+03 -3.207750469581635677e+00
1.670940700000000106e+03 -3.207751154785538628e+00
1.700345000000000027e+03 -3.204747266298973329e+00
1.701140400000000000e+03 -3.202787617235691275e+00
1.749374199999999973e+03 -3.204892420887955673e+00
1.772295900000000074e+03 -3.203877927038208284e+00
1.783343599999999924e+03 -3.203680954843747486e+00
1.809818500000000085e+03 -3.200060100085686532e+00
1.855433500000000095e+03 -3.200626147448541570e+00
1.861150300000000016e+03 -3.198596624795027044e+00
1.905300400000000081e+03 -3.195812920139240010e+00
1.907737300000000005e+03 -3.200577906287773722e+00
1.963099799999999959e+03 -3.204828185439792421e+00
1.966261700000000019e+03 -3.197334231740344812e+00
2.000078999999999951e+03 -3.197286579358990188e+00
2.009963299999999890e+03 -3.195747984121328766e+00
2.058388399999999820e+03 -3.195678041533059677e+00
2.063985700000000179e+03 -3.198922632874377392e+00
2.107146000000000186e+03 -3.192481152275556067e+00
2.115975899999999911e+03 -3.200002713316106639e+00
2.149729499999999916e+03 -3.190786496737819444e+00
2.167156800000000203e+03 -3.200259742942113572e+00
2.207765400000000227e+03 -3.193182920315596363e+00
2.212983400000000074e+03 -3.193437739199537440e+00
2.234255200000000059e+03 -3.188552687298602972e+00
2.254518599999999878e+03 -3.187683811415834789e+00
2.268579900000000180e+03 -3.183301789030412721e+00
2.282946100000000115e+03 -3.188935237034693060e+00
2.359677799999999934e+03 -3.188685200404172360e+00
2.359904899999999998e+03 -3.192301359898954249e+00
2.390297199999999975e+03 -3.190491063314111919e+00
2.406298699999999826e+03 -3.189717277067244172e+00
2.443141700000000128e+03 -3.185250983676811032e+00
