1.217260299999999944e+02 -6.161716922980130740e+00
1.313528900000000021e+02 -6.161534682986905764e+00
1.690567599999999970e+02 -6.161185201756730123e+00
1.695690299999999979e+02 -6.161432125914160451e+00
1.783147899999999879e+02 -6.160873518643406044e+00
2.159493300000000033e+02 -6.160478127254601866e+00
2.180176600000000064e+02 -6.161111040571690012e+00
2.263238900000000058e+02 -6.160433717504725237e+00
2.663698299999999790e+02 -6.160373709626152383e+00
2.675518999999999892e+02 -6.160776998234630319e+00
2.756852099999999837e+02 -6.160068710964638150e+00
3.151826300000000174e+02 -6.159515790443728989e+00
3.167312099999999759e+02 -6.160007722935326058e+00
3.235840000000000032e+02 -6.158872222333998891e+00
3.624180099999999811e+02 -6.158214457002205933e+00
3.636270700000000033e+02 -6.158451712682403212e+00
3.753036599999999794e+02 -6.158623814051328971e+00
4.171187300000000278e+02 -6.158526555352407783e+00
4.183475500000000125e+02 -6.158740932412672286e+00
4.235104600000000232e+02 -6.157167037625341344e+00
4.579488900000000058e+02 -6.154825400382681444e+00
4.596413699999999949e+02 -6.155311281294027381e+00
4.727492399999999861e+02 -6.155687001760471233e+00
5.124645799999999554e+02 -6.154398640979751534e+00
5.156312500000000227e+02 -6.155295651745325003e+00
5.217202899999999772e+02 -6.153954564898527657e+00
5.592792200000000093e+02 -6.152223221364489625e+00
5.609927699999999504e+02 -6.152607689937581448e+00
5.678506700000000365e+02 -6.151289814057091299e+00
6.083514800000000378e+02 -6.150384138392705147e+00
6.122532300000000305e+02 -6.151447774686197079e+00
6.211773500000000467e+02 -6.150818240592459851e+00
6.589922900000000254e+02 -6.148474778277470243e+00
6.600519699999999830e+02 -6.148801647476947352e+00
6.704012099999999919e+02 -6.148309515532386804e+00
7.156006999999999607e+02 -6.145153246040957917e+00
7.156517900000000054e+02 -6.147930040226528448e+00
7.168611300000000028e+02 -6.148335290132316722e+00
7.655041300000000319e+02 -6.145265755970953592e+00
7.666548599999999851e+02 -6.145654836316754910e+00
7.690328399999999647e+02 -6.143250560348090694e+00
8.096971499999999651e+02 -6.141383183627152853e+00
8.124238800000000538e+02 -6.142146615835596180e+00
8.276377300000000332e+02 -6.142622544465043077e+00
8.529299300000000130e+02 -6.136368490622575500e+00
8.581422499999999900e+02 -6.137679850476347454e+00
8.726115399999999909e+02 -6.137902741889132763e+00
9.097715799999999717e+02 -6.134930988523027651e+00
9.104998000000000502e+02 -6.135058185403880593e+00
9.200467300000000250e+02 -6.134277732555485585e+00
9.593772699999999531e+02 -6.130815295308491564e+00
9.640105700000000297e+02 -6.132076193506382999e+00
9.641060800000000199e+02 -6.129198381180912314e+00
1.011772399999999948e+03 -6.127759115819251257e+00
1.014863699999999994e+03 -6.125654757143844442e+00
1.016324200000000019e+03 -6.129011157142015165e+00
1.056447400000000016e+03 -6.123600167901393831e+00
1.056935199999999895e+03 -6.123685565588152357e+00
1.075540999999999940e+03 -6.125068912066570448e+00
1.103900100000000066e+03 -6.118620027201284728e+00
1.106417300000000068e+03 -6.119240242272579344e+00
1.113566600000000108e+03 -6.117876082973075391e+00
1.155910499999999956e+03 -6.114114906378596892e+00
1.167087399999999889e+03 -6.117057278371807350e+00
1.171762899999999945e+03 -6.114913148800678044e+00
1.209906600000000026e+03 -6.111686328213544073e+00
1.211900100000000066e+03 -6.112139607456735568e+00
1.223774499999999989e+03 -6.111471843188652109e+00
1.257249700000000075e+03 -6.107147017175331705e+00
1.258716200000000072e+03 -6.107569389217036182e+00
1.280155500000000075e+03 -6.109149428531735815e+00
1.312915999999999940e+03 -6.104547735754475291e+00
1.316944700000000012e+03 -6.100972910873597499e+00
1.318133800000000065e+03 -6.105802502934433384e+00
1.347800400000000081e+03 -6.094824952614056102e+00
1.362484500000000025e+03 -6.098638385847864996e+00
1.378546399999999949e+03 -6.099054700260900574e+00
1.407610699999999952e+03 -6.092359668516367677e+00
1.412650699999999915e+03 -6.093716038534097379e+00
1.416661800000000085e+03 -6.091178287964982729e+00
1.470354299999999967e+03 -6.091872932905201488e+00
1.471075499999999920e+03 -6.087549403923984137e+00
1.471090200000000095e+03 -6.091944105856041070e+00
1.501125700000000052e+03 -6.081922395746662602e+00
1.506861300000000028e+03 -6.080237546009142235e+00
1.509522899999999936e+03 -6.084117155267367849e+00
1.541392800000000079e+03 -6.076623917921923912e+00
1.542498100000000022e+03 -6.076865389674065199e+00
1.558182299999999941e+03 -6.077044126250789269e+00
1.600568999999999960e+03 -6.073111335700641433e+00
1.602211999999999989e+03 -6.073525397975855000e+00
1.611467200000000048e+03 -6.071836533017114235e+00
1.641124499999999898e+03 -6.068409499283890618e+00
1.645308600000000069e+03 -6.069452499526527767e+00
1.671525699999999915e+03 -6.072202561942684262e+00
1.701704899999999952e+03 -6.065613075436921520e+00
1.708780500000000075e+03 -6.067401041726127708e+00
1.711753099999999904e+03 -6.064147026658140760e+00
1.758724899999999934e+03 -6.063535745089379425e+00
1.762387999999999920e+03 -6.064417596048273573e+00
1.770157099999999900e+03 -6.062321646220038218e+00
1.801663399999999911e+03 -6.057444567762732213e+00
1.808848700000000008e+03 -6.054774327433158909e+00
1.809816499999999905e+03 -6.059510580399827262e+00
1.858577399999999898e+03 -6.056393162210393477e+00
1.858958599999999933e+03 -6.056440315739578750e+00
1.869682099999999991e+03 -6.055129000146980189e+00
1.904839400000000069e+03 -6.052546785408473795e+00
1.911270800000000008e+03 -6.054251156384189869e+00
1.911816000000000031e+03 -6.050084651815129000e+00
1.951371399999999994e+03 -6.045092211831566864e+00
1.952102100000000064e+03 -6.045294342534649701e+00
1.963803100000000086e+03 -6.043873426061912468e+00
1.999809899999999971e+03 -6.042236449876596360e+00
2.004096000000000004e+03 -6.043326682166437536e+00
2.027745400000000018e+03 -6.045258251377815029e+00
2.049961699999999837e+03 -6.038941765994599642e+00
2.061613800000000083e+03 -6.041907251252677469e+00
2.067545000000000073e+03 -6.038416159542027373e+00
2.098732500000000073e+03 -6.032994625450657011e+00
2.100161200000000008e+03 -6.033140077057956852e+00
2.106964199999999892e+03 -6.035094187958176093e+00
2.143289000000000215e+03 -6.028433070605244026e+00
2.146382399999999961e+03 -6.029252621400110534e+00
2.156103300000000218e+03 -6.027299455493135838e+00
2.205319599999999809e+03 -6.030720487807611718e+00
2.212045500000000175e+03 -6.032502519458709855e+00
2.222116799999999785e+03 -6.031380830440163265e+00
2.242356200000000172e+03 -6.024376195835737136e+00
2.250467000000000098e+03 -6.026479105362382072e+00
2.262494000000000142e+03 -6.025183174704830336e+00
2.284459800000000087e+03 -6.017795925606494123e+00
2.286723700000000008e+03 -6.018454972667274916e+00
2.314143700000000081e+03 -6.020205709475779265e+00
2.354855000000000018e+03 -6.018834400817048902e+00
2.356387600000000020e+03 -6.019260121965100296e+00
2.358285300000000007e+03 -6.017622178660688270e+00
2.387979200000000219e+03 -6.013515109503946299e+00
2.388199099999999817e+03 -6.013513439814960115e+00
2.405669899999999870e+03 -6.014159645455771752e+00
2.454530799999999999e+03 -6.016550472906740055e+00
2.459141999999999825e+03 -6.017783777090033759e+00
