1.002640999999999991e+02 -4.325501428230642098e+00
1.269626800000000060e+02 -4.325295462100187116e+00
1.513665200000000084e+02 -4.325568873468211173e+00
1.514249399999999923e+02 -4.325584077972106201e+00
1.754391699999999901e+02 -4.324979391049920352e+00
1.979864499999999907e+02 -4.324651991856284461e+00
1.980365400000000022e+02 -4.324665042889338729e+00
2.248503800000000012e+02 -4.324348837126103184e+00
2.503542400000000043e+02 -4.324120140728275885e+00
2.504177400000000091e+02 -4.324136607627902862e+00
2.736491700000000264e+02 -4.322905625003020447e+00
3.031910500000000184e+02 -4.323042229392842550e+00
3.032971400000000131e+02 -4.323069859311612362e+00
3.239557399999999916e+02 -4.321996057071276098e+00
3.483837199999999825e+02 -4.321256779738845921e+00
3.484887899999999945e+02 -4.321283891540277367e+00
3.711564999999999941e+02 -4.320050113177932083e+00
3.991039299999999912e+02 -4.319608023450202339e+00
3.994505599999999959e+02 -4.319697583320853518e+00
4.229860699999999838e+02 -4.318649119429084138e+00
4.551199500000000171e+02 -4.318502571111208610e+00
4.552358199999999897e+02 -4.318532220500628682e+00
4.700534799999999791e+02 -4.315886847641677626e+00
5.066386699999999905e+02 -4.316480966092451688e+00
5.067295399999999859e+02 -4.316504813994424872e+00
5.226947000000000116e+02 -4.313783967756495308e+00
5.502613199999999551e+02 -4.312741599187599917e+00
5.502774799999999686e+02 -4.312745776869329362e+00
5.680927900000000363e+02 -4.309249414835581327e+00
6.007928299999999808e+02 -4.309942391150809904e+00
6.008834900000000516e+02 -4.309965879451166160e+00
6.239571499999999560e+02 -4.306970774093017873e+00
6.526964199999999892e+02 -4.305635131050919107e+00
6.527152899999999818e+02 -4.305640161977819957e+00
6.700978499999999940e+02 -4.302218166039652125e+00
6.980934999999999491e+02 -4.301059761356263778e+00
6.984459500000000389e+02 -4.301150825812785072e+00
7.156032099999999900e+02 -4.297969130016506156e+00
7.475527399999999716e+02 -4.297114685409704649e+00
7.476094000000000506e+02 -4.297129485803966809e+00
7.646684999999999945e+02 -4.292810974654137190e+00
7.953516700000000128e+02 -4.292687058367477881e+00
7.955895100000000184e+02 -4.292748341201010120e+00
8.141696299999999837e+02 -4.287477684752199814e+00
8.495268399999999929e+02 -4.287688754636700850e+00
8.497356300000000147e+02 -4.287742731008500563e+00
8.738376100000000406e+02 -4.283748353877574466e+00
9.075472399999999880e+02 -4.282395134111312451e+00
9.076722499999999627e+02 -4.282427858768384610e+00
9.106448699999999690e+02 -4.276066022695342639e+00
9.561658599999999524e+02 -4.278978466784741030e+00
9.564503200000000334e+02 -4.279052310670491188e+00
9.695283699999999953e+02 -4.271415029991017853e+00
1.006241099999999960e+03 -4.272038914290401834e+00
1.006630199999999945e+03 -4.272139860584836413e+00
1.013392500000000041e+03 -4.265907487990585167e+00
1.046890300000000025e+03 -4.265304614846768594e+00
1.046917300000000068e+03 -4.265311442228092886e+00
1.063989299999999957e+03 -4.260541452225675485e+00
1.091969200000000001e+03 -4.259333026332043026e+00
1.092325399999999945e+03 -4.259425467321471537e+00
1.109672000000000025e+03 -4.254353222432573745e+00
1.150903099999999995e+03 -4.257108303413788875e+00
1.151180399999999963e+03 -4.257179940099148574e+00
1.166945799999999963e+03 -4.251189560615424412e+00
1.202595600000000104e+03 -4.248969910164341002e+00
1.203102599999999939e+03 -4.249100877987391556e+00
1.209667599999999993e+03 -4.246435858869602065e+00
1.253531300000000101e+03 -4.246592616452605995e+00
1.254162499999999909e+03 -4.246755997760791601e+00
1.263447400000000016e+03 -4.243260491690081793e+00
1.296174800000000005e+03 -4.242123679721866658e+00
1.296370200000000068e+03 -4.242173990970461439e+00
1.319988599999999906e+03 -4.239049459355928029e+00
1.349257299999999987e+03 -4.237091983104813053e+00
1.349609600000000000e+03 -4.237183110554159526e+00
1.364777599999999893e+03 -4.232970969884573442e+00
1.399539700000000039e+03 -4.232432120339377768e+00
1.399798500000000104e+03 -4.232499076177234087e+00
1.420724500000000035e+03 -4.231524373664735883e+00
1.451426600000000008e+03 -4.229019894209008257e+00
1.451531500000000051e+03 -4.229047063832868325e+00
1.477338600000000042e+03 -4.228393555231663825e+00
1.485567000000000007e+03 -4.223746182799749782e+00
1.485959299999999985e+03 -4.223848312555735340e+00
1.503695099999999911e+03 -4.217541450560260863e+00
1.547197799999999916e+03 -4.219459044882331256e+00
1.547319999999999936e+03 -4.219490534244399349e+00
1.567178499999999985e+03 -4.217977191262933800e+00
1.600968299999999999e+03 -4.217327935385019266e+00
1.601061799999999948e+03 -4.217352157881916419e+00
1.633286800000000085e+03 -4.215612892745289386e+00
1.636635199999999941e+03 -4.210786021317439065e+00
1.636850699999999961e+03 -4.210841070847549439e+00
1.654323900000000094e+03 -4.207527943750717370e+00
1.693623800000000074e+03 -4.208464465160610679e+00
1.693661299999999983e+03 -4.208474464969634177e+00
1.713249299999999948e+03 -4.205666736826629837e+00
1.756732099999999946e+03 -4.204354222222296045e+00
1.756932900000000018e+03 -4.204406540103271972e+00
1.769410699999999906e+03 -4.202594542852491344e+00
1.815342599999999948e+03 -4.202922802168198579e+00
1.816086299999999937e+03 -4.203115928476425012e+00
1.818317900000000009e+03 -4.199583183455278146e+00
1.845567000000000007e+03 -4.193334874566515325e+00
1.845849200000000110e+03 -4.193407625343210654e+00
1.862904700000000048e+03 -4.196293048166527484e+00
1.903600799999999936e+03 -4.196426918492866420e+00
1.904065900000000056e+03 -4.196547359644166697e+00
1.921243400000000065e+03 -4.194092349578042445e+00
1.949151200000000017e+03 -4.186833633676398492e+00
1.953578899999999976e+03 -4.194101679387187254e+00
1.953908100000000104e+03 -4.194186580599605918e+00
2.007652800000000070e+03 -4.189458886776122881e+00
2.007894800000000032e+03 -4.189521855677349471e+00
2.009436500000000024e+03 -4.181793762045357354e+00
2.030956899999999905e+03 -4.182696263355616395e+00
2.031413299999999936e+03 -4.182815218664798884e+00
2.075972400000000107e+03 -4.186639029641003873e+00
2.117499600000000100e+03 -4.178083674854146778e+00
2.119149399999999787e+03 -4.184376657694499180e+00
2.119892400000000180e+03 -4.184569755695006776e+00
2.147045999999999822e+03 -4.180602681216200267e+00
2.147644499999999880e+03 -4.180757303610925568e+00
2.162393599999999878e+03 -4.177941703065035206e+00
2.198458099999999831e+03 -4.180774966091942879e+00
2.198600600000000213e+03 -4.180811856064381438e+00
2.223692000000000007e+03 -4.176912516704056166e+00
2.249777700000000095e+03 -4.174655426213166542e+00
2.251733099999999922e+03 -4.175160885157819912e+00
2.271335799999999836e+03 -4.173894205374717004e+00
2.293617999999999938e+03 -4.175108088429892561e+00
2.294291099999999915e+03 -4.175281792868204889e+00
2.298399300000000039e+03 -4.168397528461757595e+00
2.356907499999999800e+03 -4.168321200595649145e+00
2.357104299999999967e+03 -4.168372484396988931e+00
2.375474099999999908e+03 -4.168134164772853367e+00
2.396047599999999875e+03 -4.163368863200656911e+00
2.418102899999999863e+03 -4.170903489676105913e+00
2.418625799999999799e+03 -4.171037702913806378e+00
2.438735200000000077e+03 -4.159951475783290498e+00
2.439238600000000133e+03 -4.160082225330353545e+00
