1.040390500000000031e+02 -4.540472697389168921e+00
1.276341199999999958e+02 -4.539813129823701665e+00
1.525308599999999899e+02 -4.539677022850066912e+00
1.751770400000000052e+02 -4.538462307090615155e+00
2.009021199999999965e+02 -4.538233910583075570e+00
2.254426799999999957e+02 -4.537138636668895941e+00
2.524009800000000041e+02 -4.536789249518909273e+00
2.737884599999999864e+02 -4.534593476292844372e+00
3.020827400000000011e+02 -4.534304762723945892e+00
3.250164100000000076e+02 -4.532091246524616146e+00
3.516788199999999733e+02 -4.530667146907966902e+00
3.743483100000000263e+02 -4.528037126085371789e+00
3.983575500000000034e+02 -4.525164204308619986e+00
4.270234100000000126e+02 -4.523251981040334435e+00
4.507719900000000166e+02 -4.519751628684945288e+00
4.742497099999999932e+02 -4.515980968668730888e+00
4.999885499999999752e+02 -4.513150694833770515e+00
5.201436300000000301e+02 -4.508692499160151357e+00
5.444454200000000128e+02 -4.504861877441805440e+00
5.756082000000000107e+02 -4.502903574150863619e+00
6.017395000000000209e+02 -4.499429338725934535e+00
6.273346199999999726e+02 -4.496119767116350197e+00
6.505847199999999475e+02 -4.491710576252549991e+00
6.670765300000000479e+02 -4.487042376573341151e+00
6.991386800000000221e+02 -4.485545308233222173e+00
7.158372200000000021e+02 -4.480092418851495673e+00
7.514833300000000236e+02 -4.479647918675259355e+00
7.725693400000000111e+02 -4.476296558322572672e+00
7.973200699999999870e+02 -4.473533095656944347e+00
8.172500099999999748e+02 -4.469987132390087048e+00
8.482481800000000476e+02 -4.468495637051641545e+00
8.708760099999999511e+02 -4.466408530393036536e+00
9.019384300000000394e+02 -4.465577345345472793e+00
9.119390399999999772e+02 -4.460113597715764655e+00
9.510475599999999758e+02 -4.460117018509144771e+00
9.694352599999999711e+02 -4.459873098424761650e+00
9.919510000000000218e+02 -4.455630106066829299e+00
1.017658000000000015e+03 -4.454215629046711200e+00
1.041485899999999901e+03 -4.451317199140208736e+00
1.067490099999999984e+03 -4.452920272738978724e+00
1.093022099999999909e+03 -4.451339142155912754e+00
1.128014599999999973e+03 -4.453224042448961306e+00
1.140994899999999916e+03 -4.447556911761836318e+00
1.161956599999999980e+03 -4.447589759191690639e+00
1.194537199999999984e+03 -4.448079152820800353e+00
1.207145899999999983e+03 -4.445409585282653175e+00
1.255997000000000071e+03 -4.447628634377939427e+00
1.261103800000000092e+03 -4.445497846495261030e+00
1.298836900000000014e+03 -4.446133990192010721e+00
1.318937599999999975e+03 -4.446071872578627016e+00
1.352190700000000106e+03 -4.446771910995127364e+00
1.363028499999999894e+03 -4.444665546222834607e+00
1.393527499999999918e+03 -4.441624386734876140e+00
1.413553200000000061e+03 -4.445021610028582870e+00
1.449433299999999917e+03 -4.441729907052456738e+00
1.452262799999999970e+03 -4.445008509020989429e+00
1.499495300000000043e+03 -4.444336137942189069e+00
1.503431199999999990e+03 -4.442641301652510144e+00
1.542543400000000020e+03 -4.443605881411612835e+00
1.555987599999999929e+03 -4.443583713730057561e+00
1.592353200000000015e+03 -4.442347402080192964e+00
1.597945300000000088e+03 -4.441867669268603436e+00
1.648867700000000013e+03 -4.442958288758464214e+00
1.654578500000000076e+03 -4.446762397155249680e+00
1.705866899999999987e+03 -4.445729438310594972e+00
1.707461000000000013e+03 -4.448677826192056095e+00
1.767973700000000008e+03 -4.449719538650239947e+00
1.772740999999999985e+03 -4.449647227915488834e+00
1.796368799999999965e+03 -4.448781385293045787e+00
1.805229199999999992e+03 -4.448380493311725026e+00
1.849936999999999898e+03 -4.445710281309329659e+00
1.855934999999999945e+03 -4.450130515313171387e+00
1.904320400000000063e+03 -4.449238534601552608e+00
1.906056599999999889e+03 -4.450060926633485181e+00
1.951978800000000092e+03 -4.449276765828974689e+00
1.953068099999999959e+03 -4.451168182272137841e+00
1.999400900000000092e+03 -4.451594179512260219e+00
2.021324800000000096e+03 -4.456381677505657279e+00
2.041286599999999908e+03 -4.449651247650331598e+00
2.049466399999999794e+03 -4.451573236654605914e+00
2.098888899999999921e+03 -4.454812281656669981e+00
2.108520399999999881e+03 -4.455527638509073185e+00
2.156463299999999890e+03 -4.458191830618853935e+00
2.161214199999999892e+03 -4.458229161696369403e+00
2.215212599999999838e+03 -4.462762250791468155e+00
2.219073699999999917e+03 -4.460806320648378787e+00
2.244265499999999975e+03 -4.459474408292861902e+00
2.248892100000000028e+03 -4.458177804002313671e+00
2.312068900000000212e+03 -4.461870380607951603e+00
2.313460399999999936e+03 -4.465673475604374332e+00
2.344495399999999790e+03 -4.462479156754665333e+00
2.345898599999999988e+03 -4.462461136397385175e+00
2.394744400000000041e+03 -4.465400065082725689e+00
2.412989900000000034e+03 -4.466819261342308778e+00
2.459469399999999951e+03 -4.470425459048439798e+00
