1.040390500000000031e+02 1.850295491553022487e+01
1.276341199999999958e+02 1.851030378587421055e+01
1.525308599999999899e+02 1.853002493384897065e+01
1.751770400000000052e+02 1.854152605332790671e+01
2.009021199999999965e+02 1.856393903928353595e+01
2.254426799999999957e+02 1.856119580704254091e+01
2.524009800000000041e+02 1.857643089761856459e+01
2.737884599999999864e+02 1.857842458782821282e+01
3.020827400000000011e+02 1.859995369428047951e+01
3.250164100000000076e+02 1.861331060451862385e+01
3.516788199999999733e+02 1.864239415835538338e+01
3.743483100000000263e+02 1.864148432729493265e+01
3.983575500000000034e+02 1.865569356808467205e+01
4.270234100000000126e+02 1.866854467738652446e+01
4.507719900000000166e+02 1.867633981274170552e+01
4.742497099999999932e+02 1.868849989822918900e+01
4.999885499999999752e+02 1.870154589863627237e+01
5.201436300000000301e+02 1.869606706696519538e+01
5.444454200000000128e+02 1.872267809892122870e+01
5.756082000000000107e+02 1.871767046611031660e+01
6.017395000000000209e+02 1.870365815184204905e+01
6.273346199999999726e+02 1.876598972114797448e+01
6.505847199999999475e+02 1.877440616731121636e+01
6.670765300000000479e+02 1.875010278852025181e+01
6.991386800000000221e+02 1.879125585182169900e+01
7.158372200000000021e+02 1.878178658660695888e+01
7.514833300000000236e+02 1.877974760838591450e+01
7.725693400000000111e+02 1.879466262975778790e+01
7.973200699999999870e+02 1.879176521473641515e+01
8.172500099999999748e+02 1.881693517199267163e+01
8.482481800000000476e+02 1.880051750457968751e+01
8.708760099999999511e+02 1.882049664156319935e+01
9.019384300000000394e+02 1.883678607775290104e+01
9.119390399999999772e+02 1.886021931610014235e+01
9.510475599999999758e+02 1.886733106045186048e+01
9.694352599999999711e+02 1.888063047018115270e+01
9.919510000000000218e+02 1.886447689802564653e+01
1.017658000000000015e+03 1.890006971300631022e+01
1.041485899999999901e+03 1.891791064522695009e+01
1.067490099999999984e+03 1.895981070628943854e+01
1.093022099999999909e+03 1.897038774679421991e+01
1.128014599999999973e+03 1.894758854060655295e+01
1.140994899999999916e+03 1.899444280480357961e+01
1.161956599999999980e+03 1.898831111337268496e+01
1.194537199999999984e+03 1.899585792794626471e+01
1.207145899999999983e+03 1.900142326480765220e+01
1.255997000000000071e+03 1.906252086301648418e+01
1.261103800000000092e+03 1.904625178098921268e+01
1.298836900000000014e+03 1.905674180744962598e+01
1.318937599999999975e+03 1.907123498880520884e+01
1.352190700000000106e+03 1.911411968247506721e+01
1.363028499999999894e+03 1.910166904131894938e+01
1.393527499999999918e+03 1.912303582332587126e+01
1.413553200000000061e+03 1.913850244249949029e+01
1.449433299999999917e+03 1.918593629147160584e+01
1.452262799999999970e+03 1.916724506411561180e+01
1.499495300000000043e+03 1.921053785874211073e+01
1.503431199999999990e+03 1.921276714838184319e+01
1.542543400000000020e+03 1.924811520455933334e+01
1.555987599999999929e+03 1.926450386729086262e+01
1.592353200000000015e+03 1.929294524730307359e+01
1.597945300000000088e+03 1.928723997557500525e+01
1.648867700000000013e+03 1.929167158558925266e+01
1.654578500000000076e+03 1.926733055159780150e+01
1.705866899999999987e+03 1.934694738449012874e+01
1.707461000000000013e+03 1.934820679829025281e+01
1.767973700000000008e+03 1.934647007938123409e+01
1.772740999999999985e+03 1.936978322817016007e+01
1.796368799999999965e+03 1.939850905760227917e+01
1.805229199999999992e+03 1.940353042947282702e+01
1.849936999999999898e+03 1.946617290860980987e+01
1.855934999999999945e+03 1.943703948707510776e+01
1.904320400000000063e+03 1.946849023000203616e+01
1.906056599999999889e+03 1.949044575615713271e+01
1.951978800000000092e+03 1.953180337879096129e+01
1.953068099999999959e+03 1.950030683899857564e+01
1.999400900000000092e+03 1.952210360268674805e+01
2.021324800000000096e+03 1.954800122124974493e+01
2.041286599999999908e+03 1.959005037655200354e+01
2.049466399999999794e+03 1.958573631182576946e+01
2.098888899999999921e+03 1.962229391410543400e+01
2.108520399999999881e+03 1.961301546916344307e+01
2.156463299999999890e+03 1.967314166497048689e+01
2.161214199999999892e+03 1.963589100346020899e+01
2.215212599999999838e+03 1.970710716466517454e+01
2.219073699999999917e+03 1.970889883981274338e+01
2.244265499999999975e+03 1.973112660289028852e+01
2.248892100000000028e+03 1.976052157541217369e+01
2.312068900000000212e+03 1.980713413393038991e+01
2.313460399999999936e+03 1.975439649908406281e+01
2.344495399999999790e+03 1.984768166089965646e+01
2.345898599999999988e+03 1.986829432118868155e+01
2.394744400000000041e+03 1.986658864237736566e+01
2.412989900000000034e+03 1.990996234479951355e+01
2.459469399999999951e+03 1.984849786281294470e+01
