1.042298499999999990e+02 -4.410200325450659875e+00
1.277408099999999962e+02 -4.409178132440413123e+00
1.532721300000000042e+02 -4.408886160482697214e+00
1.756975899999999911e+02 -4.407377258216666149e+00
2.027000899999999888e+02 -4.407208898705072819e+00
2.244135899999999992e+02 -4.405282732788632138e+00
2.513683499999999924e+02 -4.405066615293960375e+00
2.733055299999999761e+02 -4.403288240508689277e+00
3.006566199999999753e+02 -4.402607057275703006e+00
3.228249200000000201e+02 -4.400452801650470924e+00
3.496050000000000182e+02 -4.400017854007194806e+00
3.701582599999999843e+02 -4.397651248345387565e+00
3.977769000000000119e+02 -4.397188122812202948e+00
4.163514400000000251e+02 -4.394372618570926647e+00
4.503445300000000202e+02 -4.395462361333136059e+00
4.721856500000000096e+02 -4.393565218665808736e+00
4.989433700000000158e+02 -4.392448732324816696e+00
5.171846600000000080e+02 -4.390694542230644259e+00
5.492200299999999515e+02 -4.391332826322719818e+00
5.690967799999999670e+02 -4.389181467765580713e+00
5.974883499999999685e+02 -4.388386763730117046e+00
6.204898100000000341e+02 -4.387867446725277176e+00
6.482807900000000245e+02 -4.386719279561042129e+00
6.608929600000000164e+02 -4.384384315579954894e+00
6.961272699999999531e+02 -4.386325876750502673e+00
7.164406099999999924e+02 -4.384991079680912840e+00
7.458898699999999735e+02 -4.384617631672620419e+00
7.651184299999999894e+02 -4.383328216631182883e+00
8.006109999999999900e+02 -4.384426254124321076e+00
8.111681399999999940e+02 -4.381378108647958847e+00
8.483799299999999448e+02 -4.382844881254822411e+00
8.651159300000000485e+02 -4.380824737294916282e+00
8.954164600000000291e+02 -4.381401412450379951e+00
9.124290999999999485e+02 -4.379985301212574456e+00
9.458383099999999786e+02 -4.381093293345484696e+00
9.704132600000000366e+02 -4.381391756257049686e+00
9.979035699999999451e+02 -4.380504756716171677e+00
1.013464299999999980e+03 -4.378987875488419945e+00
1.052843000000000075e+03 -4.380796895277116576e+00
1.063058700000000044e+03 -4.377810999794165880e+00
1.093847899999999981e+03 -4.378317639091553914e+00
1.120825800000000072e+03 -4.379864627704426638e+00
1.147574599999999919e+03 -4.378539698585874440e+00
1.159512600000000020e+03 -4.377531567716670402e+00
1.209895099999999957e+03 -4.381248590325166781e+00
1.211558899999999994e+03 -4.378275906875346735e+00
1.248199299999999994e+03 -4.379743854489554167e+00
1.267121599999999944e+03 -4.378751613604047854e+00
1.296329899999999952e+03 -4.378915964232213298e+00
1.320367899999999963e+03 -4.379727100732497824e+00
1.343032200000000103e+03 -4.378235520402037118e+00
1.362046900000000051e+03 -4.378202694946637052e+00
1.398939800000000105e+03 -4.377774235548635318e+00
1.410993199999999888e+03 -4.376692182533962416e+00
1.442288299999999936e+03 -4.377835204447980466e+00
1.458959800000000087e+03 -4.377209540034953328e+00
1.497703600000000051e+03 -4.378699835669797480e+00
1.516414500000000089e+03 -4.378754612716848627e+00
1.543222099999999955e+03 -4.378483150394307799e+00
1.573039199999999937e+03 -4.380897448496704705e+00
1.577070999999999913e+03 -4.375103294760905648e+00
1.625577999999999975e+03 -4.382143523528392315e+00
1.659434700000000021e+03 -4.379208947122517515e+00
1.661974099999999908e+03 -4.379765595412731471e+00
1.707302100000000110e+03 -4.378716993663881674e+00
1.711145500000000084e+03 -4.379484708764607603e+00
1.747671900000000051e+03 -4.382779942691114705e+00
1.766659499999999980e+03 -4.380875670067940320e+00
1.804222800000000007e+03 -4.382838769923546707e+00
1.812098899999999958e+03 -4.380495293449572891e+00
1.852300300000000107e+03 -4.382272544076665000e+00
1.863220100000000002e+03 -4.378960378140453358e+00
1.904812100000000100e+03 -4.384110712956419853e+00
1.913363599999999906e+03 -4.381113731730673422e+00
1.962485599999999977e+03 -4.382181258811298719e+00
1.968519000000000005e+03 -4.382450660703248069e+00
1.998027700000000095e+03 -4.382438854306622389e+00
2.004934999999999945e+03 -4.379494832151078043e+00
2.053944100000000162e+03 -4.383913896942158495e+00
2.058672000000000025e+03 -4.382805347195088075e+00
2.087430800000000090e+03 -4.377273348609604042e+00
2.107380900000000111e+03 -4.383837319269797028e+00
2.156385999999999967e+03 -4.383961028792558778e+00
2.164987799999999879e+03 -4.389017454130651252e+00
2.203990999999999985e+03 -4.387366688519082736e+00
2.211693099999999959e+03 -4.388455585575243845e+00
2.257440700000000106e+03 -4.384683685932662556e+00
2.259987399999999980e+03 -4.389514407455257228e+00
2.291478200000000015e+03 -4.387237637021796033e+00
2.305548200000000179e+03 -4.386153100885574752e+00
2.356036399999999958e+03 -4.387766113815396274e+00
2.371918500000000222e+03 -4.390844881826098778e+00
2.402614900000000034e+03 -4.392886862859402441e+00
2.404392299999999977e+03 -4.388407723945375594e+00
2.468691200000000208e+03 -4.391499840249347031e+00
