1.024974799999999959e+02 -6.163785447059035860e+00
1.269677999999999969e+02 -6.163533555516544915e+00
1.518804399999999930e+02 -6.163704886915019721e+00
1.756426600000000064e+02 -6.163222105143264073e+00
2.005946999999999889e+02 -6.163270811316322373e+00
2.233197800000000086e+02 -6.162446124367351175e+00
2.482212600000000009e+02 -6.162296028041670759e+00
2.722108400000000188e+02 -6.161714787451683328e+00
2.993194399999999860e+02 -6.162028925088878673e+00
3.226863799999999856e+02 -6.161339640485058666e+00
3.478342599999999720e+02 -6.160912820098379150e+00
3.722766799999999989e+02 -6.160400306528219794e+00
3.972955999999999790e+02 -6.159738641206055298e+00
4.193049700000000257e+02 -6.158777270108775070e+00
4.447130799999999908e+02 -6.158138363478713906e+00
4.695442800000000148e+02 -6.157781822371387825e+00
4.984605700000000184e+02 -6.157792878815051552e+00
5.185225100000000111e+02 -6.156085843758515530e+00
5.486993099999999686e+02 -6.155954621396869442e+00
5.713108999999999469e+02 -6.155508187126010888e+00
5.967016700000000355e+02 -6.154363576510982092e+00
6.186319200000000365e+02 -6.152584885859516461e+00
6.506794399999999996e+02 -6.153721425969504999e+00
6.691813799999999901e+02 -6.151297645753566634e+00
6.974959599999999682e+02 -6.150379181156528041e+00
7.184875600000000304e+02 -6.148469269831763562e+00
7.445604499999999462e+02 -6.147159050888300946e+00
7.709524599999999737e+02 -6.146437640608550801e+00
7.961362900000000309e+02 -6.144728133552594507e+00
8.187965599999999995e+02 -6.143836315376317359e+00
8.458803100000000086e+02 -6.142293326575170020e+00
8.603824799999999868e+02 -6.138348043992701619e+00
9.025031900000000178e+02 -6.139789701618789231e+00
9.168705099999999675e+02 -6.136420182499379372e+00
9.513327299999999696e+02 -6.136069226281910538e+00
9.646122900000000300e+02 -6.131887255906962153e+00
9.960659900000000562e+02 -6.130214572382027605e+00
1.021299300000000017e+03 -6.128694938104277234e+00
1.053225500000000011e+03 -6.126855884983953615e+00
1.069691000000000031e+03 -6.124053721016181839e+00
1.105377799999999979e+03 -6.122874930326461573e+00
1.114867600000000039e+03 -6.119238267160965528e+00
1.139604700000000093e+03 -6.116036821271990220e+00
1.159181900000000041e+03 -6.113792299485634629e+00
1.192492799999999988e+03 -6.112888768242147108e+00
1.220096299999999928e+03 -6.112894759452324855e+00
1.245047299999999950e+03 -6.109105928293276477e+00
1.266728299999999990e+03 -6.107309107274011772e+00
1.293353399999999965e+03 -6.104125565821181709e+00
1.314687300000000050e+03 -6.102167264118951273e+00
1.357565599999999904e+03 -6.102620161589691783e+00
1.361125099999999975e+03 -6.097025504667205276e+00
1.400894399999999905e+03 -6.096217712794397059e+00
1.413895400000000109e+03 -6.092633381057420472e+00
1.439829899999999952e+03 -6.089766420756452803e+00
1.471998100000000022e+03 -6.089542952047227509e+00
1.484470800000000054e+03 -6.083688419165998340e+00
1.515963500000000067e+03 -6.083613442586759845e+00
1.535678300000000036e+03 -6.078364090127467811e+00
1.569465200000000095e+03 -6.079405820751870415e+00
1.590994799999999941e+03 -6.077135807304644644e+00
1.595499600000000100e+03 -6.071825219868867585e+00
1.638817900000000009e+03 -6.072917512344226942e+00
1.669298500000000104e+03 -6.072863810622813219e+00
1.689384800000000041e+03 -6.067454544717204357e+00
1.705645099999999957e+03 -6.065672505678026738e+00
1.754117700000000013e+03 -6.068830546021747985e+00
1.769066499999999905e+03 -6.062442207969262142e+00
1.803790400000000091e+03 -6.061557944595945990e+00
1.808670200000000023e+03 -6.056284257346886690e+00
1.857317399999999907e+03 -6.058536387027354309e+00
1.866510800000000017e+03 -6.055289717734451571e+00
1.889114299999999957e+03 -6.049433599934944006e+00
1.915144000000000005e+03 -6.049633689157971617e+00
1.935457000000000107e+03 -6.044976597800407525e+00
1.974235899999999901e+03 -6.046667703694112106e+00
2.010827099999999973e+03 -6.040974601170117531e+00
2.020865399999999909e+03 -6.046131781768031566e+00
2.043614299999999957e+03 -6.040113273117454717e+00
2.080766700000000128e+03 -6.042477932609581437e+00
2.096206000000000131e+03 -6.031281531892223491e+00
2.101537299999999959e+03 -6.038254120625920152e+00
2.153054900000000089e+03 -6.032684800866411123e+00
2.174488199999999779e+03 -6.033694390221844728e+00
2.199414000000000215e+03 -6.027748118246699427e+00
2.218367799999999988e+03 -6.030732217359535241e+00
2.245674399999999878e+03 -6.021543298095846986e+00
2.267071199999999862e+03 -6.028680740300165652e+00
2.314778699999999844e+03 -6.024538910936944269e+00
2.323556199999999990e+03 -6.024800640168906263e+00
2.350917699999999968e+03 -6.016983027427990294e+00
2.354837599999999838e+03 -6.024091453557810283e+00
2.387427999999999884e+03 -6.017608823385062422e+00
2.419710000000000036e+03 -6.015690776683980445e+00
2.468260000000000218e+03 -6.015242223578367131e+00
