1.003373299999999944e+02 -6.225192199659860925e+00
1.277113499999999959e+02 -6.225295083917942840e+00
1.504758999999999958e+02 -6.225012353243164043e+00
1.754841399999999965e+02 -6.224946848157763668e+00
1.993897599999999954e+02 -6.224852756296870737e+00
2.253213800000000049e+02 -6.224787819624655327e+00
2.521692099999999925e+02 -6.224834563379343599e+00
2.748645399999999768e+02 -6.224445397349909648e+00
3.056608499999999822e+02 -6.224389860883019487e+00
3.229583099999999831e+02 -6.223868213770939128e+00
3.508642899999999827e+02 -6.223422685006049448e+00
3.733655200000000036e+02 -6.223644341687070813e+00
4.017699400000000196e+02 -6.223130743064149151e+00
4.211423500000000217e+02 -6.222474333331243557e+00
4.493159099999999739e+02 -6.222258777206771008e+00
4.687973299999999881e+02 -6.221328289417116686e+00
4.996319100000000049e+02 -6.221044502806757137e+00
5.246304699999999457e+02 -6.221751988837076475e+00
5.517237199999999575e+02 -6.220075591940869231e+00
5.671958100000000513e+02 -6.218713640002582643e+00
5.955047200000000203e+02 -6.217827802819726024e+00
6.195675099999999702e+02 -6.218180916927393831e+00
6.406511400000000549e+02 -6.215554414531600180e+00
6.738941700000000310e+02 -6.216783754802218454e+00
7.020685099999999466e+02 -6.214824048603349027e+00
7.190307199999999739e+02 -6.214354140996274367e+00
7.495713899999999512e+02 -6.213299787006666186e+00
7.637573800000000119e+02 -6.210287420596317887e+00
7.992455700000000434e+02 -6.210249021477526554e+00
8.166095599999999877e+02 -6.208333521384793663e+00
8.530212999999999965e+02 -6.208347128887698574e+00
8.619799100000000180e+02 -6.204281569154986187e+00
8.997117299999999886e+02 -6.205462822613869278e+00
9.157038099999999758e+02 -6.201732245318699377e+00
9.517364199999999528e+02 -6.201011263738624990e+00
9.641116700000000037e+02 -6.197605586535170019e+00
1.000495999999999981e+03 -6.197146506541869826e+00
1.018351300000000037e+03 -6.194829320496607394e+00
1.044814100000000053e+03 -6.192681065308955013e+00
1.057430399999999963e+03 -6.186534427309414497e+00
1.096812599999999975e+03 -6.185166558308997864e+00
1.119591200000000072e+03 -6.185465009197786301e+00
1.157263599999999997e+03 -6.184687078891971446e+00
1.170157899999999927e+03 -6.178160447021269874e+00
1.208855900000000020e+03 -6.172046189234431601e+00
1.209214699999999993e+03 -6.176310531767034817e+00
1.250697499999999991e+03 -6.171066821024732363e+00
1.264680900000000065e+03 -6.167483558778211972e+00
1.289496799999999894e+03 -6.166942419124744390e+00
1.312612599999999929e+03 -6.162760060024343289e+00
1.359505799999999908e+03 -6.162994528401969596e+00
1.369670699999999897e+03 -6.156695021784825528e+00
1.403523200000000088e+03 -6.152256560897998661e+00
1.427227399999999989e+03 -6.156890573002832490e+00
1.448275699999999915e+03 -6.150861389368143861e+00
1.472593599999999924e+03 -6.150284627093093981e+00
1.496173900000000003e+03 -6.145533870946356281e+00
1.502235799999999927e+03 -6.140254361396605631e+00
1.546832300000000032e+03 -6.141927959071550092e+00
1.568375700000000052e+03 -6.138671283197032480e+00
1.606058899999999994e+03 -6.136322259296627557e+00
1.610698200000000043e+03 -6.129720877960604497e+00
1.650688100000000077e+03 -6.124671825329365049e+00
1.650988700000000108e+03 -6.131733558396505579e+00
1.696253400000000056e+03 -6.123025248148529442e+00
1.720426600000000008e+03 -6.121123677269189933e+00
1.737256200000000035e+03 -6.121523212148707316e+00
1.762746300000000019e+03 -6.118170410989962171e+00
1.791538099999999986e+03 -6.114783214678918277e+00
1.820575199999999995e+03 -6.111915366539900418e+00
1.827939900000000080e+03 -6.110898974659611405e+00
1.882572200000000066e+03 -6.109853063481873292e+00
1.904034100000000080e+03 -6.102313665476784443e+00
1.905361699999999928e+03 -6.111431047075853940e+00
1.937741400000000112e+03 -6.098973938616614632e+00
1.957897999999999911e+03 -6.099148692376057390e+00
1.994306700000000092e+03 -6.098077145975182134e+00
2.015520299999999907e+03 -6.096019557883770368e+00
2.048644200000000183e+03 -6.093748733692081920e+00
2.057738699999999881e+03 -6.091491151777126412e+00
2.087420200000000023e+03 -6.088419448111309862e+00
2.140330399999999827e+03 -6.095870941060241854e+00
2.172119000000000142e+03 -6.085750844401579762e+00
2.175134300000000167e+03 -6.089933575440850788e+00
2.200817399999999907e+03 -6.082407179921103690e+00
2.215039299999999912e+03 -6.080578023278619071e+00
2.265815999999999804e+03 -6.079244196446233595e+00
2.279087199999999939e+03 -6.079175167633366073e+00
2.311074799999999868e+03 -6.075877837421736594e+00
2.317035699999999906e+03 -6.071934419681551454e+00
2.345349499999999807e+03 -6.066477284071999598e+00
2.383785400000000209e+03 -6.071604040861017459e+00
2.390034299999999803e+03 -6.063580792303432609e+00
2.413897399999999834e+03 -6.059671006364488299e+00
2.435312100000000100e+03 -6.062641490485926710e+00
