9.971125100000000430e+01 -4.457245896353847492e+00
1.257702400000000011e+02 -4.457040316983832184e+00
1.483411099999999863e+02 -4.457042189488771733e+00
1.754885299999999972e+02 -4.457101351674046086e+00
2.009270899999999926e+02 -4.457193245939186532e+00
2.252663400000000138e+02 -4.456988581529491178e+00
2.509960399999999936e+02 -4.456485224285212432e+00
2.724682999999999993e+02 -4.456261958647742993e+00
3.000206000000000017e+02 -4.456181133341409861e+00
3.210674599999999828e+02 -4.455712029300456400e+00
3.482015499999999975e+02 -4.455390073931525308e+00
3.717105000000000246e+02 -4.455229309189606468e+00
4.029954399999999737e+02 -4.455045310077681009e+00
4.194861599999999839e+02 -4.454116193561903358e+00
4.535934300000000121e+02 -4.454803538800638840e+00
4.727133400000000165e+02 -4.454422530584318807e+00
5.007104400000000055e+02 -4.453337623083315044e+00
5.186081100000000106e+02 -4.452082530359692925e+00
5.527319199999999455e+02 -4.452235733036143728e+00
5.700672399999999698e+02 -4.451260205667749048e+00
6.053747299999999996e+02 -4.450715851211660024e+00
6.210384699999999611e+02 -4.450007861467180525e+00
6.548271200000000363e+02 -4.449424917287909231e+00
6.660257900000000291e+02 -4.446754761346654483e+00
6.933934199999999919e+02 -4.445912476463250051e+00
7.152259400000000369e+02 -4.443777714636246046e+00
7.469741800000000467e+02 -4.443092126104693840e+00
7.653278599999999869e+02 -4.440198153285768612e+00
8.034516599999999471e+02 -4.440909094726839257e+00
8.168403899999999567e+02 -4.436548548680107729e+00
8.486069499999999834e+02 -4.435691581842894138e+00
8.634730399999999690e+02 -4.432203040114738535e+00
9.006778000000000475e+02 -4.433458856307713525e+00
9.114788099999999531e+02 -4.425924448123081056e+00
9.521012600000000248e+02 -4.427581157147312929e+00
9.683461099999999533e+02 -4.422184295561131684e+00
9.919296199999999999e+02 -4.419063058455241055e+00
1.024692099999999982e+03 -4.419067006796332464e+00
1.050753600000000006e+03 -4.416537580335328173e+00
1.055279999999999973e+03 -4.409795471291482194e+00
1.091302400000000034e+03 -4.409909067809134164e+00
1.121326299999999947e+03 -4.407474884006201243e+00
1.156571599999999989e+03 -4.405753654313802947e+00
1.165398599999999988e+03 -4.402407938066727588e+00
1.197124499999999898e+03 -4.400144469580014039e+00
1.212136700000000019e+03 -4.394046743143045219e+00
1.249301200000000108e+03 -4.385455289936328604e+00
1.253802200000000084e+03 -4.393937939542768234e+00
1.300843800000000101e+03 -4.389516695336157071e+00
1.316846500000000106e+03 -4.386421216463598505e+00
1.353576499999999896e+03 -4.386095362267270481e+00
1.360967699999999923e+03 -4.379970565719832010e+00
1.389259000000000015e+03 -4.377456371808418290e+00
1.413094000000000051e+03 -4.376875724879530694e+00
1.457542300000000068e+03 -4.369394838521913904e+00
1.459862900000000081e+03 -4.376425504785084186e+00
1.486156999999999925e+03 -4.364681225320535596e+00
1.515766900000000078e+03 -4.367020586227240209e+00
1.552741600000000062e+03 -4.366981684097708261e+00
1.568839899999999943e+03 -4.362993761169525087e+00
1.608753400000000056e+03 -4.362642289186544176e+00
1.611814599999999928e+03 -4.357660415701402279e+00
1.642595700000000079e+03 -4.354271260600797611e+00
1.660353200000000015e+03 -4.354764685873874441e+00
1.699072499999999991e+03 -4.347130288316439994e+00
1.699469599999999900e+03 -4.355512968961882336e+00
1.741331400000000031e+03 -4.347356602215224797e+00
1.764099500000000035e+03 -4.345970728630718760e+00
1.792019900000000007e+03 -4.346654818217523086e+00
1.811802699999999959e+03 -4.341607148511187120e+00
1.849159499999999980e+03 -4.340537269053418079e+00
1.867822300000000041e+03 -4.338813938587777308e+00
1.877053100000000086e+03 -4.335284448625407627e+00
1.909078700000000026e+03 -4.333262360448357775e+00
1.960310999999999922e+03 -4.335058222471532829e+00
1.966242099999999937e+03 -4.333654678692728801e+00
2.006073100000000068e+03 -4.330718272059673524e+00
2.014975799999999936e+03 -4.328928101751797541e+00
2.037268399999999929e+03 -4.322287356092634703e+00
2.046269500000000107e+03 -4.329530460496338939e+00
2.086238499999999931e+03 -4.327112733885099871e+00
2.111838999999999942e+03 -4.321921284234139016e+00
2.144157099999999900e+03 -4.323592663730919661e+00
2.151304099999999835e+03 -4.316949973747695068e+00
2.197624099999999999e+03 -4.320023893359809186e+00
2.210109899999999925e+03 -4.320800367687799515e+00
2.254616799999999785e+03 -4.318238050096137925e+00
2.264822400000000016e+03 -4.315514503871490604e+00
2.297825499999999920e+03 -4.309167315119614372e+00
2.311434099999999944e+03 -4.316691769828988612e+00
2.346104200000000219e+03 -4.312499429552104857e+00
2.364248999999999796e+03 -4.309650988948851236e+00
2.414731299999999919e+03 -4.311289903845079152e+00
2.430909500000000207e+03 -4.311732773030512611e+00
2.462686099999999897e+03 -4.307387459335466851e+00
