1.002504500000000007e+02 -4.415693706476423230e+00
1.005871999999999957e+02 -4.415598287989628723e+00
1.277587299999999999e+02 -4.414912512725568838e+00
1.489860600000000090e+02 -4.414738842522847762e+00
1.497188099999999906e+02 -4.414478191569517485e+00
1.750256200000000035e+02 -4.412939292679716630e+00
1.993306599999999946e+02 -4.413021428513175692e+00
1.996770099999999957e+02 -4.412728613942482170e+00
2.245048299999999983e+02 -4.410931752671080730e+00
2.505958200000000033e+02 -4.410931525374364170e+00
2.536351799999999912e+02 -4.410902432437655563e+00
2.726116999999999848e+02 -4.406089789612951613e+00
2.963658500000000231e+02 -4.405743228119217036e+00
3.011369399999999814e+02 -4.406613531614164359e+00
3.204755599999999731e+02 -4.401158187022741863e+00
3.489592200000000162e+02 -4.400926166535931827e+00
3.493888000000000034e+02 -4.401678988259738468e+00
3.717758099999999786e+02 -4.397365112318837532e+00
3.992365899999999783e+02 -4.397721038424513118e+00
4.001666399999999726e+02 -4.396697888462459680e+00
4.197033999999999878e+02 -4.393397725890398675e+00
4.480404599999999959e+02 -4.393260515523947696e+00
4.509496700000000260e+02 -4.394235075223728693e+00
4.665900199999999813e+02 -4.390275771041340924e+00
5.015652900000000045e+02 -4.391655097557424448e+00
5.026175600000000259e+02 -4.391494451694292422e+00
5.146185600000000022e+02 -4.387204622641435847e+00
5.454380899999999883e+02 -4.388189945509988199e+00
5.552852599999999939e+02 -4.389101653728124219e+00
5.631710199999999986e+02 -4.385559219233858386e+00
5.986784499999999980e+02 -4.387532205599280033e+00
6.021228599999999460e+02 -4.386688632176543479e+00
6.219644100000000435e+02 -4.386206069098212978e+00
6.523603299999999763e+02 -4.385568395715505829e+00
6.551156600000000481e+02 -4.385615122265033250e+00
6.649385899999999765e+02 -4.382326232594810911e+00
7.006904100000000426e+02 -4.384202516694935881e+00
7.060506900000000314e+02 -4.384067240120045561e+00
7.124585499999999456e+02 -4.380558981673884134e+00
7.491431499999999915e+02 -4.382026753995487134e+00
7.528090499999999565e+02 -4.382679988284988504e+00
7.606861099999999851e+02 -4.379877061231732149e+00
7.907068199999999933e+02 -4.380888266876076464e+00
8.002246000000000095e+02 -4.381862795982227610e+00
8.128679600000000391e+02 -4.379292052371235755e+00
8.458264000000000351e+02 -4.379161640937239142e+00
8.574298599999999624e+02 -4.380736371449065913e+00
8.625969400000000178e+02 -4.378658415263742221e+00
8.910621700000000374e+02 -4.379257677476665833e+00
8.993419499999999971e+02 -4.378768000580090636e+00
9.163157700000000432e+02 -4.379112462188874844e+00
9.427227699999999686e+02 -4.376854778537174973e+00
9.439767799999999625e+02 -4.377744149293429921e+00
9.638426699999999983e+02 -4.377486685835766167e+00
9.953698600000000170e+02 -4.377596383800739233e+00
9.970424199999999928e+02 -4.378032641150596760e+00
1.011152000000000044e+03 -4.376426686509800490e+00
1.041380100000000084e+03 -4.377917722759278263e+00
1.050697200000000066e+03 -4.378426470197153364e+00
1.068203500000000076e+03 -4.378352003915537694e+00
1.093132399999999961e+03 -4.377367707787280793e+00
1.097760399999999890e+03 -4.377308082562811009e+00
1.111658799999999928e+03 -4.376976355181628087e+00
1.142330899999999929e+03 -4.376797114225922769e+00
1.147134600000000091e+03 -4.377247850904685045e+00
1.168919599999999946e+03 -4.376854264419216989e+00
1.193476599999999962e+03 -4.377945257669838774e+00
1.206024100000000089e+03 -4.377410235088182944e+00
1.212494400000000041e+03 -4.377006252148444965e+00
1.249485400000000027e+03 -4.378004334094936389e+00
1.253914800000000014e+03 -4.379291087150347650e+00
1.263871799999999894e+03 -4.375447400700462453e+00
1.294417899999999918e+03 -4.376787082267162177e+00
1.298457699999999932e+03 -4.377250543199895816e+00
1.301152900000000045e+03 -4.374946797204572135e+00
1.353761999999999944e+03 -4.377723869308191240e+00
1.355373299999999972e+03 -4.376901922539333967e+00
1.361640699999999924e+03 -4.378536723443135159e+00
1.396242899999999963e+03 -4.377462439271594619e+00
1.400251999999999953e+03 -4.380348148865999214e+00
1.410344299999999976e+03 -4.376504278344211407e+00
1.439634700000000066e+03 -4.375118003263539279e+00
1.453660100000000057e+03 -4.377479905793966175e+00
1.474060999999999922e+03 -4.379686775869478410e+00
1.511191299999999956e+03 -4.380723668336627519e+00
1.515883199999999988e+03 -4.381515490277065439e+00
1.523034799999999905e+03 -4.379138033857496559e+00
1.539911399999999958e+03 -4.377991709809822218e+00
1.555565499999999929e+03 -4.379927421705046342e+00
1.574440200000000004e+03 -4.382291540038815825e+00
1.599712600000000066e+03 -4.374800737133740292e+00
1.599727900000000091e+03 -4.377600998207868521e+00
1.604145899999999983e+03 -4.378890350645577634e+00
1.645701000000000022e+03 -4.380331420858095015e+00
1.661225599999999986e+03 -4.378702716098215930e+00
1.664300400000000081e+03 -4.379843990073497118e+00
1.693615199999999959e+03 -4.378196569184325426e+00
1.700612399999999980e+03 -4.378358425868050574e+00
1.710893499999999904e+03 -4.378445920387880719e+00
1.754700800000000072e+03 -4.381179691178935798e+00
1.762786100000000033e+03 -4.382177290760134625e+00
1.763854399999999941e+03 -4.381835362551440127e+00
1.783171499999999924e+03 -4.378236707817356965e+00
1.788553000000000111e+03 -4.380267206064042185e+00
1.809076299999999947e+03 -4.381488774136196085e+00
1.836194999999999936e+03 -4.381515425124492324e+00
1.842029500000000098e+03 -4.379088943738722151e+00
1.857460100000000011e+03 -4.379837525732066972e+00
1.910490700000000061e+03 -4.384264323187587742e+00
1.920479100000000017e+03 -4.384933944574264331e+00
1.928651800000000094e+03 -4.386309471586065101e+00
1.934043899999999894e+03 -4.380277576824020969e+00
1.946001299999999901e+03 -4.382990927758455335e+00
1.959264699999999948e+03 -4.383230029040267262e+00
2.002848400000000083e+03 -4.380774863088237936e+00
2.006020099999999957e+03 -4.382333412352654278e+00
2.012222299999999905e+03 -4.384065951692848628e+00
2.029718599999999924e+03 -4.379198039231071427e+00
2.036709100000000035e+03 -4.382957848341889395e+00
2.045054499999999962e+03 -4.382344844457219502e+00
2.084823100000000068e+03 -4.384285243287480149e+00
2.097471799999999803e+03 -4.383883649356601353e+00
2.108288399999999911e+03 -4.383714150797167086e+00
2.152440700000000106e+03 -4.385121326303864642e+00
2.154379199999999855e+03 -4.385669434377259535e+00
2.154532900000000154e+03 -4.385856176825395636e+00
2.189688000000000102e+03 -4.386796393546632089e+00
2.200861300000000028e+03 -4.385735901222739486e+00
2.212661099999999806e+03 -4.386831570685543191e+00
2.244373000000000047e+03 -4.385288785790040222e+00
2.260113299999999981e+03 -4.388993932518679308e+00
2.261120600000000195e+03 -4.390742279781778556e+00
2.283665300000000116e+03 -4.387387804081028797e+00
2.313780099999999948e+03 -4.386976203800514007e+00
2.317054999999999836e+03 -4.388203046404620444e+00
2.326029199999999946e+03 -4.386857576431443029e+00
2.349696399999999812e+03 -4.386318579375360294e+00
2.365764799999999923e+03 -4.392075165659765190e+00
2.390926800000000185e+03 -4.386805007990238536e+00
2.395326199999999972e+03 -4.387358430443291546e+00
2.398187199999999848e+03 -4.389320476012852801e+00
2.473326799999999821e+03 -4.396812218449094978e+00
