9.967996899999999982e+01 -1.497086018167760768e+00
1.002230299999999943e+02 -1.497240810817978884e+00
1.257907100000000042e+02 -1.496430913181097333e+00
1.499121100000000126e+02 -1.496479160821886367e+00
1.518656699999999944e+02 -1.497104895158499982e+00
1.764114999999999895e+02 -1.496260474790180650e+00
1.993960800000000120e+02 -1.495918454868932157e+00
2.010676799999999957e+02 -1.495934201470981995e+00
2.242942500000000052e+02 -1.495030733047930882e+00
2.476401700000000119e+02 -1.494474880628776647e+00
2.489748199999999940e+02 -1.494847494115411068e+00
2.739296699999999873e+02 -1.493233737232161795e+00
3.030803900000000226e+02 -1.492677574358055370e+00
3.032400900000000092e+02 -1.493558520073010376e+00
3.237067799999999806e+02 -1.490572852071157195e+00
3.508009099999999876e+02 -1.489368848355352659e+00
3.513328000000000202e+02 -1.489874101339386359e+00
3.730620000000000118e+02 -1.486282036929257533e+00
4.002699700000000007e+02 -1.485996583820077044e+00
4.004789700000000039e+02 -1.484739806420809494e+00
4.208430700000000115e+02 -1.479701614418992728e+00
4.480045400000000200e+02 -1.478891469667933389e+00
4.538894099999999980e+02 -1.480334207772438848e+00
4.691764000000000010e+02 -1.475035435755031932e+00
4.954449299999999994e+02 -1.474538514998082750e+00
4.988794700000000262e+02 -1.474110515365484986e+00
5.217823100000000522e+02 -1.471970445647065917e+00
5.505715000000000146e+02 -1.471537439243880030e+00
5.510228899999999612e+02 -1.470928964623763324e+00
5.674246699999999919e+02 -1.466837989074126991e+00
5.917630799999999454e+02 -1.467333952205448266e+00
6.021516100000000051e+02 -1.467294934967912745e+00
6.201153000000000475e+02 -1.463819681965605302e+00
6.477219999999999800e+02 -1.462874485377412270e+00
6.521918200000000070e+02 -1.464123957296655343e+00
6.707388799999999947e+02 -1.460211943269822621e+00
6.999642199999999548e+02 -1.459614415747295890e+00
7.067661500000000387e+02 -1.459780493059910977e+00
7.170357000000000198e+02 -1.455919296403065388e+00
7.468944099999999935e+02 -1.454528760230457518e+00
7.483652200000000221e+02 -1.455657670877256171e+00
7.636571199999999635e+02 -1.452500561027936898e+00
7.944082100000000537e+02 -1.451194885277938829e+00
8.049648399999999810e+02 -1.454678055137370807e+00
8.209044499999999971e+02 -1.450549575830563542e+00
8.480698399999999992e+02 -1.447937930738487644e+00
8.549301600000000008e+02 -1.449163373331866955e+00
8.764363700000000108e+02 -1.449361717744718003e+00
8.944191399999999703e+02 -1.445203935466329082e+00
9.034300899999999501e+02 -1.446416409006381798e+00
9.186054100000000062e+02 -1.444863396607272366e+00
9.469760400000000118e+02 -1.442989902409367309e+00
9.475744799999999941e+02 -1.443602274405862751e+00
9.583166300000000319e+02 -1.439695637730430633e+00
1.002379999999999995e+03 -1.440563641502492054e+00
1.006409099999999967e+03 -1.441513395909895578e+00
1.012055799999999977e+03 -1.438406774825130352e+00
1.042440100000000029e+03 -1.439338100290663336e+00
1.048592100000000073e+03 -1.438948410964602909e+00
1.058404199999999946e+03 -1.434641048818698916e+00
1.091288199999999961e+03 -1.433655549482643954e+00
1.106266699999999901e+03 -1.437226395679474411e+00
1.118477900000000091e+03 -1.434890866803165022e+00
1.131775799999999890e+03 -1.431374842649763668e+00
1.146939599999999928e+03 -1.434537252264135976e+00
1.164027599999999893e+03 -1.433363501165240139e+00
1.188205200000000104e+03 -1.429778404634888478e+00
1.204463299999999890e+03 -1.432635782603997932e+00
1.225383199999999988e+03 -1.433561599598785818e+00
1.253312400000000025e+03 -1.429301750035000484e+00
1.253674600000000055e+03 -1.430838546947464929e+00
1.264046900000000051e+03 -1.428592097619980406e+00
1.294835000000000036e+03 -1.428509046887010747e+00
1.302017100000000028e+03 -1.429236310252409048e+00
1.318438400000000001e+03 -1.428380535703030363e+00
1.347296199999999999e+03 -1.425256279988089902e+00
1.349648799999999937e+03 -1.425936731202616325e+00
1.368259999999999991e+03 -1.426768552866235495e+00
1.412084499999999935e+03 -1.428229699163697353e+00
1.412159000000000106e+03 -1.425176040110025966e+00
1.415148899999999912e+03 -1.425052693243506585e+00
1.444725699999999961e+03 -1.422533914401553412e+00
1.457511199999999917e+03 -1.424563727109634304e+00
1.461097199999999930e+03 -1.422130867026206502e+00
1.480396600000000035e+03 -1.419388821101987386e+00
1.503255400000000009e+03 -1.421761536734657216e+00
1.510359400000000051e+03 -1.419212910529683125e+00
1.544150200000000041e+03 -1.417274731409006394e+00
1.552710600000000113e+03 -1.418905788848838556e+00
1.557805699999999888e+03 -1.416468851919292948e+00
1.590870100000000093e+03 -1.417062607120109785e+00
1.601292099999999891e+03 -1.417582619095933527e+00
1.603560699999999997e+03 -1.415312492435783387e+00
1.654255300000000034e+03 -1.419006240223286364e+00
1.654260299999999916e+03 -1.419967740435288173e+00
1.655325599999999895e+03 -1.413259984763753696e+00
1.697134800000000041e+03 -1.414537760557852852e+00
1.703076299999999947e+03 -1.416737454948489017e+00
1.718381800000000112e+03 -1.415674742305165656e+00
1.747660599999999931e+03 -1.414462447835846293e+00
1.760032899999999927e+03 -1.413497184469248102e+00
1.772233199999999897e+03 -1.413589735344493503e+00
1.806392900000000054e+03 -1.414949549905200055e+00
1.809371900000000096e+03 -1.412188945928847472e+00
1.818010899999999992e+03 -1.412011501539531366e+00
1.840079999999999927e+03 -1.406739599925160622e+00
1.861739800000000059e+03 -1.409426510577739489e+00
1.868989000000000033e+03 -1.410589856635544814e+00
1.890872299999999996e+03 -1.404022975146445695e+00
1.895865099999999984e+03 -1.408933701135603567e+00
1.919627099999999928e+03 -1.407551513822665079e+00
1.929230900000000020e+03 -1.404918268598889908e+00
1.945790899999999965e+03 -1.406577538629809165e+00
1.955100500000000011e+03 -1.402246417186685079e+00
1.986628099999999904e+03 -1.398804063603603876e+00
1.989787600000000111e+03 -1.404068648829466248e+00
2.014796000000000049e+03 -1.402928230904115781e+00
2.045701199999999972e+03 -1.399622603269750298e+00
2.065757200000000012e+03 -1.404322795071879959e+00
2.072435899999999947e+03 -1.402982355908330092e+00
2.093873000000000047e+03 -1.399456493688674641e+00
2.104120600000000195e+03 -1.399960424473825960e+00
2.113283600000000206e+03 -1.398660506393479608e+00
2.143988499999999931e+03 -1.398612938458874577e+00
2.165399100000000089e+03 -1.398835822856297817e+00
2.176130099999999857e+03 -1.397690704253796712e+00
2.196307099999999991e+03 -1.390632537233590593e+00
2.207666099999999915e+03 -1.396299016029931561e+00
2.208895399999999881e+03 -1.393472045573808771e+00
2.249668700000000172e+03 -1.391414851858168600e+00
2.256866500000000087e+03 -1.392502168286972264e+00
2.271682899999999790e+03 -1.392291438143985038e+00
2.292373700000000099e+03 -1.386095795376002915e+00
2.306099299999999857e+03 -1.388061752766553081e+00
2.320357100000000173e+03 -1.389894533206998517e+00
2.362809099999999944e+03 -1.389808259667399959e+00
2.363885099999999966e+03 -1.384121232707232974e+00
2.365469000000000051e+03 -1.381361559301335973e+00
2.385322900000000118e+03 -1.380491897879358110e+00
2.386330899999999929e+03 -1.382678498567210923e+00
2.421766799999999876e+03 -1.381823457078445339e+00
2.445598199999999906e+03 -1.378142500279839755e+00
