1.018547700000000020e+02 3.265467280683899531e+01
1.263031699999999944e+02 3.269724608182373515e+01
1.518436800000000062e+02 3.270556024832078634e+01
1.755884800000000041e+02 3.274190922043558061e+01
1.993399699999999939e+02 3.276499898229187835e+01
2.253734200000000101e+02 3.279094799511499758e+01
2.508322799999999972e+02 3.281071544880928315e+01
2.711002399999999852e+02 3.284153114186851496e+01
2.988381099999999719e+02 3.285312741705678974e+01
3.193386199999999917e+02 3.289005342967636381e+01
3.476252000000000066e+02 3.291226032973742832e+01
3.706315700000000106e+02 3.292588795033584859e+01
4.024149499999999762e+02 3.294949267250152758e+01
4.216428000000000225e+02 3.296778546712803148e+01
4.551058600000000069e+02 3.300214990840626683e+01
4.680202400000000011e+02 3.302184968451048519e+01
4.973223499999999717e+02 3.305442143293303303e+01
5.211170600000000377e+02 3.307528699369021297e+01
5.453023600000000215e+02 3.311433645430490458e+01
5.730932800000000498e+02 3.314240128231222826e+01
5.996422800000000279e+02 3.317675147567677385e+01
6.177600099999999657e+02 3.321442957459800738e+01
6.440122599999999693e+02 3.324331111337268396e+01
6.698899900000000116e+02 3.323811978424588176e+01
6.996652599999999893e+02 3.331921229391410577e+01
7.194325800000000299e+02 3.328908508039894087e+01
7.505360699999999952e+02 3.339227406879706450e+01
7.712770500000000311e+02 3.335629299816812221e+01
7.900569799999999532e+02 3.343104162426215709e+01
8.228674099999999498e+02 3.344773152859759335e+01
8.488019399999999450e+02 3.349474455526154770e+01
8.656394400000000360e+02 3.349585843680032582e+01
8.957575100000000248e+02 3.354997659271320742e+01
9.218829200000000128e+02 3.357277427233869815e+01
9.455869099999999889e+02 3.360212548341135630e+01
9.671742400000000544e+02 3.364503409322206551e+01
9.991290599999999813e+02 3.369701506208019737e+01
1.006644699999999943e+03 3.370687563606757919e+01
1.053436200000000099e+03 3.374662070018318616e+01
1.068316299999999956e+03 3.378037960512924798e+01
1.092226400000000012e+03 3.383138815387746234e+01
1.107309500000000071e+03 3.385479696722979526e+01
1.141405099999999948e+03 3.389338286179523863e+01
1.171909599999999955e+03 3.390854111540809868e+01
1.185798900000000003e+03 3.395353450030530951e+01
1.218185300000000097e+03 3.399288062283736878e+01
1.258342799999999897e+03 3.401358284144107813e+01
1.267165600000000040e+03 3.405235039690617072e+01
1.287382499999999936e+03 3.408829788316710818e+01
1.325157899999999927e+03 3.410722267453694201e+01
1.352337299999999914e+03 3.414686647669448405e+01
1.360749399999999923e+03 3.416504325259516150e+01
1.390191600000000108e+03 3.422997353958884048e+01
1.418223799999999983e+03 3.424298748219010236e+01
1.443310799999999972e+03 3.429093374720130782e+01
1.464921199999999999e+03 3.431897109708936000e+01
1.500001999999999953e+03 3.438617697944229690e+01
1.522987200000000030e+03 3.439544168532464852e+01
1.550610899999999901e+03 3.445222572766130753e+01
1.569466300000000047e+03 3.447931966212090060e+01
1.596039800000000014e+03 3.453047323427640691e+01
1.609968499999999949e+03 3.455001424791370113e+01
1.646463500000000067e+03 3.460539843272949412e+01
1.667344599999999900e+03 3.466928556889884305e+01
1.681560199999999895e+03 3.466316354569509173e+01
1.724188900000000103e+03 3.471821290453897291e+01
1.747041600000000017e+03 3.478037756971300354e+01
1.768460399999999936e+03 3.479974862609403630e+01
1.813905700000000024e+03 3.490046509261143370e+01
1.821312300000000050e+03 3.486942906574394385e+01
1.857040799999999990e+03 3.493292438428658642e+01
1.869311099999999897e+03 3.495340677793608819e+01
1.906693099999999959e+03 3.506006411561164526e+01
1.909273200000000088e+03 3.503100549562385169e+01
1.934242999999999938e+03 3.515450183187461874e+01
1.963024699999999939e+03 3.519665072257276250e+01
1.995932099999999991e+03 3.520018624058620560e+01
2.012906500000000051e+03 3.521695654386321905e+01
2.054831099999999878e+03 3.529378943618970510e+01
2.064315000000000055e+03 3.532865458986362484e+01
2.093395700000000033e+03 3.534276867494402552e+01
2.129650599999999940e+03 3.535652147364135800e+01
2.145805899999999838e+03 3.541119224506411456e+01
2.182258699999999862e+03 3.543464990840627138e+01
2.202617099999999937e+03 3.549153572155505998e+01
2.215004100000000108e+03 3.551694585792795067e+01
2.252539900000000216e+03 3.556292133116222232e+01
2.256668599999999969e+03 3.560668227152452658e+01
2.305446600000000217e+03 3.567934663138611739e+01
2.335891799999999876e+03 3.562429676368817866e+01
2.351586800000000039e+03 3.570187258294320998e+01
2.354480300000000170e+03 3.577462446570324062e+01
2.407626400000000103e+03 3.592324140036637914e+01
2.414254600000000210e+03 3.585639985752086289e+01
2.433395700000000033e+03 3.584330958681049850e+01
