1.026857300000000066e+02 1.548098107062894258e+01
1.275846999999999980e+02 1.549593374720130434e+01
1.508163999999999874e+02 1.551382963566049433e+01
1.773937599999999861e+02 1.553048442906574422e+01
2.007590800000000115e+02 1.554583299409729413e+01
2.241133700000000033e+02 1.556002951353551822e+01
2.508195599999999956e+02 1.557176521473641451e+01
2.739151600000000144e+02 1.559105739873804275e+01
2.959065899999999942e+02 1.560800529208223253e+01
3.231231799999999907e+02 1.562272440464075096e+01
3.476503099999999904e+02 1.563858233258701347e+01
3.726713300000000118e+02 1.565796967229798398e+01
3.948921799999999962e+02 1.568332383472420055e+01
4.190482000000000085e+02 1.569931762670466036e+01
4.498048800000000256e+02 1.571145634032159499e+01
4.690991200000000276e+02 1.574868105027478116e+01
5.040442800000000148e+02 1.575452981884795456e+01
5.240725999999999658e+02 1.578567117850600532e+01
5.434440299999999979e+02 1.579283075513942691e+01
5.691088999999999487e+02 1.582031752493384857e+01
5.952849999999999682e+02 1.584472674536942804e+01
6.212945700000000215e+02 1.585906777936088119e+01
6.458980900000000247e+02 1.589005648280073402e+01
6.706841399999999567e+02 1.590630724608182334e+01
6.938425600000000486e+02 1.594029259108487651e+01
7.206701799999999594e+02 1.596482342764095286e+01
7.519032600000000457e+02 1.599152350905760223e+01
7.668319300000000567e+02 1.601469875839609003e+01
7.962404299999999466e+02 1.603642275595359479e+01
8.173008899999999812e+02 1.606128282108691252e+01
8.488454199999999901e+02 1.609514451455322614e+01
8.671895100000000411e+02 1.612518369631589721e+01
9.000148400000000493e+02 1.614525544473844931e+01
9.223227500000000418e+02 1.618702778343170934e+01
9.426691700000000083e+02 1.620082027274577641e+01
9.643926199999999653e+02 1.623589609200081441e+01
1.001615599999999972e+03 1.627674231630368240e+01
1.017504999999999995e+03 1.631542641970283114e+01
1.054344800000000077e+03 1.631806533686138749e+01
1.067605800000000045e+03 1.636527121921432837e+01
1.102218800000000101e+03 1.639307042540199433e+01
1.120462899999999991e+03 1.642508243435782589e+01
1.138717699999999923e+03 1.645428200692041543e+01
1.165932800000000043e+03 1.648538418481579626e+01
1.192824599999999919e+03 1.652648890698147710e+01
1.219000800000000027e+03 1.656098208833706309e+01
1.238544399999999996e+03 1.659452473030734510e+01
1.260943600000000060e+03 1.661507887237940295e+01
1.298164099999999962e+03 1.667167616527580165e+01
1.316283200000000079e+03 1.669516893954813952e+01
1.358503500000000031e+03 1.674653877467942209e+01
1.372299800000000005e+03 1.677417769183798057e+01
1.394359099999999899e+03 1.679959444331365859e+01
1.421443800000000010e+03 1.682385151638510123e+01
1.443608899999999949e+03 1.686546102177895179e+01
1.456124199999999973e+03 1.688138866273152772e+01
1.490785800000000108e+03 1.692151282312232752e+01
1.521175400000000081e+03 1.697939293710564002e+01
1.546773200000000088e+03 1.702761907185019297e+01
1.554481500000000096e+03 1.705234021982495562e+01
1.593471900000000005e+03 1.707050478322817000e+01
1.612287100000000009e+03 1.710995013230205686e+01
1.641848199999999906e+03 1.716091033991451198e+01
1.666036299999999983e+03 1.718685375534296611e+01
1.703115199999999959e+03 1.725515723590473982e+01
1.708572699999999941e+03 1.722987176877671445e+01
1.754876999999999953e+03 1.731654589863627081e+01
1.755836800000000039e+03 1.732889731325056104e+01
1.792678000000000111e+03 1.738305108894768836e+01
1.807280899999999974e+03 1.741718756360675968e+01
1.850209599999999909e+03 1.749405658457154544e+01
1.860253400000000056e+03 1.748322308162019212e+01
1.898557299999999941e+03 1.754194280480358259e+01
1.921792500000000018e+03 1.755388713616934737e+01
1.942246499999999969e+03 1.759330704254020006e+01
1.967038199999999961e+03 1.763664766944840423e+01
1.991314900000000080e+03 1.770390647262365036e+01
2.017686300000000074e+03 1.770109403623041189e+01
2.049537299999999959e+03 1.773926979442295959e+01
2.066980000000000018e+03 1.775658406269081979e+01
2.105018300000000181e+03 1.780946112354976663e+01
2.124630700000000161e+03 1.788091390189293506e+01
2.131968400000000202e+03 1.791679523712599220e+01
2.163536300000000210e+03 1.795734887034398497e+01
2.183389700000000175e+03 1.801093272949318091e+01
2.221938299999999799e+03 1.803538927335640096e+01
2.241061799999999948e+03 1.809850905760228201e+01
2.270364000000000033e+03 1.808651333197638778e+01
2.287730000000000018e+03 1.816078872379401687e+01
2.317920599999999922e+03 1.817623346224302949e+01
2.347759300000000167e+03 1.828778088744148178e+01
2.363092099999999846e+03 1.826718705475269644e+01
2.393152500000000146e+03 1.832200742926928783e+01
2.413559600000000046e+03 1.835915021371870637e+01
2.441079499999999825e+03 1.847354518624058528e+01
