9.938146100000000160e+01 -1.528988137546496429e+00
9.994331400000000087e+01 -1.529198063084036940e+00
1.271707300000000060e+02 -1.528875453151378627e+00
1.489787399999999877e+02 -1.528513817651516282e+00
1.500317599999999914e+02 -1.528781210172515337e+00
1.757940399999999954e+02 -1.528254573898893520e+00
2.001501700000000028e+02 -1.528063483563759428e+00
2.003495100000000093e+02 -1.527717754557265994e+00
2.228101599999999962e+02 -1.526927597479822207e+00
2.475182599999999979e+02 -1.526921738169092269e+00
2.488956799999999987e+02 -1.526835380056407399e+00
2.737102899999999863e+02 -1.526153310535298679e+00
2.992640499999999975e+02 -1.525684512041971974e+00
3.027728200000000243e+02 -1.525723239488565586e+00
3.240093800000000215e+02 -1.524232395074513136e+00
3.462963599999999929e+02 -1.522219445464868537e+00
3.469505599999999959e+02 -1.523086666075149198e+00
3.725278999999999883e+02 -1.520284456052007460e+00
4.016871399999999994e+02 -1.519518201853420569e+00
4.041704399999999850e+02 -1.520334314202996584e+00
4.239960100000000125e+02 -1.516439773446904171e+00
4.536198999999999728e+02 -1.515806616302580512e+00
4.553730899999999906e+02 -1.516241226763220151e+00
4.711067300000000273e+02 -1.510975488305341896e+00
4.943230100000000107e+02 -1.509778854929198610e+00
5.024637999999999920e+02 -1.510075147429241760e+00
5.199191899999999578e+02 -1.506650912937934850e+00
5.444201399999999467e+02 -1.504727568803874815e+00
5.510749100000000453e+02 -1.505938494653162651e+00
5.718225499999999784e+02 -1.502344254888743347e+00
5.982767000000000053e+02 -1.500396185649206071e+00
6.035078700000000254e+02 -1.502948476002001321e+00
6.219781100000000151e+02 -1.499266246277916492e+00
6.506045699999999670e+02 -1.497624572110480612e+00
6.508955999999999449e+02 -1.498842084754955950e+00
6.671254099999999880e+02 -1.494217439242654599e+00
6.959659599999999955e+02 -1.493637319622076021e+00
7.033186899999999468e+02 -1.494109030083227152e+00
7.175504100000000562e+02 -1.490302562727050972e+00
7.405033499999999549e+02 -1.487523857231403790e+00
7.572309400000000323e+02 -1.489934675695492317e+00
7.673424499999999853e+02 -1.486908767473864579e+00
7.969879899999999679e+02 -1.485052375614494435e+00
8.028278800000000501e+02 -1.486694863470289230e+00
8.150270000000000437e+02 -1.482952639517973292e+00
8.436349800000000414e+02 -1.482154803819574207e+00
8.519746099999999842e+02 -1.482714438134585588e+00
8.609839399999999614e+02 -1.479910718396505453e+00
8.916504800000000159e+02 -1.478588934839086821e+00
8.977510300000000143e+02 -1.480084428278607644e+00
9.202198899999999639e+02 -1.478838984734493600e+00
9.434184400000000323e+02 -1.476407613108729588e+00
9.461345300000000407e+02 -1.476424197372444569e+00
9.630509200000000192e+02 -1.475012259160261463e+00
1.001155099999999948e+03 -1.476057890297018282e+00
1.005063400000000001e+03 -1.475451227223412154e+00
1.021701000000000022e+03 -1.473925439327419484e+00
1.050591699999999946e+03 -1.470542438764828486e+00
1.061872100000000046e+03 -1.469717195494531392e+00
1.062606600000000071e+03 -1.474475926322098562e+00
1.100633399999999938e+03 -1.470447512887055108e+00
1.106990900000000011e+03 -1.468301057279355115e+00
1.110236900000000105e+03 -1.466263966211520664e+00
1.135481500000000096e+03 -1.465988701875323486e+00
1.150207699999999932e+03 -1.465691351791398978e+00
1.166438100000000077e+03 -1.466132297438044185e+00
1.197593699999999899e+03 -1.464003096655206226e+00
1.207236400000000003e+03 -1.465896242071238031e+00
1.220105000000000018e+03 -1.464742927565967134e+00
1.244452199999999948e+03 -1.463106113219590831e+00
1.252831699999999955e+03 -1.462490017678798715e+00
1.263913399999999911e+03 -1.460754766160633045e+00
1.292548399999999901e+03 -1.460795434090691680e+00
1.295059799999999996e+03 -1.460967375881259356e+00
1.317444500000000062e+03 -1.459389926980822594e+00
1.342407200000000103e+03 -1.459104782014987611e+00
1.353055100000000039e+03 -1.457172965671635234e+00
1.366899499999999989e+03 -1.458245352711600162e+00
1.408465999999999894e+03 -1.459098692257471130e+00
1.408824599999999919e+03 -1.458198826766124112e+00
1.414264699999999948e+03 -1.456352147798710917e+00
1.446758700000000090e+03 -1.456136932964582353e+00
1.453023500000000013e+03 -1.455994143336811320e+00
1.458102200000000039e+03 -1.451904228638829064e+00
1.492568099999999959e+03 -1.455426399634588419e+00
1.506560099999999920e+03 -1.455151131064332803e+00
1.515423800000000028e+03 -1.451442217783893707e+00
1.553720000000000027e+03 -1.453657426815673226e+00
1.559674400000000105e+03 -1.451445332970452862e+00
1.563774499999999989e+03 -1.449520861383599701e+00
1.607052200000000084e+03 -1.452283097600560513e+00
1.607528399999999920e+03 -1.448857609218433762e+00
1.619757599999999911e+03 -1.450010145058108879e+00
1.640066100000000006e+03 -1.448281057875710154e+00
1.647568099999999959e+03 -1.447184854448782421e+00
1.660424700000000030e+03 -1.446647509554796596e+00
1.705794599999999946e+03 -1.447937645346820457e+00
1.710056599999999889e+03 -1.448626573014162533e+00
1.720117600000000039e+03 -1.447108419083012354e+00
1.762481399999999894e+03 -1.443622639426336729e+00
1.765331100000000106e+03 -1.446070976014840914e+00
1.768136099999999942e+03 -1.447600012004609082e+00
1.788831699999999955e+03 -1.442807248642265394e+00
1.809829899999999952e+03 -1.442330246479899047e+00
1.811022300000000087e+03 -1.443817215165492662e+00
1.836684199999999919e+03 -1.440691251907858739e+00
1.862083599999999933e+03 -1.439260962692126000e+00
1.883449900000000071e+03 -1.444307882139770571e+00
1.898473400000000083e+03 -1.439613392467291142e+00
1.908942800000000034e+03 -1.436907565471820636e+00
1.910592799999999897e+03 -1.440931161791037640e+00
1.952190100000000029e+03 -1.437248702300889747e+00
1.954806800000000067e+03 -1.437837088708870503e+00
1.957877300000000105e+03 -1.433181097985241514e+00
1.999881000000000085e+03 -1.434613623640293767e+00
2.008324000000000069e+03 -1.434839152743887958e+00
2.008920200000000023e+03 -1.431696823937895990e+00
2.036711999999999989e+03 -1.434956562633382671e+00
2.045845600000000104e+03 -1.427448199369971249e+00
2.061452099999999973e+03 -1.434239761630410559e+00
2.082798400000000129e+03 -1.430696735593370184e+00
2.101628099999999904e+03 -1.425152161707706089e+00
2.102324799999999868e+03 -1.430867230802273626e+00
2.136242400000000089e+03 -1.425327596304857281e+00
2.154231999999999971e+03 -1.426019279697092523e+00
2.159785899999999856e+03 -1.429342413130658462e+00
2.191867499999999836e+03 -1.426715628447507100e+00
2.193227699999999913e+03 -1.426829886808433256e+00
2.217653999999999996e+03 -1.424301756680976361e+00
2.233582800000000134e+03 -1.419126823095548495e+00
2.252294400000000223e+03 -1.425136493095136903e+00
2.262099700000000212e+03 -1.419170645963169886e+00
2.295817900000000009e+03 -1.424094321134469876e+00
2.305156899999999951e+03 -1.423407681918986922e+00
2.321077900000000227e+03 -1.418235820418875193e+00
2.340463499999999840e+03 -1.417795012706863034e+00
2.344311200000000099e+03 -1.417968225765200208e+00
2.366600500000000011e+03 -1.414941322695609571e+00
2.395728799999999865e+03 -1.412033648356334048e+00
2.402393000000000029e+03 -1.415420276856016901e+00
2.402747499999999945e+03 -1.409698926031048405e+00
2.470710300000000188e+03 -1.413487622804733501e+00
