9.948397900000000504e+01 -3.860589136725007364e+00
9.973595199999999750e+01 -3.860757574136350900e+00
1.271697199999999981e+02 -3.860538992168395467e+00
1.489185999999999979e+02 -3.859018471770397252e+00
1.500172900000000027e+02 -3.860391961553080176e+00
1.745255200000000002e+02 -3.858649870500337808e+00
1.987197899999999890e+02 -3.855036720378612003e+00
2.004520899999999983e+02 -3.858931938907100623e+00
2.236397000000000048e+02 -3.854194207626350899e+00
2.475837500000000091e+02 -3.853433987180574949e+00
2.522374000000000080e+02 -3.848101632112471027e+00
2.764105000000000132e+02 -3.846175712157041016e+00
3.013656599999999912e+02 -3.840167012007677183e+00
3.014708499999999844e+02 -3.845520279398972896e+00
3.245837900000000218e+02 -3.838672719299228042e+00
3.473049700000000257e+02 -3.837671062388436916e+00
3.493611099999999965e+02 -3.831689588850175188e+00
3.697394400000000019e+02 -3.829107192419555439e+00
3.977526899999999728e+02 -3.825623803796886158e+00
3.977920799999999986e+02 -3.828537304624576532e+00
4.198578800000000228e+02 -3.823911964915878148e+00
4.500061699999999973e+02 -3.821549883448186691e+00
4.508362300000000005e+02 -3.823873467023643613e+00
4.739452900000000000e+02 -3.819057572297345438e+00
5.021027000000000271e+02 -3.817890558357026176e+00
5.080441299999999956e+02 -3.818561433511436398e+00
5.187584000000000515e+02 -3.812796988853149660e+00
5.476928699999999708e+02 -3.811620093041394597e+00
5.497219999999999800e+02 -3.812482033786557700e+00
5.695301799999999730e+02 -3.807936650941403656e+00
5.968915500000000520e+02 -3.806370683811298949e+00
6.032781800000000203e+02 -3.808396576718795057e+00
6.214122300000000223e+02 -3.803921247521125704e+00
6.460375099999999975e+02 -3.800917283107510425e+00
6.494892200000000457e+02 -3.802358010883773343e+00
6.746848199999999451e+02 -3.799243801848342983e+00
6.961202500000000555e+02 -3.796016408775668705e+00
7.026631399999999985e+02 -3.796937572826045493e+00
7.208322799999999688e+02 -3.792919717290232917e+00
7.475193799999999555e+02 -3.793370767067894000e+00
7.500411800000000540e+02 -3.791335749592525062e+00
7.667041900000000396e+02 -3.788897285826846151e+00
7.956059099999999944e+02 -3.786594123773029619e+00
8.055270699999999806e+02 -3.789707994684850867e+00
8.198637800000000198e+02 -3.784860991743853820e+00
8.486854499999999462e+02 -3.782487369244189601e+00
8.518551200000000563e+02 -3.782662837230390096e+00
8.710873599999999897e+02 -3.781856512764690592e+00
8.934272300000000087e+02 -3.778640667984817902e+00
8.942653999999999996e+02 -3.777406761346234099e+00
9.168776100000000042e+02 -3.776036459268973910e+00
9.477448900000000549e+02 -3.775400196074416570e+00
9.631562699999999495e+02 -3.776159329363959039e+00
9.647799099999999726e+02 -3.772625836317181847e+00
9.995520099999999957e+02 -3.773134249357601444e+00
1.001048999999999978e+03 -3.772549136278700033e+00
1.008760400000000004e+03 -3.768678652509969140e+00
1.045149200000000064e+03 -3.767105676197548103e+00
1.056734999999999900e+03 -3.770944923275055150e+00
1.062905999999999949e+03 -3.765741908497731938e+00
1.100845199999999977e+03 -3.765017176827758050e+00
1.104835700000000088e+03 -3.767487076527065160e+00
1.117565299999999979e+03 -3.765868812895905471e+00
1.139508299999999963e+03 -3.762538716561758090e+00
1.147753400000000056e+03 -3.764680975884134195e+00
1.167577900000000000e+03 -3.763112384850025194e+00
1.201846299999999928e+03 -3.760911861689097524e+00
1.212341799999999921e+03 -3.764200823992827516e+00
1.216169200000000046e+03 -3.760397234039002612e+00
1.249736200000000053e+03 -3.759226559449075022e+00
1.267212399999999889e+03 -3.758665785359557088e+00
1.267574200000000019e+03 -3.759806234207025533e+00
1.307190000000000055e+03 -3.758767684828408839e+00
1.315045100000000048e+03 -3.758037851286538888e+00
1.318675300000000107e+03 -3.758207604430759297e+00
1.351791899999999941e+03 -3.756118334932600611e+00
1.353076700000000073e+03 -3.754698496780847883e+00
1.358148899999999912e+03 -3.752937097103415276e+00
1.406094800000000077e+03 -3.754261539635531442e+00
1.408532899999999927e+03 -3.754985618829043581e+00
1.412379799999999932e+03 -3.753930454910655801e+00
1.446591899999999896e+03 -3.752924872295623437e+00
1.447816800000000057e+03 -3.751145461685506000e+00
1.461049199999999928e+03 -3.750088842764244035e+00
1.503155999999999949e+03 -3.750079418117456598e+00
1.511768800000000056e+03 -3.750586885831173944e+00
1.516749900000000025e+03 -3.752590913211078405e+00
1.548338600000000042e+03 -3.752539431522546209e+00
1.549789299999999912e+03 -3.750108543293266816e+00
1.560251700000000028e+03 -3.748602412866452571e+00
1.587046800000000076e+03 -3.746015028224775723e+00
1.593496000000000095e+03 -3.745854979890085090e+00
1.613106800000000021e+03 -3.746356982760622678e+00
1.633710800000000063e+03 -3.742628112758453973e+00
1.655499399999999923e+03 -3.744647170765134536e+00
1.656987000000000080e+03 -3.746494038895868517e+00
1.688328500000000076e+03 -3.742515278401117307e+00
1.707580600000000004e+03 -3.748360994308121086e+00
1.714320899999999938e+03 -3.746752742946743986e+00
1.746952399999999898e+03 -3.742457412072115908e+00
1.753432099999999991e+03 -3.744202409188990721e+00
1.762614399999999932e+03 -3.744253246877104147e+00
1.777451900000000023e+03 -3.740827383268902295e+00
1.796919300000000021e+03 -3.742463442005087959e+00
1.812390499999999975e+03 -3.742788976247058308e+00
1.849808099999999968e+03 -3.741220108917403309e+00
1.853009099999999989e+03 -3.743682833670028742e+00
1.856974999999999909e+03 -3.741073811190524623e+00
1.889425899999999956e+03 -3.740051809939076932e+00
1.903904500000000098e+03 -3.742416992153487776e+00
1.910857899999999972e+03 -3.741114340238778979e+00
1.930306700000000092e+03 -3.736670992499365962e+00
1.958302699999999959e+03 -3.740113634943579513e+00
1.972744200000000092e+03 -3.743126716401139475e+00
1.998770299999999907e+03 -3.737033029440587573e+00
2.003475300000000061e+03 -3.739011781651512489e+00
2.007205300000000079e+03 -3.738727282161828036e+00
2.057372800000000097e+03 -3.741486270313316709e+00
2.060449500000000171e+03 -3.738215965458106638e+00
2.071532600000000002e+03 -3.739422099682183198e+00
2.095454400000000078e+03 -3.735813668385610686e+00
2.095889999999999873e+03 -3.737864301233383646e+00
2.108599200000000110e+03 -3.739182856203976613e+00
2.146448800000000119e+03 -3.739411299436336211e+00
2.153564699999999903e+03 -3.737757312817953537e+00
2.167732199999999921e+03 -3.738741794707481692e+00
2.172177499999999782e+03 -3.729964268243693759e+00
2.203260800000000017e+03 -3.735289763404062491e+00
2.212738100000000031e+03 -3.738825576046849175e+00
2.244270599999999831e+03 -3.733151230509917262e+00
2.245856800000000021e+03 -3.733600120354401142e+00
2.263299599999999828e+03 -3.736609889391761197e+00
2.290775000000000091e+03 -3.735457331675644532e+00
2.309153499999999894e+03 -3.737287259546384632e+00
2.313560399999999845e+03 -3.736900375834638854e+00
2.342273099999999886e+03 -3.730239677474429971e+00
2.352474999999999909e+03 -3.733163505684799599e+00
2.360279700000000048e+03 -3.736391587172652962e+00
2.403279399999999896e+03 -3.737392406717317428e+00
2.407485200000000077e+03 -3.730721548085619510e+00
2.410177700000000186e+03 -3.735415170441110266e+00
2.460974700000000212e+03 -3.733157576704339675e+00
