1.216071000000000026e+02 -6.180517848284089233e+00
1.315372700000000066e+02 -6.180384506428945102e+00
1.679743400000000122e+02 -6.179908529532005979e+00
1.682379599999999868e+02 -6.179868803489558360e+00
1.788964100000000030e+02 -6.179933404740893366e+00
2.178750499999999874e+02 -6.179682457191574052e+00
2.190208100000000115e+02 -6.180086536023369881e+00
2.278550099999999929e+02 -6.179546721420880573e+00
2.659899500000000216e+02 -6.178956553357902060e+00
2.669149499999999762e+02 -6.179290331129009495e+00
2.761924799999999891e+02 -6.178866143865898941e+00
3.140342600000000175e+02 -6.178062797510022186e+00
3.164973499999999831e+02 -6.178784533940810064e+00
3.243242799999999875e+02 -6.177955824162185472e+00
3.618807800000000157e+02 -6.176922000195987472e+00
3.631102300000000014e+02 -6.177310568212538655e+00
3.765123300000000199e+02 -6.177773038927080407e+00
4.128140999999999963e+02 -6.176099861611917596e+00
4.137721900000000232e+02 -6.176422857352507734e+00
4.238072599999999852e+02 -6.176046432729609847e+00
4.612394600000000082e+02 -6.174442615996611039e+00
4.639192100000000210e+02 -6.175204080020941788e+00
4.741948100000000181e+02 -6.174814526790778579e+00
5.110278999999999883e+02 -6.172977464669757275e+00
5.127373199999999542e+02 -6.173486043654546229e+00
5.212800300000000107e+02 -6.172706004368129662e+00
5.619499299999999948e+02 -6.171614039799741214e+00
5.657132800000000543e+02 -6.172662251100253350e+00
5.729814800000000332e+02 -6.171400578240481494e+00
6.112007599999999456e+02 -6.170035857141702884e+00
6.112586900000000014e+02 -6.170114948811674438e+00
6.228043400000000247e+02 -6.169942289752653686e+00
6.604830399999999599e+02 -6.167716262903458535e+00
6.638723899999999958e+02 -6.168657610676791414e+00
6.675460100000000239e+02 -6.166511446479864489e+00
7.069925100000000384e+02 -6.164431521294740257e+00
7.105547599999999875e+02 -6.165398230706033544e+00
7.197937399999999570e+02 -6.164522392175782350e+00
7.664878499999999804e+02 -6.160824870758167648e+00
7.684977800000000343e+02 -6.164663732716519462e+00
7.701867200000000366e+02 -6.165207725538424555e+00
8.114320300000000543e+02 -6.160157554787323519e+00
8.148273500000000240e+02 -6.161108587589482433e+00
8.245239599999999882e+02 -6.160020809239821205e+00
8.627056400000000167e+02 -6.157411887841314879e+00
8.644378699999999753e+02 -6.157780831403880661e+00
8.685558899999999767e+02 -6.155819775314884446e+00
9.097800399999999854e+02 -6.153546548286171536e+00
9.109086200000000417e+02 -6.153779790468095534e+00
9.153730900000000474e+02 -6.151570928359356927e+00
9.653538800000000037e+02 -6.147799000182105011e+00
9.694610400000000254e+02 -6.152356101354195417e+00
9.701889999999999645e+02 -6.152655223692374165e+00
1.010918000000000006e+03 -6.146585661607455897e+00
1.012918199999999956e+03 -6.147167886449200758e+00
1.015366700000000037e+03 -6.144355421601689571e+00
1.065071999999999889e+03 -6.143433096082868694e+00
1.067928699999999935e+03 -6.144263712491888185e+00
1.068755900000000111e+03 -6.141100295760042904e+00
1.113258900000000040e+03 -6.138994378855858969e+00
1.113825299999999970e+03 -6.135835288554299716e+00
1.116018900000000031e+03 -6.139619862052206223e+00
1.161473999999999933e+03 -6.134098876986965543e+00
1.163723199999999906e+03 -6.134605538419371840e+00
1.169685600000000022e+03 -6.132806819470651760e+00
1.215735100000000102e+03 -6.131586150379601641e+00
1.216196899999999914e+03 -6.131793566626070557e+00
1.227174400000000105e+03 -6.130947365527973147e+00
1.256775699999999915e+03 -6.124367751687784356e+00
1.264230600000000095e+03 -6.126351983412180680e+00
1.276963700000000017e+03 -6.126335683017147815e+00
1.310301500000000033e+03 -6.120776476201428729e+00
1.311063300000000027e+03 -6.120910318764583025e+00
1.317349699999999984e+03 -6.119371423771363894e+00
1.356084100000000035e+03 -6.115460754818760059e+00
1.360440200000000004e+03 -6.116633199113874042e+00
1.363184899999999971e+03 -6.113939542750443934e+00
1.405186899999999923e+03 -6.110816112943632916e+00
1.412787100000000009e+03 -6.112823659697109946e+00
1.424185600000000022e+03 -6.111794213249885033e+00
1.458574900000000071e+03 -6.106951069713430158e+00
1.462366199999999935e+03 -6.104458267280448602e+00
1.463234200000000101e+03 -6.108212583180226751e+00
1.492955400000000054e+03 -6.098249046276068341e+00
1.494739199999999983e+03 -6.098673556597375978e+00
1.516583699999999908e+03 -6.100361401303566744e+00
1.548600500000000011e+03 -6.096891485535807398e+00
1.557553900000000112e+03 -6.099218839040564610e+00
1.558317000000000007e+03 -6.095426699747584109e+00
1.604489499999999907e+03 -6.090100336238151613e+00
1.615733500000000049e+03 -6.096514665135045696e+00
1.617660699999999906e+03 -6.097105496142710024e+00
1.661090300000000070e+03 -6.088232159278606836e+00
1.661543400000000020e+03 -6.092353976106732460e+00
1.663669399999999996e+03 -6.092973811293637354e+00
1.719072499999999991e+03 -6.088314832639325935e+00
1.720908899999999903e+03 -6.086292631724577795e+00
1.727020400000000109e+03 -6.090493174560807077e+00
1.751704999999999927e+03 -6.077361608442555685e+00
1.757812599999999975e+03 -6.083345694241857338e+00
1.767838600000000042e+03 -6.085854162783544297e+00
1.809661800000000085e+03 -6.079024831212771041e+00
1.811509299999999939e+03 -6.079441893111430240e+00
1.825246200000000044e+03 -6.078798671227390038e+00
1.856079899999999952e+03 -6.071556586694108582e+00
1.863960199999999986e+03 -6.069579960302552202e+00
1.869749299999999948e+03 -6.075149934663289564e+00
1.888568700000000035e+03 -6.064291533764473385e+00
1.890755799999999908e+03 -6.064904774939147813e+00
1.924748299999999972e+03 -6.069085348280656156e+00
1.950733799999999974e+03 -6.065187912816643490e+00
1.955647799999999961e+03 -6.066431310384253983e+00
1.958709100000000035e+03 -6.062911705779804095e+00
1.986086199999999963e+03 -6.058732870504728751e+00
1.993618899999999940e+03 -6.060624758330642514e+00
2.007967699999999923e+03 -6.060971701168091030e+00
2.045769199999999955e+03 -6.056124255491463160e+00
2.050090900000000147e+03 -6.057233359317217847e+00
2.054046600000000126e+03 -6.054016723341929307e+00
2.089064199999999801e+03 -6.051917424514003940e+00
2.092581700000000183e+03 -6.052870020889067781e+00
2.104807899999999790e+03 -6.051524325439319618e+00
2.135698199999999815e+03 -6.048342771769157800e+00
2.148360700000000179e+03 -6.051646811360510192e+00
2.154578100000000177e+03 -6.048709048572951552e+00
2.188880700000000161e+03 -6.044208848575937765e+00
2.193398200000000088e+03 -6.045330406545325275e+00
2.230817399999999907e+03 -6.050403974015853947e+00
2.247738899999999830e+03 -6.039389245299595643e+00
2.264047399999999925e+03 -6.040583232969289895e+00
2.271087799999999788e+03 -6.042493383705349608e+00
2.292534900000000107e+03 -6.039060682707581229e+00
2.292704999999999927e+03 -6.035008381755825546e+00
2.293986399999999776e+03 -6.039399795717187658e+00
2.337699599999999919e+03 -6.037056115420871727e+00
2.340744599999999991e+03 -6.037894193949842503e+00
2.356493699999999990e+03 -6.037255187809187795e+00
2.386581700000000183e+03 -6.031107216899162182e+00
2.392916600000000017e+03 -6.032684869891530077e+00
2.426905999999999949e+03 -6.037527678662353736e+00
2.447243300000000090e+03 -6.034913812143381406e+00
2.448282600000000002e+03 -6.035180965322623159e+00
