9.886188900000000501e+01 -3.392625545908726892e+00
9.940851700000000335e+01 -3.392769607941471754e+00
1.269068099999999930e+02 -3.392623630031911031e+00
1.495576800000000048e+02 -3.392294260661221195e+00
1.502633899999999869e+02 -3.392716930748237214e+00
1.768060099999999863e+02 -3.392321042758943417e+00
1.983781400000000019e+02 -3.391640336803381395e+00
2.002751499999999965e+02 -3.391799335006248750e+00
2.254191899999999862e+02 -3.391357833728886106e+00
2.488735499999999945e+02 -3.390644130820306135e+00
2.496571999999999889e+02 -3.390877709159287878e+00
2.765513799999999947e+02 -3.390653054485379236e+00
2.993907800000000066e+02 -3.389152649804336725e+00
3.014421399999999949e+02 -3.389092543838284399e+00
3.246068300000000022e+02 -3.388271185266158003e+00
3.511510900000000106e+02 -3.387036926215930333e+00
3.528761799999999766e+02 -3.386765412100222861e+00
3.707072099999999750e+02 -3.383975434373960312e+00
3.991618199999999774e+02 -3.382142834476099758e+00
4.006263099999999895e+02 -3.383549014187719362e+00
4.227213800000000106e+02 -3.377952460571086224e+00
4.447701900000000137e+02 -3.374706048373025347e+00
4.482608000000000175e+02 -3.376613885291029238e+00
4.708557999999999879e+02 -3.370853575364376908e+00
4.981571099999999888e+02 -3.369496689710911763e+00
5.015305099999999925e+02 -3.369924194979137866e+00
5.224507999999999583e+02 -3.364908376586634997e+00
5.523261099999999715e+02 -3.364472264146571856e+00
5.536833299999999554e+02 -3.363693883606058588e+00
5.758854900000000043e+02 -3.359643028320228098e+00
5.977632999999999583e+02 -3.357201584874149880e+00
5.981238200000000234e+02 -3.356822468132642179e+00
6.187952999999999975e+02 -3.352845879202924539e+00
6.452476400000000467e+02 -3.352017533371479452e+00
6.475120899999999438e+02 -3.351660591944486178e+00
6.703753600000000006e+02 -3.347602496949058537e+00
6.927282000000000153e+02 -3.345242844578064645e+00
6.970320900000000393e+02 -3.345289690999167842e+00
7.147827899999999772e+02 -3.341334838898637472e+00
7.521194799999999532e+02 -3.342595298973094042e+00
7.558503799999999728e+02 -3.342285538562889347e+00
7.698780100000000175e+02 -3.338611380100345638e+00
7.898175899999999956e+02 -3.336069231985970163e+00
8.087126799999999776e+02 -3.338320669169425159e+00
8.188294300000000021e+02 -3.334090691207834301e+00
8.393815600000000359e+02 -3.330243435185271661e+00
8.548616700000000037e+02 -3.333332213201935623e+00
8.703599199999999882e+02 -3.329924103322160711e+00
8.991944799999999987e+02 -3.328997584770421181e+00
9.024107500000000073e+02 -3.329217055819390314e+00
9.157442099999999527e+02 -3.325989839940283410e+00
9.414668699999999717e+02 -3.322613911647251950e+00
9.501658599999999524e+02 -3.325081835423556065e+00
9.737008299999999963e+02 -3.323435888149233186e+00
9.861235500000000229e+02 -3.318100085165524682e+00
9.918833499999999503e+02 -3.321876000056780409e+00
1.018576400000000035e+03 -3.318363648072679251e+00
1.038925600000000031e+03 -3.313363533698815644e+00
1.059573399999999992e+03 -3.318349986461577306e+00
1.061136099999999942e+03 -3.314274431456610159e+00
1.092558199999999943e+03 -3.312506819085209386e+00
1.102720000000000027e+03 -3.315261212867867791e+00
1.107893299999999954e+03 -3.310382096510288807e+00
1.148173900000000003e+03 -3.310578814383132951e+00
1.160655700000000024e+03 -3.313234215958579476e+00
1.173177699999999959e+03 -3.310037451516150142e+00
1.206990600000000086e+03 -3.308715407016624699e+00
1.207673500000000104e+03 -3.308994382584891092e+00
1.228595299999999952e+03 -3.307535386472777894e+00
1.244701199999999972e+03 -3.303272967884747668e+00
1.259870200000000068e+03 -3.306404358684389422e+00
1.262435400000000072e+03 -3.302660685133461893e+00
1.303065200000000004e+03 -3.303529603662294534e+00
1.303746100000000069e+03 -3.302506871472240757e+00
1.315455099999999902e+03 -3.300657074654806067e+00
1.348854499999999916e+03 -3.299712612124059419e+00
1.351611900000000105e+03 -3.299293814375644285e+00
1.371017900000000054e+03 -3.299667816394872499e+00
1.394818899999999985e+03 -3.294319016874363459e+00
1.401456699999999955e+03 -3.294674039255694353e+00
1.408523300000000063e+03 -3.292701181002907873e+00
1.446373399999999947e+03 -3.294452651927951337e+00
1.457581899999999905e+03 -3.295939423559405057e+00
1.470465300000000070e+03 -3.294461876935882216e+00
1.497005000000000109e+03 -3.293227456742990888e+00
1.514888400000000047e+03 -3.296689772029622212e+00
1.526742199999999912e+03 -3.295105426399591142e+00
1.541779399999999896e+03 -3.288024136499935857e+00
1.548996699999999919e+03 -3.289555787777528995e+00
1.563331699999999955e+03 -3.289427150013569445e+00
1.598651200000000017e+03 -3.292032704778086405e+00
1.613021799999999985e+03 -3.286378617361356280e+00
1.613829899999999952e+03 -3.288595872506414164e+00
1.644638599999999997e+03 -3.285865898148621511e+00
1.666517299999999977e+03 -3.289293756635455868e+00
1.675882599999999911e+03 -3.288126790501313845e+00
1.692982299999999896e+03 -3.284826866039353366e+00
1.715784100000000080e+03 -3.284220669363080436e+00
1.717487599999999929e+03 -3.285767154099708875e+00
1.754413099999999986e+03 -3.283018351842150295e+00
1.766621399999999994e+03 -3.286406783211290428e+00
1.772438100000000077e+03 -3.284065258485815875e+00
1.793499199999999973e+03 -3.280345510508852147e+00
1.797146700000000010e+03 -3.280912927580165395e+00
1.804711000000000013e+03 -3.276848604419448918e+00
1.829355999999999995e+03 -3.278215756744268905e+00
1.850585600000000113e+03 -3.280787890153571418e+00
1.877633800000000065e+03 -3.283563718297157763e+00
1.894276100000000042e+03 -3.278052935389781375e+00
1.898013799999999947e+03 -3.278710788807487120e+00
1.912677200000000084e+03 -3.277070214053900088e+00
1.966451399999999921e+03 -3.278127115832948135e+00
1.966629100000000108e+03 -3.278480860642067896e+00
1.978681299999999965e+03 -3.282962714785958802e+00
1.991846500000000106e+03 -3.269817585529133819e+00
1.995833900000000085e+03 -3.272104463177601730e+00
2.020727399999999989e+03 -3.275348395863862727e+00
2.053220299999999952e+03 -3.274697928206785402e+00
2.066314199999999801e+03 -3.272100212195896862e+00
2.074310300000000097e+03 -3.277506005617618179e+00
2.086533800000000156e+03 -3.271302447498941390e+00
2.092976400000000012e+03 -3.269435319433970477e+00
2.119174599999999828e+03 -3.273553791162743476e+00
2.143868500000000040e+03 -3.273868146478912777e+00
2.155760600000000068e+03 -3.271912621355371531e+00
2.175937199999999848e+03 -3.273049547344869303e+00
2.207190000000000055e+03 -3.272824621857780336e+00
2.208031700000000001e+03 -3.269933017983768675e+00
2.227788599999999860e+03 -3.273707575876597886e+00
2.240963400000000092e+03 -3.270115915587776367e+00
2.243926100000000133e+03 -3.267538152489603664e+00
2.256084400000000187e+03 -3.266478333214403396e+00
2.269309200000000146e+03 -3.266345558619789813e+00
2.307143799999999828e+03 -3.266115412064912960e+00
2.316726500000000215e+03 -3.267481393528416156e+00
2.328474200000000110e+03 -3.265182869495778739e+00
2.347116100000000188e+03 -3.263197571746657477e+00
2.368592099999999846e+03 -3.268070683110021246e+00
2.385201300000000174e+03 -3.263315845534385584e+00
2.409114900000000034e+03 -3.270325943672339974e+00
2.419905000000000200e+03 -3.265776044569390191e+00
2.454520399999999881e+03 -3.266402913548617892e+00
