1.000688799999999929e+02 -3.375487902778810057e+00
1.272031900000000064e+02 -3.375249812548048123e+00
1.489508099999999899e+02 -3.374915257886570874e+00
1.764732300000000009e+02 -3.374665604809752750e+00
1.984281000000000006e+02 -3.373911394123005447e+00
2.268191400000000044e+02 -3.373790682931545604e+00
2.516222600000000114e+02 -3.373187873832884875e+00
2.731071000000000026e+02 -3.371558385513261591e+00
2.986217199999999821e+02 -3.370929153061179129e+00
3.237182099999999991e+02 -3.369573364454225839e+00
3.497354900000000271e+02 -3.368947222302279609e+00
3.708180699999999774e+02 -3.366462367858098936e+00
3.972976499999999760e+02 -3.365885263172682329e+00
4.244082900000000222e+02 -3.363866476124544924e+00
4.544963799999999878e+02 -3.363040938414143088e+00
4.705045900000000074e+02 -3.358413248732873058e+00
5.023761400000000208e+02 -3.358677053048067407e+00
5.194127399999999852e+02 -3.353321379790147994e+00
5.547547100000000455e+02 -3.353871833665959201e+00
5.712425700000000006e+02 -3.348455615072068348e+00
5.941034100000000535e+02 -3.345777056741978228e+00
6.186539500000000089e+02 -3.343942250094430690e+00
6.512468800000000329e+02 -3.343040825574854491e+00
6.748930900000000292e+02 -3.340247572550222088e+00
6.904478599999999915e+02 -3.337311890214075483e+00
7.215281999999999698e+02 -3.334975669616128791e+00
7.559329300000000558e+02 -3.334090005780725452e+00
7.684219299999999748e+02 -3.330707425426567170e+00
7.963880799999999454e+02 -3.328022973888868030e+00
8.181469600000000355e+02 -3.326648637305876566e+00
8.546576499999999896e+02 -3.325861344588461055e+00
8.666485999999999876e+02 -3.322034620646830749e+00
9.071929699999999457e+02 -3.322886440589632340e+00
9.149153199999999515e+02 -3.318761714542462382e+00
9.512847500000000309e+02 -3.319483191314099635e+00
9.676844999999999573e+02 -3.315640011750647709e+00
1.006409700000000043e+03 -3.316664324480012915e+00
1.021909200000000055e+03 -3.313240763274244216e+00
1.052244599999999991e+03 -3.310602709888463835e+00
1.062068199999999933e+03 -3.308374954143047830e+00
1.095041899999999941e+03 -3.308637303110609995e+00
1.115702900000000000e+03 -3.305624827607491767e+00
1.147679200000000037e+03 -3.306239444836542418e+00
1.178193899999999985e+03 -3.305295566175066035e+00
1.200935199999999895e+03 -3.301571093180264871e+00
1.211691900000000032e+03 -3.299948393015305292e+00
1.245890100000000075e+03 -3.298838667411152947e+00
1.277155099999999948e+03 -3.300481082718164760e+00
1.283745599999999968e+03 -3.293428344846452749e+00
1.299180100000000039e+03 -3.291644045387001505e+00
1.343505900000000111e+03 -3.293696267462453697e+00
1.376615000000000009e+03 -3.296396479785514977e+00
1.410919499999999971e+03 -3.290042354123081214e+00
1.412914199999999937e+03 -3.294359265389471325e+00
1.442618699999999990e+03 -3.288222878737943056e+00
1.470723799999999983e+03 -3.289658411232420310e+00
1.497192299999999932e+03 -3.287360499952233450e+00
1.518609099999999899e+03 -3.287450395274049253e+00
1.544731899999999996e+03 -3.284660050359876404e+00
1.559563599999999951e+03 -3.283519426599381674e+00
1.597375900000000001e+03 -3.286077072958126344e+00
1.609087299999999914e+03 -3.282262295122974294e+00
1.646112100000000055e+03 -3.280063181804042216e+00
1.665045299999999997e+03 -3.280977941565923039e+00
1.698666899999999941e+03 -3.278212131196204471e+00
1.714884999999999991e+03 -3.279105270546849304e+00
1.744518299999999954e+03 -3.274812170744114237e+00
1.768392900000000054e+03 -3.278190061631060637e+00
1.798222199999999930e+03 -3.274540090513311075e+00
1.820743500000000040e+03 -3.276701649712923547e+00
1.853836900000000014e+03 -3.272770640643656304e+00
1.867147899999999936e+03 -3.273302120748121435e+00
1.911755499999999984e+03 -3.272983880076286933e+00
1.923050199999999904e+03 -3.276191948947018595e+00
1.943912100000000009e+03 -3.270240009727242825e+00
1.955064900000000080e+03 -3.268142770564267163e+00
2.018810899999999947e+03 -3.272645991511795582e+00
2.024629699999999957e+03 -3.272010535833228762e+00
2.043942399999999907e+03 -3.267830192013744028e+00
2.082227400000000216e+03 -3.267025408126104757e+00
2.099981999999999971e+03 -3.268156542881349047e+00
2.108168700000000172e+03 -3.264098329106742469e+00
2.151629500000000007e+03 -3.261218352181446622e+00
2.166311000000000149e+03 -3.264320600338599387e+00
2.216001600000000053e+03 -3.265538836474124462e+00
2.224709699999999884e+03 -3.266278248279480323e+00
2.254789099999999962e+03 -3.259726415588162673e+00
2.276324599999999919e+03 -3.264667880593825622e+00
2.302065200000000004e+03 -3.263461662405238606e+00
2.322629699999999957e+03 -3.264442863789521532e+00
2.340259199999999964e+03 -3.255997387400872967e+00
2.366977300000000014e+03 -3.260881090009329686e+00
2.412224000000000160e+03 -3.254842358033360306e+00
2.417165300000000116e+03 -3.259324290906679078e+00
2.438601599999999962e+03 -3.259649025860512417e+00
