1.007224899999999934e+02 -3.318017651505536403e+00
1.269034000000000049e+02 -3.317665339563898197e+00
1.495067400000000077e+02 -3.317526868168353626e+00
1.744248100000000079e+02 -3.316771148210862830e+00
2.016991099999999904e+02 -3.317015818505792968e+00
2.255813599999999894e+02 -3.316714280597419240e+00
2.505142500000000041e+02 -3.316382247390427196e+00
2.729090199999999982e+02 -3.315279720124574059e+00
3.023848199999999906e+02 -3.315638301156505374e+00
3.237404500000000098e+02 -3.313879744916036874e+00
3.493004799999999932e+02 -3.313150507501302133e+00
3.733906999999999812e+02 -3.311080171389353843e+00
4.023713799999999878e+02 -3.310577495342537091e+00
4.174036600000000021e+02 -3.306093345900260605e+00
4.493141200000000026e+02 -3.306786708512718498e+00
4.684761100000000056e+02 -3.302321779302670457e+00
4.982933499999999754e+02 -3.301965403237586028e+00
5.222965199999999868e+02 -3.297833940944356002e+00
5.515222400000000107e+02 -3.296439697085813858e+00
5.695011200000000144e+02 -3.293616040449326654e+00
5.993460499999999911e+02 -3.292342591170154265e+00
6.203479700000000321e+02 -3.289157208141296085e+00
6.511656799999999521e+02 -3.288913534144972672e+00
6.699769300000000385e+02 -3.284810659119806964e+00
7.027637600000000475e+02 -3.284429593648037660e+00
7.151015099999999620e+02 -3.280999617836453996e+00
7.493222299999999905e+02 -3.281604140723896723e+00
7.676514200000000301e+02 -3.277091990629867890e+00
8.099180800000000318e+02 -3.277230396130627721e+00
8.179732099999999946e+02 -3.275105551346306321e+00
8.513311599999999544e+02 -3.273057049330606816e+00
8.660081400000000258e+02 -3.270532645566413432e+00
8.978472900000000436e+02 -3.269775403370446032e+00
9.189363600000000361e+02 -3.268273857088884515e+00
9.558138599999999769e+02 -3.268191660734232507e+00
9.702965100000000120e+02 -3.266074783909088897e+00
1.002988200000000006e+03 -3.266751201013160522e+00
1.022302400000000034e+03 -3.263977768482597241e+00
1.045343299999999999e+03 -3.263293092852043387e+00
1.061036700000000110e+03 -3.259696169953190115e+00
1.098974799999999959e+03 -3.258902967467188994e+00
1.119818099999999959e+03 -3.259717184564404846e+00
1.151086000000000013e+03 -3.255924974044856146e+00
1.166227200000000039e+03 -3.256584543348242988e+00
1.199507599999999911e+03 -3.254184932661738472e+00
1.218911800000000085e+03 -3.254108947667947227e+00
1.257937200000000075e+03 -3.254084723152358194e+00
1.264683299999999917e+03 -3.251678103508508944e+00
1.309753999999999905e+03 -3.251873792647321793e+00
1.323496900000000096e+03 -3.252580890455909035e+00
1.356552500000000009e+03 -3.250404306362373319e+00
1.357549299999999903e+03 -3.246534785492500852e+00
1.399807900000000018e+03 -3.248292418130854564e+00
1.406532999999999902e+03 -3.245740180275205944e+00
1.449942700000000059e+03 -3.245007282011667549e+00
1.464195300000000088e+03 -3.245345435022186198e+00
1.500272600000000011e+03 -3.245798432913006515e+00
1.514333399999999983e+03 -3.244600944406241361e+00
1.546716599999999971e+03 -3.241646063787241960e+00
1.551600799999999936e+03 -3.240206762550105424e+00
1.601220900000000029e+03 -3.242562177062170203e+00
1.615817000000000007e+03 -3.240627489080523116e+00
1.648290199999999913e+03 -3.239078787933975967e+00
1.666970800000000054e+03 -3.240020144610197939e+00
1.694108799999999974e+03 -3.238205051875807872e+00
1.708142900000000054e+03 -3.237271320362335114e+00
1.750115399999999909e+03 -3.239383903542450760e+00
1.772732299999999896e+03 -3.239791630532561140e+00
1.807353399999999965e+03 -3.239620308918950364e+00
1.809158699999999953e+03 -3.234273866121740948e+00
1.852307199999999966e+03 -3.234587018684309534e+00
1.867866299999999910e+03 -3.235616734184310950e+00
1.900389400000000023e+03 -3.235059510425269735e+00
1.905721800000000030e+03 -3.231702289901719816e+00
1.939631499999999960e+03 -3.232163818877604733e+00
1.962734200000000101e+03 -3.231529569197333362e+00
2.010095600000000104e+03 -3.229858514414387649e+00
2.019451600000000099e+03 -3.232959854405360822e+00
2.048935800000000199e+03 -3.228390421781649700e+00
2.070681300000000192e+03 -3.228819465200851724e+00
2.075115400000000136e+03 -3.225262277590491777e+00
2.103328500000000076e+03 -3.227851366302716407e+00
2.146908399999999801e+03 -3.228568940751340488e+00
2.166231600000000071e+03 -3.226339459162119283e+00
2.175614500000000135e+03 -3.224109110961278724e+00
2.200528899999999794e+03 -3.224842214269103113e+00
2.245489799999999832e+03 -3.225243692560621156e+00
2.250299700000000030e+03 -3.222081896097014564e+00
2.297900500000000193e+03 -3.220750870609837335e+00
2.313920700000000124e+03 -3.222384574903465193e+00
2.338303800000000138e+03 -3.220956919296847243e+00
2.374099400000000060e+03 -3.225339534628793636e+00
2.397262400000000071e+03 -3.215897038974834476e+00
2.403009500000000116e+03 -3.217549530219524723e+00
2.465024499999999989e+03 -3.228624182575630552e+00
