1.003253799999999956e+02 -2.817119702653074764e+00
1.265268099999999976e+02 -2.816650723221630237e+00
1.500427799999999934e+02 -2.816658982733803107e+00
1.760294100000000128e+02 -2.816460088939318762e+00
2.002022200000000112e+02 -2.816283076304994637e+00
2.250610599999999977e+02 -2.815753393694262474e+00
2.518327999999999918e+02 -2.815687295490568509e+00
2.743224999999999909e+02 -2.814808118801175318e+00
3.023703399999999988e+02 -2.814622752374015935e+00
3.219150399999999763e+02 -2.812777776991045808e+00
3.525372600000000034e+02 -2.813612762983713100e+00
3.715601100000000088e+02 -2.811024136873469192e+00
3.995456500000000233e+02 -2.810369733656589819e+00
4.225841899999999782e+02 -2.809329980180398589e+00
4.506422200000000089e+02 -2.808642617499159666e+00
4.739183600000000069e+02 -2.806164695436595302e+00
5.046244300000000180e+02 -2.804876334916345026e+00
5.217725199999999859e+02 -2.801546430918716357e+00
5.503306199999999535e+02 -2.800547118932376733e+00
5.720864699999999630e+02 -2.796505196672978144e+00
6.049847499999999627e+02 -2.795977592135765022e+00
6.213262999999999465e+02 -2.791102778071231860e+00
6.515433799999999565e+02 -2.789731002068805310e+00
6.677291500000000042e+02 -2.784267676407897518e+00
7.047658900000000131e+02 -2.784688635365224041e+00
7.189847600000000511e+02 -2.780658664876172192e+00
7.491490099999999757e+02 -2.780042465950445685e+00
7.722429300000000012e+02 -2.776029292689676353e+00
8.027931300000000192e+02 -2.774227605936425700e+00
8.145670999999999822e+02 -2.768726174463401968e+00
8.589837700000000495e+02 -2.771575448185993551e+00
8.606696100000000342e+02 -2.763774756021989187e+00
8.936640499999999747e+02 -2.763267074874836915e+00
9.146527399999999943e+02 -2.759689608896053858e+00
9.498839699999999766e+02 -2.759941334541746727e+00
9.638294600000000401e+02 -2.755442867775351967e+00
1.014740499999999997e+03 -2.751227069917271173e+00
1.018016200000000026e+03 -2.758818306188515201e+00
1.043984799999999950e+03 -2.749161158770403901e+00
1.076233300000000099e+03 -2.751898709743150206e+00
1.101255799999999908e+03 -2.748406044418494343e+00
1.120733999999999924e+03 -2.745283242411707736e+00
1.150510199999999941e+03 -2.744273472240138734e+00
1.157203899999999976e+03 -2.737788121947887898e+00
1.195082100000000082e+03 -2.739058662696582047e+00
1.215152499999999918e+03 -2.736122744089533043e+00
1.256813000000000102e+03 -2.737402430100173589e+00
1.269734400000000051e+03 -2.734142625002377258e+00
1.297698799999999892e+03 -2.731843279776595690e+00
1.311975200000000086e+03 -2.728305995900863756e+00
1.362968900000000076e+03 -2.728637722397178944e+00
1.370265699999999924e+03 -2.726700357515781104e+00
1.401426600000000008e+03 -2.725994265133932171e+00
1.415381900000000087e+03 -2.723974062109151273e+00
1.443190800000000081e+03 -2.722303609241875755e+00
1.466267399999999952e+03 -2.720180116771666157e+00
1.497677799999999934e+03 -2.718607729259361783e+00
1.504959299999999985e+03 -2.715323186959444524e+00
1.551977399999999989e+03 -2.715151515815044547e+00
1.573128600000000006e+03 -2.714288970516483435e+00
1.617593800000000101e+03 -2.711686155567473833e+00
1.620192399999999907e+03 -2.717323241556064417e+00
1.642880799999999908e+03 -2.707744262408249725e+00
1.662769199999999955e+03 -2.707370849457022111e+00
1.701154600000000073e+03 -2.706610136172805436e+00
1.711233500000000049e+03 -2.704412608119693306e+00
1.753625500000000102e+03 -2.706416614144765198e+00
1.759152199999999993e+03 -2.700817134725469248e+00
1.801416699999999992e+03 -2.700722384632100237e+00
1.805736599999999953e+03 -2.695319166822405688e+00
1.857382499999999936e+03 -2.694218950440985250e+00
1.870039600000000064e+03 -2.698731241897818656e+00
1.903204899999999952e+03 -2.695057676506079414e+00
1.915300199999999904e+03 -2.694014645990554513e+00
1.945454400000000078e+03 -2.691276878860361599e+00
1.959659000000000106e+03 -2.689166382329048588e+00
2.007467100000000073e+03 -2.684461307066432489e+00
2.008272999999999911e+03 -2.688316147345158225e+00
2.058851400000000012e+03 -2.682635768003420296e+00
2.059474999999999909e+03 -2.688669665732697389e+00
2.090588200000000143e+03 -2.684948850337103288e+00
2.100079900000000180e+03 -2.678179205939324792e+00
2.149023000000000138e+03 -2.679271468949690593e+00
2.158010699999999815e+03 -2.679325530110693077e+00
2.191404300000000148e+03 -2.680609163116641991e+00
2.217670200000000023e+03 -2.675207837640607877e+00
2.263615299999999934e+03 -2.674281113327113601e+00
2.271106800000000021e+03 -2.674633599878348367e+00
2.299319199999999910e+03 -2.669818223075446362e+00
2.310433399999999892e+03 -2.668786162788741922e+00
2.333425200000000132e+03 -2.671510023222066543e+00
2.358481699999999819e+03 -2.664862601879222304e+00
2.403782799999999952e+03 -2.665068240734155047e+00
2.421945299999999861e+03 -2.668891280065185612e+00
2.442282700000000204e+03 -2.658617913650188846e+00
