1.029296899999999937e+02 1.542031090983106090e+01
1.273649599999999964e+02 1.543464125788723784e+01
1.512291400000000010e+02 1.544794422959495250e+01
1.760807499999999948e+02 1.546537451658864093e+01
2.011129200000000026e+02 1.548273865255444903e+01
2.236927300000000116e+02 1.549315693059230625e+01
2.488060700000000054e+02 1.551107622633828598e+01
2.730731900000000110e+02 1.553047730510889402e+01
2.984752500000000168e+02 1.553700081416649859e+01
3.239945200000000227e+02 1.555902656218196611e+01
3.496799199999999814e+02 1.557442041522491394e+01
3.674897100000000023e+02 1.559942804803582383e+01
3.953737399999999980e+02 1.561280276816608925e+01
4.209516100000000165e+02 1.563764858538571190e+01
4.465027299999999855e+02 1.564423875432525968e+01
4.705692000000000235e+02 1.567124923671890890e+01
4.945005300000000261e+02 1.569267097496437913e+01
5.196112200000000030e+02 1.570509057602279590e+01
5.456597199999999930e+02 1.573661357622633794e+01
5.669559100000000171e+02 1.574085436596784149e+01
6.002404299999999466e+02 1.576852076124567326e+01
6.199637500000000045e+02 1.578372379401587544e+01
6.504880200000000059e+02 1.580734937919804750e+01
6.714179000000000315e+02 1.582948453083655771e+01
6.989903000000000475e+02 1.583765978017504672e+01
7.205053500000000213e+02 1.587511958070425244e+01
7.457400400000000218e+02 1.589988296356604991e+01
7.715738499999999931e+02 1.592591949928760364e+01
7.930862200000000257e+02 1.595253969061673160e+01
8.192084499999999707e+02 1.597387543252595066e+01
8.471081799999999475e+02 1.599739517606350425e+01
8.696560500000000502e+02 1.602371768776714589e+01
9.032082000000000335e+02 1.606824903317728470e+01
9.190211100000000215e+02 1.609438123346224359e+01
9.503991800000000012e+02 1.612171738245471175e+01
9.612933199999999943e+02 1.615347191125585269e+01
9.983460199999999531e+02 1.618050223895786743e+01
1.008803400000000011e+03 1.621853958884591762e+01
1.039168499999999995e+03 1.623812029309993932e+01
1.074544399999999996e+03 1.627626297577854686e+01
1.098714999999999918e+03 1.628807958477508677e+01
1.118546199999999999e+03 1.634459749643802340e+01
1.151926400000000058e+03 1.636186902096478946e+01
1.160535399999999981e+03 1.642141308772643882e+01
1.197255000000000109e+03 1.641617290860981271e+01
1.204284699999999930e+03 1.648851312843476435e+01
1.245385399999999890e+03 1.648030633014451496e+01
1.255098899999999958e+03 1.655609810706289409e+01
1.296772500000000036e+03 1.655040555668634283e+01
1.319438000000000102e+03 1.658989263179320162e+01
1.342800899999999956e+03 1.661748473437818063e+01
1.363624299999999948e+03 1.666105587217586148e+01
1.407507700000000114e+03 1.671227406879706834e+01
1.421123000000000047e+03 1.672088337064929675e+01
1.454322400000000016e+03 1.676241400366374990e+01
1.470662199999999984e+03 1.678611947893344336e+01
1.505047399999999925e+03 1.685741095053938565e+01
1.506660399999999981e+03 1.686413749236719184e+01
1.555619899999999916e+03 1.690077447588031845e+01
1.572547199999999975e+03 1.691733462243028896e+01
1.585580099999999902e+03 1.698107724404640706e+01
1.610237399999999980e+03 1.698227559535925124e+01
1.657516699999999901e+03 1.706103806228373898e+01
1.662004100000000108e+03 1.708336657846529505e+01
1.715873900000000049e+03 1.713677335640138466e+01
1.720353100000000040e+03 1.713477101567270466e+01
1.730546399999999949e+03 1.719189751679218148e+01
1.764075900000000047e+03 1.723053531447180831e+01
1.791306299999999965e+03 1.727244453490738962e+01
1.813608999999999924e+03 1.730134490128231306e+01
1.855839899999999943e+03 1.735177233869326585e+01
1.859044300000000021e+03 1.736486260940362314e+01
1.887254200000000083e+03 1.741553785874211258e+01
1.909923000000000002e+03 1.745369580704254275e+01
1.949698000000000093e+03 1.749043354365967673e+01
1.956828199999999924e+03 1.750721249745572905e+01
1.990252700000000004e+03 1.756313148788927236e+01
2.016857799999999997e+03 1.760562334622430569e+01
2.046784000000000106e+03 1.762280683899857792e+01
2.070115699999999833e+03 1.763548035823325932e+01
2.125934299999999894e+03 1.770046712802768241e+01
2.127061499999999796e+03 1.767443110116018801e+01
2.149752500000000055e+03 1.774985345003053183e+01
2.184462500000000091e+03 1.778849938937512931e+01
2.200500100000000202e+03 1.790279666191736396e+01
2.200739500000000135e+03 1.782757683696315709e+01
2.235199799999999868e+03 1.792293557907592216e+01
2.249665800000000218e+03 1.797406523509057763e+01
2.288427000000000135e+03 1.801442092407897633e+01
2.324146299999999883e+03 1.805481986566252672e+01
2.340968600000000151e+03 1.812775748015469190e+01
2.364845699999999852e+03 1.815434357826175216e+01
2.388935100000000148e+03 1.819989975575004948e+01
2.409787600000000111e+03 1.821685782617545257e+01
2.439088600000000042e+03 1.824839558314675259e+01
