1.001523799999999937e+02 -3.306393216038351568e+00
1.279974899999999991e+02 -3.306164904555568995e+00
1.495729800000000012e+02 -3.305493921287557590e+00
1.765069399999999860e+02 -3.305184445711691676e+00
2.000207599999999957e+02 -3.304620604525132510e+00
2.237158100000000047e+02 -3.303388573175648268e+00
2.512764799999999923e+02 -3.303608252816715218e+00
2.746211599999999748e+02 -3.301422525589031043e+00
2.968171899999999823e+02 -3.300002998256801323e+00
3.220484200000000214e+02 -3.297440082516544635e+00
3.461335300000000075e+02 -3.296643308331427491e+00
3.703873600000000010e+02 -3.290962256245752560e+00
4.019323999999999728e+02 -3.291005838076670464e+00
4.220235900000000129e+02 -3.284300156707933294e+00
4.526589399999999728e+02 -3.284257558031792534e+00
4.739033900000000017e+02 -3.277728757410654836e+00
5.013712800000000129e+02 -3.276380079500475162e+00
5.203264599999999973e+02 -3.270366011047562527e+00
5.476355499999999665e+02 -3.268670306229162215e+00
5.743498600000000351e+02 -3.266303181703382297e+00
6.053890800000000354e+02 -3.264803827204798559e+00
6.183707100000000310e+02 -3.257840276660978418e+00
6.586734199999999646e+02 -3.258529480203434137e+00
6.661253799999999501e+02 -3.253147849090778809e+00
6.999137699999999995e+02 -3.253722124486480016e+00
7.237575199999999995e+02 -3.250393230752736340e+00
7.483740900000000238e+02 -3.248018095436738584e+00
7.672183499999999867e+02 -3.244602972553931153e+00
8.144097199999999930e+02 -3.245194546202402996e+00
8.219315699999999651e+02 -3.241271141808654832e+00
8.599469599999999900e+02 -3.241298602190862077e+00
8.742524200000000292e+02 -3.238001326323998619e+00
8.929798600000000306e+02 -3.235233644097997185e+00
9.164225999999999885e+02 -3.233450429962347439e+00
9.432424200000000383e+02 -3.230766901839599026e+00
9.647589500000000271e+02 -3.230178172675773673e+00
9.993788100000000441e+02 -3.231376670941196849e+00
1.023154099999999971e+03 -3.229018680603523261e+00
1.044374099999999999e+03 -3.225298081865501487e+00
1.069616299999999910e+03 -3.225251334065036612e+00
1.107658300000000054e+03 -3.226587627661614555e+00
1.111772500000000036e+03 -3.220340066013131608e+00
1.155236900000000105e+03 -3.220707356010271916e+00
1.163184400000000096e+03 -3.219359388539665190e+00
1.204844399999999951e+03 -3.218118947325767198e+00
1.214717599999999948e+03 -3.218022119195316222e+00
1.244953199999999924e+03 -3.215730390497174795e+00
1.260803499999999985e+03 -3.214535315755108869e+00
1.298869099999999889e+03 -3.215524820130474470e+00
1.320889799999999923e+03 -3.214126728155358492e+00
1.346779500000000098e+03 -3.209726559864889417e+00
1.367632700000000114e+03 -3.212986090227381020e+00
1.399297000000000025e+03 -3.211261856694447303e+00
1.422417699999999968e+03 -3.212081680278908724e+00
1.446091699999999946e+03 -3.207676081703700000e+00
1.467158200000000079e+03 -3.208941191977273455e+00
1.511776499999999942e+03 -3.211194616308277627e+00
1.517422000000000025e+03 -3.207291328394695995e+00
1.563029700000000048e+03 -3.208376758661950934e+00
1.563196599999999989e+03 -3.205656013918907199e+00
1.599701900000000023e+03 -3.204489605409956976e+00
1.613392599999999902e+03 -3.202525361949678739e+00
1.651431900000000041e+03 -3.205049437086569863e+00
1.668539199999999937e+03 -3.202985601129225035e+00
1.678613100000000031e+03 -3.200802554952447476e+00
1.722190000000000055e+03 -3.204036807535625808e+00
1.744278399999999920e+03 -3.201023202906892795e+00
1.770898100000000113e+03 -3.202824628157729059e+00
1.790892499999999927e+03 -3.199903511457502070e+00
1.802417500000000018e+03 -3.196435161835350591e+00
1.822771600000000035e+03 -3.198092990374317157e+00
1.857965400000000045e+03 -3.198342061805854009e+00
1.896641900000000078e+03 -3.197015294894503423e+00
1.923110699999999952e+03 -3.200508271265953830e+00
1.958068099999999959e+03 -3.201563112368734920e+00
1.968734600000000000e+03 -3.198906306001898070e+00
2.011853800000000092e+03 -3.200788262925637895e+00
2.016454199999999901e+03 -3.198204863023895506e+00
2.053469599999999900e+03 -3.197788481433410990e+00
2.060073600000000170e+03 -3.197812203252768271e+00
2.112036200000000008e+03 -3.195980863993819199e+00
2.117607599999999820e+03 -3.197455682120134313e+00
2.126550299999999879e+03 -3.191066194558546787e+00
2.161713699999999790e+03 -3.197230620907096643e+00
2.200314600000000155e+03 -3.194411533582870888e+00
2.205573199999999815e+03 -3.195507349087512772e+00
2.235510900000000220e+03 -3.196032613007646184e+00
2.247932600000000093e+03 -3.192284374544499759e+00
2.289113699999999881e+03 -3.196997982817462169e+00
2.312105399999999918e+03 -3.197731129428106556e+00
2.357244099999999889e+03 -3.195196535107785785e+00
2.358997400000000198e+03 -3.196909415405981836e+00
2.404320499999999811e+03 -3.198903359244200661e+00
2.414362599999999929e+03 -3.196915989956422344e+00
2.466561599999999999e+03 -3.199637419597365362e+00
