9.955912499999999454e+01 -3.479514781658709754e+00
1.272390099999999933e+02 -3.479402111607639014e+00
1.502121400000000051e+02 -3.479403203280084345e+00
1.756484199999999873e+02 -3.479020205249895525e+00
2.010504099999999994e+02 -3.479043821912552570e+00
2.239979399999999998e+02 -3.478546335369485654e+00
2.508014000000000010e+02 -3.478291816208268106e+00
2.703444299999999885e+02 -3.477455619355548144e+00
3.009241999999999848e+02 -3.477924705470770927e+00
3.245359599999999887e+02 -3.477906944969773484e+00
3.543754500000000007e+02 -3.477903003244189772e+00
3.695069500000000176e+02 -3.476056044957379854e+00
4.034256500000000187e+02 -3.477225172340513648e+00
4.219020100000000184e+02 -3.475613474483490783e+00
4.533149900000000230e+02 -3.475274554685301442e+00
4.690313600000000065e+02 -3.473761475545444011e+00
5.062709300000000212e+02 -3.474375262931247654e+00
5.211389900000000353e+02 -3.472948801828652954e+00
5.546143799999999828e+02 -3.472231494911725669e+00
5.686100599999999758e+02 -3.470887108490583461e+00
5.964496199999999817e+02 -3.468751551108932851e+00
6.156499800000000278e+02 -3.467820457448643534e+00
6.489108499999999822e+02 -3.467369899232044528e+00
6.682187800000000379e+02 -3.465667153943670975e+00
7.013163200000000188e+02 -3.465181139429342583e+00
7.227952199999999721e+02 -3.463985083952508148e+00
7.482742100000000391e+02 -3.461007641860859518e+00
7.672684299999999666e+02 -3.458443723016848104e+00
8.013957100000000082e+02 -3.456940535967234052e+00
8.138639399999999569e+02 -3.454562915891997488e+00
8.483080700000000434e+02 -3.454700871488209923e+00
8.732446800000000167e+02 -3.452922924339211441e+00
8.926202500000000555e+02 -3.448452299980266922e+00
9.112932600000000321e+02 -3.446270332796912861e+00
9.526523899999999685e+02 -3.448021772818898878e+00
9.616234399999999596e+02 -3.441829467746762017e+00
1.000677099999999996e+03 -3.441829544729427592e+00
1.011287500000000023e+03 -3.435976981579289546e+00
1.045976300000000037e+03 -3.436185160542268857e+00
1.064928200000000061e+03 -3.433084604005645968e+00
1.087144900000000007e+03 -3.430341700556752027e+00
1.125143199999999979e+03 -3.428879092518224425e+00
1.141021199999999908e+03 -3.425547274849283674e+00
1.159287399999999934e+03 -3.421519960065120269e+00
1.201188699999999926e+03 -3.422154285213100611e+00
1.220161800000000085e+03 -3.420227996190468467e+00
1.248345299999999952e+03 -3.416838182967813164e+00
1.266827099999999973e+03 -3.414062259462352422e+00
1.311457699999999932e+03 -3.408273168493590521e+00
1.313496599999999944e+03 -3.414894657164301517e+00
1.338033899999999903e+03 -3.403119169418838297e+00
1.368026399999999967e+03 -3.406709689177674694e+00
1.393707000000000107e+03 -3.401039812023328945e+00
1.421519299999999930e+03 -3.402380873173611597e+00
1.458868099999999913e+03 -3.401057653421418525e+00
1.466641699999999901e+03 -3.396238055208776974e+00
1.509969200000000001e+03 -3.391961059061395112e+00
1.512650499999999965e+03 -3.397098712515378871e+00
1.550098600000000033e+03 -3.384684178241604613e+00
1.557946300000000065e+03 -3.391415539733011020e+00
1.606899799999999914e+03 -3.384729756565167058e+00
1.609612000000000080e+03 -3.385656540152851335e+00
1.654491400000000112e+03 -3.383603812495356689e+00
1.655598999999999933e+03 -3.379155872737038990e+00
1.703358999999999924e+03 -3.379858370808464851e+00
1.714145400000000109e+03 -3.375636896415314059e+00
1.738064100000000053e+03 -3.371677724769510220e+00
1.773953099999999949e+03 -3.374074715862992679e+00
1.802136500000000069e+03 -3.374337227694106822e+00
1.813705899999999929e+03 -3.369079725376879608e+00
1.829447599999999966e+03 -3.364588154855700175e+00
1.853103900000000067e+03 -3.364499779786060518e+00
1.912722800000000007e+03 -3.368813276732318229e+00
1.932065000000000055e+03 -3.366079089679622438e+00
1.962751600000000053e+03 -3.360226058080835188e+00
1.967912299999999959e+03 -3.364606863692573668e+00
2.024792300000000068e+03 -3.359395793234344119e+00
2.027372399999999971e+03 -3.363380885124870989e+00
2.046062200000000075e+03 -3.353725749840269721e+00
2.048248199999999997e+03 -3.349983475623302454e+00
2.097994599999999991e+03 -3.350911893326882662e+00
2.107125500000000102e+03 -3.350382579668103045e+00
2.154512999999999920e+03 -3.351064140359809151e+00
2.163495699999999943e+03 -3.348100930903762151e+00
2.203578399999999874e+03 -3.343371004275258240e+00
2.214018900000000031e+03 -3.345262784417942559e+00
2.251238100000000031e+03 -3.341014700827492856e+00
2.256523299999999836e+03 -3.346899959621596032e+00
2.306422599999999875e+03 -3.338943978701331528e+00
2.315564300000000003e+03 -3.342318841140613728e+00
2.342241300000000138e+03 -3.338597017298498226e+00
2.359824300000000221e+03 -3.338611888958587848e+00
2.382960700000000088e+03 -3.333696151928458029e+00
2.420652500000000146e+03 -3.336668911649363078e+00
2.460932699999999841e+03 -3.338186511255704758e+00
