9.970425199999999677e+01 -3.832085019193643305e+00
9.995889099999999416e+01 -3.832174815471008689e+00
1.270101099999999974e+02 -3.831952696221351928e+00
1.505812099999999987e+02 -3.831877049987807649e+00
1.519398199999999974e+02 -3.832042800416265216e+00
1.757092299999999909e+02 -3.831700998102838707e+00
2.005367899999999963e+02 -3.831870587019070129e+00
2.012364900000000034e+02 -3.831408841606195548e+00
2.244569999999999936e+02 -3.831036474983189777e+00
2.483644299999999987e+02 -3.830611485279033612e+00
2.513658800000000042e+02 -3.830605005856237533e+00
2.722443200000000161e+02 -3.829862258085983573e+00
2.975866300000000138e+02 -3.829208732459994824e+00
3.008880100000000084e+02 -3.829992033942204888e+00
3.205387000000000057e+02 -3.828407361587951918e+00
3.449430399999999963e+02 -3.828023411884156513e+00
3.524559699999999793e+02 -3.828236160682724432e+00
3.697409900000000107e+02 -3.826167790560790039e+00
3.994673300000000040e+02 -3.826701562501884535e+00
4.058205800000000067e+02 -3.825517370692204100e+00
4.192095699999999852e+02 -3.822350765257756855e+00
4.483528999999999769e+02 -3.821475624956329309e+00
4.543821699999999737e+02 -3.823003729159019759e+00
4.662651099999999929e+02 -3.817405850241025966e+00
4.995036799999999744e+02 -3.817026516649833390e+00
5.004740300000000275e+02 -3.818314161592117006e+00
5.184538099999999758e+02 -3.812556074484935831e+00
5.415566599999999653e+02 -3.811132580049168883e+00
5.528015599999999949e+02 -3.812352861133622373e+00
5.707504699999999502e+02 -3.808018352645692328e+00
6.012892000000000507e+02 -3.806495096964626956e+00
6.022085200000000214e+02 -3.806748381307031082e+00
6.152814899999999625e+02 -3.801944104464270335e+00
6.432190799999999626e+02 -3.800626531759581983e+00
6.520550600000000259e+02 -3.803210218234397200e+00
6.702139200000000301e+02 -3.798315900920962829e+00
6.936877500000000509e+02 -3.795288129013574263e+00
6.985717200000000275e+02 -3.797326327852783567e+00
7.200453800000000228e+02 -3.793784321761750622e+00
7.507503100000000131e+02 -3.791747905486670955e+00
7.553565899999999829e+02 -3.792942994947209101e+00
7.707100500000000238e+02 -3.789047372553160375e+00
7.984439300000000230e+02 -3.787545445326911953e+00
7.986979199999999537e+02 -3.787960689538269143e+00
8.228763500000000022e+02 -3.785965060581681474e+00
8.365565100000000029e+02 -3.783519922160764271e+00
8.497360700000000406e+02 -3.782716129919076575e+00
8.727274999999999636e+02 -3.781804997488555031e+00
8.928310999999999922e+02 -3.777824079409898506e+00
9.014962000000000444e+02 -3.778534412310825985e+00
9.165571999999999662e+02 -3.776977339504158149e+00
9.497274099999999635e+02 -3.776212991745599989e+00
9.514308800000000019e+02 -3.776810659445132945e+00
9.705511000000000195e+02 -3.775121365809228635e+00
9.950695600000000240e+02 -3.771616043168463772e+00
1.006409899999999993e+03 -3.772524136004877793e+00
1.019417699999999968e+03 -3.771262903542586642e+00
1.050434199999999919e+03 -3.770756403336519735e+00
1.051983799999999974e+03 -3.768715778431511509e+00
1.061837600000000066e+03 -3.767249137538740911e+00
1.089415999999999940e+03 -3.765975995893504624e+00
1.089893100000000004e+03 -3.763885617036613507e+00
1.116963999999999942e+03 -3.765676320299007784e+00
1.142474400000000060e+03 -3.762160794368992978e+00
1.148989600000000110e+03 -3.764336249219454089e+00
1.156973700000000008e+03 -3.760843408140920108e+00
1.205429399999999987e+03 -3.763028984647781350e+00
1.211252400000000080e+03 -3.763585180598548519e+00
1.212228100000000040e+03 -3.760129246277545523e+00
1.242384199999999964e+03 -3.758579788368967112e+00
1.243454199999999901e+03 -3.758508704691951419e+00
1.265632900000000063e+03 -3.757826606430134220e+00
1.290772799999999961e+03 -3.754214942675992539e+00
1.303246100000000069e+03 -3.756964676447519302e+00
1.323749700000000075e+03 -3.758273763116504185e+00
1.357597800000000007e+03 -3.753177030608148002e+00
1.362808399999999892e+03 -3.755949018472036549e+00
1.364265100000000075e+03 -3.758174932736117135e+00
1.403522799999999961e+03 -3.755489767076845453e+00
1.404290099999999939e+03 -3.753082287758405577e+00
1.408234200000000101e+03 -3.751112296754329112e+00
1.439832400000000007e+03 -3.752313423661151059e+00
1.458365299999999934e+03 -3.753192426378932467e+00
1.461731600000000071e+03 -3.751234063996228052e+00
1.497137400000000071e+03 -3.749471688849774775e+00
1.508511600000000044e+03 -3.748492341398682370e+00
1.508985699999999952e+03 -3.752796057733132074e+00
1.543683299999999917e+03 -3.749498624433369898e+00
1.562853399999999965e+03 -3.749965671730225658e+00
1.566057099999999991e+03 -3.748571624508994393e+00
1.601768100000000004e+03 -3.745480862848619807e+00
1.605304100000000062e+03 -3.749104128265773550e+00
1.621997900000000072e+03 -3.749236874887831750e+00
1.639008199999999988e+03 -3.745640329688403991e+00
1.648539399999999887e+03 -3.746614308184653463e+00
1.672678900000000112e+03 -3.748467713358612841e+00
1.685227499999999964e+03 -3.743260422736888859e+00
1.722354800000000068e+03 -3.746462629609708550e+00
1.728528199999999970e+03 -3.749889229784542977e+00
1.756620499999999993e+03 -3.742702126946960473e+00
1.760807299999999941e+03 -3.741354465535302154e+00
1.773629300000000057e+03 -3.746565401580126409e+00
1.792553699999999935e+03 -3.741753023757404151e+00
1.797261099999999942e+03 -3.744936294238215169e+00
1.819299500000000080e+03 -3.744864170290197691e+00
1.846114700000000084e+03 -3.743137670887089818e+00
1.849867500000000064e+03 -3.741602297892324014e+00
1.859053799999999910e+03 -3.743111578575196052e+00
1.893927899999999909e+03 -3.741188951731210466e+00
1.905063000000000102e+03 -3.742806707293018231e+00
1.907493799999999965e+03 -3.740555359702348870e+00
1.940143700000000081e+03 -3.741228860497363584e+00
1.956373700000000099e+03 -3.737554040208058481e+00
1.959623199999999997e+03 -3.743019838490742046e+00
1.996285000000000082e+03 -3.738399689283841809e+00
2.018540700000000015e+03 -3.741123819057867284e+00
2.020869899999999916e+03 -3.740101090843425347e+00
2.049520799999999781e+03 -3.739628262889537869e+00
2.053098800000000210e+03 -3.738937279283516713e+00
2.057019299999999930e+03 -3.738184981225464831e+00
2.086125500000000102e+03 -3.737646975236746272e+00
2.105327099999999973e+03 -3.738269224734264817e+00
2.119617400000000089e+03 -3.738800413178001047e+00
2.141370100000000093e+03 -3.737951753519623388e+00
2.153793700000000172e+03 -3.736524533417110217e+00
2.173417100000000119e+03 -3.742021092234064650e+00
2.192471599999999853e+03 -3.734434236717776301e+00
2.193975300000000061e+03 -3.733343225496553508e+00
2.205690200000000004e+03 -3.735608733714545160e+00
2.233731499999999869e+03 -3.731238997959406056e+00
2.244961200000000190e+03 -3.734860906227584820e+00
2.257094799999999850e+03 -3.734231858034140927e+00
2.297530699999999797e+03 -3.736197301292899287e+00
2.302485599999999977e+03 -3.733654254209584078e+00
2.322958200000000033e+03 -3.737965707384228065e+00
2.351332600000000184e+03 -3.733211801687918552e+00
2.355595899999999801e+03 -3.730947676463098439e+00
2.369560199999999895e+03 -3.738096653363987443e+00
2.391434799999999996e+03 -3.734921630221657907e+00
2.395949300000000221e+03 -3.727709113221589377e+00
2.402060100000000148e+03 -3.731469672529257764e+00
2.444039600000000064e+03 -3.735672453299071716e+00
