9.970425199999999677e+01 1.737715855892529859e+01
9.995889099999999416e+01 1.737709596987583893e+01
1.270101099999999974e+02 1.740607571748422444e+01
1.505812099999999987e+02 1.744011500101770906e+01
1.519398199999999974e+02 1.743391766741298454e+01
1.757092299999999909e+02 1.745799816812538197e+01
2.005367899999999963e+02 1.748728577244046534e+01
2.012364900000000034e+02 1.749206442092407698e+01
2.244569999999999936e+02 1.752022949318135403e+01
2.483644299999999987e+02 1.756207612456747214e+01
2.513658800000000042e+02 1.756354620394870736e+01
2.722443200000000161e+02 1.759088082637899575e+01
2.975866300000000138e+02 1.763201150010176832e+01
3.008880100000000084e+02 1.761847547323427676e+01
3.205387000000000057e+02 1.765882912680643102e+01
3.449430399999999963e+02 1.768166242621616391e+01
3.524559699999999793e+02 1.767655251373905756e+01
3.697409900000000107e+02 1.772723692245063987e+01
3.994673300000000040e+02 1.775053785874211343e+01
4.058205800000000067e+02 1.777042641970282943e+01
4.192095699999999852e+02 1.782812385507836339e+01
4.483528999999999769e+02 1.785818746183594286e+01
4.543821699999999737e+02 1.787603042947282717e+01
4.662651099999999929e+02 1.793335589253002382e+01
4.995036799999999744e+02 1.797653012416039076e+01
5.004740300000000275e+02 1.796921229391410790e+01
5.184538099999999758e+02 1.805992163647465887e+01
5.415566599999999653e+02 1.809458731935680831e+01
5.528015599999999949e+02 1.811226287400773316e+01
5.707504699999999502e+02 1.815958070425402227e+01
6.012892000000000507e+02 1.821381335233055054e+01
6.022085200000000214e+02 1.821503714634642535e+01
6.152814899999999625e+02 1.827637543252595265e+01
6.432190799999999626e+02 1.832292184001628144e+01
6.520550600000000259e+02 1.832783126399348461e+01
6.702139200000000301e+02 1.840232495420313441e+01
6.936877500000000509e+02 1.845312181966212250e+01
6.985717200000000275e+02 1.844025697130063079e+01
7.200453800000000228e+02 1.850790810095664440e+01
7.507503100000000131e+02 1.856434866680236340e+01
7.553565899999999829e+02 1.855214024017911356e+01
7.707100500000000238e+02 1.861031905149603105e+01
7.984439300000000230e+02 1.867071544880928258e+01
7.986979199999999537e+02 1.863652503561978335e+01
8.228763500000000022e+02 1.871096936698554813e+01
8.365565100000000029e+02 1.875607266435986276e+01
8.497360700000000406e+02 1.877222369224506338e+01
8.727274999999999636e+02 1.882728628129452630e+01
8.928310999999999922e+02 1.888116425809078081e+01
9.014962000000000444e+02 1.889838489721147852e+01
9.165571999999999662e+02 1.891690158762466822e+01
9.497274099999999635e+02 1.898051445145532412e+01
9.514308800000000019e+02 1.896186037044575556e+01
9.705511000000000195e+02 1.902984836148992542e+01
9.950695600000000240e+02 1.908814726236515469e+01
1.006409899999999993e+03 1.908785110930185169e+01
1.019417699999999968e+03 1.911869936902096612e+01
1.050434199999999919e+03 1.917160289029106579e+01
1.051983799999999974e+03 1.921388459189904552e+01
1.061837600000000066e+03 1.921982088337064809e+01
1.089415999999999940e+03 1.925659729289639799e+01
1.089893100000000004e+03 1.928408864237736609e+01
1.116963999999999942e+03 1.931261500101770778e+01
1.142474400000000060e+03 1.937719723183391096e+01
1.148989600000000110e+03 1.935177233869326585e+01
1.156973700000000008e+03 1.939936037044575556e+01
1.205429399999999987e+03 1.945332078159983524e+01
1.211252400000000080e+03 1.943292998168125507e+01
1.212228100000000040e+03 1.946992316303684234e+01
1.242384199999999964e+03 1.953613983309586644e+01
1.243454199999999901e+03 1.954100803989415880e+01
1.265632900000000063e+03 1.957258854060655295e+01
1.290772799999999961e+03 1.964057500508854304e+01
1.303246100000000069e+03 1.963008192550376663e+01
1.323749700000000075e+03 1.965896295542438565e+01
1.357597800000000007e+03 1.974701099124770920e+01
1.362808399999999892e+03 1.973083095868105019e+01
1.364265100000000075e+03 1.973660543456136907e+01
1.403522799999999961e+03 1.978851109301852418e+01
1.404290099999999939e+03 1.981711479747608351e+01
1.408234200000000101e+03 1.983424842255241316e+01
1.439832400000000007e+03 1.986678760431508195e+01
1.458365299999999934e+03 1.988807500508854176e+01
1.461731600000000071e+03 1.992992519845308408e+01
1.497137400000000071e+03 2.001250865051903105e+01
1.508511600000000044e+03 2.000854874821900964e+01
1.508985699999999952e+03 1.996384998982291847e+01
1.543683299999999917e+03 2.005545237125992131e+01
1.562853399999999965e+03 2.009161103195603459e+01
1.566057099999999991e+03 2.007514502340728768e+01
1.601768100000000004e+03 2.017366374923672012e+01
1.605304100000000062e+03 2.013613220028495832e+01
1.621997900000000072e+03 2.015262721351516362e+01
1.639008199999999988e+03 2.021199623447995108e+01
1.648539399999999887e+03 2.023072715245267617e+01
1.672678900000000112e+03 2.021638408304498213e+01
1.685227499999999964e+03 2.031262059841237644e+01
1.722354800000000068e+03 2.031603907999185665e+01
1.728528199999999970e+03 2.026811113372684758e+01
1.756620499999999993e+03 2.040790199470792032e+01
1.760807299999999941e+03 2.046126806431915313e+01
1.773629300000000057e+03 2.038984225524119509e+01
1.792553699999999935e+03 2.048978221046203885e+01
1.797261099999999942e+03 2.043684612253206012e+01
1.819299500000000080e+03 2.048508192550376705e+01
1.846114700000000084e+03 2.052579737431304707e+01
1.849867500000000064e+03 2.054366832892326400e+01
1.859053799999999910e+03 2.055663138611846108e+01
1.893927899999999909e+03 2.063297476083858939e+01
1.905063000000000102e+03 2.067399043354366128e+01
1.907493799999999965e+03 2.062933085691023649e+01
1.940143700000000081e+03 2.071786993690209755e+01
1.956373700000000099e+03 2.074060706289435885e+01
1.959623199999999997e+03 2.069675961734174408e+01
1.996285000000000082e+03 2.082767453694280491e+01
2.018540700000000015e+03 2.080653063301445016e+01
2.020869899999999916e+03 2.082165072257276606e+01
2.049520799999999781e+03 2.087754121717891209e+01
2.053098800000000210e+03 2.087478475473234241e+01
2.057019299999999930e+03 2.087963871361693435e+01
2.086125500000000102e+03 2.094351770812131264e+01
2.105327099999999973e+03 2.096482495420313441e+01
2.119617400000000089e+03 2.100459647872990132e+01
2.141370100000000093e+03 2.100103806228373671e+01
2.153793700000000172e+03 2.107243690209648079e+01
2.173417100000000119e+03 2.101415174028088728e+01
2.192471599999999853e+03 2.115250610624872607e+01
2.193975300000000061e+03 2.117673010380622856e+01
2.205690200000000004e+03 2.113594443313657578e+01
2.233731499999999869e+03 2.125600040708324912e+01
2.244961200000000190e+03 2.123989466720944463e+01
2.257094799999999850e+03 2.124588286179523777e+01
2.297530699999999797e+03 2.130159118664766993e+01
2.302485599999999977e+03 2.134986311825768368e+01
2.322958200000000033e+03 2.131640698147771218e+01
2.351332600000000184e+03 2.140733156930592429e+01
2.355595899999999801e+03 2.145329381233462129e+01
2.369560199999999895e+03 2.137580653368613781e+01
2.391434799999999996e+03 2.147323987380419297e+01
2.395949300000000221e+03 2.153175503765519849e+01
2.402060100000000148e+03 2.151433391003460116e+01
2.444039600000000064e+03 2.153331009566456444e+01
