1.206926899999999989e+02 -6.231741357394120939e+00
1.316164899999999989e+02 -6.231904070438827326e+00
1.681581899999999905e+02 -6.231402730511719668e+00
1.689522399999999891e+02 -6.231717920722561921e+00
1.790673400000000015e+02 -6.231558603115394668e+00
2.161933600000000126e+02 -6.231142679367688508e+00
2.162917300000000012e+02 -6.231072954261795083e+00
2.268690300000000093e+02 -6.231119629746878275e+00
2.647043800000000147e+02 -6.230646902809594323e+00
2.654343200000000138e+02 -6.230922112022281745e+00
2.751358799999999860e+02 -6.230611106934609289e+00
3.136454299999999762e+02 -6.230088269479225005e+00
3.149309099999999830e+02 -6.230501499447489877e+00
3.241078999999999724e+02 -6.229989240397327599e+00
3.638348199999999792e+02 -6.229562310077480625e+00
3.649683499999999867e+02 -6.229937275653694151e+00
3.734317800000000034e+02 -6.229262936715935339e+00
4.115487100000000282e+02 -6.228156714378438430e+00
4.115797200000000089e+02 -6.228231390962761793e+00
4.218358999999999810e+02 -6.228069363581686169e+00
4.626449200000000133e+02 -6.227792928723960841e+00
4.636502300000000218e+02 -6.227975984410519139e+00
4.730187399999999798e+02 -6.227584476661821355e+00
5.083963800000000219e+02 -6.225526861081804419e+00
5.120292200000000093e+02 -6.226522505348749625e+00
5.224972099999999955e+02 -6.226348575187653722e+00
5.569023899999999685e+02 -6.223969846330621891e+00
5.607358100000000150e+02 -6.225008185147821393e+00
5.720879800000000159e+02 -6.225061306557682528e+00
6.101050599999999804e+02 -6.223521170050625884e+00
6.123295000000000528e+02 -6.224157803418341572e+00
6.193340600000000222e+02 -6.222850363948430719e+00
6.572035399999999754e+02 -6.220599364834618505e+00
6.587545999999999822e+02 -6.221044106173888366e+00
6.621277999999999793e+02 -6.219265524728973205e+00
7.139490399999999681e+02 -6.220355202667028571e+00
7.148908999999999878e+02 -6.217933823512867164e+00
7.177679600000000164e+02 -6.221431010124461203e+00
7.565834899999999834e+02 -6.216733254643752815e+00
7.579698600000000397e+02 -6.217047897440776794e+00
7.695228299999999990e+02 -6.216752970356689723e+00
8.105540799999999990e+02 -6.215431299628901840e+00
8.106377499999999827e+02 -6.215513483622905788e+00
8.172741499999999633e+02 -6.214064561743776416e+00
8.579324100000000044e+02 -6.211683713792369943e+00
8.603122600000000375e+02 -6.212349328949809291e+00
8.727850899999999683e+02 -6.212152269122533710e+00
9.073130899999999883e+02 -6.208534683091270878e+00
9.101440700000000561e+02 -6.209314380064952843e+00
9.259538800000000265e+02 -6.209630413263942827e+00
9.552962999999999738e+02 -6.204263132898199196e+00
9.571314999999999600e+02 -6.204700931142828502e+00
9.627145000000000437e+02 -6.203043800003203323e+00
1.005097499999999968e+03 -6.200131831883186173e+00
1.011004699999999957e+03 -6.201608075283565391e+00
1.011765300000000025e+03 -6.198712908253808607e+00
1.053347299999999905e+03 -6.195321628764233424e+00
1.062004200000000083e+03 -6.197593702986519126e+00
1.065112900000000081e+03 -6.195288265517023163e+00
1.106935999999999922e+03 -6.192890518108506548e+00
1.109465400000000045e+03 -6.193586653253365881e+00
1.121831100000000106e+03 -6.193255547689562768e+00
1.156282699999999977e+03 -6.188922607236333917e+00
1.156563100000000077e+03 -6.189031224857125757e+00
1.172658699999999953e+03 -6.189700501340207772e+00
1.209144399999999905e+03 -6.184939823724209695e+00
1.214146199999999908e+03 -6.186293951092324050e+00
1.219114700000000084e+03 -6.184091739236579066e+00
1.258724099999999908e+03 -6.180981771438829320e+00
1.260446200000000090e+03 -6.181478362834244678e+00
1.264672800000000052e+03 -6.178939331650726174e+00
1.298351599999999962e+03 -6.174433067422977928e+00
1.298563300000000027e+03 -6.174480672130863823e+00
1.327019000000000005e+03 -6.177787576490699095e+00
1.361905999999999949e+03 -6.172485880726956253e+00
1.367615299999999934e+03 -6.174041229676872078e+00
1.370793400000000020e+03 -6.171392447105995771e+00
1.403638699999999972e+03 -6.165906916589051434e+00
1.403998900000000049e+03 -6.166022933893002822e+00
1.415030899999999974e+03 -6.164950643013316522e+00
1.458999600000000100e+03 -6.162901998881045174e+00
1.463215200000000095e+03 -6.163925155527480548e+00
1.468848700000000008e+03 -6.161489302724878492e+00
1.507470399999999927e+03 -6.157965232346085394e+00
1.509779099999999971e+03 -6.154694786399012685e+00
1.517131000000000085e+03 -6.160525787682491483e+00
1.553175899999999956e+03 -6.151171203340594751e+00
1.561326299999999947e+03 -6.153312846083033527e+00
1.567944600000000037e+03 -6.151136163373360333e+00
1.608639100000000099e+03 -6.148306715528867095e+00
1.610641699999999901e+03 -6.148768962406018446e+00
1.615743099999999913e+03 -6.146217940738506691e+00
1.645657999999999902e+03 -6.139379993083322162e+00
1.658349600000000009e+03 -6.142664586338811183e+00
1.671143900000000031e+03 -6.142781143796161025e+00
1.699776800000000094e+03 -6.132214155054641402e+00
1.708785800000000108e+03 -6.138314278358340204e+00
1.722352000000000089e+03 -6.141896212694732959e+00
1.744010399999999890e+03 -6.130609018288968315e+00
1.745070400000000063e+03 -6.130910018657723448e+00
1.759209100000000035e+03 -6.130471423177128010e+00
1.803354000000000042e+03 -6.127837351217611861e+00
1.806270999999999958e+03 -6.124555732237106476e+00
1.809115800000000036e+03 -6.129283638634131393e+00
1.860953999999999951e+03 -6.120647902576052068e+00
1.867992999999999938e+03 -6.126453478072617642e+00
1.869402900000000045e+03 -6.126924315790992281e+00
1.895709200000000010e+03 -6.119184004435830104e+00
1.899309600000000046e+03 -6.120122921181164521e+00
1.912915299999999888e+03 -6.118836174320398058e+00
1.954328400000000101e+03 -6.115091338695253675e+00
1.954970000000000027e+03 -6.115229726949592326e+00
1.970241700000000037e+03 -6.115328284475010534e+00
2.001597299999999905e+03 -6.111123625044214691e+00
2.005671599999999899e+03 -6.108993012851931859e+00
2.010110100000000102e+03 -6.113353866861067409e+00
2.046338299999999890e+03 -6.106416911433022676e+00
2.049268599999999878e+03 -6.102463990282879003e+00
2.050430800000000090e+03 -6.107463200517210922e+00
2.093057999999999993e+03 -6.100752669492658598e+00
2.099420099999999820e+03 -6.098615595626916353e+00
2.105689800000000105e+03 -6.104011117322315272e+00
2.155952099999999973e+03 -6.099588374610393160e+00
2.156180499999999938e+03 -6.099688128882462479e+00
2.169484899999999925e+03 -6.098385061314452571e+00
2.188516599999999926e+03 -6.092370369757143855e+00
2.193179000000000087e+03 -6.093529387261346741e+00
2.203695099999999911e+03 -6.092318637420000016e+00
2.244051599999999780e+03 -6.089300039034132972e+00
2.250955599999999777e+03 -6.091069086009989419e+00
2.265912100000000009e+03 -6.090890249246736943e+00
2.311128200000000106e+03 -6.089863248328294176e+00
2.316583799999999883e+03 -6.091349448798871080e+00
2.318825699999999870e+03 -6.086779421489024955e+00
2.337644600000000082e+03 -6.081487754753823083e+00
2.338379399999999805e+03 -6.079263711519208080e+00
2.340029100000000199e+03 -6.082157625153203462e+00
2.393942700000000059e+03 -6.079009571324438532e+00
2.394797799999999825e+03 -6.079202644725288707e+00
2.405074200000000019e+03 -6.079646292408346753e+00
2.455987500000000182e+03 -6.078643423604771279e+00
2.465848300000000108e+03 -6.081248610670110466e+00
