9.997517700000000218e+01 -3.346051913981894277e+00
1.268944599999999951e+02 -3.345695187972545170e+00
1.496048099999999863e+02 -3.345602139799179309e+00
1.763175200000000018e+02 -3.345186718474436827e+00
2.001537099999999896e+02 -3.344949703018965881e+00
2.231229899999999873e+02 -3.343729770893933750e+00
2.494894999999999925e+02 -3.344058403813455538e+00
2.730756000000000085e+02 -3.342233073400121768e+00
2.997772800000000188e+02 -3.341932345888794398e+00
3.214480500000000234e+02 -3.339602043654785302e+00
3.457472999999999956e+02 -3.339191180520783231e+00
3.729358399999999847e+02 -3.335796949026803127e+00
4.006510000000000105e+02 -3.334661035147264307e+00
4.220160599999999818e+02 -3.329573805412269216e+00
4.503172799999999825e+02 -3.328877614650554317e+00
4.735197400000000130e+02 -3.323733382475940523e+00
5.055540399999999863e+02 -3.323591418447541912e+00
5.214027399999999943e+02 -3.316986099013169653e+00
5.504648999999999432e+02 -3.315466475770207033e+00
5.689354299999999967e+02 -3.310843551629555570e+00
6.002639699999999721e+02 -3.310351619833413306e+00
6.183497499999999718e+02 -3.305447213060278333e+00
6.600944299999999885e+02 -3.306490774038918889e+00
6.738861799999999675e+02 -3.301341734007303685e+00
6.965478500000000395e+02 -3.298641199802455404e+00
7.217050799999999526e+02 -3.297039766249222126e+00
7.472459400000000187e+02 -3.295429173659165212e+00
7.668998000000000275e+02 -3.291372086536613839e+00
8.027392700000000332e+02 -3.291265788709938356e+00
8.211964199999999892e+02 -3.288688408218945813e+00
8.479358999999999469e+02 -3.286306622310351866e+00
8.684383199999999761e+02 -3.282963460103332398e+00
9.008949300000000449e+02 -3.281370525067734079e+00
9.132860899999999447e+02 -3.278884084058714343e+00
9.430274600000000191e+02 -3.278381847395685611e+00
9.726335699999999633e+02 -3.277285565373323273e+00
9.885543599999999742e+02 -3.273414992958751490e+00
1.024559099999999944e+03 -3.274689401584522486e+00
1.044369200000000092e+03 -3.271287096005389028e+00
1.070040299999999888e+03 -3.270473148826826826e+00
1.104681800000000067e+03 -3.269809696175069558e+00
1.126337800000000016e+03 -3.269490281484356942e+00
1.152572100000000091e+03 -3.267711358731163251e+00
1.161533200000000079e+03 -3.263080495226762689e+00
1.201565800000000081e+03 -3.261918778973491584e+00
1.215660200000000032e+03 -3.261730078506481334e+00
1.257671399999999949e+03 -3.260797353970682266e+00
1.272521199999999908e+03 -3.260860371358256682e+00
1.302308099999999968e+03 -3.253111305473060266e+00
1.309245699999999943e+03 -3.259303602121073951e+00
1.357016000000000076e+03 -3.255716528060528692e+00
1.374889899999999898e+03 -3.256822021440183956e+00
1.413582200000000057e+03 -3.254181610667922442e+00
1.426383700000000090e+03 -3.253581222222533764e+00
1.466229199999999992e+03 -3.252343607889607746e+00
1.470520199999999932e+03 -3.251901471673594113e+00
1.486490999999999985e+03 -3.247557465128496634e+00
1.523040600000000040e+03 -3.249283589857540289e+00
1.551460700000000088e+03 -3.246600271165077878e+00
1.573384299999999939e+03 -3.248646596548564247e+00
1.600373100000000022e+03 -3.244069393054905159e+00
1.628699800000000096e+03 -3.247211562228018877e+00
1.662881000000000085e+03 -3.245556835231372617e+00
1.668253099999999904e+03 -3.243813887718208555e+00
1.712358300000000099e+03 -3.241597956751968823e+00
1.717420200000000023e+03 -3.243266420271031514e+00
1.755554200000000037e+03 -3.242439595602758740e+00
1.756521199999999908e+03 -3.238491741895979104e+00
1.801143100000000004e+03 -3.238339318962567770e+00
1.810578099999999949e+03 -3.238862567880209209e+00
1.853570099999999911e+03 -3.238449072376225590e+00
1.875531500000000051e+03 -3.236084347504109893e+00
1.889315000000000055e+03 -3.235881373339870581e+00
1.915345199999999977e+03 -3.236454938047155672e+00
1.939755200000000059e+03 -3.233720528097696167e+00
1.965072799999999916e+03 -3.236610838340542529e+00
1.993977799999999888e+03 -3.234300840535711874e+00
2.008770500000000084e+03 -3.232309151392721347e+00
2.056552799999999934e+03 -3.230112264855024229e+00
2.057593100000000049e+03 -3.236472542420244736e+00
2.087959299999999985e+03 -3.230869624254500305e+00
2.120771999999999935e+03 -3.231204792794954983e+00
2.144287699999999859e+03 -3.232366249349821530e+00
2.171249699999999848e+03 -3.230928463950446528e+00
2.207989199999999983e+03 -3.231494389935061662e+00
2.217149399999999787e+03 -3.232265343765304166e+00
2.254772100000000137e+03 -3.227476396894630728e+00
2.271344500000000153e+03 -3.227808575401650337e+00
2.298909099999999853e+03 -3.226805375239271356e+00
2.317414999999999964e+03 -3.226598729081732397e+00
2.359329600000000028e+03 -3.226324015442935345e+00
2.362493399999999838e+03 -3.225328212202635658e+00
2.400311099999999897e+03 -3.222551258232637661e+00
2.411083099999999831e+03 -3.226625369111274289e+00
2.456853399999999965e+03 -3.224456630767025267e+00
