1.027626300000000015e+02 2.322185426419702736e+01
1.274725200000000029e+02 2.323488957866883808e+01
1.504160300000000063e+02 2.324632658253612760e+01
1.761114699999999971e+02 2.325685782617545527e+01
1.997384800000000098e+02 2.326968349277427350e+01
2.257555299999999932e+02 2.327605434561368014e+01
2.503727599999999995e+02 2.328875737838387749e+01
2.728995499999999765e+02 2.329885355180134354e+01
2.981714400000000182e+02 2.331134439242824996e+01
3.213082200000000057e+02 2.332178251577447625e+01
3.496252400000000193e+02 2.332335182169753907e+01
3.704001299999999901e+02 2.334260991247710137e+01
3.965783999999999878e+02 2.336285110930185382e+01
4.183264399999999910e+02 2.336043863220028527e+01
4.448449699999999893e+02 2.339549867697944308e+01
4.718552199999999743e+02 2.338603806228373472e+01
5.001583200000000033e+02 2.340571036026867446e+01
5.160838999999999714e+02 2.342536230409118403e+01
5.448056400000000394e+02 2.343793150824343385e+01
5.664525099999999611e+02 2.344425300223895903e+01
6.003626500000000306e+02 2.346642937105638183e+01
6.216520199999999932e+02 2.345510685935273898e+01
6.487857800000000452e+02 2.347095461021779172e+01
6.670842499999999973e+02 2.348213566049257039e+01
6.983777099999999791e+02 2.350348259719112676e+01
7.183133199999999761e+02 2.352706187665377513e+01
7.440263499999999794e+02 2.353568186444127619e+01
7.679302400000000262e+02 2.354565489517606380e+01
7.945268399999999929e+02 2.356499440260533262e+01
8.155258499999999913e+02 2.358137797679625436e+01
8.477671000000000276e+02 2.359587879096275387e+01
8.729218600000000379e+02 2.362496997761041939e+01
8.942205900000000156e+02 2.363778495827396853e+01
9.187943199999999706e+02 2.365865611642580646e+01
9.464955700000000434e+02 2.364859912477101744e+01
9.671061499999999569e+02 2.369457052717280732e+01
9.979080599999999777e+02 2.368769489110523097e+01
1.016527799999999957e+03 2.371268878485650333e+01
1.045182600000000093e+03 2.374400417260329732e+01
1.069102399999999989e+03 2.373807805821290629e+01
1.098471199999999953e+03 2.378473386932627776e+01
1.115809799999999996e+03 2.375542184001628243e+01
1.152589099999999917e+03 2.383437563606757692e+01
1.175145400000000109e+03 2.379542184001628513e+01
1.200471099999999979e+03 2.386630317524933886e+01
1.217768199999999979e+03 2.383938937512721168e+01
1.246943700000000035e+03 2.390270659474862569e+01
1.260711099999999988e+03 2.388065438632200355e+01
1.294038700000000063e+03 2.393816201913291408e+01
1.313365299999999934e+03 2.391847191125585326e+01
1.335804699999999912e+03 2.397042794626500850e+01
1.365095100000000002e+03 2.396505444738448887e+01
1.388604299999999967e+03 2.400601770812131264e+01
1.413593100000000049e+03 2.400728271931609825e+01
1.455021899999999960e+03 2.403082383472420247e+01
1.462560300000000097e+03 2.407303531447180944e+01
1.496196999999999889e+03 2.408918634235701361e+01
1.517693600000000060e+03 2.406421280276816432e+01
1.535850200000000086e+03 2.409794321188683242e+01
1.580653999999999996e+03 2.414191227355994229e+01
1.592466699999999946e+03 2.417034703846936594e+01
1.608271400000000085e+03 2.416244046407490487e+01
1.635495799999999917e+03 2.419822409932831420e+01
1.658721399999999903e+03 2.418971605943415426e+01
1.713890000000000100e+03 2.422635406065540309e+01
1.721847500000000082e+03 2.423175554650926244e+01
1.741461099999999988e+03 2.428046254834113782e+01
1.757316100000000006e+03 2.429540352127009939e+01
1.798791500000000042e+03 2.432198605739873898e+01
1.825707599999999957e+03 2.434249084062690827e+01
1.836809400000000096e+03 2.435148229187868907e+01
1.853037600000000111e+03 2.436900061062487310e+01
1.890464899999999943e+03 2.439391105231019807e+01
1.915820300000000088e+03 2.441880673722776507e+01
1.958223899999999958e+03 2.446680541420720445e+01
1.965469200000000001e+03 2.447453236311825719e+01
1.993524499999999989e+03 2.449789385304294598e+01
2.017639300000000048e+03 2.450352279666191535e+01
2.045542699999999968e+03 2.452990789741502198e+01
2.068426199999999881e+03 2.455069458579279384e+01
2.096235200000000077e+03 2.457833044982698922e+01
2.136856000000000222e+03 2.457315896600854899e+01
2.162779799999999796e+03 2.457796051292489281e+01
2.170695900000000165e+03 2.460165072257276719e+01
2.207828599999999824e+03 2.463656676165275883e+01
2.220003799999999956e+03 2.464156218196621140e+01
2.252676599999999780e+03 2.468071137797679881e+01
2.277792699999999968e+03 2.470966822715245215e+01
2.285639599999999973e+03 2.474619122735599674e+01
2.306393099999999777e+03 2.475191685324648816e+01
2.346517600000000130e+03 2.477272542234886998e+01
2.360910199999999804e+03 2.481257785467128230e+01
2.381331400000000031e+03 2.483048951760635248e+01
2.404801300000000083e+03 2.486363220028495746e+01
2.459388899999999921e+03 2.491202422145328654e+01
