9.953471399999999392e+01 -4.416840294662165434e+00
1.002134499999999946e+02 -4.416929307126214788e+00
1.273821999999999974e+02 -4.415777211711307437e+00
1.497367500000000007e+02 -4.415869354961158955e+00
1.516313199999999881e+02 -4.415958212910762626e+00
1.760016200000000026e+02 -4.414312562721119271e+00
1.999900700000000029e+02 -4.414178058295919804e+00
2.009762900000000059e+02 -4.414229423290905174e+00
2.238531499999999994e+02 -4.411965549905894513e+00
2.477356499999999926e+02 -4.411648607464053740e+00
2.520477099999999950e+02 -4.411477588382392234e+00
2.734520400000000109e+02 -4.408256403254246614e+00
3.002767099999999800e+02 -4.407515000111208892e+00
3.016704300000000103e+02 -4.408510863200538310e+00
3.195714699999999766e+02 -4.403202041648301091e+00
3.481375499999999761e+02 -4.403646376204672919e+00
3.506492400000000202e+02 -4.403910292009369343e+00
3.744141999999999939e+02 -4.399839728861016042e+00
3.989747499999999718e+02 -4.398888031064315918e+00
4.024995200000000182e+02 -4.398800424648301899e+00
4.195164300000000139e+02 -4.395374324271984712e+00
4.469420299999999884e+02 -4.394472936636474536e+00
4.477502299999999877e+02 -4.395359208067066703e+00
4.678697799999999916e+02 -4.392695053315825326e+00
4.986782400000000166e+02 -4.392983844513499214e+00
5.014014199999999732e+02 -4.392495290382737672e+00
5.167172600000000102e+02 -4.390154312508385281e+00
5.486254599999999755e+02 -4.391713567560332265e+00
5.528900999999999613e+02 -4.390254592334523309e+00
5.682668499999999767e+02 -4.388335477333637158e+00
5.977791200000000345e+02 -4.388500759128883821e+00
5.991887199999999893e+02 -4.387764466574006761e+00
6.171793199999999615e+02 -4.385915751046705502e+00
6.433206300000000510e+02 -4.385850677800529063e+00
6.477103799999999865e+02 -4.386568916751603986e+00
6.693935000000000173e+02 -4.385073834513048219e+00
7.023012599999999566e+02 -4.385051225014875875e+00
7.043746899999999869e+02 -4.385212273392497195e+00
7.136761099999999942e+02 -4.383075760236366136e+00
7.444912799999999606e+02 -4.383543062003301571e+00
7.481980700000000297e+02 -4.383657559213403943e+00
7.617021899999999732e+02 -4.380804250658677290e+00
7.977076299999999947e+02 -4.383529990258562492e+00
8.033178799999999455e+02 -4.383216765174609897e+00
8.169420599999999695e+02 -4.381040230323129947e+00
8.509413299999999936e+02 -4.382055751483340700e+00
8.521181599999999889e+02 -4.381432649827710080e+00
8.671932699999999841e+02 -4.381123322029854883e+00
9.015548900000000003e+02 -4.379782741774876698e+00
9.034212400000000116e+02 -4.382096494400525621e+00
9.177229599999999436e+02 -4.380093336138977556e+00
9.490204700000000457e+02 -4.379893504595033349e+00
9.516361299999999801e+02 -4.381419287519879191e+00
9.655565000000000282e+02 -4.379101483256878424e+00
9.990419500000000426e+02 -4.378982441613639587e+00
1.006272299999999973e+03 -4.380352241662550661e+00
1.015944899999999961e+03 -4.379205030115128849e+00
1.047409599999999955e+03 -4.377812363116033723e+00
1.056453299999999899e+03 -4.381139501025564265e+00
1.059189399999999978e+03 -4.377750205962461116e+00
1.102558299999999917e+03 -4.379529404092333600e+00
1.103490900000000011e+03 -4.379155295200135356e+00
1.114002300000000105e+03 -4.377276069985478912e+00
1.144497599999999920e+03 -4.376526545058733397e+00
1.154836900000000014e+03 -4.379766018064989552e+00
1.159999099999999999e+03 -4.377335182146598669e+00
1.193167099999999891e+03 -4.378832017587842351e+00
1.197790500000000065e+03 -4.376699709176268271e+00
1.210956200000000081e+03 -4.377369079218070169e+00
1.250421800000000076e+03 -4.379207179489647217e+00
1.254766599999999926e+03 -4.378174178593649657e+00
1.267142100000000028e+03 -4.378168067343191971e+00
1.300494899999999916e+03 -4.377400546182813379e+00
1.301286000000000058e+03 -4.377737973963467866e+00
1.320396300000000110e+03 -4.379524235085457740e+00
1.335844800000000077e+03 -4.375597412018512600e+00
1.342719200000000001e+03 -4.377834280039338388e+00
1.363192000000000007e+03 -4.377393749501719888e+00
1.396571999999999889e+03 -4.377951446526993529e+00
1.408303300000000036e+03 -4.379974807335323739e+00
1.409442600000000084e+03 -4.377673114764776940e+00
1.445639400000000023e+03 -4.376862124856573111e+00
1.458075199999999995e+03 -4.378076924970103256e+00
1.468980099999999993e+03 -4.379355655713341733e+00
1.481314399999999978e+03 -4.376926518111878828e+00
1.494122599999999920e+03 -4.377363379763314022e+00
1.517239499999999907e+03 -4.377445705604729120e+00
1.550806299999999965e+03 -4.376679772716070893e+00
1.554861900000000105e+03 -4.380953444866257485e+00
1.559167999999999893e+03 -4.381438985962583743e+00
1.593585900000000038e+03 -4.378701699356263077e+00
1.609591300000000047e+03 -4.376655463164843773e+00
1.618056299999999965e+03 -4.382094851902651023e+00
1.644220499999999902e+03 -4.380431737292600936e+00
1.650451700000000073e+03 -4.381193349122328051e+00
1.658083800000000110e+03 -4.378534198634848273e+00
1.697735899999999901e+03 -4.379194988749771866e+00
1.703283500000000004e+03 -4.381919149726106966e+00
1.709814200000000028e+03 -4.381096118250260574e+00
1.742158799999999928e+03 -4.381139807510992412e+00
1.749194199999999910e+03 -4.383089781055607759e+00
1.762341200000000072e+03 -4.379517954063937069e+00
1.799482099999999946e+03 -4.379649587656287757e+00
1.804633299999999963e+03 -4.380824701017065337e+00
1.813210700000000088e+03 -4.381604413421545274e+00
1.846676899999999932e+03 -4.380869108886992436e+00
1.855995100000000093e+03 -4.381879311061107174e+00
1.873257299999999987e+03 -4.383517488085173497e+00
1.901147899999999936e+03 -4.381913749618298937e+00
1.907105600000000095e+03 -4.384830434799626531e+00
1.914533799999999928e+03 -4.381631293454218756e+00
1.948230199999999968e+03 -4.382364211784236296e+00
1.959560899999999947e+03 -4.381810775240610134e+00
1.967550899999999956e+03 -4.384611389004136939e+00
1.992437400000000025e+03 -4.382798046958423122e+00
1.994921700000000101e+03 -4.377885331729800988e+00
2.036415999999999940e+03 -4.388723161033419196e+00
2.053617999999999938e+03 -4.385038630847951424e+00
2.067641000000000076e+03 -4.385234331819258813e+00
2.075391299999999774e+03 -4.388917615038799624e+00
2.083086499999999887e+03 -4.383503965026497085e+00
2.104281399999999849e+03 -4.385933757145659584e+00
2.120591499999999996e+03 -4.388715426918610163e+00
2.143333700000000135e+03 -4.384789476842082756e+00
2.148212300000000141e+03 -4.383692000842773773e+00
2.163597699999999804e+03 -4.385067306040729029e+00
2.194400299999999788e+03 -4.386053289822421597e+00
2.209514400000000023e+03 -4.387760758589418941e+00
2.214449999999999818e+03 -4.386146113075320763e+00
2.239444800000000214e+03 -4.382076166659627070e+00
2.242645599999999831e+03 -4.387795760123495370e+00
2.252551399999999830e+03 -4.388034145819830201e+00
2.280909000000000106e+03 -4.383369526136210226e+00
2.300043500000000222e+03 -4.384386956934808843e+00
2.314983299999999872e+03 -4.389398236025652267e+00
2.340181900000000041e+03 -4.386818997542825116e+00
2.352715400000000045e+03 -4.387325236610593038e+00
2.365167699999999968e+03 -4.389328090212249123e+00
2.369762099999999919e+03 -4.385453346803510399e+00
2.393730399999999918e+03 -4.389677870938761828e+00
2.406352400000000216e+03 -4.388049854884545908e+00
2.445477400000000216e+03 -4.392678490696244609e+00
