9.864304599999999823e+01 -6.166284826528811713e+00
1.267579700000000003e+02 -6.166095837863929674e+00
1.493694800000000100e+02 -6.166008633878299783e+00
1.754264799999999980e+02 -6.165812259424744646e+00
2.004384000000000015e+02 -6.165757373919760198e+00
2.257646300000000110e+02 -6.165803589115739669e+00
2.507152399999999943e+02 -6.165318137695701139e+00
2.737797600000000102e+02 -6.165003042760924146e+00
3.020425700000000120e+02 -6.165170319359212669e+00
3.231900600000000168e+02 -6.164449701172022067e+00
3.506918900000000008e+02 -6.163770951508563911e+00
3.707095699999999852e+02 -6.163138368926294852e+00
4.003027399999999716e+02 -6.162631353095349596e+00
4.231039000000000101e+02 -6.162947339836679639e+00
4.474463099999999827e+02 -6.162136225913910081e+00
4.666822399999999789e+02 -6.160461936192698218e+00
4.988854900000000043e+02 -6.160568106664495502e+00
5.208984900000000380e+02 -6.160442194653962034e+00
5.439243199999999661e+02 -6.159743089849323283e+00
5.714540200000000141e+02 -6.158919906625653695e+00
6.051398900000000367e+02 -6.158999227512045316e+00
6.178391100000000051e+02 -6.156492487208679698e+00
6.491897800000000416e+02 -6.156050546761400177e+00
6.682273599999999760e+02 -6.155084189874736822e+00
7.022873499999999467e+02 -6.154416548196916636e+00
7.171978000000000293e+02 -6.152142049213471964e+00
7.505737699999999677e+02 -6.151383062229687226e+00
7.758281399999999621e+02 -6.152140905762046863e+00
7.998510099999999738e+02 -6.149316083227367891e+00
8.144987200000000485e+02 -6.146429186878130224e+00
8.444288000000000238e+02 -6.145123354070125110e+00
8.633469300000000430e+02 -6.142843804747481151e+00
9.061214700000000448e+02 -6.144352719633538129e+00
9.207580100000000130e+02 -6.140744942537333273e+00
9.465889200000000301e+02 -6.139404224752111894e+00
9.559325999999999794e+02 -6.133669436565920563e+00
1.001972700000000032e+03 -6.133982058942782700e+00
1.013722999999999956e+03 -6.130754734234716175e+00
1.050387600000000020e+03 -6.128649200599417313e+00
1.059417699999999968e+03 -6.124913541140119655e+00
1.106867500000000064e+03 -6.127907920424925159e+00
1.108877600000000029e+03 -6.121040028041411674e+00
1.142385600000000068e+03 -6.121197526382388787e+00
1.171513799999999947e+03 -6.120536213327291364e+00
1.199681199999999990e+03 -6.116086925497708826e+00
1.215712199999999939e+03 -6.112627960784574377e+00
1.257678000000000111e+03 -6.113025093175824765e+00
1.261527499999999918e+03 -6.108984136927213981e+00
1.300457599999999957e+03 -6.106889783911275238e+00
1.302750700000000052e+03 -6.100881232185719760e+00
1.340002700000000004e+03 -6.098995230735034134e+00
1.376826900000000023e+03 -6.100705127445093190e+00
1.397951600000000099e+03 -6.096700579730433667e+00
1.407158500000000004e+03 -6.090601711467904522e+00
1.446301200000000108e+03 -6.092607709566829399e+00
1.477849600000000009e+03 -6.089198872827410014e+00
1.489560999999999922e+03 -6.087066213860565789e+00
1.523541099999999915e+03 -6.085298130710504516e+00
1.561071200000000090e+03 -6.081879097939205003e+00
1.565573100000000068e+03 -6.078333484386167385e+00
1.612050899999999956e+03 -6.078860014031209680e+00
1.613841200000000072e+03 -6.074287222440046818e+00
1.652060999999999922e+03 -6.074445635975162183e+00
1.660507700000000114e+03 -6.069207130761792968e+00
1.700068999999999960e+03 -6.068993846821187255e+00
1.701941700000000083e+03 -6.062982963824565807e+00
1.734275000000000091e+03 -6.060578484507251673e+00
1.755716799999999921e+03 -6.059493283697951149e+00
1.809996000000000095e+03 -6.061292685924389190e+00
1.815025200000000041e+03 -6.057379624399315432e+00
1.855517700000000104e+03 -6.057637585087448429e+00
1.874516200000000026e+03 -6.055905985816727899e+00
1.895749399999999923e+03 -6.046253729319644776e+00
1.914800099999999929e+03 -6.055295852754793984e+00
1.960089799999999968e+03 -6.045641430702995756e+00
1.962370599999999968e+03 -6.051720580517794268e+00
1.999702700000000050e+03 -6.043792799233171031e+00
2.010253600000000006e+03 -6.041198821174704747e+00
2.056123000000000047e+03 -6.036618952713177499e+00
2.057489900000000034e+03 -6.040563306682835254e+00
2.093913199999999961e+03 -6.036241412954740149e+00
2.106865999999999985e+03 -6.032009061836391517e+00
2.150149600000000191e+03 -6.026895050066183757e+00
2.169347299999999905e+03 -6.035623557772043846e+00
2.202930299999999988e+03 -6.025332808224454162e+00
2.212367699999999786e+03 -6.028409649297591599e+00
2.241355199999999968e+03 -6.022801011951911754e+00
2.250723399999999856e+03 -6.023578770693427842e+00
2.310063000000000102e+03 -6.026495057940562283e+00
2.316603300000000218e+03 -6.022195116845299623e+00
2.345467700000000150e+03 -6.014380322297641968e+00
2.352691699999999855e+03 -6.015616891085046269e+00
2.402033600000000206e+03 -6.014816882407072463e+00
2.419266000000000076e+03 -6.013650998932925873e+00
2.440477199999999812e+03 -6.012501603746062351e+00
