9.997185699999999997e+01 -4.351747727790240106e+00
1.262011600000000016e+02 -4.351486289927898987e+00
1.493127599999999973e+02 -4.351475346570442326e+00
1.746245499999999993e+02 -4.351153489231506022e+00
1.999514499999999941e+02 -4.351033075274742146e+00
2.249011299999999949e+02 -4.351181262934546545e+00
2.499800899999999899e+02 -4.350973547806378683e+00
2.741127900000000182e+02 -4.350765913546890573e+00
3.014646900000000187e+02 -4.350441646411550067e+00
3.208476299999999810e+02 -4.349715396304237203e+00
3.492918900000000235e+02 -4.349709705500405477e+00
3.730819200000000251e+02 -4.349747190716676926e+00
3.987792900000000031e+02 -4.348827527223313894e+00
4.195479000000000269e+02 -4.348133274060018927e+00
4.525422800000000052e+02 -4.348649900625771281e+00
4.719160100000000284e+02 -4.347162669916471600e+00
5.013971000000000231e+02 -4.345786001380516517e+00
5.173261499999999842e+02 -4.344252848280958368e+00
5.521343100000000277e+02 -4.344475855277365461e+00
5.679734399999999823e+02 -4.341629816336263659e+00
5.972172299999999723e+02 -4.340800594024071479e+00
6.156102499999999509e+02 -4.337390483623430271e+00
6.364607399999999870e+02 -4.335520420663404373e+00
6.670804200000000037e+02 -4.334487357383709494e+00
7.013502899999999727e+02 -4.334016809199216169e+00
7.184723500000000058e+02 -4.331241289301040354e+00
7.503980000000000246e+02 -4.329795641725278088e+00
7.669959000000000060e+02 -4.327315310108540203e+00
7.998551700000000437e+02 -4.326676511407824499e+00
8.120559399999999641e+02 -4.320945043750788805e+00
8.412618400000000065e+02 -4.320199451724782591e+00
8.665263599999999542e+02 -4.315995589903868890e+00
8.999745900000000347e+02 -4.314516631014261527e+00
9.224587800000000470e+02 -4.310833261714080322e+00
9.455290599999999586e+02 -4.310547337514878841e+00
9.699699500000000398e+02 -4.303710288372620596e+00
1.005551500000000033e+03 -4.301529782050917738e+00
1.014034700000000043e+03 -4.294680928568348044e+00
1.049479299999999967e+03 -4.292838058856974115e+00
1.073359600000000000e+03 -4.290897048790813351e+00
1.101432000000000016e+03 -4.288022835194952087e+00
1.109400799999999890e+03 -4.281044255737181281e+00
1.159105099999999993e+03 -4.273948152463767691e+00
1.162311899999999923e+03 -4.284199370322074429e+00
1.193459000000000060e+03 -4.272760064527907353e+00
1.206389799999999923e+03 -4.267488034520308560e+00
1.254060400000000072e+03 -4.269486472407901800e+00
1.265642900000000054e+03 -4.262711493684994579e+00
1.301996900000000096e+03 -4.262360795050308404e+00
1.314810799999999972e+03 -4.260239899652565221e+00
1.344475200000000086e+03 -4.258377646657998561e+00
1.369416199999999890e+03 -4.252702656108937163e+00
1.419227900000000091e+03 -4.255797660027220708e+00
1.424502400000000080e+03 -4.250030447793653465e+00
1.442847299999999905e+03 -4.244635426419671731e+00
1.453919399999999996e+03 -4.239871690667881055e+00
1.517127400000000080e+03 -4.238601846630197123e+00
1.522227599999999939e+03 -4.244333386711112155e+00
1.548548600000000079e+03 -4.236050468108280675e+00
1.556705799999999954e+03 -4.230257729970712255e+00
1.598777599999999893e+03 -4.232227553483714821e+00
1.600887400000000071e+03 -4.225517330507649660e+00
1.659557399999999916e+03 -4.220234459495811663e+00
1.669887799999999970e+03 -4.233527758277769948e+00
1.696966699999999946e+03 -4.212210311909897698e+00
1.701011700000000019e+03 -4.220749664266044476e+00
1.758400300000000016e+03 -4.215849702516944575e+00
1.769779600000000073e+03 -4.214531250150809427e+00
1.777324699999999893e+03 -4.207576913540140851e+00
1.809619899999999916e+03 -4.207668182008961644e+00
1.841736699999999928e+03 -4.204000120674602492e+00
1.853528700000000072e+03 -4.202042888276051436e+00
1.890237000000000080e+03 -4.200524013247159516e+00
1.910661399999999958e+03 -4.201087101019668424e+00
1.940617899999999963e+03 -4.197500493992577297e+00
1.964572899999999890e+03 -4.193187588361786844e+00
2.016136999999999944e+03 -4.196028264538885111e+00
2.025194199999999910e+03 -4.191957711925766716e+00
2.040794399999999996e+03 -4.186407629227449689e+00
2.054855900000000020e+03 -4.185356006602187762e+00
2.106580800000000181e+03 -4.184646150195673542e+00
2.114571199999999862e+03 -4.183453482469952078e+00
2.152547500000000127e+03 -4.182263428393794058e+00
2.166562600000000202e+03 -4.179325548283140179e+00
2.213393199999999979e+03 -4.175069326902902667e+00
2.215293200000000070e+03 -4.178672360852534240e+00
2.254314199999999801e+03 -4.167448698421908126e+00
2.265498700000000099e+03 -4.168840165229525496e+00
2.278601299999999810e+03 -4.167206279860264928e+00
2.311379199999999855e+03 -4.166703833955514469e+00
2.333971300000000156e+03 -4.162136495062019215e+00
2.372442799999999806e+03 -4.168896971748440095e+00
2.395518000000000029e+03 -4.161522964694139404e+00
2.396744700000000194e+03 -4.155294446857269008e+00
2.488275099999999838e+03 -4.161599254902173861e+00
