1.003203800000000001e+02 -3.298316150741500863e+00
1.275291699999999935e+02 -3.297989590668920279e+00
1.492885599999999897e+02 -3.297362689004561087e+00
1.761931700000000092e+02 -3.297095951535965241e+00
2.017955399999999884e+02 -3.297301738828327888e+00
2.253635299999999972e+02 -3.295836066126871522e+00
2.486141100000000108e+02 -3.295122043114077304e+00
2.739789799999999786e+02 -3.293596016703138840e+00
3.004861999999999966e+02 -3.292818343280448090e+00
3.251997999999999820e+02 -3.291059377028077826e+00
3.508626899999999864e+02 -3.289858562845801249e+00
3.755179400000000101e+02 -3.287002026713508496e+00
4.069441299999999728e+02 -3.286282235376710048e+00
4.225635800000000017e+02 -3.281840528331766205e+00
4.492935100000000261e+02 -3.280956985953726424e+00
4.689989899999999921e+02 -3.276257381630099275e+00
5.054347399999999766e+02 -3.276672321374118013e+00
5.193311700000000428e+02 -3.270310520287790013e+00
5.485564699999999903e+02 -3.269614926246978026e+00
5.695627500000000509e+02 -3.264603121006079522e+00
5.924991999999999734e+02 -3.262575546370175772e+00
6.184637500000000045e+02 -3.259118858154451903e+00
6.493669399999999996e+02 -3.258697862533578959e+00
6.729587999999999965e+02 -3.254937729723315520e+00
6.959619900000000143e+02 -3.252761013428304260e+00
7.181439299999999548e+02 -3.249195517069791261e+00
7.499935299999999643e+02 -3.248510485871558107e+00
7.653490699999999833e+02 -3.244609803804253012e+00
7.972579500000000507e+02 -3.244068278004105021e+00
8.179713299999999663e+02 -3.240606897203496040e+00
8.460469399999999496e+02 -3.239449114922041684e+00
8.653665600000000495e+02 -3.236177541538039382e+00
9.127923399999999674e+02 -3.232126274984929992e+00
9.131690800000000081e+02 -3.238809106372230850e+00
9.455962399999999661e+02 -3.231101138833107900e+00
9.715141499999999724e+02 -3.230725055573273607e+00
1.007579399999999964e+03 -3.229587822484006221e+00
1.011963700000000017e+03 -3.226082283277070140e+00
1.052870300000000043e+03 -3.225288585478000236e+00
1.069481700000000046e+03 -3.225888733499410854e+00
1.099834800000000087e+03 -3.223509530290129543e+00
1.131038600000000088e+03 -3.224109918194587365e+00
1.152499499999999898e+03 -3.216349469892669344e+00
1.153489000000000033e+03 -3.222366928100614203e+00
1.196781700000000001e+03 -3.217747636050669602e+00
1.221888099999999895e+03 -3.218759054195880154e+00
1.247232400000000098e+03 -3.215278290124042648e+00
1.256431199999999990e+03 -3.212007319708585662e+00
1.285894299999999930e+03 -3.211578015461548308e+00
1.313488200000000006e+03 -3.213134191275877960e+00
1.347517200000000003e+03 -3.213143404746313880e+00
1.357518100000000004e+03 -3.209723544422001140e+00
1.405886500000000069e+03 -3.206841823868876062e+00
1.406580899999999929e+03 -3.213100823097959413e+00
1.448396899999999960e+03 -3.208528128046654437e+00
1.449000299999999925e+03 -3.205326343669698375e+00
1.497472999999999956e+03 -3.208177062012774083e+00
1.523817600000000084e+03 -3.207775473464122395e+00
1.550989100000000008e+03 -3.206468226980186742e+00
1.560008100000000013e+03 -3.204681560355761683e+00
1.588169000000000096e+03 -3.203650142319780070e+00
1.623457000000000107e+03 -3.206469006994360438e+00
1.654780299999999897e+03 -3.203120285992527183e+00
1.679086099999999988e+03 -3.206371150766005318e+00
1.684425500000000056e+03 -3.199835096690286207e+00
1.708169100000000071e+03 -3.201636733925901090e+00
1.743327800000000025e+03 -3.201037732733422292e+00
1.774885199999999941e+03 -3.202004314470456858e+00
1.792087399999999889e+03 -3.202241676005254334e+00
1.820596700000000055e+03 -3.200377061497915232e+00
1.858704199999999901e+03 -3.198542164802308907e+00
1.862120200000000068e+03 -3.204492488432865382e+00
1.891674600000000055e+03 -3.198061904089953611e+00
1.903568600000000060e+03 -3.197485661116991285e+00
1.938425700000000006e+03 -3.195832301148372689e+00
1.964150000000000091e+03 -3.198162933607963776e+00
1.975936500000000024e+03 -3.195880190198681525e+00
2.017034100000000080e+03 -3.198011098686558196e+00
2.056587899999999991e+03 -3.199775674340426868e+00
2.062612399999999980e+03 -3.196943294436329186e+00
2.081738299999999981e+03 -3.194601540840159792e+00
2.113310300000000097e+03 -3.197262615469798064e+00
2.137527999999999793e+03 -3.195868834091766697e+00
2.153289299999999912e+03 -3.195252471004524697e+00
2.196004199999999855e+03 -3.197099214252116184e+00
2.200001400000000103e+03 -3.193276066877476005e+00
2.254788599999999860e+03 -3.195618154840318415e+00
2.260097499999999854e+03 -3.196946086454901526e+00
2.305152799999999843e+03 -3.193839809449196210e+00
2.314463799999999992e+03 -3.200133922720429513e+00
2.359101700000000164e+03 -3.197036317970003427e+00
2.376917300000000068e+03 -3.199238636646902556e+00
2.397308399999999892e+03 -3.192531412063047913e+00
2.398196399999999812e+03 -3.197818427365687555e+00
2.466056000000000040e+03 -3.199782459946844515e+00
