1.000595600000000047e+02 -3.513887895164424346e+00
1.001844499999999982e+02 -3.514099247459804065e+00
1.263702100000000002e+02 -3.513674914354990353e+00
1.497533300000000054e+02 -3.513756859214329786e+00
1.498232899999999859e+02 -3.513622594361403007e+00
1.746885399999999890e+02 -3.513416877025307361e+00
2.008006499999999903e+02 -3.513845374476721961e+00
2.015934399999999869e+02 -3.513631030729398752e+00
2.246446699999999908e+02 -3.513259273930286142e+00
2.495837500000000091e+02 -3.513068063432525978e+00
2.511463699999999903e+02 -3.513183155362492815e+00
2.757042000000000144e+02 -3.513363158218222981e+00
2.977247100000000160e+02 -3.511973820299573390e+00
2.995018099999999777e+02 -3.512367542970626477e+00
3.230093299999999772e+02 -3.512297086338846075e+00
3.475136299999999778e+02 -3.511484724265206747e+00
3.502882700000000114e+02 -3.512028046742177168e+00
3.728678800000000138e+02 -3.511406084674890682e+00
4.010328400000000215e+02 -3.510796487652495745e+00
4.012676000000000158e+02 -3.510741413487533880e+00
4.210374600000000100e+02 -3.509966095663639596e+00
4.506741599999999721e+02 -3.509611285779134171e+00
4.526763799999999947e+02 -3.509702072725254585e+00
4.709840699999999742e+02 -3.508206652261038450e+00
5.012406199999999785e+02 -3.507154615964516609e+00
5.016398599999999988e+02 -3.508073622283029103e+00
5.211330299999999625e+02 -3.505951280997074093e+00
5.467195199999999886e+02 -3.502002800159981888e+00
5.545483900000000403e+02 -3.506151031966973086e+00
5.684487500000000182e+02 -3.500511852807302482e+00
5.966978100000000040e+02 -3.500009993645505357e+00
6.021286800000000312e+02 -3.495024759192701058e+00
6.193579700000000230e+02 -3.493115348334703274e+00
6.484110600000000204e+02 -3.492770868612522950e+00
6.546522599999999557e+02 -3.486461383573356443e+00
6.694194800000000214e+02 -3.482866577727778967e+00
7.047461399999999685e+02 -3.479569800714465089e+00
7.054446199999999862e+02 -3.482791588879416977e+00
7.199553899999999658e+02 -3.475707068139304301e+00
7.392683500000000549e+02 -3.473095690374808697e+00
7.548544100000000299e+02 -3.474851335473856384e+00
7.689806800000000067e+02 -3.469490230844813450e+00
7.977949499999999716e+02 -3.467112201912925240e+00
8.024071800000000394e+02 -3.469215760159228168e+00
8.220957600000000411e+02 -3.465041707467904963e+00
8.443784699999999930e+02 -3.460601488702450101e+00
8.476571599999999762e+02 -3.462963750339836277e+00
8.758356800000000248e+02 -3.460124043948160644e+00
8.856838199999999688e+02 -3.455749721636084626e+00
8.977306399999999940e+02 -3.456581955754996827e+00
9.126484199999999873e+02 -3.451899927745281094e+00
9.409691400000000385e+02 -3.450888149178171993e+00
9.513974299999999857e+02 -3.451818091742493433e+00
9.664678599999999733e+02 -3.449006536363342867e+00
9.953958499999999958e+02 -3.447992579631199650e+00
1.001306400000000053e+03 -3.447799833587827045e+00
1.014253299999999967e+03 -3.442766751014350035e+00
1.044654700000000048e+03 -3.442857545002608433e+00
1.050701000000000022e+03 -3.442050391713862290e+00
1.063580400000000054e+03 -3.438345218297493844e+00
1.089020400000000109e+03 -3.435242797267697323e+00
1.099355999999999995e+03 -3.439734570416280057e+00
1.121262199999999893e+03 -3.435416586847059861e+00
1.143066399999999931e+03 -3.430849814137209464e+00
1.144180000000000064e+03 -3.431397166593399994e+00
1.168635899999999992e+03 -3.431001714097952515e+00
1.197185899999999947e+03 -3.428585388499291842e+00
1.199730900000000020e+03 -3.427640126064195769e+00
1.212818999999999960e+03 -3.424432321181291261e+00
1.244596399999999903e+03 -3.423773811086214369e+00
1.245178900000000112e+03 -3.422717956840799047e+00
1.259621300000000019e+03 -3.419015822156995288e+00
1.295692399999999907e+03 -3.418142008594215131e+00
1.300080600000000004e+03 -3.418276394773482885e+00
1.320406500000000051e+03 -3.419092768589383269e+00
1.338450900000000047e+03 -3.413668097806073831e+00
1.339255499999999984e+03 -3.414344401316876443e+00
1.363352100000000064e+03 -3.413698216088510318e+00
1.394422299999999950e+03 -3.412373927324820588e+00
1.405264899999999898e+03 -3.408751705951654110e+00
1.412167599999999993e+03 -3.415523266434367766e+00
1.436825100000000020e+03 -3.407870599169102288e+00
1.456370200000000068e+03 -3.412013667352858715e+00
1.470545100000000048e+03 -3.408411674339377306e+00
1.494544300000000021e+03 -3.405246822603851253e+00
1.501844000000000051e+03 -3.403823488521172447e+00
1.517141599999999926e+03 -3.404916732756400943e+00
1.547187100000000100e+03 -3.403521412039069549e+00
1.553041799999999967e+03 -3.401380480457476096e+00
1.555254699999999957e+03 -3.397687140886064938e+00
1.585881300000000010e+03 -3.398459855979975686e+00
1.605543599999999969e+03 -3.398679324874962049e+00
1.607246399999999994e+03 -3.394911207723574353e+00
1.639935500000000047e+03 -3.393727195440199296e+00
1.650228800000000092e+03 -3.393974316526571222e+00
1.658798800000000028e+03 -3.391651311894309906e+00
1.705511500000000069e+03 -3.392885830231130218e+00
1.717003099999999904e+03 -3.392434695830298885e+00
1.718485699999999952e+03 -3.395741700223690263e+00
1.731102399999999989e+03 -3.388858192296065663e+00
1.749564000000000078e+03 -3.391860122202385419e+00
1.761379899999999907e+03 -3.385410900304277160e+00
1.791333000000000084e+03 -3.384862646957571553e+00
1.793842000000000098e+03 -3.387268906220162190e+00
1.817236200000000053e+03 -3.387559852260065174e+00
1.842481399999999894e+03 -3.382489963878475780e+00
1.857682600000000093e+03 -3.385127134748884270e+00
1.867678300000000036e+03 -3.384682115751005860e+00
1.886895999999999958e+03 -3.380041379037214799e+00
1.897633000000000038e+03 -3.381808151468680190e+00
1.927672499999999900e+03 -3.382288900230306705e+00
1.935150300000000016e+03 -3.379470584729050486e+00
1.951884900000000016e+03 -3.378521929034636440e+00
1.972581699999999955e+03 -3.377880910864634600e+00
1.977243400000000065e+03 -3.374465607368262621e+00
1.993046000000000049e+03 -3.374751840550778592e+00
2.006349300000000085e+03 -3.375114171493019732e+00
2.041376400000000103e+03 -3.373754149284058368e+00
2.050335099999999784e+03 -3.369640627880217565e+00
2.050384000000000015e+03 -3.370112255866478890e+00
2.097821899999999914e+03 -3.371687468798969078e+00
2.107904300000000148e+03 -3.370890245117746709e+00
2.111913000000000011e+03 -3.372882507115302353e+00
2.152519200000000183e+03 -3.368391416575096997e+00
2.156768999999999778e+03 -3.374107467116158166e+00
2.166927400000000034e+03 -3.368891156976922652e+00
2.190699099999999817e+03 -3.364919120295092547e+00
2.194074700000000121e+03 -3.363246797400951227e+00
2.204015600000000177e+03 -3.366293412448351674e+00
2.233438599999999951e+03 -3.364381168786832355e+00
2.240639599999999973e+03 -3.365731016122740282e+00
2.255371799999999894e+03 -3.358532662710885131e+00
2.304565399999999954e+03 -3.367927370690187772e+00
2.312644999999999982e+03 -3.362085617611629385e+00
2.317803199999999833e+03 -3.364731856711912439e+00
2.327367900000000191e+03 -3.359445973337305436e+00
2.342662699999999859e+03 -3.360549637620717789e+00
2.385489300000000185e+03 -3.365346792245991647e+00
2.391243199999999888e+03 -3.354071823025900567e+00
2.395758499999999913e+03 -3.359156225644527094e+00
2.409359800000000178e+03 -3.353665613838396453e+00
2.445973700000000008e+03 -3.361561984438500517e+00
