1.043362400000000036e+02 -4.406360691179015632e+00
1.284654700000000105e+02 -4.405396715116993711e+00
1.529911299999999983e+02 -4.404839467945362408e+00
1.753671699999999873e+02 -4.403105343055104370e+00
2.032524699999999882e+02 -4.403063230565421371e+00
2.239015699999999924e+02 -4.400923569169991723e+00
2.521875000000000000e+02 -4.400833490772187773e+00
2.730053700000000276e+02 -4.398611213089350436e+00
3.018426000000000045e+02 -4.398311478821998577e+00
3.246012999999999806e+02 -4.396409588746930552e+00
3.484317199999999843e+02 -4.395266237340925919e+00
3.708755499999999756e+02 -4.393460893367120867e+00
4.009125000000000227e+02 -4.393336667820545216e+00
4.208686700000000087e+02 -4.391352950623513607e+00
4.481525800000000004e+02 -4.390683201162874916e+00
4.716228800000000092e+02 -4.388991479839172705e+00
4.993102000000000089e+02 -4.388614906522338543e+00
5.194091200000000299e+02 -4.387146008776084294e+00
5.507928100000000313e+02 -4.387778297715431819e+00
5.668429899999999861e+02 -4.385157539938474791e+00
6.028747600000000375e+02 -4.386506613947454447e+00
6.194322499999999536e+02 -4.384532475068977142e+00
6.488136700000000019e+02 -4.384524350865294018e+00
6.677388200000000325e+02 -4.382493105259390731e+00
7.018960600000000341e+02 -4.383079181886767373e+00
7.176300099999999702e+02 -4.381289607429210697e+00
7.494975500000000466e+02 -4.382467040253597901e+00
7.672254900000000362e+02 -4.381199567012175500e+00
7.983249399999999696e+02 -4.380880957195800285e+00
8.173512500000000500e+02 -4.380769207652778441e+00
8.503614700000000539e+02 -4.380909204565707427e+00
8.641418700000000399e+02 -4.378622740204893837e+00
8.989293499999999995e+02 -4.379310989244875607e+00
9.115588699999999562e+02 -4.377525391512360642e+00
9.463450900000000274e+02 -4.378492472154933424e+00
9.710364299999999957e+02 -4.379049347015723015e+00
1.004402100000000019e+03 -4.379695136723243287e+00
1.016044999999999959e+03 -4.377309220597954464e+00
1.040862300000000005e+03 -4.376862580873582154e+00
1.066364700000000084e+03 -4.377426606975624246e+00
1.095197799999999916e+03 -4.377648550797560212e+00
1.123951800000000048e+03 -4.378772903419096529e+00
1.148682099999999991e+03 -4.377137478955618555e+00
1.166872699999999895e+03 -4.377846777200468331e+00
1.190957300000000032e+03 -4.376844853869161334e+00
1.208850500000000011e+03 -4.376239226363499490e+00
1.247284200000000055e+03 -4.377770360470186972e+00
1.269008299999999963e+03 -4.378094187052854025e+00
1.307836000000000013e+03 -4.379946137905987413e+00
1.310871200000000044e+03 -4.375921974004372217e+00
1.346477599999999939e+03 -4.376605667192455584e+00
1.365314000000000078e+03 -4.377650500944832324e+00
1.411545599999999922e+03 -4.378216120623125818e+00
1.412129400000000032e+03 -4.376873099909321496e+00
1.462545200000000023e+03 -4.375397937418452621e+00
1.464270600000000059e+03 -4.381236415921017979e+00
1.500788000000000011e+03 -4.378961289380435495e+00
1.507675300000000107e+03 -4.377341172747737374e+00
1.540958699999999908e+03 -4.378649746536082077e+00
1.561451299999999947e+03 -4.376501684580715867e+00
1.584819500000000062e+03 -4.379143989705468698e+00
1.604427100000000110e+03 -4.376135598855956488e+00
1.651477000000000089e+03 -4.380509142334872763e+00
1.665652199999999993e+03 -4.380499125920718662e+00
1.705244599999999991e+03 -4.381060165279223817e+00
1.711412199999999984e+03 -4.380280757591608953e+00
1.756481800000000021e+03 -4.381592486396787223e+00
1.762977799999999888e+03 -4.380361797123574874e+00
1.797403199999999970e+03 -4.381871767959213848e+00
1.814006399999999985e+03 -4.379624640408028569e+00
1.856842000000000098e+03 -4.381201701602570608e+00
1.859400000000000091e+03 -4.384312415436163235e+00
1.915078999999999951e+03 -4.383443009931360379e+00
1.921319600000000037e+03 -4.384788112300094909e+00
1.955487399999999980e+03 -4.385131295042631550e+00
1.960112399999999980e+03 -4.383166660592650032e+00
2.001181100000000015e+03 -4.385035009314550258e+00
2.008046599999999899e+03 -4.382517235779507914e+00
2.056573699999999917e+03 -4.385262029818130181e+00
2.057109899999999925e+03 -4.382773994417638264e+00
2.107621599999999944e+03 -4.387649392355674749e+00
2.111341199999999844e+03 -4.385167618466141448e+00
2.158706900000000132e+03 -4.386420991011863890e+00
2.162679500000000189e+03 -4.385655396117480898e+00
2.200083000000000084e+03 -4.387713455609072000e+00
2.212604699999999866e+03 -4.389367977339553306e+00
2.257585199999999986e+03 -4.386101766667695578e+00
2.257951599999999871e+03 -4.389858456609860404e+00
2.315491899999999987e+03 -4.389155355318946405e+00
2.315517899999999827e+03 -4.392173373396726532e+00
2.350312699999999950e+03 -4.387209484678281868e+00
2.369190200000000004e+03 -4.392066694056888210e+00
2.398277399999999943e+03 -4.388173684596167412e+00
2.412348700000000008e+03 -4.391232930495525544e+00
2.444364599999999882e+03 -4.390837939804608681e+00
