9.950003700000000606e+01 -3.305137812768013550e+00
1.273785500000000042e+02 -3.304921647718769506e+00
1.504892199999999889e+02 -3.304820396769060586e+00
1.766187899999999900e+02 -3.304011753184682210e+00
2.016398199999999861e+02 -3.303786110644634455e+00
2.253375900000000058e+02 -3.302324780433886442e+00
2.507711999999999932e+02 -3.301925114138036577e+00
2.734711500000000228e+02 -3.300245670864639269e+00
3.009261500000000069e+02 -3.299706656765541979e+00
3.246860599999999977e+02 -3.297791566027735932e+00
3.506368499999999813e+02 -3.296644113169149293e+00
3.718107600000000161e+02 -3.292775277245672427e+00
4.019049800000000232e+02 -3.292609832302206385e+00
4.237629699999999957e+02 -3.287852049848035030e+00
4.540058799999999906e+02 -3.287258272399999459e+00
4.699445000000000050e+02 -3.280460190527096476e+00
4.969170799999999986e+02 -3.280085897443200338e+00
5.210549899999999752e+02 -3.274538321653955641e+00
5.475594599999999446e+02 -3.273012328915600122e+00
5.683390399999999545e+02 -3.268147443366429261e+00
6.038431000000000495e+02 -3.267424820070745639e+00
6.189816200000000208e+02 -3.262461164482970410e+00
6.574493499999999813e+02 -3.262569791320349744e+00
6.685485499999999774e+02 -3.258547948492490853e+00
7.014257999999999811e+02 -3.258008953689081721e+00
7.167772700000000441e+02 -3.252897571572757052e+00
7.507406499999999596e+02 -3.252302399839143376e+00
7.771104000000000269e+02 -3.250864416668889589e+00
7.953433499999999867e+02 -3.246767494495879536e+00
8.187822800000000143e+02 -3.244211160247737702e+00
8.490736000000000558e+02 -3.243568326407157087e+00
8.604614599999999882e+02 -3.238700845367534775e+00
9.044435399999999845e+02 -3.240024681196433942e+00
9.169145099999999502e+02 -3.236583755624917291e+00
9.550992999999999711e+02 -3.236259934987015807e+00
9.650495100000000548e+02 -3.233890882358533947e+00
9.997657799999999497e+02 -3.232592220262151095e+00
1.017280600000000049e+03 -3.231382260661346262e+00
1.045216499999999996e+03 -3.229000491644211657e+00
1.064875099999999975e+03 -3.227699413134199613e+00
1.103578199999999924e+03 -3.228042712349680432e+00
1.109598999999999933e+03 -3.224033414187744917e+00
1.149683399999999892e+03 -3.225224800236654144e+00
1.158180599999999913e+03 -3.220476604502177764e+00
1.208679399999999987e+03 -3.222161816322314909e+00
1.213030199999999923e+03 -3.220940716637364698e+00
1.245042300000000068e+03 -3.219243807279320357e+00
1.262705200000000104e+03 -3.217598080863733667e+00
1.296833599999999933e+03 -3.217172325632013052e+00
1.323457100000000082e+03 -3.217551773763286604e+00
1.353666600000000017e+03 -3.215011846443739163e+00
1.364371399999999994e+03 -3.213744597404071701e+00
1.376564300000000003e+03 -3.209527582066918683e+00
1.426231800000000021e+03 -3.216512846596087716e+00
1.442749000000000024e+03 -3.211961733839342692e+00
1.466061799999999948e+03 -3.211946169230624815e+00
1.507340500000000020e+03 -3.211832729380514451e+00
1.521881300000000010e+03 -3.211544085162411744e+00
1.536349699999999984e+03 -3.208322771324555234e+00
1.568108899999999949e+03 -3.209897292784273048e+00
1.600214500000000044e+03 -3.204605025218872250e+00
1.604127199999999903e+03 -3.209353763829894568e+00
1.640384800000000041e+03 -3.205492391789678486e+00
1.661048299999999927e+03 -3.205919398328242131e+00
1.699484099999999899e+03 -3.206123118884646406e+00
1.713942900000000009e+03 -3.205732317352955718e+00
1.753325499999999920e+03 -3.205471767311084186e+00
1.767395099999999957e+03 -3.205189845047582864e+00
1.800508700000000090e+03 -3.204709763352204366e+00
1.818901800000000094e+03 -3.203676683606695441e+00
1.851674899999999980e+03 -3.200283825220793243e+00
1.869230600000000095e+03 -3.204496605702999101e+00
1.886093200000000024e+03 -3.198850478782053308e+00
1.917298600000000079e+03 -3.204488528435604611e+00
1.949137799999999970e+03 -3.200945221412732522e+00
1.971020400000000109e+03 -3.205431079782005366e+00
2.011363200000000006e+03 -3.199806812663410938e+00
2.012733500000000049e+03 -3.204979350709654007e+00
2.057983999999999924e+03 -3.199724931050311305e+00
2.060513300000000072e+03 -3.202560822553642161e+00
2.107853399999999965e+03 -3.197400646397387192e+00
2.109679399999999987e+03 -3.200908119993842949e+00
2.145775399999999991e+03 -3.197844682107225722e+00
2.158125100000000202e+03 -3.198376069575581404e+00
2.192603500000000167e+03 -3.202355217236090290e+00
2.213696600000000217e+03 -3.196230857711398254e+00
2.223419800000000123e+03 -3.196132143513994439e+00
2.252288900000000012e+03 -3.198368279051635898e+00
2.303394200000000183e+03 -3.199758522561531482e+00
2.313518199999999979e+03 -3.199303877041476785e+00
2.359232599999999820e+03 -3.200316545362261067e+00
2.375581499999999778e+03 -3.197727114016250205e+00
2.381702600000000075e+03 -3.197205021607171460e+00
2.423306900000000041e+03 -3.200746944522516735e+00
2.459137799999999970e+03 -3.197735724076617991e+00
