9.957126100000000690e+01 3.819127366171382221e+01
1.007780000000000058e+02 3.818589151231427081e+01
1.269294299999999964e+02 3.823188225117036154e+01
1.496333999999999946e+02 3.825564115611642535e+01
1.498686299999999960e+02 3.828379350702218886e+01
1.757020699999999920e+02 3.833110421331161888e+01
2.001485900000000129e+02 3.838075666598819424e+01
2.009717499999999859e+02 3.837308925300223450e+01
2.242822999999999922e+02 3.844339965397923464e+01
2.472056699999999978e+02 3.847019641766741671e+01
2.497566899999999919e+02 3.845533584368003233e+01
2.730353000000000065e+02 3.854776053327905316e+01
3.009194499999999834e+02 3.856192906574394641e+01
3.015724700000000098e+02 3.858319967433340025e+01
3.204122100000000160e+02 3.870256208019539912e+01
3.470228099999999927e+02 3.875334876857317568e+01
3.524286900000000173e+02 3.873797018115204338e+01
3.703737600000000043e+02 3.877948453083655522e+01
4.005402300000000082e+02 3.880754528801139713e+01
4.010532799999999725e+02 3.890108487685731831e+01
4.202413000000000238e+02 3.889264197028292358e+01
4.449431500000000028e+02 3.894092509668227109e+01
4.500912099999999896e+02 3.892000203541624614e+01
4.678374000000000024e+02 3.899754172603297064e+01
4.961746999999999730e+02 3.907165072257276250e+01
5.018340999999999781e+02 3.906641156116425861e+01
5.175168099999999640e+02 3.913247608385915299e+01
5.505361799999999448e+02 3.916331365764298766e+01
5.544960899999999810e+02 3.915991196824750631e+01
5.658530899999999519e+02 3.918667820069204311e+01
5.961559700000000248e+02 3.926572409932830965e+01
5.998745699999999488e+02 3.929520608589456288e+01
6.199037799999999834e+02 3.931214889069814689e+01
6.473462500000000546e+02 3.930859607164665448e+01
6.498325800000000072e+02 3.934592967636881866e+01
6.637197599999999511e+02 3.937843781803378818e+01
7.000284100000000080e+02 3.951990179116629065e+01
7.007495199999999613e+02 3.945919143089761860e+01
7.135262800000000425e+02 3.948094138001221154e+01
7.490308999999999742e+02 3.956418736006513370e+01
7.640540200000000368e+02 3.955822969672297518e+01
7.707224400000000060e+02 3.956617494402605217e+01
7.963927200000000539e+02 3.968116782006920573e+01
8.060857600000000502e+02 3.962164970486464455e+01
8.141310600000000477e+02 3.969657795644209131e+01
8.452619799999999941e+02 3.975638968043964638e+01
8.468370300000000270e+02 3.973594138001221410e+01
8.637803999999999860e+02 3.979644107469977854e+01
8.967287300000000414e+02 3.983080653368613611e+01
8.968498799999999846e+02 3.983416547934052687e+01
9.196836399999999685e+02 3.989314471809484530e+01
9.538753299999999626e+02 3.989135864034194867e+01
9.572756299999999783e+02 3.991211174435171927e+01
9.674283000000000357e+02 3.995599480968857620e+01
9.939853900000000522e+02 4.000261093018522729e+01
9.989525399999999991e+02 4.002731223285162088e+01
1.019654700000000048e+03 4.004402452676572466e+01
1.053462800000000016e+03 4.016225320578057989e+01
1.054728000000000065e+03 4.005367850600448065e+01
1.061315900000000056e+03 4.015301546916344932e+01
1.099401800000000094e+03 4.017151384083044974e+01
1.101255699999999933e+03 4.024162070018318360e+01
1.105471800000000030e+03 4.021109861591695278e+01
1.139240700000000061e+03 4.028349582739670609e+01
1.146225200000000086e+03 4.029180897618562796e+01
1.165684199999999919e+03 4.034545338896804623e+01
1.196446799999999939e+03 4.039273661713820474e+01
1.202068099999999959e+03 4.043197689802564554e+01
1.217658300000000054e+03 4.044778444941990614e+01
1.233565599999999904e+03 4.046516741298595576e+01
1.257007499999999936e+03 4.045266181559128427e+01
1.266676600000000008e+03 4.048069153266843045e+01
1.298522099999999909e+03 4.058559790352127550e+01
1.303741299999999910e+03 4.054753358436800426e+01
1.319729399999999941e+03 4.059132810909831335e+01
1.336322499999999991e+03 4.059807653165072594e+01
1.356649100000000089e+03 4.065117290860980859e+01
1.361601499999999987e+03 4.061368410339914448e+01
1.390175400000000081e+03 4.073224404640749441e+01
1.415064599999999928e+03 4.073023712599226798e+01
1.420691100000000006e+03 4.075367290860981484e+01
1.450814900000000080e+03 4.082999643802157408e+01
1.457412399999999934e+03 4.084060044779157295e+01
1.463631699999999910e+03 4.084780480358233490e+01
1.502650399999999991e+03 4.087547323427641288e+01
1.506788700000000063e+03 4.094895176063505460e+01
1.513912199999999984e+03 4.095100651333197561e+01
1.542622599999999920e+03 4.104768115204559820e+01
1.543487499999999955e+03 4.105619580704254190e+01
1.552690000000000055e+03 4.103386779971503984e+01
1.597392200000000003e+03 4.112919855485446874e+01
1.610063200000000052e+03 4.110740840626908721e+01
1.614094700000000103e+03 4.114016232444534893e+01
1.653008299999999963e+03 4.118411306737227306e+01
1.657868199999999888e+03 4.121677691837980717e+01
1.673156400000000076e+03 4.120014858538571190e+01
1.678693700000000035e+03 4.130293099938937473e+01
1.695200199999999995e+03 4.129969366985548618e+01
1.701504300000000057e+03 4.133965754121717850e+01
1.740557900000000018e+03 4.146011245674740309e+01
1.753941299999999956e+03 4.141577600244249879e+01
1.768822400000000016e+03 4.135448503969061562e+01
1.798662399999999934e+03 4.150144921636474749e+01
1.799944199999999910e+03 4.149826531650722927e+01
1.817374800000000050e+03 4.141451607978831362e+01
1.840104700000000093e+03 4.153575819255037516e+01
1.850631699999999910e+03 4.150017809892123211e+01
1.868341899999999896e+03 4.161302310197435617e+01
1.877965200000000095e+03 4.165754019947078746e+01
1.907003600000000006e+03 4.160714736413596881e+01
1.920281099999999924e+03 4.169999592916751396e+01
1.941057900000000018e+03 4.169538316710767845e+01
1.944944700000000012e+03 4.175377467942194443e+01
1.966613200000000006e+03 4.175622430286993136e+01
2.001269600000000082e+03 4.185075310400976889e+01
2.012611400000000003e+03 4.185356859352737757e+01
2.013738399999999956e+03 4.182839812741705998e+01
2.044602300000000014e+03 4.191062690820272962e+01
2.060946500000000015e+03 4.197028801139833121e+01
2.064876900000000205e+03 4.185929727254223565e+01
2.085519600000000082e+03 4.202008192550376720e+01
2.108906100000000151e+03 4.204659016893954515e+01
2.115308799999999792e+03 4.203730002035416646e+01
2.116760099999999966e+03 4.209385660492570480e+01
2.152827099999999973e+03 4.215547730510888869e+01
2.167573699999999917e+03 4.212764146142886545e+01
2.203442900000000009e+03 4.227677793608793166e+01
2.204052499999999782e+03 4.217196112354976378e+01
2.208778999999999996e+03 4.226946773865255125e+01
2.254425499999999829e+03 4.239053734988804933e+01
2.254650900000000092e+03 4.227089863627111299e+01
2.270601400000000012e+03 4.235357113779767957e+01
2.283468400000000202e+03 4.243952523916141217e+01
2.310652599999999893e+03 4.235815998371667490e+01
2.315388899999999921e+03 4.243896499084063123e+01
2.322788300000000163e+03 4.249866273152859719e+01
2.356702000000000226e+03 4.254863830653368240e+01
2.358707699999999932e+03 4.248959902300020275e+01
2.386378400000000056e+03 4.264851669041318871e+01
2.401667300000000068e+03 4.267019438225117511e+01
2.415380700000000161e+03 4.265659373091797590e+01
2.433400299999999788e+03 4.276403826582536283e+01
