1.241721200000000067e+02 -4.531765019711892606e+00
1.338132699999999886e+02 -4.531435089885123446e+00
1.712597199999999873e+02 -4.530335567685699338e+00
1.715385300000000086e+02 -4.530534706480471741e+00
1.821841200000000072e+02 -4.530231287460506628e+00
2.207157400000000109e+02 -4.528740107096606238e+00
2.228642600000000016e+02 -4.529422399608812100e+00
2.340254799999999875e+02 -4.529133005817706170e+00
2.706562400000000252e+02 -4.526574443388328817e+00
2.728079599999999800e+02 -4.527004510039879470e+00
2.818529100000000085e+02 -4.526055663344362046e+00
3.239176299999999742e+02 -4.524056986477381415e+00
3.244442099999999982e+02 -4.524052063545449087e+00
3.315284300000000144e+02 -4.522401590659743675e+00
3.705405600000000277e+02 -4.518726927646838476e+00
3.705813499999999863e+02 -4.518853694941380894e+00
3.816095300000000066e+02 -4.517894908679289223e+00
4.228396000000000186e+02 -4.514063319965499588e+00
4.230297100000000228e+02 -4.513979656275568964e+00
4.301906500000000051e+02 -4.512119269428896295e+00
4.763222499999999968e+02 -4.509407968522761934e+00
4.765850199999999859e+02 -4.509323548893489075e+00
4.793783799999999928e+02 -4.506270296248866991e+00
5.209231899999999769e+02 -4.501777452475115737e+00
5.228042400000000498e+02 -4.502135866324497471e+00
5.315094699999999648e+02 -4.500493302715470101e+00
5.708101599999999962e+02 -4.495233559803273771e+00
5.754858600000000024e+02 -4.496568008294766550e+00
5.812496300000000247e+02 -4.494145478718284181e+00
6.171357900000000427e+02 -4.488018938953307391e+00
6.207402700000000095e+02 -4.489065006531516744e+00
6.308563100000000077e+02 -4.487707478849408460e+00
6.681907800000000179e+02 -4.482557025095154302e+00
6.683418000000000347e+02 -4.482490733981256525e+00
6.757526800000000549e+02 -4.480713178576010591e+00
7.167848099999999931e+02 -4.475509077092129750e+00
7.229648600000000442e+02 -4.477214060377137095e+00
7.246158100000000104e+02 -4.473859263983734458e+00
7.622873700000000099e+02 -4.469444896289158642e+00
7.645618100000000368e+02 -4.470106057524906973e+00
7.744750400000000354e+02 -4.469080182465037687e+00
8.185211600000000089e+02 -4.466117856628224025e+00
8.207626000000000204e+02 -4.462959068021854492e+00
8.235721300000000156e+02 -4.467297437125942849e+00
8.595147100000000364e+02 -4.459912991704752194e+00
8.613214000000000397e+02 -4.460314465750724544e+00
8.708017499999999700e+02 -4.459436045507362500e+00
9.062523300000000290e+02 -4.455287475663220143e+00
9.071232999999999720e+02 -4.455555535145675705e+00
9.170881399999999530e+02 -4.454261402461142438e+00
9.594786000000000286e+02 -4.449988295527369964e+00
9.598950399999999945e+02 -4.453307789503724301e+00
9.614050200000000359e+02 -4.453766946464916110e+00
1.005348100000000045e+03 -4.448358686990700583e+00
1.009526299999999992e+03 -4.449469162576499492e+00
1.022197400000000016e+03 -4.450012449660521341e+00
1.051675300000000107e+03 -4.445248125589147392e+00
1.059874000000000024e+03 -4.447396453906899083e+00
1.066272699999999986e+03 -4.445997469999278806e+00
1.102237200000000030e+03 -4.443311292596450635e+00
1.108615500000000111e+03 -4.442168738526080851e+00
1.108881800000000112e+03 -4.445041164710435311e+00
1.153107299999999896e+03 -4.442269574071906924e+00
1.155408500000000004e+03 -4.442836086029912757e+00
1.162423500000000104e+03 -4.441900264701826195e+00
1.207307399999999916e+03 -4.442073410337108008e+00
1.207601400000000012e+03 -4.442184424349727045e+00
1.218078700000000026e+03 -4.441598388491172500e+00
1.249930800000000090e+03 -4.439618003185629824e+00
1.251585100000000011e+03 -4.440032289809292543e+00
1.261836000000000013e+03 -4.439488529032757036e+00
1.309140599999999949e+03 -4.440487962311652659e+00
1.310928599999999960e+03 -4.437809243334142728e+00
1.313116800000000012e+03 -4.441453503665981906e+00
1.343670900000000074e+03 -4.437378908999525251e+00
1.349984500000000025e+03 -4.438993188634052345e+00
1.368932299999999941e+03 -4.440790208436919961e+00
1.399485799999999927e+03 -4.438396305391674623e+00
1.400760800000000017e+03 -4.438720066453952562e+00
1.408218699999999899e+03 -4.437566970746014583e+00
1.446982600000000048e+03 -4.438111465277072121e+00
1.448815399999999954e+03 -4.435819964059061427e+00
1.453509600000000091e+03 -4.439773992644955314e+00
1.483903999999999996e+03 -4.434525199668387430e+00
1.493259399999999914e+03 -4.437005328166385709e+00
1.514657500000000027e+03 -4.439071307138629408e+00
1.538648699999999963e+03 -4.435284094143891132e+00
1.546347400000000107e+03 -4.437214062161121575e+00
1.561640200000000050e+03 -4.438471697497529789e+00
1.598306700000000092e+03 -4.439303964229786459e+00
1.600463199999999915e+03 -4.439855559706439969e+00
1.614605299999999943e+03 -4.440149015593293669e+00
1.645468699999999899e+03 -4.439251521374868226e+00
1.646433199999999943e+03 -4.439493536328625645e+00
1.661873800000000074e+03 -4.440515820964576754e+00
1.686998700000000099e+03 -4.437719229137019106e+00
1.692151000000000067e+03 -4.439104172971872764e+00
1.714456100000000106e+03 -4.441719152196470510e+00
1.750935600000000022e+03 -4.439413975359722819e+00
1.752531500000000051e+03 -4.441391120862792974e+00
1.754948100000000068e+03 -4.442043592621187642e+00
1.789291600000000017e+03 -4.439809461712306060e+00
1.790739100000000008e+03 -4.440252262807960371e+00
1.804944799999999987e+03 -4.440283308535785345e+00
1.835498000000000047e+03 -4.440756466139330172e+00
1.847918400000000020e+03 -4.443918536827250243e+00
1.851648899999999912e+03 -4.441057227863550061e+00
1.891471000000000004e+03 -4.441672408048327192e+00
1.903921399999999949e+03 -4.444873121775000158e+00
1.906096800000000030e+03 -4.445249774252899577e+00
1.938003699999999981e+03 -4.445420234039060503e+00
1.942178599999999960e+03 -4.446435565851720284e+00
1.966769099999999980e+03 -4.448618060960367160e+00
1.998984600000000000e+03 -4.448069042917374816e+00
2.002144800000000032e+03 -4.445998372510389984e+00
2.003359799999999950e+03 -4.449164397668174509e+00
2.043667200000000093e+03 -4.447258284053695832e+00
2.048832100000000082e+03 -4.448580741294768437e+00
2.072647100000000137e+03 -4.451526625575679574e+00
2.075000300000000152e+03 -4.447147695977054838e+00
2.081236100000000079e+03 -4.448651184969053318e+00
2.114184799999999996e+03 -4.453293291170927759e+00
2.136548400000000129e+03 -4.450810987948202069e+00
2.150486699999999928e+03 -4.454372081108782133e+00
2.155066400000000158e+03 -4.452765367296582788e+00
2.185986800000000130e+03 -4.452481275515333792e+00
2.194512499999999818e+03 -4.454713732760079203e+00
2.216760000000000218e+03 -4.457296214887418451e+00
2.236439800000000105e+03 -4.452009776372569227e+00
2.237554799999999886e+03 -4.452376745794287771e+00
2.253924799999999777e+03 -4.453488118292242781e+00
2.289268099999999777e+03 -4.457500344861736075e+00
2.295318600000000060e+03 -4.459044623377367955e+00
2.301756800000000112e+03 -4.457399948299050507e+00
2.338891799999999876e+03 -4.457752629390068222e+00
2.354315999999999804e+03 -4.458827411527274798e+00
2.355936099999999897e+03 -4.459198712662580277e+00
2.399817500000000109e+03 -4.461257969923405398e+00
2.409070999999999913e+03 -4.460487197945709248e+00
2.410163500000000113e+03 -4.463976429236542032e+00
2.436143199999999979e+03 -4.461735900626139006e+00
2.444545200000000023e+03 -4.463935666562456994e+00
