1.224788800000000037e+02 2.331313301445145569e+01
1.338039400000000114e+02 2.332827905556686332e+01
1.705490599999999972e+02 2.341278139629554289e+01
1.709723099999999931e+02 2.341367952371259875e+01
1.802603200000000072e+02 2.344107113779767815e+01
2.187458799999999997e+02 2.351177691837980888e+01
2.193677999999999884e+02 2.351050783635253438e+01
2.287228599999999972e+02 2.352743893751271997e+01
2.690026500000000169e+02 2.361702065947486417e+01
2.697470799999999826e+02 2.361750356197842393e+01
2.778242900000000191e+02 2.366579737431304764e+01
3.180688099999999849e+02 2.374415733767555281e+01
3.205799299999999903e+02 2.374439293710563703e+01
3.287123500000000149e+02 2.377749287604315143e+01
3.661442799999999806e+02 2.386509871768776492e+01
3.676639599999999746e+02 2.386380979035212846e+01
3.756647699999999759e+02 2.390983411357622757e+01
4.159623599999999897e+02 2.398646092000814178e+01
4.177311700000000201e+02 2.398787044575615823e+01
4.276155600000000163e+02 2.405467942194178832e+01
4.681137100000000260e+02 2.411832078159983794e+01
4.686492299999999886e+02 2.411989466720944364e+01
4.769602100000000178e+02 2.419538265825361023e+01
5.127952500000000100e+02 2.426864237736617014e+01
5.149099999999999682e+02 2.426988398127416957e+01
5.240417200000000548e+02 2.434107317321392472e+01
5.649266800000000330e+02 2.444229340525137317e+01
5.667595199999999522e+02 2.444222369224506508e+01
5.730646199999999908e+02 2.448268420516996002e+01
6.143303399999999783e+02 2.458345664563403332e+01
6.153424300000000358e+02 2.458283991451251538e+01
6.282359099999999899e+02 2.463669244860574281e+01
6.635740600000000313e+02 2.475986617138204693e+01
6.641740800000000036e+02 2.476010227966619226e+01
6.684285300000000234e+02 2.480749338489721012e+01
7.133520499999999629e+02 2.491058263789945215e+01
7.155421400000000176e+02 2.491062232851617964e+01
7.264603600000000370e+02 2.496844850396906068e+01
7.589741400000000340e+02 2.507968807246081866e+01
7.613218100000000277e+02 2.507929371056381029e+01
7.693364199999999755e+02 2.512183645430490486e+01
8.152319499999999834e+02 2.526251679218400170e+01
8.171227300000000469e+02 2.526273101974353708e+01
8.173139700000000403e+02 2.531769132912680575e+01
8.638036899999999605e+02 2.543765469163443882e+01
8.674263300000000072e+02 2.543874211276205699e+01
8.744435799999999972e+02 2.545085538367596456e+01
9.070903200000000197e+02 2.561772898432729306e+01
9.098660499999999729e+02 2.561802310197435517e+01
9.233140200000000277e+02 2.564202422145328697e+01
9.634144999999999754e+02 2.580539130877264498e+01
9.662111400000000003e+02 2.582074089151231533e+01
9.676103799999999637e+02 2.580472572766130668e+01
1.010046699999999987e+03 2.598628129452472990e+01
1.011389000000000010e+03 2.598610777529004778e+01
1.019126999999999953e+03 2.603250356197842663e+01
1.060626299999999901e+03 2.617156777936088119e+01
1.063334499999999935e+03 2.617224251984530881e+01
1.072331599999999980e+03 2.619116832892326485e+01
1.112715599999999995e+03 2.637472318339100497e+01
1.113258299999999963e+03 2.637353297374312788e+01
1.121525399999999991e+03 2.639791318949725252e+01
1.154969100000000026e+03 2.654506360675758359e+01
1.155357500000000073e+03 2.654409729289639586e+01
1.172411900000000060e+03 2.650658508039894201e+01
1.193544000000000096e+03 2.675719468756360797e+01
1.200866600000000062e+03 2.675705119071849936e+01
1.215913800000000037e+03 2.677118308569102467e+01
1.252108699999999999e+03 2.692426826786077498e+01
1.257738100000000031e+03 2.692363067372277285e+01
1.263100899999999911e+03 2.693187258294321396e+01
1.307094800000000077e+03 2.712706442092407499e+01
1.310806700000000092e+03 2.712802411968247895e+01
1.329610400000000027e+03 2.709321137797679668e+01
1.351165799999999990e+03 2.731366832892326357e+01
1.354165400000000091e+03 2.731361642580907656e+01
1.363239000000000033e+03 2.732856604925707344e+01
1.406775499999999965e+03 2.753641614085080391e+01
1.410986000000000104e+03 2.751631437003867120e+01
1.411039999999999964e+03 2.753577294931813668e+01
1.453195400000000063e+03 2.772827803785874323e+01
1.455096900000000005e+03 2.772875025442703034e+01
1.469320300000000088e+03 2.771654386322002850e+01
1.497193999999999960e+03 2.795589914512517637e+01
1.507050400000000081e+03 2.795526562181966312e+01
1.516086099999999988e+03 2.796335080398941741e+01
1.544183600000000069e+03 2.817716110319560130e+01
1.552427100000000110e+03 2.817653572155505870e+01
1.552776200000000017e+03 2.814843578261754686e+01
1.601425700000000006e+03 2.840649196010584276e+01
1.601625800000000027e+03 2.840576633421534680e+01
1.606148400000000038e+03 2.840108742112762386e+01
1.637359400000000051e+03 2.866880521066558174e+01
1.649482400000000098e+03 2.866885049867697788e+01
1.666623700000000099e+03 2.867761754528801177e+01
1.692180000000000064e+03 2.890446061469570438e+01
1.700859600000000000e+03 2.890396041115408110e+01
1.725007000000000062e+03 2.886620598412375571e+01
1.741742700000000013e+03 2.914977915733767233e+01
1.742292799999999943e+03 2.915005546509261336e+01
1.763841499999999996e+03 2.914044321188682929e+01
1.794065200000000004e+03 2.940559434154284446e+01
1.798125999999999976e+03 2.940514553226135064e+01
1.826455500000000029e+03 2.939939497252188261e+01
1.846573100000000068e+03 2.968320985141461321e+01
1.846699100000000044e+03 2.968367494402605189e+01
1.869038800000000037e+03 2.968952625686952729e+01
1.893166699999999992e+03 2.997423570120089664e+01
1.898781300000000101e+03 2.997499033177284744e+01
1.910638799999999947e+03 2.995621819662120799e+01
1.937633199999999988e+03 3.028139476898025606e+01
1.942572899999999890e+03 3.028098615916954728e+01
1.973089999999999918e+03 3.029177335640138580e+01
1.996347999999999956e+03 3.054191430897618176e+01
2.003325499999999920e+03 3.054248473437818134e+01
2.010131100000000060e+03 3.053545033584368085e+01
2.057190200000000004e+03 3.093712141257887538e+01
2.061702000000000226e+03 3.093590474251984546e+01
2.073570900000000165e+03 3.090018166089965490e+01
2.087123099999999795e+03 3.134569967433339954e+01
2.090354200000000219e+03 3.134571799307958884e+01
2.120757200000000012e+03 3.137663952778343202e+01
2.137939600000000155e+03 3.169724251984530738e+01
2.142097299999999905e+03 3.169753104009770084e+01
2.162040500000000065e+03 3.170486973336047143e+01
2.188631400000000212e+03 3.217538265825361066e+01
2.205900299999999788e+03 3.217458528394056572e+01
2.224168000000000120e+03 3.220491858335029889e+01
2.249017899999999827e+03 3.255156269082027620e+01
2.252405499999999847e+03 3.255183289232648036e+01
2.261838799999999992e+03 3.260976490942397277e+01
2.290512700000000223e+03 3.312899806635456912e+01
2.304893399999999929e+03 3.313016181559128626e+01
2.307954099999999926e+03 3.317942855688988146e+01
2.346400799999999890e+03 3.352039334418888927e+01
2.348073899999999867e+03 3.351950742926928228e+01
2.365497100000000046e+03 3.356186952981884986e+01
2.386923899999999776e+03 3.403183034805618234e+01
2.403100699999999961e+03 3.403080907795644094e+01
2.413726200000000063e+03 3.406752646041115895e+01
2.421848199999999906e+03 3.403145328719723040e+01
2.437696300000000065e+03 3.403150875228983807e+01
