1.028138600000000054e+02 2.356785161815591323e+01
1.271004899999999935e+02 2.358117647058823607e+01
1.504171699999999987e+02 2.358612762059841472e+01
1.764091200000000015e+02 2.359901740280887594e+01
1.993824600000000089e+02 2.361065845715448575e+01
2.247856500000000040e+02 2.362242672501526641e+01
2.480110500000000116e+02 2.362093629147160811e+01
2.737145899999999870e+02 2.363928658660696058e+01
2.981790399999999863e+02 2.365479544066761619e+01
3.231235599999999977e+02 2.366331721962141188e+01
3.492974500000000262e+02 2.366262466924486318e+01
3.718903599999999869e+02 2.367422043557907685e+01
3.965292699999999968e+02 2.368212955424384347e+01
4.220763099999999781e+02 2.370697995115001078e+01
4.489524000000000115e+02 2.370468807246081866e+01
4.697041500000000269e+02 2.372514654996946959e+01
4.997462499999999750e+02 2.373049307958477527e+01
5.175484199999999646e+02 2.373101261958070296e+01
5.481186699999999519e+02 2.375865458986362810e+01
5.716619799999999714e+02 2.375465906777936098e+01
5.982823799999999892e+02 2.376268522287807627e+01
6.149916200000000117e+02 2.375712548341135744e+01
6.433131399999999758e+02 2.377072257276612888e+01
6.738078699999999799e+02 2.379310095664563462e+01
6.975571700000000419e+02 2.380939090168939742e+01
7.210984600000000455e+02 2.382696061469570381e+01
7.464279500000000098e+02 2.385370852839405842e+01
7.680326999999999771e+02 2.387122684714023890e+01
7.982468699999999444e+02 2.389553582332587212e+01
8.187708800000000338e+02 2.391528037858742195e+01
8.416620299999999588e+02 2.390202778343171275e+01
8.677971000000000004e+02 2.392036739263179257e+01
8.958579999999999472e+02 2.395196315896600936e+01
9.226324499999999489e+02 2.395291217178913001e+01
9.400990799999999581e+02 2.398679625483411471e+01
9.691538799999999583e+02 2.399148280073275075e+01
1.000286699999999996e+03 2.400370598412375500e+01
1.021298300000000040e+03 2.404860217789537913e+01
1.041061099999999897e+03 2.401386983513128470e+01
1.066956799999999930e+03 2.408737991044168680e+01
1.090151900000000069e+03 2.404244300834520942e+01
1.119589300000000094e+03 2.411428963973132511e+01
1.152975799999999936e+03 2.409198809281497944e+01
1.180094200000000001e+03 2.413134133930388714e+01
1.195189200000000028e+03 2.415327600244249950e+01
1.217738800000000083e+03 2.415469977610421282e+01
1.236366199999999935e+03 2.416799358843883283e+01
1.270205799999999954e+03 2.420532464889069857e+01
1.302637099999999919e+03 2.419148381844086870e+01
1.313624299999999948e+03 2.424458935477305133e+01
1.354894500000000107e+03 2.424126399348666894e+01
1.376637899999999945e+03 2.427676470588235347e+01
1.385515499999999975e+03 2.428974099328312519e+01
1.418662100000000009e+03 2.430057805821290629e+01
1.458980700000000070e+03 2.433912527986973373e+01
1.465486699999999928e+03 2.434421483818440990e+01
1.496127899999999954e+03 2.436707001831874564e+01
1.514303799999999910e+03 2.438766334215346987e+01
1.541695600000000013e+03 2.439748727864848377e+01
1.567204199999999901e+03 2.441844138001221509e+01
1.599943800000000010e+03 2.445125432525951581e+01
1.611035499999999956e+03 2.444396193771626358e+01
1.654363000000000056e+03 2.448863423570120190e+01
1.667825000000000045e+03 2.450552157541217113e+01
1.711249700000000075e+03 2.452746997761042280e+01
1.719817000000000007e+03 2.451920669651943996e+01
1.752146600000000035e+03 2.454539334418888785e+01
1.774343200000000024e+03 2.459057958477508521e+01
1.789932900000000018e+03 2.461853551801343443e+01
1.814700900000000047e+03 2.462838591491960116e+01
1.854186200000000099e+03 2.467313403215957734e+01
1.860302500000000009e+03 2.469128180337879286e+01
1.889328999999999951e+03 2.470437360065133348e+01
1.897495400000000018e+03 2.473151689395481512e+01
1.943379599999999982e+03 2.476541980460004311e+01
1.961785399999999981e+03 2.476161713820476251e+01
2.006703999999999951e+03 2.476071595766334354e+01
2.007583300000000008e+03 2.477293049053531604e+01
2.051987299999999777e+03 2.477559943008345300e+01
2.075214500000000044e+03 2.480197130063098143e+01
2.091652399999999943e+03 2.481359047425198483e+01
2.106140899999999874e+03 2.482739364950132455e+01
2.139705599999999777e+03 2.487665275798900666e+01
2.158842099999999846e+03 2.486843730917972906e+01
2.202487900000000081e+03 2.487320069204152162e+01
2.235846199999999953e+03 2.490971300630979002e+01
2.246817500000000109e+03 2.497640901689395676e+01
2.274987099999999828e+03 2.496350905760228045e+01
2.294619200000000092e+03 2.501593527376348192e+01
2.304204400000000078e+03 2.500130622837369998e+01
2.350505099999999857e+03 2.503974099328312519e+01
2.383622299999999996e+03 2.505973997557500610e+01
2.409034799999999905e+03 2.508715550580093634e+01
2.421342900000000100e+03 2.506904182780378676e+01
2.446954999999999927e+03 2.512427590067168737e+01
