1.008008399999999938e+02 -1.508719669210872416e+00
1.269864100000000064e+02 -1.508283430687662685e+00
1.488544500000000141e+02 -1.508077198119212037e+00
1.758333499999999958e+02 -1.507639405561376877e+00
1.994636700000000076e+02 -1.507149901362087041e+00
2.241079599999999914e+02 -1.506673851615483395e+00
2.495872599999999863e+02 -1.506431478470217300e+00
2.723320600000000127e+02 -1.505216001074661358e+00
2.971580000000000155e+02 -1.504675675971868465e+00
3.230623800000000188e+02 -1.503753198540352276e+00
3.522154100000000199e+02 -1.503599780211371639e+00
3.730516900000000078e+02 -1.501832445067522004e+00
4.041474099999999794e+02 -1.501705828431686207e+00
4.223593900000000190e+02 -1.498525884851934276e+00
4.472105999999999995e+02 -1.497101445284876764e+00
4.695117900000000191e+02 -1.494636388661009896e+00
4.980686200000000099e+02 -1.493938498812354743e+00
5.198801499999999578e+02 -1.490869143137703468e+00
5.484152100000000019e+02 -1.489776606381258306e+00
5.674134000000000242e+02 -1.486306681498168025e+00
6.144841800000000376e+02 -1.481087617580701510e+00
6.158999700000000530e+02 -1.488539216735666804e+00
6.480331099999999651e+02 -1.480856297589346005e+00
6.662435299999999643e+02 -1.478618348438869745e+00
6.967879299999999603e+02 -1.477721482237579709e+00
7.201726899999999887e+02 -1.475510140505759793e+00
7.459491799999999557e+02 -1.473166548856425617e+00
7.709657399999999825e+02 -1.471366984601711225e+00
8.042752500000000282e+02 -1.471259908589130916e+00
8.127999399999999923e+02 -1.465872574909920401e+00
8.480823900000000322e+02 -1.466467839116124106e+00
8.664857899999999518e+02 -1.462896255832170533e+00
9.053584499999999480e+02 -1.461621268779696781e+00
9.247460800000000063e+02 -1.461124604833179186e+00
9.588036100000000488e+02 -1.460497340833671887e+00
9.704737400000000207e+02 -1.457501529542367447e+00
9.972785199999999577e+02 -1.455889983420631584e+00
1.022876499999999965e+03 -1.454206838130968293e+00
1.050452099999999973e+03 -1.452298584272566639e+00
1.073119799999999941e+03 -1.450838719465872062e+00
1.102666899999999941e+03 -1.448951943022271260e+00
1.117447799999999916e+03 -1.447009767968820304e+00
1.151614399999999932e+03 -1.445303383414394904e+00
1.168978900000000067e+03 -1.444052883882469107e+00
1.211107400000000098e+03 -1.444171295863076354e+00
1.216123000000000047e+03 -1.441623688546623372e+00
1.244791899999999941e+03 -1.437329440269030645e+00
1.263821599999999989e+03 -1.438442055811940623e+00
1.291682000000000016e+03 -1.436083614053583757e+00
1.310416300000000092e+03 -1.434910469369415464e+00
1.347212299999999914e+03 -1.432777130367195451e+00
1.363490500000000111e+03 -1.433573299131560619e+00
1.391801300000000083e+03 -1.431329920834253588e+00
1.420112499999999955e+03 -1.431353539899723915e+00
1.465242600000000039e+03 -1.426590892876067329e+00
1.466587500000000091e+03 -1.430398682143326106e+00
1.511331799999999930e+03 -1.427332400316672745e+00
1.513867400000000089e+03 -1.424708542518633436e+00
1.555850599999999986e+03 -1.423625387892713645e+00
1.566550600000000031e+03 -1.422613309518647284e+00
1.595945099999999911e+03 -1.421522926616965776e+00
1.611496900000000096e+03 -1.418185652133111319e+00
1.651483799999999974e+03 -1.421312141874161661e+00
1.654209800000000087e+03 -1.414919421593480386e+00
1.695547600000000102e+03 -1.416315917302354732e+00
1.720527599999999893e+03 -1.416751813019160533e+00
1.746605499999999893e+03 -1.413819644806951770e+00
1.756068700000000035e+03 -1.410100692840087433e+00
1.789557600000000093e+03 -1.409657487116587893e+00
1.816436300000000074e+03 -1.409300802872826885e+00
1.846123399999999947e+03 -1.408574634034316597e+00
1.862126400000000103e+03 -1.405172393719154922e+00
1.892797499999999900e+03 -1.404628860048547923e+00
1.918472999999999956e+03 -1.403642938206150381e+00
1.951179300000000012e+03 -1.396881090763601341e+00
1.963167599999999993e+03 -1.405498725505661906e+00
2.000886799999999994e+03 -1.402126390776693654e+00
2.013558399999999892e+03 -1.397231531118228176e+00
2.046685899999999947e+03 -1.394466675253411836e+00
2.064093800000000101e+03 -1.391956176271207157e+00
2.094541700000000219e+03 -1.390337080179382401e+00
2.099997600000000148e+03 -1.385112743510227951e+00
2.135719500000000153e+03 -1.382529990028280142e+00
2.154224299999999857e+03 -1.382937958745737106e+00
2.204045799999999872e+03 -1.384134366503114277e+00
2.234614999999999782e+03 -1.382775307891109806e+00
2.265378600000000006e+03 -1.376603743489573706e+00
2.268269299999999930e+03 -1.378223884360762375e+00
2.314978799999999865e+03 -1.379501285997684068e+00
2.320969500000000153e+03 -1.373182455928519063e+00
2.371782799999999952e+03 -1.367992733709253006e+00
2.377452800000000025e+03 -1.373815757143862948e+00
2.413726200000000063e+03 -1.358846165627022762e+00
2.415923400000000129e+03 -1.373447057543395911e+00
2.421848199999999906e+03 -1.356481687653790846e+00
