1.221754799999999932e+02 2.322817728475473231e+01
1.314859700000000089e+02 2.323209088133523181e+01
1.685785899999999913e+02 2.325131131691431108e+01
1.688597200000000100e+02 2.325297323427641061e+01
1.788688300000000027e+02 2.325412731528597376e+01
2.162020300000000077e+02 2.327280378587421339e+01
2.168017399999999952e+02 2.327282261347445669e+01
2.277181899999999928e+02 2.327827040504783440e+01
2.640272400000000061e+02 2.329767046611031844e+01
2.661115300000000161e+02 2.329739670262568652e+01
2.739439600000000041e+02 2.329685731732139331e+01
3.143886299999999778e+02 2.331595003053124415e+01
3.149312699999999836e+02 2.331515112965601233e+01
3.248360400000000254e+02 2.332357266435986176e+01
3.639232200000000148e+02 2.334291624262161591e+01
3.655471299999999815e+02 2.334240382658253665e+01
3.716696099999999774e+02 2.334703745165886346e+01
4.143344200000000228e+02 2.336596376959088062e+01
4.145093699999999899e+02 2.336655607571748305e+01
4.215880500000000097e+02 2.337509922654182759e+01
4.592583399999999756e+02 2.337723895786688288e+01
4.611333599999999819e+02 2.337917463871361434e+01
4.755552200000000198e+02 2.338776104213311768e+01
5.144682000000000244e+02 2.341364695705271615e+01
5.167119599999999764e+02 2.341358640341949737e+01
5.228440100000000257e+02 2.342071188683085836e+01
5.612095399999999472e+02 2.343307856706696413e+01
5.615565800000000536e+02 2.343453490738856004e+01
5.678958900000000085e+02 2.345024475880317638e+01
6.093345699999999852e+02 2.347145379605129278e+01
6.125289199999999710e+02 2.347113728882556316e+01
6.242768999999999551e+02 2.347147974760838807e+01
6.586114499999999907e+02 2.349774374109505359e+01
6.612804499999999734e+02 2.349820323631182717e+01
6.649193400000000338e+02 2.349403063301445016e+01
7.116988000000000056e+02 2.352410085487482050e+01
7.119227899999999636e+02 2.352404233665784616e+01
7.187800799999999981e+02 2.353691125585182320e+01
7.574450600000000122e+02 2.354691023814369899e+01
7.602466799999999694e+02 2.354744249949114732e+01
7.743110599999999977e+02 2.356494199063708450e+01
8.032938100000000077e+02 2.358019234683492726e+01
8.048795199999999568e+02 2.358067626704661279e+01
8.089684999999999491e+02 2.359100396906167063e+01
8.618016599999999698e+02 2.361392937105638268e+01
8.652806500000000369e+02 2.361356961123549780e+01
8.691692699999999832e+02 2.362362711174435148e+01
9.062796100000000479e+02 2.363434815794830257e+01
9.070032700000000432e+02 2.363315693059230682e+01
9.184883899999999812e+02 2.366751424791369729e+01
9.632337300000000369e+02 2.370836963158966171e+01
9.632741899999999760e+02 2.366144412782414008e+01
9.661871800000000121e+02 2.366328923264807926e+01
1.011310699999999997e+03 2.368756767759006721e+01
1.014701000000000022e+03 2.368522745776511584e+01
1.028028000000000020e+03 2.374939599023000270e+01
1.063948900000000094e+03 2.379549053531447100e+01
1.064979000000000042e+03 2.371762263382861491e+01
1.065969900000000052e+03 2.371477508650519184e+01
1.112922499999999900e+03 2.375150671687359960e+01
1.116424800000000005e+03 2.375384744555261562e+01
1.131384299999999939e+03 2.382177946265010959e+01
1.166367899999999963e+03 2.384447995115001007e+01
1.168296100000000024e+03 2.380228170160797774e+01
1.171695600000000013e+03 2.380094290657439515e+01
1.204262400000000071e+03 2.383874923671890755e+01
1.208407799999999952e+03 2.383996794219417836e+01
1.225505599999999959e+03 2.388057347852636170e+01
1.259263200000000097e+03 2.386626348463260783e+01
1.265167899999999918e+03 2.386800122124974521e+01
1.277063000000000102e+03 2.392161204966415866e+01
1.298927899999999909e+03 2.395347699979645739e+01
1.303338600000000042e+03 2.391904589863627351e+01
1.308982799999999997e+03 2.391826378994504410e+01
1.358098700000000008e+03 2.395281345410136353e+01
1.359080200000000104e+03 2.395359403623040961e+01
1.366181000000000040e+03 2.399729442295949511e+01
1.407690599999999904e+03 2.401450183187461818e+01
1.410140000000000100e+03 2.401444178709546051e+01
1.420319799999999987e+03 2.402771677182984078e+01
1.451336299999999937e+03 2.406058212904538962e+01
1.452269000000000005e+03 2.404604569509464795e+01
1.453381599999999935e+03 2.406154437207408847e+01
1.499494799999999941e+03 2.410194229594952020e+01
1.501072200000000066e+03 2.410117647058823565e+01
1.515048099999999977e+03 2.409462700997353934e+01
1.555931199999999990e+03 2.411594595969875954e+01
1.557228100000000040e+03 2.411627773254630824e+01
1.558979299999999967e+03 2.415583757378383822e+01
1.595135800000000017e+03 2.418736871565235091e+01
1.599207000000000107e+03 2.418671840016283525e+01
1.611389699999999948e+03 2.416954559332383212e+01
1.653700700000000097e+03 2.420341899043354417e+01
1.664286299999999983e+03 2.420326989619377045e+01
1.669199399999999969e+03 2.423783024628536609e+01
1.702235899999999901e+03 2.424763688174231646e+01
1.707576700000000073e+03 2.424780073274984815e+01
1.725346299999999928e+03 2.427491807449623451e+01
1.757632900000000063e+03 2.428517860777528981e+01
1.758856600000000071e+03 2.431877671483818304e+01
1.762348999999999933e+03 2.428568898839812817e+01
1.799654999999999973e+03 2.433543049053531604e+01
1.803766599999999926e+03 2.433536891919397505e+01
1.820978900000000067e+03 2.433048646448198582e+01
1.857308700000000044e+03 2.436669193975167858e+01
1.857314100000000053e+03 2.436744453490738849e+01
1.877048600000000079e+03 2.442046000407083284e+01
1.894910399999999981e+03 2.446220842662324557e+01
1.897268000000000029e+03 2.446049969468756302e+01
1.921932800000000043e+03 2.439734429065743981e+01
1.958529500000000098e+03 2.448806584571544676e+01
1.976980199999999968e+03 2.445210207612456799e+01
1.978718399999999974e+03 2.445286891919397831e+01
1.989335600000000113e+03 2.452387645023407003e+01
1.991492799999999988e+03 2.452312029309993946e+01
2.011178400000000011e+03 2.449498829635660613e+01
2.052654799999999796e+03 2.453620038672908521e+01
2.058353900000000067e+03 2.458038672908609712e+01
2.061671600000000126e+03 2.453646753511092982e+01
2.080589399999999841e+03 2.461032057805821438e+01
2.088551300000000083e+03 2.460990128231223295e+01
2.105615400000000136e+03 2.458476745369427974e+01
2.145894899999999780e+03 2.462896804396498851e+01
2.154914200000000164e+03 2.462887543252595179e+01
2.163678199999999833e+03 2.463007836352533886e+01
2.209701100000000224e+03 2.466213108080602368e+01
2.212223899999999958e+03 2.466265825361286446e+01
2.229954499999999825e+03 2.468068542641970353e+01
2.239926399999999830e+03 2.472129757785467064e+01
2.242944899999999961e+03 2.472122481172399944e+01
2.259124699999999848e+03 2.472007480154691450e+01
2.300004600000000210e+03 2.476871259922654289e+01
2.302491799999999785e+03 2.476897007938123352e+01
2.313643599999999878e+03 2.479908660696112577e+01
2.326036300000000210e+03 2.482062080195400000e+01
2.329731099999999969e+03 2.482008803175249412e+01
2.360824599999999919e+03 2.476140698147771246e+01
2.392687300000000050e+03 2.483886983513128399e+01
2.409696699999999964e+03 2.483901943822511527e+01
2.417563299999999799e+03 2.487285518013433716e+01
2.449128400000000056e+03 2.494821951964176421e+01
2.449429999999999836e+03 2.494991196824750546e+01
