9.913788099999999304e+01 -4.415586372233477164e+00
1.000876700000000028e+02 -4.415742149743027589e+00
1.269371699999999947e+02 -4.414677784415867556e+00
1.494316000000000031e+02 -4.414680300706796068e+00
1.498066300000000126e+02 -4.414628617157149826e+00
1.759253999999999962e+02 -4.413239428657286467e+00
1.999926000000000101e+02 -4.413101824502724924e+00
2.003086600000000033e+02 -4.413347027114851606e+00
2.244900199999999870e+02 -4.410542823238124299e+00
2.492876300000000072e+02 -4.410395947724481402e+00
2.512931499999999971e+02 -4.410860170729513641e+00
2.757534499999999866e+02 -4.406781854093333450e+00
2.995429800000000000e+02 -4.406432531848957446e+00
2.996218999999999824e+02 -4.405960007311619187e+00
3.212828000000000088e+02 -4.400938979254477523e+00
3.497849100000000249e+02 -4.401214628928134864e+00
3.522229300000000194e+02 -4.401294529084669449e+00
3.728054099999999949e+02 -4.397260024494490160e+00
4.014053099999999858e+02 -4.397814160610630019e+00
4.034821200000000090e+02 -4.397043251521549401e+00
4.193203700000000254e+02 -4.393533235846209806e+00
4.486008199999999988e+02 -4.393142912815669376e+00
4.501703099999999722e+02 -4.393654397101450115e+00
4.698512000000000057e+02 -4.390967924883783624e+00
4.993489599999999768e+02 -4.390514098339600935e+00
5.015608100000000036e+02 -4.391086668881412969e+00
5.179789299999999912e+02 -4.388356980441451505e+00
5.472945200000000341e+02 -4.387585196308960711e+00
5.497845899999999801e+02 -4.389294062298527699e+00
5.679021599999999808e+02 -4.386588083521172798e+00
5.943131799999999885e+02 -4.385260504863451203e+00
5.995521499999999833e+02 -4.386064862556942501e+00
6.145140900000000101e+02 -4.383579778976923080e+00
6.497569200000000365e+02 -4.384983190610084236e+00
6.511431599999999662e+02 -4.385216637576846210e+00
6.624754299999999603e+02 -4.382419916699830331e+00
6.952036000000000513e+02 -4.383401052621580973e+00
7.008529899999999770e+02 -4.383545788465649018e+00
7.143774799999999914e+02 -4.381562746979176914e+00
7.442152599999999438e+02 -4.381129399211415532e+00
7.470813200000000052e+02 -4.380822500500102912e+00
7.673566299999999956e+02 -4.380776111283324781e+00
7.924148099999999886e+02 -4.381040430991154366e+00
7.925430099999999811e+02 -4.381390436667059518e+00
8.132252300000000105e+02 -4.379024145104180477e+00
8.464983600000000479e+02 -4.379945268452392959e+00
8.610774199999999610e+02 -4.381864001466949432e+00
8.630028300000000172e+02 -4.378485664248706222e+00
9.027650099999999611e+02 -4.379385272503887094e+00
9.030159200000000510e+02 -4.380728735332463764e+00
9.090672499999999445e+02 -4.377143165321717433e+00
9.505632399999999507e+02 -4.378866583162491111e+00
9.588017300000000205e+02 -4.379898900409567197e+00
9.603115299999999479e+02 -4.377211918836360738e+00
9.968188999999999851e+02 -4.378320368687721675e+00
1.002361499999999978e+03 -4.378936886565837128e+00
1.011530399999999986e+03 -4.376805245228630348e+00
1.053071500000000015e+03 -4.377138228423769206e+00
1.058260999999999967e+03 -4.376220607233026527e+00
1.060344700000000103e+03 -4.379705855491041078e+00
1.094010899999999992e+03 -4.378816881439408171e+00
1.099466699999999946e+03 -4.377359107560638840e+00
1.114175199999999904e+03 -4.377763521995921892e+00
1.152587199999999939e+03 -4.377364916361027980e+00
1.154169100000000071e+03 -4.374737231512707325e+00
1.157320400000000063e+03 -4.377292135303974874e+00
1.202328400000000101e+03 -4.377257133257927535e+00
1.205167999999999893e+03 -4.378952909680756456e+00
1.207208100000000059e+03 -4.375602644663288743e+00
1.251264100000000099e+03 -4.378432054765847070e+00
1.258885299999999916e+03 -4.379443045906576515e+00
1.263648599999999988e+03 -4.377790421629539352e+00
1.294994699999999966e+03 -4.376745885131988700e+00
1.304108600000000024e+03 -4.379582825932536672e+00
1.306538500000000113e+03 -4.375013669854693532e+00
1.343832100000000082e+03 -4.375976759897152846e+00
1.351161100000000033e+03 -4.378679309016909826e+00
1.359483699999999999e+03 -4.376197190849818952e+00
1.400902700000000095e+03 -4.378086386089531601e+00
1.403034300000000030e+03 -4.374788373241946360e+00
1.410639100000000099e+03 -4.379168165568034787e+00
1.440094100000000026e+03 -4.377249132463408188e+00
1.454470499999999902e+03 -4.376519860155210218e+00
1.455213600000000042e+03 -4.379873680120064172e+00
1.497413900000000012e+03 -4.377899520103290421e+00
1.498331500000000005e+03 -4.377000924823000183e+00
1.512425600000000031e+03 -4.378865118507730969e+00
1.540331200000000081e+03 -4.378975770764383491e+00
1.552941800000000057e+03 -4.379314479881190714e+00
1.575222199999999930e+03 -4.380654500490821057e+00
1.603688300000000027e+03 -4.378362729728828562e+00
1.605041799999999967e+03 -4.379643890242064685e+00
1.617820099999999911e+03 -4.380579942563445961e+00
1.641635199999999941e+03 -4.378547478993926489e+00
1.652018900000000031e+03 -4.377873079174841919e+00
1.657112100000000055e+03 -4.377678934183868442e+00
1.704625399999999900e+03 -4.380698787085175461e+00
1.710615000000000009e+03 -4.378518844229699170e+00
1.716396999999999935e+03 -4.381894381837126318e+00
1.734659200000000055e+03 -4.378471416649288628e+00
1.749701900000000023e+03 -4.380344886691770689e+00
1.763341200000000072e+03 -4.380000217103407145e+00
1.775659200000000055e+03 -4.377916855450346034e+00
1.800471999999999980e+03 -4.382917403699226000e+00
1.802930100000000039e+03 -4.379278548263439319e+00
1.841244599999999991e+03 -4.379486224826691476e+00
1.843965599999999995e+03 -4.378523414877464326e+00
1.871299299999999903e+03 -4.385611448582487526e+00
1.883830500000000029e+03 -4.381663195232361474e+00
1.914943299999999908e+03 -4.381808956664912102e+00
1.922022999999999911e+03 -4.386300455916480878e+00
1.943732500000000073e+03 -4.385015785942793620e+00
1.963363299999999981e+03 -4.384079187585212978e+00
1.963747599999999920e+03 -4.385396478980421620e+00
1.995648599999999988e+03 -4.383237457057027164e+00
2.001087899999999991e+03 -4.381772059162960531e+00
2.023365500000000111e+03 -4.388320494935775251e+00
2.053591699999999946e+03 -4.383103834623927497e+00
2.055558500000000095e+03 -4.382652796364176595e+00
2.076677400000000034e+03 -4.386578511904510869e+00
2.103239199999999983e+03 -4.383521746788703766e+00
2.117287200000000212e+03 -4.388481747110270170e+00
2.121609800000000178e+03 -4.391883064063947906e+00
2.131656199999999899e+03 -4.381984685508053090e+00
2.146077299999999923e+03 -4.384519360653872155e+00
2.150603399999999965e+03 -4.384701303913610460e+00
2.191758299999999963e+03 -4.386699915883336409e+00
2.195449900000000071e+03 -4.384428642088906258e+00
2.209838200000000143e+03 -4.388303962552725146e+00
2.249545900000000074e+03 -4.387211621794902427e+00
2.250290399999999863e+03 -4.384422917467396985e+00
2.264944899999999961e+03 -4.387909494359650608e+00
2.297070900000000165e+03 -4.387161987675501251e+00
2.302691299999999956e+03 -4.386492084716396178e+00
2.308599600000000009e+03 -4.389005911491321577e+00
2.321141799999999876e+03 -4.388569152379224292e+00
2.346198300000000017e+03 -4.388433180252745203e+00
2.353153299999999945e+03 -4.387958898411983277e+00
2.401863899999999830e+03 -4.390510391997811901e+00
2.402320600000000013e+03 -4.389427816884135858e+00
2.429771999999999935e+03 -4.393684584916133673e+00
2.444835999999999785e+03 -4.390699527237685196e+00
