1.021097500000000053e+02 -4.865982890760203183e+00
1.269376000000000033e+02 -4.865904844490480663e+00
1.507476100000000088e+02 -4.865868978752976304e+00
1.757895399999999881e+02 -4.865815388983890877e+00
1.997927999999999997e+02 -4.865709748858327188e+00
2.229906200000000069e+02 -4.865131384116530455e+00
2.475601900000000057e+02 -4.865091951000673376e+00
2.747903299999999831e+02 -4.865324136462896298e+00
2.990587800000000129e+02 -4.865045601980219736e+00
3.223777999999999793e+02 -4.864428704188864749e+00
3.481313400000000229e+02 -4.864202881929765354e+00
3.700967600000000175e+02 -4.863425650612589024e+00
3.950243699999999762e+02 -4.863153009595318821e+00
4.191652500000000146e+02 -4.863105896297767572e+00
4.482353400000000079e+02 -4.863323719006142909e+00
4.699680200000000241e+02 -4.862317532873426273e+00
4.937727800000000116e+02 -4.861301783547758326e+00
5.181848499999999831e+02 -4.861687031470109943e+00
5.513100399999999581e+02 -4.862452313209566945e+00
5.703410400000000209e+02 -4.861883654814111111e+00
5.949808799999999565e+02 -4.860700368759347079e+00
6.138211000000000013e+02 -4.859545396245441573e+00
6.505379199999999855e+02 -4.861444254032106116e+00
6.708372200000000021e+02 -4.860662208372914961e+00
6.980351299999999810e+02 -4.860279914781416188e+00
7.200729000000000042e+02 -4.859434525991502163e+00
7.381035699999999906e+02 -4.856605277844639801e+00
7.639831100000000106e+02 -4.857484031943655189e+00
8.028106400000000349e+02 -4.858449769501774540e+00
8.136004900000000362e+02 -4.856482341897485178e+00
8.418830299999999625e+02 -4.855544195991604361e+00
8.654168100000000550e+02 -4.855693483517018016e+00
8.967069300000000567e+02 -4.855359286798957896e+00
9.117260199999999486e+02 -4.853864807063857256e+00
9.465860800000000381e+02 -4.854474424811625610e+00
9.681741700000000037e+02 -4.854824508786590442e+00
9.934845699999999624e+02 -4.853128538797430558e+00
1.015199200000000019e+03 -4.852662414652288092e+00
1.038123900000000049e+03 -4.850496091029476098e+00
1.070134299999999939e+03 -4.852622576911787888e+00
1.091041500000000042e+03 -4.849347980640633438e+00
1.122233300000000099e+03 -4.851818205447237631e+00
1.143943199999999933e+03 -4.848408206355562022e+00
1.163888999999999896e+03 -4.848012486100683027e+00
1.196998100000000022e+03 -4.848254017373470504e+00
1.215519999999999982e+03 -4.847067587322791304e+00
1.245241199999999935e+03 -4.846334663078922134e+00
1.249632700000000114e+03 -4.840167897488889537e+00
1.299346000000000004e+03 -4.843806463658753003e+00
1.318997200000000021e+03 -4.842422309878739561e+00
1.348797399999999925e+03 -4.841381088984497261e+00
1.358121799999999894e+03 -4.836810205197190626e+00
1.395212500000000091e+03 -4.836502136074844138e+00
1.404311899999999923e+03 -4.834705265238809169e+00
1.439620799999999917e+03 -4.833607794734016139e+00
1.459049400000000105e+03 -4.831890957031663270e+00
1.494523400000000038e+03 -4.831124637530831656e+00
1.508674800000000005e+03 -4.828844576626988072e+00
1.543308199999999943e+03 -4.828623056017295134e+00
1.572319600000000037e+03 -4.830157886123007671e+00
1.610072799999999916e+03 -4.828305688516497440e+00
1.613692000000000007e+03 -4.823171458108621579e+00
1.658918300000000045e+03 -4.820564354422987030e+00
1.664583599999999933e+03 -4.829068179911521597e+00
1.698115399999999909e+03 -4.814803375907262151e+00
1.713886999999999944e+03 -4.822364619601135161e+00
1.752053499999999985e+03 -4.819326219219484564e+00
1.755962099999999964e+03 -4.812951416726479970e+00
1.787385800000000017e+03 -4.811592522485202750e+00
1.809877300000000105e+03 -4.809945136187620207e+00
1.845039800000000014e+03 -4.808759034732895898e+00
1.859568099999999959e+03 -4.807898769030178876e+00
1.909069999999999936e+03 -4.801957699356901976e+00
1.909922900000000027e+03 -4.809533422007031156e+00
1.944459399999999960e+03 -4.800446173024548457e+00
1.960441700000000083e+03 -4.795536189733184962e+00
1.999183299999999917e+03 -4.793204015545459384e+00
2.017718200000000024e+03 -4.793711715640937676e+00
2.060379100000000108e+03 -4.792896625823416912e+00
2.071871599999999944e+03 -4.792071156616454886e+00
2.099404199999999946e+03 -4.786166644940538895e+00
2.105512499999999818e+03 -4.790584150051018675e+00
2.138773400000000038e+03 -4.785161179480105886e+00
2.188325100000000020e+03 -4.790396885991232701e+00
2.206549700000000030e+03 -4.782449138374620823e+00
2.212208900000000085e+03 -4.784400247058615108e+00
2.256826700000000073e+03 -4.779923387438030247e+00
2.265743199999999888e+03 -4.785376862050715552e+00
2.298103999999999814e+03 -4.773791673997111573e+00
2.299670000000000073e+03 -4.780520401784213114e+00
2.334187699999999950e+03 -4.780776552346552855e+00
2.344871000000000095e+03 -4.781274913457764342e+00
2.413507099999999809e+03 -4.781698540808915432e+00
2.416321699999999964e+03 -4.784306183157284842e+00
2.438824000000000069e+03 -4.787499722398024460e+00
