9.998471399999999676e+01 1.749322002849582702e+01
1.001039399999999944e+02 1.749294524730307288e+01
1.266682299999999941e+02 1.752726592713209897e+01
1.488651900000000126e+02 1.755564522694891139e+01
1.498967399999999941e+02 1.754525951557093322e+01
1.753000800000000083e+02 1.757001526562181937e+01
1.991661900000000003e+02 1.759836047221656585e+01
2.003208600000000104e+02 1.759718298392021296e+01
2.232409700000000043e+02 1.763580042743740961e+01
2.490333899999999971e+02 1.767337064929778379e+01
2.512819499999999948e+02 1.766130622837370368e+01
2.739118700000000217e+02 1.768669346631386219e+01
3.008551600000000121e+02 1.772977966619173529e+01
3.020333899999999971e+02 1.773455780582129293e+01
3.220911300000000210e+02 1.776449114593934553e+01
3.456419999999999959e+02 1.781096682271524401e+01
3.466936900000000037e+02 1.779168023610828442e+01
3.705811499999999796e+02 1.782581162222674465e+01
3.980727299999999786e+02 1.786117138204762966e+01
4.026136700000000133e+02 1.788110319560350092e+01
4.220100699999999847e+02 1.792082688784856614e+01
4.505278700000000072e+02 1.796205322613474564e+01
4.517637100000000032e+02 1.795074547119886077e+01
4.732276100000000270e+02 1.801600651333197689e+01
5.000141600000000039e+02 1.807218959902299815e+01
5.005793800000000147e+02 1.805470639120700227e+01
5.216262699999999768e+02 1.814034398534500170e+01
5.493463600000000042e+02 1.817214583757378321e+01
5.523627800000000434e+02 1.816022186037044506e+01
5.656021799999999757e+02 1.824278546712802651e+01
5.963434600000000501e+02 1.828687105638103105e+01
5.967545199999999568e+02 1.830034347649094073e+01
6.234168700000000172e+02 1.835691583553836637e+01
6.458839799999999514e+02 1.840323173213922203e+01
6.482369400000000041e+02 1.839524628536535644e+01
6.723444600000000264e+02 1.845883981274170438e+01
6.934711200000000417e+02 1.853253663749236679e+01
6.935560500000000275e+02 1.851267402808874607e+01
7.189893100000000459e+02 1.858255139426012548e+01
7.544084299999999530e+02 1.862221656828821281e+01
7.573461300000000165e+02 1.862008752289843372e+01
7.767569300000000112e+02 1.869113830653368780e+01
8.025380400000000236e+02 1.873400519031141798e+01
8.042308199999999943e+02 1.875060757174842152e+01
8.212306399999999940e+02 1.880698351312843641e+01
8.505221699999999601e+02 1.883517199267249964e+01
8.522837500000000546e+02 1.886333706492977669e+01
8.673172499999999445e+02 1.892938072460818333e+01
8.999315000000000282e+02 1.896895125178098951e+01
9.040723000000000411e+02 1.892248269896193946e+01
9.245926600000000235e+02 1.901409169550172962e+01
9.512558599999999842e+02 1.906702930999389523e+01
9.579569699999999557e+02 1.903661510278852020e+01
9.652100699999999733e+02 1.913954508446977698e+01
9.984630899999999656e+02 1.914994555261550957e+01
9.989472899999999527e+02 1.917638102992061988e+01
1.024375999999999976e+03 1.920982800732749851e+01
1.054023400000000038e+03 1.925953897822104821e+01
1.054470800000000054e+03 1.927051241603907883e+01
1.056210100000000011e+03 1.930284347649094201e+01
1.090425199999999904e+03 1.933225371463464271e+01
1.097461800000000039e+03 1.937144718094850404e+01
1.114870799999999917e+03 1.940702371259922643e+01
1.151156899999999951e+03 1.942516283329941018e+01
1.159084599999999909e+03 1.950811825768369445e+01
1.164191299999999956e+03 1.943929574598005061e+01
1.190673800000000028e+03 1.954634032159576762e+01
1.205185999999999922e+03 1.958912985955628017e+01
1.223704400000000078e+03 1.958998219010787878e+01
1.242903199999999970e+03 1.963327956442092415e+01
1.253482700000000023e+03 1.968005953592509982e+01
1.264873299999999972e+03 1.968991095053938523e+01
1.288337099999999964e+03 1.974075208630165079e+01
1.295478699999999890e+03 1.970464685528190429e+01
1.323575199999999995e+03 1.974179829025035815e+01
1.342101400000000012e+03 1.979169193975167929e+01
1.351343200000000024e+03 1.982693771626297519e+01
1.368500600000000077e+03 1.981657185019336609e+01
1.389906400000000076e+03 1.990949623447994909e+01
1.397095499999999902e+03 1.986740891512314278e+01
1.421360899999999901e+03 1.990697740687970452e+01
1.447579999999999927e+03 1.997126094036230270e+01
1.456898500000000013e+03 1.996622379401587466e+01
1.465939499999999953e+03 2.000251373905964059e+01
1.497830600000000004e+03 2.006250966822715398e+01
1.507998299999999972e+03 2.010846020761245612e+01
1.519789399999999887e+03 2.010734937919804466e+01
1.536610400000000027e+03 2.021255088540606337e+01
1.544171599999999899e+03 2.014834215347038437e+01
1.559194899999999961e+03 2.019216161204966298e+01
1.605041600000000017e+03 2.023061062487278861e+01
1.606532999999999902e+03 2.024741451251781044e+01
1.607051099999999906e+03 2.024876806431915099e+01
1.637644500000000107e+03 2.029983971097089324e+01
1.662280899999999974e+03 2.035725676775900794e+01
1.663249000000000024e+03 2.032107571748422714e+01
1.684924999999999955e+03 2.042463769590881384e+01
1.704278499999999894e+03 2.038429523712598979e+01
1.712224400000000060e+03 2.042859047425198327e+01
1.752186899999999923e+03 2.051019794422959208e+01
1.765408899999999903e+03 2.047351719926724911e+01
1.774934799999999996e+03 2.049325513942601162e+01
1.789962899999999991e+03 2.052327854671280249e+01
1.800104499999999916e+03 2.055490840626908167e+01
1.820571899999999914e+03 2.056575106859352786e+01
1.840842499999999973e+03 2.061899857520862867e+01
1.852461999999999989e+03 2.069787146346427775e+01
1.857180399999999963e+03 2.062783431711785198e+01
1.898799199999999928e+03 2.074641614085080477e+01
1.918143000000000029e+03 2.072320069204152304e+01
1.922104399999999941e+03 2.073815947486260924e+01
1.949657600000000002e+03 2.074596682271524628e+01
1.958532600000000002e+03 2.082974150213718900e+01
1.970686899999999923e+03 2.082898636271117354e+01
2.008266399999999976e+03 2.090739263179320417e+01
2.011348099999999931e+03 2.087111591695501644e+01
2.012344299999999976e+03 2.090094799511500057e+01
2.041854499999999916e+03 2.100244046407490472e+01
2.053131100000000060e+03 2.099388102992061889e+01
2.055588299999999890e+03 2.105953999592916759e+01
2.077781300000000101e+03 2.105753053124363916e+01
2.107284099999999853e+03 2.112770405047832512e+01
2.111905699999999797e+03 2.110311723997557465e+01
2.125107700000000023e+03 2.115488550783635091e+01
2.140205599999999777e+03 2.113323427640952445e+01
2.158381899999999860e+03 2.121151180541420800e+01
2.174196399999999812e+03 2.124117697944229377e+01
2.196059400000000096e+03 2.126030429472827166e+01
2.198631499999999960e+03 2.122039487075106834e+01
2.242052799999999934e+03 2.131070374516588828e+01
2.250955500000000029e+03 2.132678760431508280e+01
2.254715700000000197e+03 2.135161154081009371e+01
2.293930299999999988e+03 2.142592458782821296e+01
2.310882900000000063e+03 2.139423824547120034e+01
2.330158600000000206e+03 2.141144667209444208e+01
2.363273700000000190e+03 2.142978424587828101e+01
2.368847200000000157e+03 2.149785925096682249e+01
2.376418400000000020e+03 2.153224760838591223e+01
2.393253700000000208e+03 2.158455984123753524e+01
2.400292600000000220e+03 2.158103806228373855e+01
2.418599999999999909e+03 2.160529208223081810e+01
2.458492499999999836e+03 2.166570628943619070e+01
