9.946118800000000704e+01 -3.316613267187339620e+00
1.275522399999999976e+02 -3.316719755822346016e+00
1.511213600000000099e+02 -3.316740737959560370e+00
1.511214400000000069e+02 -3.316740707755747586e+00
1.755420499999999890e+02 -3.315960445139729540e+00
1.997316800000000114e+02 -3.315718576658024830e+00
1.997702800000000138e+02 -3.315728555526512356e+00
2.229110100000000045e+02 -3.314825030906111358e+00
2.493477399999999875e+02 -3.315132024706099134e+00
2.493604799999999955e+02 -3.315135369135146171e+00
2.742684899999999857e+02 -3.314040594162465325e+00
3.003625999999999863e+02 -3.313568600681734644e+00
3.004109900000000266e+02 -3.313581059574725707e+00
3.202567799999999920e+02 -3.311154090890704449e+00
3.507739000000000260e+02 -3.311421961397174485e+00
3.508139100000000212e+02 -3.311432253893327182e+00
3.741010099999999738e+02 -3.309758661239903255e+00
4.010011499999999955e+02 -3.308913473255501003e+00
4.011351399999999785e+02 -3.308948061452702039e+00
4.215212500000000091e+02 -3.305685201240823545e+00
4.518953000000000202e+02 -3.304612808283762249e+00
4.525027000000000044e+02 -3.304769985932706877e+00
4.676226100000000088e+02 -3.300765543307336625e+00
5.005933600000000183e+02 -3.301541581096488986e+00
5.006976999999999975e+02 -3.301568656834606319e+00
5.182046800000000530e+02 -3.297208034166597468e+00
5.510066699999999855e+02 -3.297345390197377046e+00
5.510660199999999804e+02 -3.297360784239382614e+00
5.691324899999999616e+02 -3.293107043903959141e+00
6.026105400000000145e+02 -3.292216498332058539e+00
6.030028200000000425e+02 -3.292318164948991210e+00
6.164706599999999526e+02 -3.288290710347125945e+00
6.549229800000000523e+02 -3.289411229639400247e+00
6.551033099999999649e+02 -3.289457594107560112e+00
6.653511999999999489e+02 -3.284142904565296117e+00
6.943174599999999828e+02 -3.283129987329415300e+00
6.945728699999999662e+02 -3.283196270326403265e+00
7.202279099999999517e+02 -3.281884124910611877e+00
7.558067700000000286e+02 -3.280036222580083205e+00
7.558845900000000029e+02 -3.280056747682650098e+00
7.730370199999999841e+02 -3.279754069874737610e+00
7.957468900000000076e+02 -3.276669599016253098e+00
7.962218699999999671e+02 -3.276792645229659851e+00
8.208049700000000257e+02 -3.274936742454832128e+00
8.484168300000000045e+02 -3.274022698677323540e+00
8.484465900000000147e+02 -3.274030494000627289e+00
8.641382899999999836e+02 -3.270410334956010967e+00
8.976902300000000423e+02 -3.269838148493257268e+00
8.993733399999999847e+02 -3.270273418593512726e+00
9.107942299999999705e+02 -3.266486224889037171e+00
9.520237700000000132e+02 -3.267376664842577050e+00
9.527070200000000568e+02 -3.267553552997432220e+00
9.644242500000000291e+02 -3.264600805435323494e+00
9.965303199999999606e+02 -3.263194116325226712e+00
9.981870300000000498e+02 -3.263622459729071945e+00
1.018306500000000028e+03 -3.263290718654063838e+00
1.062567199999999957e+03 -3.259298734734976666e+00
1.063616600000000062e+03 -3.264158362592411322e+00
1.063748700000000099e+03 -3.264193276353481110e+00
1.101805900000000065e+03 -3.260060621374108791e+00
1.102214999999999918e+03 -3.260166280098068636e+00
1.120824599999999919e+03 -3.260270281250126523e+00
1.149919200000000046e+03 -3.258134833116805851e+00
1.149922399999999925e+03 -3.258135711265920609e+00
1.162008599999999888e+03 -3.254650322112974781e+00
1.204085600000000113e+03 -3.255345233059974142e+00
1.205154700000000048e+03 -3.255621922007122304e+00
1.218342499999999973e+03 -3.255077892780394944e+00
1.246812500000000000e+03 -3.253599515753883065e+00
1.247691900000000032e+03 -3.253827112588887793e+00
1.274987900000000081e+03 -3.252827698078279539e+00
1.303567700000000059e+03 -3.251283466765742869e+00
1.304163000000000011e+03 -3.251437567209194857e+00
1.316218399999999974e+03 -3.249479784541891902e+00
1.351203899999999976e+03 -3.249164625653546246e+00
1.352646899999999960e+03 -3.249537618996826804e+00
1.369177899999999909e+03 -3.249373444464124017e+00
1.399083200000000033e+03 -3.248694576182071359e+00
1.399521799999999985e+03 -3.248808013899565417e+00
1.416233899999999949e+03 -3.247549959174611089e+00
1.455330999999999904e+03 -3.245436546131856836e+00
1.456293899999999894e+03 -3.245685983806293251e+00
1.475075199999999995e+03 -3.247660599165012485e+00
1.495013400000000047e+03 -3.243483400623307755e+00
1.495909400000000005e+03 -3.243714729149334897e+00
1.511481899999999996e+03 -3.242675956851940100e+00
1.551668699999999944e+03 -3.241996807401407388e+00
1.551848199999999906e+03 -3.242043313495885037e+00
1.562959700000000112e+03 -3.241591259459446928e+00
1.604773400000000038e+03 -3.245191692588658583e+00
1.605833900000000085e+03 -3.245465547639716508e+00
1.613529600000000073e+03 -3.240692572378921721e+00
1.637655999999999949e+03 -3.239407490188968897e+00
1.638168100000000095e+03 -3.239540387088428286e+00
1.658678200000000061e+03 -3.237882855744801169e+00
1.699844299999999976e+03 -3.238309358048967912e+00
1.700700100000000020e+03 -3.238530599387090092e+00
1.709200299999999970e+03 -3.236187819961374057e+00
1.755225899999999911e+03 -3.235627571063957486e+00
1.759750500000000102e+03 -3.240155656159138697e+00
1.761436999999999898e+03 -3.240591497329448956e+00
1.795192099999999982e+03 -3.238151263890276077e+00
1.795439699999999903e+03 -3.238215120763526578e+00
1.822079600000000028e+03 -3.236911753868610742e+00
1.857908400000000029e+03 -3.232917037141934014e+00
1.859859799999999950e+03 -3.235630753682098515e+00
1.861099300000000085e+03 -3.235951697963364904e+00
1.905218699999999899e+03 -3.237101029675335084e+00
1.905972899999999981e+03 -3.237296361588545501e+00
1.926624099999999999e+03 -3.238368519290908853e+00
1.935423500000000104e+03 -3.229086296837963665e+00
1.937286599999999908e+03 -3.229569166530167124e+00
1.964683800000000019e+03 -3.231924532186721155e+00
2.008553599999999960e+03 -3.231231452126881010e+00
2.008974200000000110e+03 -3.231340338256825095e+00
2.015015599999999949e+03 -3.233318403056673507e+00
2.039273300000000063e+03 -3.229101968377708687e+00
2.039738700000000108e+03 -3.229223097709854606e+00
2.068650900000000092e+03 -3.233028588360112643e+00
2.091163599999999860e+03 -3.225545445151524859e+00
2.093381499999999960e+03 -3.226118663801477826e+00
2.112066699999999855e+03 -3.229264191554076291e+00
2.148783800000000156e+03 -3.223741281710031270e+00
2.162119299999999839e+03 -3.225934550467796758e+00
2.162722900000000209e+03 -3.226091101938929562e+00
2.215220800000000054e+03 -3.231885172608721213e+00
2.216805100000000039e+03 -3.232295508981641419e+00
2.217076799999999821e+03 -3.226777259119768093e+00
2.242704499999999825e+03 -3.225701939520937422e+00
2.243147699999999986e+03 -3.225816769971636244e+00
2.263471100000000206e+03 -3.223188064351187876e+00
2.305943400000000111e+03 -3.221776894251189294e+00
2.318583299999999781e+03 -3.225179151948001532e+00
2.318646200000000135e+03 -3.225193682746471779e+00
2.368924300000000130e+03 -3.223027467148602998e+00
2.369192700000000059e+03 -3.224660562420572862e+00
2.371042399999999816e+03 -3.223574783740825289e+00
2.403481800000000021e+03 -3.222102577676514645e+00
2.405241100000000188e+03 -3.222558205918915508e+00
2.418210599999999886e+03 -3.223010967930797221e+00
2.451377599999999802e+03 -3.219273675525855083e+00
2.454799100000000180e+03 -3.220159575300462151e+00
