9.973321099999999717e+01 -3.434411658938531620e+00
1.267609300000000019e+02 -3.434069124963584407e+00
1.508631300000000124e+02 -3.434293561067713885e+00
1.509619800000000112e+02 -3.434319013989906910e+00
1.770286999999999864e+02 -3.434041344086075753e+00
2.018070600000000070e+02 -3.433829549055839259e+00
2.018668199999999899e+02 -3.433844896434789185e+00
2.235018900000000031e+02 -3.432831438722097062e+00
2.499569799999999873e+02 -3.432938823156855168e+00
2.500793500000000051e+02 -3.432970509123525638e+00
2.729792800000000170e+02 -3.432236770360696188e+00
2.974823499999999967e+02 -3.431861908341356404e+00
2.976549899999999980e+02 -3.431906640989258239e+00
3.235931699999999864e+02 -3.431339024062724175e+00
3.515003800000000069e+02 -3.430991157059125385e+00
3.515973500000000058e+02 -3.431016123963889441e+00
3.715045299999999884e+02 -3.429823171552884631e+00
3.978372499999999832e+02 -3.429587553106663744e+00
3.979671700000000101e+02 -3.429621038242428810e+00
4.210960299999999847e+02 -3.428046675806909249e+00
4.487105399999999804e+02 -3.427239820262054870e+00
4.488448000000000206e+02 -3.427274580030443385e+00
4.714077700000000277e+02 -3.425811556574529959e+00
5.028268600000000106e+02 -3.425686459361684033e+00
5.028317099999999868e+02 -3.425687916724866611e+00
5.192543500000000449e+02 -3.423056384378854844e+00
5.456475500000000238e+02 -3.421324086948462018e+00
5.459894900000000462e+02 -3.421412281704521163e+00
5.646724799999999505e+02 -3.418268972302759501e+00
6.004708200000000033e+02 -3.418804646885016840e+00
6.005351200000000063e+02 -3.418821218829759978e+00
6.245050800000000208e+02 -3.416251596492346110e+00
6.512848099999999931e+02 -3.413723590730219470e+00
6.513517699999999877e+02 -3.413740901223326407e+00
6.718369400000000269e+02 -3.411398317203077735e+00
6.966340800000000399e+02 -3.408525846950801075e+00
6.966532600000000457e+02 -3.408530958018874291e+00
7.164150700000000143e+02 -3.405205472400979705e+00
7.529442800000000489e+02 -3.405237032198515479e+00
7.530759199999999964e+02 -3.405270860217711526e+00
7.683242599999999811e+02 -3.400933905890861642e+00
8.017549999999999955e+02 -3.399767492453240614e+00
8.018280099999999493e+02 -3.399786519648014593e+00
8.193973399999999856e+02 -3.395203668454320756e+00
8.523134000000000015e+02 -3.394365730622949773e+00
8.530269700000000057e+02 -3.394550457101445318e+00
8.686946199999999862e+02 -3.390607217229447468e+00
8.999292199999999866e+02 -3.389792811593509647e+00
9.006508300000000418e+02 -3.389979362145043140e+00
9.159777100000000019e+02 -3.384355058806773009e+00
9.651813600000000406e+02 -3.385785389539697654e+00
9.652492899999999736e+02 -3.385803815849019571e+00
9.664429099999999835e+02 -3.379770898422694181e+00
9.906460799999999836e+02 -3.377675670947819953e+00
9.915959299999999530e+02 -3.377920869885540966e+00
1.017802999999999997e+03 -3.376195868351691942e+00
1.041206200000000081e+03 -3.372853735005235443e+00
1.041242500000000064e+03 -3.372863628131992808e+00
1.063791699999999992e+03 -3.369759094521088461e+00
1.106691499999999905e+03 -3.369681217989941580e+00
1.106774499999999989e+03 -3.369703031340231636e+00
1.119271600000000035e+03 -3.366439886743723076e+00
1.156118600000000015e+03 -3.361210481290040075e+00
1.156620899999999892e+03 -3.365888219007437954e+00
1.157372900000000072e+03 -3.366082269781163205e+00
1.194279999999999973e+03 -3.360956585782722605e+00
1.194460399999999936e+03 -3.361003528086742520e+00
1.220356700000000046e+03 -3.359338324729077563e+00
1.254856500000000096e+03 -3.358130098141244080e+00
1.255001600000000053e+03 -3.358167304067603887e+00
1.268220900000000029e+03 -3.354867475616747363e+00
1.304970900000000029e+03 -3.354995346673067314e+00
1.305113399999999956e+03 -3.355031931333069206e+00
1.332783200000000079e+03 -3.354610120422577335e+00
1.345804799999999886e+03 -3.349301366587339679e+00
1.346196500000000015e+03 -3.349402832377319505e+00
1.364278000000000020e+03 -3.349341965994256043e+00
1.389726599999999962e+03 -3.345128548207180863e+00
1.389732400000000098e+03 -3.345130556476713757e+00
1.414122100000000046e+03 -3.345200485383604150e+00
1.442096800000000030e+03 -3.342641997498677853e+00
1.442162000000000035e+03 -3.342659158309181144e+00
1.472225899999999911e+03 -3.341440790572300479e+00
1.488740500000000111e+03 -3.340385799883210272e+00
1.488741800000000012e+03 -3.340386593927746617e+00
1.506239499999999907e+03 -3.338257034438010695e+00
1.549581899999999905e+03 -3.337535793351459557e+00
1.550224500000000035e+03 -3.337701969130388857e+00
1.563361599999999953e+03 -3.335148903776760321e+00
1.603396600000000035e+03 -3.334320293214502851e+00
1.603543799999999919e+03 -3.334358143803483721e+00
1.610416500000000042e+03 -3.332967002627458264e+00
1.643194199999999910e+03 -3.333094008377162076e+00
1.643509000000000015e+03 -3.333175593986140051e+00
1.660289700000000039e+03 -3.329645786651836303e+00
1.700992199999999912e+03 -3.330028105725010512e+00
1.702269000000000005e+03 -3.330357980403197082e+00
1.709647999999999911e+03 -3.329247330950931172e+00
1.744228900000000067e+03 -3.328096504278460266e+00
1.747158500000000004e+03 -3.328854271287115196e+00
1.750303699999999935e+03 -3.323350962649986862e+00
1.784273200000000088e+03 -3.322608482360068560e+00
1.784826800000000048e+03 -3.322752413148188033e+00
1.809939499999999953e+03 -3.324714574562760205e+00
1.848784699999999930e+03 -3.322594711228121778e+00
1.849101100000000088e+03 -3.322676303385705410e+00
1.865239600000000110e+03 -3.323019554557699706e+00
1.906830200000000104e+03 -3.324753742792832423e+00
1.907012300000000096e+03 -3.324800412185012988e+00
1.925854700000000093e+03 -3.322258256450290048e+00
1.940802500000000009e+03 -3.317914439035232199e+00
1.941404800000000023e+03 -3.318070654430483657e+00
1.974399899999999889e+03 -3.320549404846833585e+00
2.007061899999999923e+03 -3.314879504117441478e+00
2.011187899999999900e+03 -3.319752182094053428e+00
2.012180100000000039e+03 -3.320009296172635960e+00
2.048744599999999991e+03 -3.319547841950705180e+00
2.048791999999999916e+03 -3.319559892252767597e+00
2.074648200000000088e+03 -3.316647806879359006e+00
2.109803100000000086e+03 -3.313130613866895224e+00
2.121238499999999931e+03 -3.318021962656134694e+00
2.121603900000000067e+03 -3.318115357237355845e+00
2.145949000000000069e+03 -3.314946145734973371e+00
2.146964100000000144e+03 -3.315209078148659838e+00
2.170899100000000089e+03 -3.312462801427647818e+00
2.216276499999999942e+03 -3.313420966084386965e+00
2.218163700000000063e+03 -3.313910167877209823e+00
2.221553300000000036e+03 -3.312675567660939624e+00
2.253224900000000162e+03 -3.310198387209765336e+00
2.254443099999999959e+03 -3.310513570589939558e+00
2.287331599999999980e+03 -3.310750382568235839e+00
2.311606099999999969e+03 -3.305494275147495387e+00
2.320588099999999940e+03 -3.312686186986824044e+00
2.321481699999999819e+03 -3.312916080898573146e+00
2.360407999999999902e+03 -3.306845323158109196e+00
2.361173299999999927e+03 -3.307042557819594109e+00
2.362934600000000046e+03 -3.304928226814412007e+00
2.394746500000000196e+03 -3.299182971092792904e+00
2.409492900000000191e+03 -3.299392166131587700e+00
2.411461200000000190e+03 -3.299901672378751538e+00
2.434171899999999823e+03 -3.296894456596574319e+00
2.435665500000000065e+03 -3.297280276620220274e+00
