1.000344999999999942e+02 -3.466431996749133937e+00
1.273977299999999957e+02 -3.466089490315439559e+00
1.507599500000000035e+02 -3.466081816761642287e+00
1.755043699999999944e+02 -3.465387453549819252e+00
2.008912599999999884e+02 -3.465417852497124418e+00
2.260178899999999942e+02 -3.465241288613262860e+00
2.492112899999999911e+02 -3.464341406696879400e+00
2.750613000000000170e+02 -3.464356481516742914e+00
2.988750999999999749e+02 -3.463184255858721361e+00
3.227775800000000004e+02 -3.463011548459440370e+00
3.511063199999999824e+02 -3.462965154844228621e+00
3.729490999999999872e+02 -3.461964380664546148e+00
4.000757500000000277e+02 -3.461013441048545580e+00
4.236571900000000142e+02 -3.460614343343385801e+00
4.520865200000000073e+02 -3.459320496073624351e+00
4.742002800000000207e+02 -3.458689897743857156e+00
5.043019199999999955e+02 -3.457274997112152803e+00
5.213233800000000429e+02 -3.456051986292690614e+00
5.464766100000000506e+02 -3.454942140275941487e+00
5.749800999999999931e+02 -3.453787961484194646e+00
6.036023699999999508e+02 -3.451571267623326111e+00
6.176929300000000467e+02 -3.449116715901293873e+00
6.474094000000000051e+02 -3.448251080968982141e+00
6.723293999999999642e+02 -3.446753034797170656e+00
7.038546300000000429e+02 -3.445031318267478326e+00
7.160855400000000373e+02 -3.440804131307482194e+00
7.517266300000000001e+02 -3.440491398698164449e+00
7.666085900000000493e+02 -3.437466047814488057e+00
7.987112700000000132e+02 -3.437056243364033037e+00
8.231775999999999840e+02 -3.433628376301051333e+00
8.444956100000000561e+02 -3.429429400464667932e+00
8.682868799999999965e+02 -3.427207894216317108e+00
8.992266100000000506e+02 -3.426513676482225268e+00
9.185004599999999755e+02 -3.423339419837998943e+00
9.405095300000000407e+02 -3.420389013317862936e+00
9.652604000000000042e+02 -3.418920162460734602e+00
1.003832300000000032e+03 -3.417824954000527438e+00
1.009700600000000009e+03 -3.413158024754179287e+00
1.048976699999999937e+03 -3.414466370186493460e+00
1.067014200000000073e+03 -3.410416111422854613e+00
1.107152900000000045e+03 -3.409701934044405913e+00
1.110107299999999896e+03 -3.403415226940738059e+00
1.147717599999999948e+03 -3.404567354903551557e+00
1.163256200000000035e+03 -3.400136397246537712e+00
1.212714500000000044e+03 -3.401718149327291663e+00
1.217132700000000114e+03 -3.396028721797906602e+00
1.256349899999999934e+03 -3.395546346819141359e+00
1.270210000000000036e+03 -3.394276059464746975e+00
1.299522899999999936e+03 -3.392216789765114981e+00
1.316882900000000063e+03 -3.389365086185272880e+00
1.343088299999999890e+03 -3.384765543417782130e+00
1.360087500000000091e+03 -3.384161345419194333e+00
1.392942099999999982e+03 -3.382027496564637303e+00
1.414526800000000094e+03 -3.382165427951126624e+00
1.438949900000000071e+03 -3.379817011980681407e+00
1.466994300000000067e+03 -3.377829412870314574e+00
1.488299800000000005e+03 -3.372363514775638116e+00
1.526133199999999988e+03 -3.376549249733079794e+00
1.553760899999999992e+03 -3.373776844163525634e+00
1.566334399999999960e+03 -3.370038996997326119e+00
1.597008800000000065e+03 -3.370263515709668756e+00
1.614932399999999916e+03 -3.368789042548137935e+00
1.658262600000000020e+03 -3.367473308214809169e+00
1.670340099999999893e+03 -3.367024088420234929e+00
1.696927899999999909e+03 -3.364435728111294210e+00
1.717073300000000017e+03 -3.363783497296525038e+00
1.742027499999999918e+03 -3.358641432745780531e+00
1.768423399999999901e+03 -3.359367089578047416e+00
1.806221800000000030e+03 -3.360958390627296399e+00
1.818325700000000097e+03 -3.356512586436113388e+00
1.854746499999999969e+03 -3.355914196621964329e+00
1.875624800000000050e+03 -3.356242143373353137e+00
1.895355199999999968e+03 -3.351988071534798497e+00
1.905978100000000040e+03 -3.349521296366324119e+00
1.937623100000000022e+03 -3.347137585306332319e+00
1.968141300000000001e+03 -3.350894336683344576e+00
2.001770400000000109e+03 -3.344614130997595858e+00
2.003439200000000028e+03 -3.347881596243392099e+00
2.026614299999999957e+03 -3.340543185325965059e+00
2.050242299999999886e+03 -3.341192202060669914e+00
2.105478300000000218e+03 -3.344334060959974320e+00
2.109310800000000199e+03 -3.342016218523429671e+00
2.128454900000000180e+03 -3.336771781428643280e+00
2.164434799999999996e+03 -3.339220462496813369e+00
2.224444700000000012e+03 -3.341758794035042612e+00
2.225366199999999935e+03 -3.341503737004786423e+00
2.251115499999999884e+03 -3.339061522468208754e+00
2.261553100000000086e+03 -3.335872968128070770e+00
2.307510099999999966e+03 -3.337272798727852319e+00
2.324780699999999797e+03 -3.337033491304499222e+00
2.359007799999999861e+03 -3.331151926931822604e+00
2.364427200000000084e+03 -3.333860704662541696e+00
2.401188900000000103e+03 -3.326725775040510591e+00
2.404135400000000118e+03 -3.328570599820483977e+00
2.422202200000000175e+03 -3.327910573943791306e+00
