9.962484399999999596e+01 -3.317731242120386614e+00
1.272852900000000034e+02 -3.317627285760441858e+00
1.507628300000000081e+02 -3.317643725557071654e+00
1.748934800000000109e+02 -3.316964566013226978e+00
1.983930499999999881e+02 -3.316798272344791076e+00
2.250544299999999964e+02 -3.316299715530591996e+00
2.520174700000000030e+02 -3.316032715987647261e+00
2.756286799999999744e+02 -3.315767154029378716e+00
2.994498699999999758e+02 -3.314498324687342734e+00
3.211020300000000134e+02 -3.312920030042239894e+00
3.494783899999999903e+02 -3.312639967092174231e+00
3.712774600000000191e+02 -3.310893921910178506e+00
3.962311199999999758e+02 -3.310105015132997153e+00
4.217502600000000257e+02 -3.306842766375107878e+00
4.495874200000000087e+02 -3.306534799414798886e+00
4.704977900000000091e+02 -3.302247029165088055e+00
4.984771200000000135e+02 -3.301212280462227699e+00
5.195076199999999744e+02 -3.297880561120644316e+00
5.547829500000000280e+02 -3.298032044913416616e+00
5.707507699999999886e+02 -3.293939048968202776e+00
6.007614800000000059e+02 -3.292699399517264425e+00
6.195192700000000059e+02 -3.289355449794274744e+00
6.448311999999999671e+02 -3.286902700498319785e+00
6.695590099999999438e+02 -3.284772229714935321e+00
7.038579799999999977e+02 -3.284109479240986396e+00
7.265482600000000275e+02 -3.283642068952041804e+00
7.533949900000000071e+02 -3.281313452006721310e+00
7.658613400000000411e+02 -3.277249257984073516e+00
8.110781700000000001e+02 -3.278669474077449131e+00
8.123728599999999460e+02 -3.272941333741941516e+00
8.433481399999999439e+02 -3.272530884041744415e+00
8.655247600000000148e+02 -3.270675441219517587e+00
8.946264599999999518e+02 -3.270381336006820572e+00
9.112478300000000218e+02 -3.266888091595884003e+00
9.503018899999999576e+02 -3.267431321040044079e+00
9.654814300000000458e+02 -3.264793097946263600e+00
9.905353199999999561e+02 -3.262447362949298046e+00
1.016018599999999992e+03 -3.262174775073945376e+00
1.043919399999999996e+03 -3.259819755333875246e+00
1.062416099999999915e+03 -3.259452884263557504e+00
1.098601200000000063e+03 -3.258843785202644838e+00
1.107544900000000098e+03 -3.256086909102142712e+00
1.150916099999999915e+03 -3.257341564437210568e+00
1.157160800000000108e+03 -3.253835447071379061e+00
1.209168100000000095e+03 -3.254784338596388160e+00
1.216503400000000056e+03 -3.253791538984692533e+00
1.258837999999999965e+03 -3.251154204847508389e+00
1.261058899999999994e+03 -3.254972347235491448e+00
1.293080999999999904e+03 -3.253183885075316084e+00
1.322272400000000061e+03 -3.249239551634584444e+00
1.354145999999999958e+03 -3.252720352432994844e+00
1.365172499999999900e+03 -3.248931496196964197e+00
1.401618199999999888e+03 -3.246841629830198084e+00
1.430230700000000070e+03 -3.249221840313271326e+00
1.457243099999999913e+03 -3.247004645888650565e+00
1.461502199999999903e+03 -3.244647332295234055e+00
1.522134499999999889e+03 -3.245881779325821892e+00
1.523466200000000072e+03 -3.245662850614303707e+00
1.554914800000000014e+03 -3.243965594007261366e+00
1.572861900000000105e+03 -3.243849373958971327e+00
1.597166199999999890e+03 -3.240698059786292884e+00
1.601539099999999962e+03 -3.237159449292002833e+00
1.644962099999999964e+03 -3.239347046131367147e+00
1.667865399999999909e+03 -3.240331713691560367e+00
1.706094299999999976e+03 -3.237555475890558032e+00
1.708331599999999980e+03 -3.236506852509423826e+00
1.757546399999999949e+03 -3.235245683488163770e+00
1.763344499999999925e+03 -3.240033840420613043e+00
1.790415999999999940e+03 -3.235318287233788670e+00
1.812842799999999897e+03 -3.235561156175805309e+00
1.843626500000000078e+03 -3.231879115319371554e+00
1.863228299999999990e+03 -3.235513790493020458e+00
1.892457799999999907e+03 -3.234134568211809224e+00
1.908648300000000063e+03 -3.230470857371239735e+00
1.951817099999999982e+03 -3.235290173825270177e+00
1.958114299999999957e+03 -3.231055821305038211e+00
2.001437599999999975e+03 -3.230978940269621624e+00
2.020000900000000001e+03 -3.231474391449180139e+00
2.049279899999999998e+03 -3.231611833194325101e+00
2.061725500000000011e+03 -3.230467218909618854e+00
2.106115299999999934e+03 -3.228759220535656560e+00
2.117914900000000216e+03 -3.231336773975326260e+00
2.142384700000000066e+03 -3.223593194979889276e+00
2.146506699999999910e+03 -3.226422756646048828e+00
2.185651800000000094e+03 -3.229955530291472865e+00
2.198931300000000192e+03 -3.221447165410825875e+00
2.258000199999999950e+03 -3.227963835658100855e+00
2.261508600000000115e+03 -3.223320704781861501e+00
2.289737700000000132e+03 -3.225179398976074197e+00
2.323772100000000137e+03 -3.226964738761366913e+00
2.366816400000000158e+03 -3.220661497005554708e+00
2.369927900000000136e+03 -3.223640978384679556e+00
2.398110700000000179e+03 -3.223691193845961145e+00
2.428731999999999971e+03 -3.226218288835239534e+00
2.455220800000000054e+03 -3.219673386551339167e+00
