9.829619700000000648e+01 -6.207297845906334821e+00
1.268105400000000031e+02 -6.207113906171279005e+00
1.489079499999999996e+02 -6.206963510106742632e+00
1.756073900000000094e+02 -6.206575494778884483e+00
1.987955100000000073e+02 -6.206195670633335659e+00
2.245541100000000085e+02 -6.205763900226069829e+00
2.533035800000000108e+02 -6.206030527712118605e+00
2.726483099999999808e+02 -6.204991936705428479e+00
3.006441699999999742e+02 -6.205071882667826166e+00
3.223460600000000227e+02 -6.204333790035017948e+00
3.537355699999999956e+02 -6.204534396098399185e+00
3.726258300000000077e+02 -6.203715176936820619e+00
3.996751100000000179e+02 -6.203025784587221203e+00
4.207657300000000191e+02 -6.202059444629266949e+00
4.520784199999999942e+02 -6.201527286654260784e+00
4.704385500000000206e+02 -6.200809670887770686e+00
4.988888400000000161e+02 -6.199647946856405412e+00
5.229777100000000019e+02 -6.199947249530082694e+00
5.482354900000000271e+02 -6.198037543921254056e+00
5.704303499999999758e+02 -6.197849751572390709e+00
6.024070000000000391e+02 -6.196960032253081785e+00
6.187048800000000028e+02 -6.196137738923329863e+00
6.445868900000000394e+02 -6.194322240461289653e+00
6.666703300000000354e+02 -6.193670573602303442e+00
6.912184799999999996e+02 -6.192418550272715372e+00
7.172459199999999555e+02 -6.191470589333971652e+00
7.520200999999999567e+02 -6.192144714123890559e+00
7.728712100000000191e+02 -6.190279391132754938e+00
8.018609599999999773e+02 -6.187787557724325538e+00
8.203236100000000306e+02 -6.186346394533499549e+00
8.486787900000000491e+02 -6.183571440296223187e+00
8.648554500000000189e+02 -6.181342376657148918e+00
8.965606199999999717e+02 -6.180045612964790713e+00
9.240039299999999685e+02 -6.181099139560549460e+00
9.438184099999999717e+02 -6.178149116308793154e+00
9.662065000000000055e+02 -6.174716956573262472e+00
1.002355400000000031e+03 -6.175226933856553302e+00
1.028100599999999986e+03 -6.173025466837971820e+00
1.045814399999999978e+03 -6.168124376797945452e+00
1.060467699999999923e+03 -6.162818815662522098e+00
1.113904899999999998e+03 -6.165881309442088565e+00
1.121280899999999974e+03 -6.162178036272146997e+00
1.148140900000000101e+03 -6.160908467634847341e+00
1.171396999999999935e+03 -6.157117559012015739e+00
1.206639599999999973e+03 -6.153592608722744828e+00
1.228687699999999950e+03 -6.154362703388738254e+00
1.257524799999999914e+03 -6.150724140480212654e+00
1.270809199999999919e+03 -6.147638475280155390e+00
1.299065100000000029e+03 -6.144115282420181678e+00
1.311527399999999943e+03 -6.139331234145821270e+00
1.361150599999999940e+03 -6.141535455361686324e+00
1.374943299999999908e+03 -6.137117731552927502e+00
1.400439399999999978e+03 -6.132439898977508186e+00
1.412228599999999915e+03 -6.129054708853884925e+00
1.459620699999999943e+03 -6.131217460772588446e+00
1.469336299999999937e+03 -6.128610573804337491e+00
1.509108300000000099e+03 -6.120905454289037095e+00
1.513136799999999994e+03 -6.125021397976923687e+00
1.558956699999999955e+03 -6.121503432556004931e+00
1.568108300000000099e+03 -6.118460184690442283e+00
1.592132000000000062e+03 -6.108610846419940898e+00
1.596038199999999961e+03 -6.116154871881352761e+00
1.648233999999999924e+03 -6.112119520666078110e+00
1.668722600000000057e+03 -6.109203835988697762e+00
1.703028999999999996e+03 -6.105039444339248611e+00
1.715857700000000023e+03 -6.104344622135689846e+00
1.735404099999999971e+03 -6.099788555603550932e+00
1.767454500000000053e+03 -6.100587961154602112e+00
1.806944099999999935e+03 -6.099766379480222156e+00
1.821525000000000091e+03 -6.097693678950975027e+00
1.844599999999999909e+03 -6.091048095665927420e+00
1.854336000000000013e+03 -6.090135877985194846e+00
1.900668300000000045e+03 -6.090041646229965799e+00
1.907453600000000051e+03 -6.083234311797976801e+00
1.957380100000000084e+03 -6.085307803083312095e+00
1.970984999999999900e+03 -6.082879998602629179e+00
2.007522999999999911e+03 -6.079446193908422558e+00
2.015276399999999967e+03 -6.080248180025533244e+00
2.038281999999999925e+03 -6.076730391261773612e+00
2.068838099999999940e+03 -6.079953382635744141e+00
2.101144299999999930e+03 -6.075358913508685177e+00
2.107460000000000036e+03 -6.072669950160810792e+00
2.153802499999999782e+03 -6.068938013358725847e+00
2.159561099999999897e+03 -6.067844800602927080e+00
2.207570099999999911e+03 -6.067056408580707050e+00
2.211154799999999796e+03 -6.062039709470044002e+00
2.242760699999999815e+03 -6.064375943202431785e+00
2.245875000000000000e+03 -6.061434868160486822e+00
2.277787299999999959e+03 -6.059940786644976818e+00
2.321081400000000031e+03 -6.052035880540816315e+00
2.339541999999999916e+03 -6.058671227888960509e+00
2.359583999999999833e+03 -6.056196265708518212e+00
2.409034799999999905e+03 -6.053584902419365754e+00
2.427844500000000153e+03 -6.060184812114760788e+00
2.446954999999999927e+03 -6.050848338455895536e+00
