9.907809100000000058e+01 -4.375818981682687792e+00
1.269892200000000031e+02 -4.375945718292864939e+00
1.511129200000000026e+02 -4.376095262748047610e+00
1.749723299999999995e+02 -4.375657197407583077e+00
2.011803299999999979e+02 -4.375901447084954654e+00
2.234105299999999943e+02 -4.375394172877303589e+00
2.483505999999999858e+02 -4.375212784770592833e+00
2.724111500000000206e+02 -4.375115187491610769e+00
3.001238999999999919e+02 -4.374904663198670995e+00
3.219212899999999991e+02 -4.374850326996532424e+00
3.517873999999999910e+02 -4.374842632021057831e+00
3.718624199999999860e+02 -4.374430500896282048e+00
3.984017999999999802e+02 -4.373598755966027873e+00
4.199272500000000150e+02 -4.373325278047095033e+00
4.482663600000000201e+02 -4.373258921277639821e+00
4.668248899999999821e+02 -4.371266573064434446e+00
5.017849800000000187e+02 -4.371484586687337526e+00
5.185145599999999604e+02 -4.370590963367495085e+00
5.518853500000000167e+02 -4.370491028050500937e+00
5.665902599999999438e+02 -4.368434612099288294e+00
6.010953299999999899e+02 -4.369047817115527366e+00
6.163817599999999857e+02 -4.366283247976065596e+00
6.456942400000000362e+02 -4.365591007902833276e+00
6.679794100000000299e+02 -4.363531589965071511e+00
6.959799900000000434e+02 -4.361966613255218839e+00
7.208542300000000296e+02 -4.361131783009237317e+00
7.518145500000000538e+02 -4.360809008696713285e+00
7.759304399999999760e+02 -4.356420558129318721e+00
8.065360399999999572e+02 -4.355041192564860886e+00
8.211743500000000040e+02 -4.347567701666846141e+00
8.519812899999999445e+02 -4.345260435350854600e+00
8.679220100000000002e+02 -4.338716865431432979e+00
9.050956899999999905e+02 -4.338423734959159006e+00
9.208397499999999809e+02 -4.330284494471690060e+00
9.510339999999999918e+02 -4.329144807503909398e+00
9.667966199999999617e+02 -4.316849974346032681e+00
9.973113100000000486e+02 -4.316430365438050032e+00
1.015431100000000015e+03 -4.306455573235182577e+00
1.042391200000000026e+03 -4.304611536420013707e+00
1.064364399999999932e+03 -4.299302019624041904e+00
1.104210299999999961e+03 -4.298742709391119909e+00
1.117636600000000044e+03 -4.291510235391877259e+00
1.145594700000000103e+03 -4.288174862956168454e+00
1.163569500000000062e+03 -4.285294177611780775e+00
1.196713700000000017e+03 -4.283520968563333753e+00
1.224053699999999935e+03 -4.281921591660251103e+00
1.260037199999999984e+03 -4.280898630633963364e+00
1.260921299999999974e+03 -4.270389095270529012e+00
1.309550099999999929e+03 -4.265516327740950686e+00
1.322216699999999946e+03 -4.272051887267999781e+00
1.359017000000000053e+03 -4.265479399368109270e+00
1.371264499999999998e+03 -4.263505381774470138e+00
1.387891499999999951e+03 -4.258215862319731926e+00
1.415933700000000044e+03 -4.257188207390459667e+00
1.451503500000000031e+03 -4.254524305226566661e+00
1.464297199999999975e+03 -4.253242325727882189e+00
1.504469800000000077e+03 -4.250654152149924592e+00
1.513929499999999962e+03 -4.246766933262828836e+00
1.555484200000000101e+03 -4.245913731534917801e+00
1.569735200000000077e+03 -4.242997400081097048e+00
1.595685300000000097e+03 -4.237846563063190963e+00
1.603075900000000047e+03 -4.231834780546896546e+00
1.645195400000000063e+03 -4.229980735581682971e+00
1.671560600000000022e+03 -4.232925252107578196e+00
1.713818099999999959e+03 -4.231974835261066659e+00
1.725672100000000000e+03 -4.228999843187245311e+00
1.753235799999999927e+03 -4.218533047849315487e+00
1.765415899999999965e+03 -4.225256800396060441e+00
1.813474200000000110e+03 -4.221902535452983329e+00
1.817859699999999975e+03 -4.219053982635213806e+00
1.852867500000000064e+03 -4.215840863929114946e+00
1.875356399999999894e+03 -4.215654285227375730e+00
1.911843900000000076e+03 -4.207349141133657433e+00
1.915504400000000032e+03 -4.214456403799937689e+00
1.934855000000000018e+03 -4.203415106816409619e+00
1.965193500000000085e+03 -4.202645858099013587e+00
2.004569899999999961e+03 -4.197256084635293760e+00
2.008596999999999980e+03 -4.202295948911082490e+00
2.051722200000000157e+03 -4.197764282926186752e+00
2.067039600000000064e+03 -4.194275937123677522e+00
2.093504399999999805e+03 -4.194851942106312848e+00
2.109295500000000175e+03 -4.191087166486550331e+00
2.139822799999999916e+03 -4.188437609698621777e+00
2.156312800000000152e+03 -4.186390202021033069e+00
2.179275900000000092e+03 -4.180175134689533500e+00
2.200270399999999881e+03 -4.179556376084920366e+00
2.243557999999999993e+03 -4.179324479200374753e+00
2.252552499999999782e+03 -4.179241024940356652e+00
2.309683700000000044e+03 -4.179448446484611779e+00
2.328806000000000040e+03 -4.181593804146344517e+00
2.350368899999999940e+03 -4.176259175312758920e+00
2.357110900000000129e+03 -4.169555495330200756e+00
2.388984699999999975e+03 -4.173673026033284827e+00
2.405791700000000219e+03 -4.167795702690153092e+00
2.486396299999999883e+03 -4.172023378757597101e+00
