1.227906299999999931e+02 1.749241196824750588e+01
1.319679500000000019e+02 1.747819916547934227e+01
1.705584299999999871e+02 1.754079686545898653e+01
1.708320099999999968e+02 1.754157541217178817e+01
1.804225000000000136e+02 1.754788011398331093e+01
2.191127700000000118e+02 1.760387797679625521e+01
2.191454799999999921e+02 1.760441074699776109e+01
2.279754200000000139e+02 1.761880622837370325e+01
2.668285999999999945e+02 1.766492214532872040e+01
2.678461399999999912e+02 1.766339507429269062e+01
2.784815300000000207e+02 1.768233513128434709e+01
3.184344100000000140e+02 1.774815947486261081e+01
3.195427799999999934e+02 1.774700386729086077e+01
3.298987700000000132e+02 1.776380368410340083e+01
3.647764799999999923e+02 1.782256004477915923e+01
3.658145200000000159e+02 1.782303989415835588e+01
3.762655300000000125e+02 1.782908813352330668e+01
4.163137199999999893e+02 1.789956442092407940e+01
4.188016600000000267e+02 1.789927946265011371e+01
4.263464599999999791e+02 1.792465041726032737e+01
4.666699800000000096e+02 1.799086250763281214e+01
4.674907900000000041e+02 1.799081263993486601e+01
4.768821800000000053e+02 1.801529920618766312e+01
5.139314500000000407e+02 1.809470690006106253e+01
5.215354899999999816e+02 1.809453236311825819e+01
5.233792200000000321e+02 1.810738347242011059e+01
5.619387199999999893e+02 1.818987940158762484e+01
5.673747200000000248e+02 1.819033533482597065e+01
5.739815499999999702e+02 1.820325768369631447e+01
6.194675300000000107e+02 1.829144768980256686e+01
6.211539400000000342e+02 1.829159271320985169e+01
6.226301399999999830e+02 1.831540606554040096e+01
6.632699599999999691e+02 1.839766843069407543e+01
6.656984999999999673e+02 1.839839049460614717e+01
6.736580599999999777e+02 1.843038876450233943e+01
7.119955400000000054e+02 1.849733156930592415e+01
7.142423499999999876e+02 1.849683441888866042e+01
7.260090800000000399e+02 1.852823020557704226e+01
7.660825399999999945e+02 1.860140087522898256e+01
7.696823699999999917e+02 1.860138968043964880e+01
7.704424299999999448e+02 1.864022236922450659e+01
8.153386000000000422e+02 1.871616680236108365e+01
8.171302399999999579e+02 1.871589049460614618e+01
8.220511199999999690e+02 1.874004427030327591e+01
8.602959799999999859e+02 1.882909881945857933e+01
8.627743699999999762e+02 1.882854620394870793e+01
8.700344000000000051e+02 1.883379554243842691e+01
9.134268200000000206e+02 1.891660696112354856e+01
9.143006400000000440e+02 1.891640545491553027e+01
9.163141699999999901e+02 1.894560960716466624e+01
9.556067799999999579e+02 1.901631691430897320e+01
9.615438699999999699e+02 1.901617647058823479e+01
9.638465899999999920e+02 1.903116374923671827e+01
1.013211599999999976e+03 1.910797781396295392e+01
1.014733100000000036e+03 1.913561723997557706e+01
1.018249599999999987e+03 1.910839558314675202e+01
1.056407999999999902e+03 1.920870293099939019e+01
1.058819400000000087e+03 1.920827752900468255e+01
1.065727799999999888e+03 1.924411662935070311e+01
1.109906600000000026e+03 1.929189090168939558e+01
1.109990700000000061e+03 1.929183798086708634e+01
1.121892299999999977e+03 1.931912527986973416e+01
1.159890599999999949e+03 1.938296712802768340e+01
1.163788500000000113e+03 1.938250407083248206e+01
1.177204199999999901e+03 1.940658660696112392e+01
1.204209700000000112e+03 1.948232342764095293e+01
1.205120100000000093e+03 1.948282312232851510e+01
1.215821300000000065e+03 1.949206950946468808e+01
1.258532600000000002e+03 1.955519794422959379e+01
1.265737000000000080e+03 1.958910899653979243e+01
1.267349799999999959e+03 1.955544219417870977e+01
1.304303400000000011e+03 1.966004579686545739e+01
1.309308399999999892e+03 1.964769132912680760e+01
1.313021199999999908e+03 1.965916649704864483e+01
1.347793499999999995e+03 1.972588947689802552e+01
1.355046800000000076e+03 1.972551852228780689e+01
1.365694700000000012e+03 1.976217789537960456e+01
1.402020500000000084e+03 1.982581874618359308e+01
1.413230299999999943e+03 1.982495827396702737e+01
1.417070300000000088e+03 1.982212497455729761e+01
1.457537299999999959e+03 1.996779157337675414e+01
1.457729000000000042e+03 1.988702218603704353e+01
1.472701999999999998e+03 1.988719977610421452e+01
1.496030899999999974e+03 1.999642428251577186e+01
1.505634800000000041e+03 1.999604518624058613e+01
1.514513699999999972e+03 1.998806381029920587e+01
1.554559600000000046e+03 2.006608029717077102e+01
1.558177500000000009e+03 2.006570323631182617e+01
1.559030600000000049e+03 2.008287553429676109e+01
1.590555100000000039e+03 2.016160645226948844e+01
1.595913399999999911e+03 2.016104518624058528e+01
1.620059099999999944e+03 2.013349837166700596e+01
1.648401499999999942e+03 2.022814726236515170e+01
1.658141300000000001e+03 2.022850346020761236e+01
1.663591300000000047e+03 2.027008192550376720e+01
1.693670599999999922e+03 2.030405912884184616e+01
1.705989700000000084e+03 2.030951964176674096e+01
1.709046100000000024e+03 2.030451862405861974e+01
1.743977000000000089e+03 2.042047730510889281e+01
1.750856800000000021e+03 2.041989772033380746e+01
1.756468599999999924e+03 2.040718451048239146e+01
1.790497299999999996e+03 2.048764858538571332e+01
1.792184299999999894e+03 2.048794524730307387e+01
1.816439000000000078e+03 2.048925096682271629e+01
1.851137300000000096e+03 2.056662070018318644e+01
1.852246799999999894e+03 2.056584978628129434e+01
1.855432600000000093e+03 2.057846885813148674e+01
1.890094000000000051e+03 2.065306482800732724e+01
1.896826999999999998e+03 2.062744911459393293e+01
1.898278700000000072e+03 2.065253561978424557e+01
1.946661900000000060e+03 2.074622328516181824e+01
1.954250900000000001e+03 2.074581518420517057e+01
1.960313000000000102e+03 2.072508497862812860e+01
1.978470499999999902e+03 2.082916395277834098e+01
1.989204999999999927e+03 2.082920516995725535e+01
2.008021099999999933e+03 2.082184408711581369e+01
2.038679499999999962e+03 2.090774170567881285e+01
2.038721000000000004e+03 2.090827549358843740e+01
2.069121900000000096e+03 2.086879554243843060e+01
2.087871000000000095e+03 2.098686495013230058e+01
2.097361699999999928e+03 2.098723336047221721e+01
2.119718400000000202e+03 2.100837879096275174e+01
2.135476900000000114e+03 2.106341695501730271e+01
2.145852100000000064e+03 2.107282261347445385e+01
2.147086800000000039e+03 2.106344748626094088e+01
2.192130099999999857e+03 2.115480052920822374e+01
2.198087799999999788e+03 2.114396092000814065e+01
2.202878600000000006e+03 2.115532363118257564e+01
2.234219500000000153e+03 2.122738550783635247e+01
2.238680600000000140e+03 2.122728221046203956e+01
2.263813400000000001e+03 2.123658609810706466e+01
2.287208500000000186e+03 2.132108436800325890e+01
2.294280499999999847e+03 2.132109708935477244e+01
2.311144400000000132e+03 2.133812589049460584e+01
2.338443900000000212e+03 2.140129961327091479e+01
2.348432299999999941e+03 2.140108538571137942e+01
2.367935899999999947e+03 2.139963718705475060e+01
2.401340200000000095e+03 2.150904386322002892e+01
2.401903999999999996e+03 2.151092153470384716e+01
2.402512700000000223e+03 2.150943720740891507e+01
2.419826900000000023e+03 2.155092865866069474e+01
2.451047399999999925e+03 2.155080907795644052e+01
