9.922441399999999589e+01 -3.541724710577186741e+00
9.938289000000000328e+01 -3.541927953338228185e+00
1.267505799999999994e+02 -3.541723837843487210e+00
1.498521700000000010e+02 -3.541702572120018822e+00
1.512892400000000066e+02 -3.541966053608568199e+00
1.756925899999999956e+02 -3.541545515790131660e+00
1.986332600000000070e+02 -3.541287961479300694e+00
1.998443699999999978e+02 -3.541413443034126196e+00
2.248627500000000055e+02 -3.541318552420186894e+00
2.485507100000000094e+02 -3.540916562782907118e+00
2.517541400000000067e+02 -3.540929071041170051e+00
2.734036899999999832e+02 -3.540604019835372540e+00
2.983240499999999997e+02 -3.540305130439256320e+00
2.993373700000000213e+02 -3.539708606147712544e+00
3.184263000000000261e+02 -3.538821777057073348e+00
3.494285499999999729e+02 -3.539427255470289690e+00
3.502568999999999733e+02 -3.539724496305015400e+00
3.702443799999999783e+02 -3.538549911428618522e+00
3.956752500000000055e+02 -3.537877350751172933e+00
4.050380200000000173e+02 -3.539270793048939989e+00
4.197949499999999716e+02 -3.537397935215871314e+00
4.483609299999999962e+02 -3.536519426904172203e+00
4.507615099999999870e+02 -3.538020596579283250e+00
4.744385800000000017e+02 -3.536605767235200037e+00
5.027086800000000153e+02 -3.536293145418997419e+00
5.056325800000000186e+02 -3.534497739291607932e+00
5.177423700000000508e+02 -3.532557274188143914e+00
5.500977000000000317e+02 -3.532596715181461899e+00
5.542617999999999938e+02 -3.532105235032025448e+00
5.688155000000000427e+02 -3.528851881755758590e+00
5.976562400000000252e+02 -3.528250439383414871e+00
5.992540999999999940e+02 -3.526821160993200976e+00
6.125484699999999521e+02 -3.521752015837897432e+00
6.471254699999999502e+02 -3.521886156919869837e+00
6.488347199999999475e+02 -3.520252619902538793e+00
6.670152799999999615e+02 -3.515246367183118448e+00
7.025839399999999841e+02 -3.514672084819047360e+00
7.033310699999999542e+02 -3.514761680997315008e+00
7.117856399999999439e+02 -3.507791951634224858e+00
7.552911400000000413e+02 -3.509439712107990772e+00
7.559587400000000343e+02 -3.508904382230055408e+00
7.640661700000000565e+02 -3.502889689423092534e+00
8.029764300000000503e+02 -3.503504791129537388e+00
8.030711000000000013e+02 -3.504078725824017582e+00
8.116633199999999988e+02 -3.496494622434726640e+00
8.441922700000000077e+02 -3.495776993655052678e+00
8.528848600000000033e+02 -3.497619509596387566e+00
8.724556700000000546e+02 -3.494061815411880545e+00
8.949748600000000351e+02 -3.492298343077086642e+00
9.027722800000000234e+02 -3.493164731833713788e+00
9.143164399999999432e+02 -3.487544761058554599e+00
9.538537000000000035e+02 -3.484928305246619118e+00
9.583517900000000509e+02 -3.488488515200058870e+00
9.741082699999999477e+02 -3.485295442989659431e+00
9.916653000000000020e+02 -3.479526733393309978e+00
1.005275499999999965e+03 -3.482791729965763139e+00
1.013355800000000045e+03 -3.478129986876176805e+00
1.047941700000000083e+03 -3.477799300757657974e+00
1.048438699999999926e+03 -3.474909924374902204e+00
1.075977599999999939e+03 -3.475472591954505308e+00
1.099529700000000048e+03 -3.471881246136603760e+00
1.105777000000000044e+03 -3.473420529194468198e+00
1.108259900000000016e+03 -3.467774498649005555e+00
1.147429000000000087e+03 -3.468864972803183289e+00
1.151101499999999987e+03 -3.465627383301695286e+00
1.159089899999999943e+03 -3.463154277917389390e+00
1.196394399999999905e+03 -3.462206487475544048e+00
1.209070200000000114e+03 -3.464599452863875495e+00
1.214207799999999907e+03 -3.459191516464209748e+00
1.254266200000000026e+03 -3.459828857567843752e+00
1.260198000000000093e+03 -3.460039172750128067e+00
1.268427799999999934e+03 -3.456865549178714137e+00
1.290275499999999965e+03 -3.453360449522316244e+00
1.306520899999999983e+03 -3.455215867309139099e+00
1.313190299999999979e+03 -3.451168108380209709e+00
1.338676699999999983e+03 -3.448137778338753456e+00
1.351306800000000067e+03 -3.450225880313712690e+00
1.363176699999999983e+03 -3.448124884723135164e+00
1.391913500000000113e+03 -3.446591371302950790e+00
1.402324699999999893e+03 -3.447001782796425662e+00
1.418025799999999890e+03 -3.444657359354931447e+00
1.451482299999999896e+03 -3.443248063358820943e+00
1.470631200000000035e+03 -3.442373175728699941e+00
1.471489199999999983e+03 -3.446363253671399729e+00
1.498726899999999887e+03 -3.438924281392697679e+00
1.515045699999999897e+03 -3.437365741506035910e+00
1.522062300000000050e+03 -3.442816706698060170e+00
1.541870799999999917e+03 -3.435582723493585178e+00
1.559101599999999962e+03 -3.432327224270749877e+00
1.563433999999999969e+03 -3.437482041542250677e+00
1.597576099999999997e+03 -3.434337458808776944e+00
1.616183800000000019e+03 -3.431875377484589151e+00
1.629554200000000037e+03 -3.437917684870509305e+00
1.636404199999999946e+03 -3.426525458520719436e+00
1.647126999999999953e+03 -3.429823925326692891e+00
1.657750199999999950e+03 -3.425926380981033859e+00
1.695595299999999952e+03 -3.425839087293506058e+00
1.707899799999999914e+03 -3.427788923999446791e+00
1.708308899999999994e+03 -3.423501594732362374e+00
1.739668100000000095e+03 -3.421976371977716980e+00
1.758073499999999967e+03 -3.426703036244471257e+00
1.774591799999999921e+03 -3.422986728519100463e+00
1.811826600000000099e+03 -3.421125844946905303e+00
1.812292999999999893e+03 -3.423428486615365252e+00
1.820482099999999946e+03 -3.419446814314390348e+00
1.856718299999999999e+03 -3.419189313571162181e+00
1.861403399999999920e+03 -3.416134781606343651e+00
1.874154199999999946e+03 -3.417509175474925609e+00
1.898790799999999990e+03 -3.416293095780647437e+00
1.902018499999999904e+03 -3.416070121752884603e+00
1.909488000000000056e+03 -3.413662392064981788e+00
1.941174999999999955e+03 -3.407858997420447178e+00
1.955339899999999943e+03 -3.411150104125441729e+00
1.976250600000000077e+03 -3.412679740579525944e+00
1.999570899999999938e+03 -3.410249974019321950e+00
2.006098300000000108e+03 -3.406208910514687993e+00
2.024770099999999957e+03 -3.415069170721715341e+00
2.064057200000000194e+03 -3.410025637707345236e+00
2.064061000000000149e+03 -3.408973851916909492e+00
2.065403899999999794e+03 -3.407972605927374943e+00
2.089034799999999905e+03 -3.402538157022777288e+00
2.106706900000000132e+03 -3.406182871274090029e+00
2.117314100000000053e+03 -3.403501727959775458e+00
2.124813200000000052e+03 -3.398679301590834978e+00
2.152107899999999972e+03 -3.398563277851485598e+00
2.178893199999999979e+03 -3.408428122588708309e+00
2.190478300000000218e+03 -3.398963555484286747e+00
2.194740400000000136e+03 -3.395244611588598360e+00
2.218817000000000007e+03 -3.401156201209355245e+00
2.231845400000000154e+03 -3.396894442435490991e+00
2.252813999999999851e+03 -3.394920677560716360e+00
2.254639200000000073e+03 -3.400129297893045965e+00
2.309512200000000121e+03 -3.396959829839859779e+00
2.310063400000000001e+03 -3.394895018869389602e+00
2.316978900000000067e+03 -3.398380706644267946e+00
2.332801699999999983e+03 -3.391790521383454049e+00
2.358774699999999939e+03 -3.394055079334073799e+00
2.361819899999999961e+03 -3.399923995237695618e+00
2.402945900000000165e+03 -3.390502099141018189e+00
2.407093699999999899e+03 -3.393499790014276041e+00
2.426333999999999833e+03 -3.400643289907013589e+00
2.464910499999999956e+03 -3.393046777253490465e+00
