9.999092600000000175e+01 1.847743232240993194e+01
1.004909300000000059e+02 1.848391919397516858e+01
1.268075299999999999e+02 1.849856045186240650e+01
1.495137100000000032e+02 1.850889985752086275e+01
1.511073100000000125e+02 1.851875483411357592e+01
1.755497900000000016e+02 1.852004172603297150e+01
1.995943399999999883e+02 1.852836454304905445e+01
2.017665800000000047e+02 1.852871717891308734e+01
2.252471299999999985e+02 1.854190769387339799e+01
2.478919099999999958e+02 1.855963922247099518e+01
2.485852199999999925e+02 1.857190158762466936e+01
2.759774400000000014e+02 1.857960105841644705e+01
2.992939700000000016e+02 1.859325971911255948e+01
3.016006300000000238e+02 1.858984429065743882e+01
3.218268600000000106e+02 1.859616680236108266e+01
3.480976099999999747e+02 1.862461988601669205e+01
3.485163600000000201e+02 1.859871005495623564e+01
3.706900499999999852e+02 1.863049155302259052e+01
3.978063599999999838e+02 1.863274119682474961e+01
3.996331599999999753e+02 1.865443618970079243e+01
4.246741099999999847e+02 1.864467535110929930e+01
4.497215800000000172e+02 1.864830042743741245e+01
4.523222200000000157e+02 1.865964024017911527e+01
4.749251100000000179e+02 1.864259566456340167e+01
5.017288500000000226e+02 1.864161204966415752e+01
5.020161600000000135e+02 1.865641614085080491e+01
5.248956699999999955e+02 1.863601974353755253e+01
5.468273500000000240e+02 1.863658100956645924e+01
5.514963699999999562e+02 1.865834927742723437e+01
5.725753600000000461e+02 1.864297425198452984e+01
6.026497500000000400e+02 1.864303073478526329e+01
6.027518499999999904e+02 1.867392275595359052e+01
6.220351699999999937e+02 1.861781803378790912e+01
6.430367099999999709e+02 1.865516079788316617e+01
6.490500600000000304e+02 1.866061520455933120e+01
6.675880600000000413e+02 1.866003561978424585e+01
6.944085400000000163e+02 1.866531192753918234e+01
6.977956299999999601e+02 1.867145583146753651e+01
7.184649200000000064e+02 1.867625432525951723e+01
7.551164099999999735e+02 1.867904538978221041e+01
7.653455699999999524e+02 1.868425300223895746e+01
7.694394800000000032e+02 1.870725066151027960e+01
7.972225799999999936e+02 1.871722521880724344e+01
7.992721400000000358e+02 1.872752595155709443e+01
8.188432500000000118e+02 1.873647109708935332e+01
8.490208900000000085e+02 1.875889426012619410e+01
8.528434999999999491e+02 1.876237125992265220e+01
8.700683000000000220e+02 1.876658915123142890e+01
8.975104800000000296e+02 1.876379045389782263e+01
9.041805299999999761e+02 1.874875076328109103e+01
9.198212300000000141e+02 1.877844952167718517e+01
9.360727399999999534e+02 1.877881742316303715e+01
9.549521200000000363e+02 1.874994860573987410e+01
9.715481399999999894e+02 1.878230460004070679e+01
9.936510799999999790e+02 1.880340983106045272e+01
1.004865400000000022e+03 1.880564726236515583e+01
1.010341000000000008e+03 1.881124211276206282e+01
1.044439100000000053e+03 1.881617087319357040e+01
1.055345800000000054e+03 1.883471707714227605e+01
1.071194400000000087e+03 1.884797526969265036e+01
1.088797800000000052e+03 1.884224913494809783e+01
1.103338799999999992e+03 1.886067932017097704e+01
1.116666500000000042e+03 1.886405149603093889e+01
1.144188499999999976e+03 1.886756615102788359e+01
1.150492600000000039e+03 1.890891766741298596e+01
1.168456300000000056e+03 1.889576582536128768e+01
1.194014799999999923e+03 1.889300427437411045e+01
1.201165999999999940e+03 1.890170771422755891e+01
1.210555399999999963e+03 1.891828872379401716e+01
1.241573399999999992e+03 1.894762924893140621e+01
1.259020899999999983e+03 1.896710818237329477e+01
1.261684899999999971e+03 1.897353093832688842e+01
1.294113800000000083e+03 1.899484123753307685e+01
1.296165600000000040e+03 1.896599989822918886e+01
1.309336199999999963e+03 1.899176267046610889e+01
1.350215899999999920e+03 1.903694382251170580e+01
1.350607299999999896e+03 1.901013026663952843e+01
1.359373399999999947e+03 1.903733716670059195e+01
1.401052100000000110e+03 1.904649196010583978e+01
1.405644199999999955e+03 1.910014604111540848e+01
1.406824800000000096e+03 1.904745522084266440e+01
1.442990600000000086e+03 1.907679676368817567e+01
1.450116800000000012e+03 1.905840474251984773e+01
1.467774100000000089e+03 1.905770455933238239e+01
1.492528700000000072e+03 1.909963006309790146e+01
1.502694899999999961e+03 1.910830602483207841e+01
1.504819899999999961e+03 1.912522644005699135e+01
1.552880000000000109e+03 1.913779920618766539e+01
1.559448200000000043e+03 1.912256106248727860e+01
1.566814699999999903e+03 1.916013586403419566e+01
1.590549299999999903e+03 1.915513433747201333e+01
1.597125999999999976e+03 1.916876602890291181e+01
1.618623900000000049e+03 1.914932576836963207e+01
1.647393399999999929e+03 1.925876755546509145e+01
1.653766300000000001e+03 1.920688784856503162e+01
1.670642800000000079e+03 1.916754477915733901e+01
1.694321899999999914e+03 1.925118206798290288e+01
1.696753799999999956e+03 1.925741196824750645e+01
1.720348199999999906e+03 1.928674231630368396e+01
1.730332200000000057e+03 1.926357012008955749e+01
1.762528000000000020e+03 1.928345155709342507e+01
1.768770099999999957e+03 1.928607571748422700e+01
1.800707599999999957e+03 1.932298290250356132e+01
1.808700499999999920e+03 1.932456543863219878e+01
1.813286000000000058e+03 1.933417667412986063e+01
1.836401699999999892e+03 1.935978119275391762e+01
1.847480800000000045e+03 1.932043303480561747e+01
1.854652900000000045e+03 1.936449419906370650e+01
1.883194199999999910e+03 1.941042336657846690e+01
1.901138500000000022e+03 1.940933899857520828e+01
1.907084299999999985e+03 1.943221911255851708e+01
1.945774200000000064e+03 1.942380826378994385e+01
1.946457100000000082e+03 1.947229238754325209e+01
1.967844599999999900e+03 1.943331213108080746e+01
1.999623399999999947e+03 1.947457459800529378e+01
2.003951700000000073e+03 1.945974862609403644e+01
2.004178400000000011e+03 1.947319763891715994e+01
2.044682999999999993e+03 1.949153470384693776e+01
2.044978299999999990e+03 1.946861489924689437e+01
2.060996399999999994e+03 1.950606808467331632e+01
2.094777599999999893e+03 1.955894768980256515e+01
2.101062399999999798e+03 1.958371667005902594e+01
2.134593400000000202e+03 1.957305261550987296e+01
2.135379300000000057e+03 1.951801546916344421e+01
2.151948600000000170e+03 1.955672196214125691e+01
2.153995199999999841e+03 1.958777681660899717e+01
2.198637600000000020e+03 1.964883116222267390e+01
2.205743199999999888e+03 1.968279055566863533e+01
2.206604100000000017e+03 1.966576938733971147e+01
2.232950200000000223e+03 1.964413138611845966e+01
2.260076900000000023e+03 1.968959902300020204e+01
2.263533199999999852e+03 1.970619326277223493e+01
2.295336200000000190e+03 1.973263484632607145e+01
2.299479699999999866e+03 1.972921840016283213e+01
2.317018700000000081e+03 1.972102737634846292e+01
2.340477300000000014e+03 1.978585182169753764e+01
2.349360099999999875e+03 1.978698198656625351e+01
2.353148400000000038e+03 1.974082994097292953e+01
2.391974700000000212e+03 1.981397822104620232e+01
2.392609899999999925e+03 1.977612812945247001e+01
2.395092900000000100e+03 1.977129656014655268e+01
2.449576199999999972e+03 1.984878892733564015e+01
