1.001539400000000057e+02 -1.460645196776998000e+00
1.269868299999999977e+02 -1.460317276290245880e+00
1.501235399999999913e+02 -1.460286923696016315e+00
1.758879300000000114e+02 -1.459798895183139322e+00
2.010062299999999880e+02 -1.459845294864869913e+00
2.264696800000000110e+02 -1.459408360104142544e+00
2.493339200000000062e+02 -1.458563929266065928e+00
2.736320099999999798e+02 -1.457665538485892087e+00
2.996566199999999753e+02 -1.457549992689316065e+00
3.229791999999999916e+02 -1.455968159336308299e+00
3.467294600000000173e+02 -1.455143185320419752e+00
3.709488999999999805e+02 -1.453258656942278959e+00
4.005221500000000106e+02 -1.453072717733032482e+00
4.237379799999999932e+02 -1.450251451434288130e+00
4.522851600000000190e+02 -1.449077476394259101e+00
4.705962700000000041e+02 -1.446252388470330441e+00
4.935110700000000179e+02 -1.445201457871679862e+00
5.218011000000000195e+02 -1.443217161571185514e+00
5.460370599999999968e+02 -1.441745411981835812e+00
5.676727499999999509e+02 -1.437902784203430429e+00
5.951100699999999506e+02 -1.437009667618078135e+00
6.218175499999999829e+02 -1.434620830322141716e+00
6.542912700000000541e+02 -1.434210417483415823e+00
6.670133399999999710e+02 -1.429431037647167280e+00
7.038019500000000335e+02 -1.429100082911092029e+00
7.228833899999999630e+02 -1.426050570508573756e+00
7.535893399999999929e+02 -1.424540827449549241e+00
7.667310599999999567e+02 -1.421674891731663504e+00
7.976229600000000346e+02 -1.420148697754826772e+00
8.194489999999999554e+02 -1.419463766926831516e+00
8.586334299999999757e+02 -1.418767241439331750e+00
8.590012500000000273e+02 -1.412915047512944167e+00
8.946832799999999679e+02 -1.412772271800498247e+00
9.204204399999999850e+02 -1.412373784291211631e+00
9.523100399999999581e+02 -1.409836026517061081e+00
9.764871299999999792e+02 -1.411085573228060941e+00
1.006737700000000018e+03 -1.409765198798482055e+00
1.024546399999999949e+03 -1.407346865379439427e+00
1.048090699999999970e+03 -1.402588990588438334e+00
1.062220299999999952e+03 -1.401807415668469226e+00
1.102482400000000098e+03 -1.401540822528940522e+00
1.111804799999999886e+03 -1.397779161168537065e+00
1.153194099999999935e+03 -1.397871700145906448e+00
1.168463899999999967e+03 -1.398133312178591048e+00
1.200745300000000043e+03 -1.396251696972525380e+00
1.210423500000000104e+03 -1.392096824648909159e+00
1.255364900000000034e+03 -1.395244635708165815e+00
1.259216100000000097e+03 -1.389543270174826928e+00
1.287638799999999947e+03 -1.388805005885298316e+00
1.318971299999999928e+03 -1.389045575540187816e+00
1.343924700000000030e+03 -1.387995457643901087e+00
1.369374800000000050e+03 -1.387042044978435751e+00
1.398361400000000003e+03 -1.385528279788775574e+00
1.418166799999999967e+03 -1.383898471765296456e+00
1.452418300000000045e+03 -1.382870151976954620e+00
1.461654099999999971e+03 -1.379731024428906050e+00
1.487777700000000095e+03 -1.378992738559441378e+00
1.517735599999999977e+03 -1.378330928632214958e+00
1.552788900000000012e+03 -1.377326651759667175e+00
1.578059299999999894e+03 -1.379480965846933138e+00
1.601184799999999996e+03 -1.373795873192824146e+00
1.613047299999999950e+03 -1.372344145096340950e+00
1.649894000000000005e+03 -1.374287621581901320e+00
1.674370100000000093e+03 -1.372375408693195409e+00
1.705973899999999958e+03 -1.371245090985026449e+00
1.718380200000000059e+03 -1.366580546869932355e+00
1.762694500000000062e+03 -1.366501768284770213e+00
1.765318199999999933e+03 -1.366712511859083268e+00
1.799667599999999993e+03 -1.363824400416728366e+00
1.810428300000000036e+03 -1.359322823889719700e+00
1.840995100000000093e+03 -1.359327993191423722e+00
1.855592799999999897e+03 -1.357331587760824743e+00
1.904442000000000007e+03 -1.359288492910294854e+00
1.929319799999999987e+03 -1.359489643039968332e+00
1.936045200000000023e+03 -1.349781366314483311e+00
1.968016000000000076e+03 -1.351340724924417369e+00
2.008339400000000069e+03 -1.346572830673466559e+00
2.014391499999999951e+03 -1.355065975904609310e+00
2.059485700000000179e+03 -1.343370070812881512e+00
2.065035400000000209e+03 -1.351986744963949327e+00
2.102409000000000106e+03 -1.344149989426321579e+00
2.112741700000000037e+03 -1.340515325914185985e+00
2.135448600000000170e+03 -1.340423523034188991e+00
2.157217799999999897e+03 -1.334539692764608709e+00
2.190400099999999838e+03 -1.337261627442342338e+00
2.204528400000000147e+03 -1.329374383655936187e+00
2.261670900000000074e+03 -1.326279363153363366e+00
2.282668999999999869e+03 -1.335388127933632596e+00
2.304530699999999797e+03 -1.316381151932105364e+00
2.309392400000000180e+03 -1.327473740082911302e+00
2.333314199999999801e+03 -1.321188939968915177e+00
2.370681900000000041e+03 -1.319599946768139409e+00
2.382805899999999838e+03 -1.316567388898366442e+00
2.396618100000000140e+03 -1.307594559677864199e+00
2.473522500000000036e+03 -1.315831465385149723e+00
