1.026988699999999994e+02 -3.889555147265251644e+00
1.275030000000000001e+02 -3.889403494854845267e+00
1.523868600000000129e+02 -3.889558582875090487e+00
1.754778900000000021e+02 -3.888818527747229137e+00
1.999001700000000028e+02 -3.888670337404950939e+00
2.232302500000000123e+02 -3.887960176311732408e+00
2.497475499999999897e+02 -3.888161497941309275e+00
2.722960899999999924e+02 -3.887297685219579524e+00
2.972901699999999892e+02 -3.887122270764402199e+00
3.205140299999999911e+02 -3.886221765501633563e+00
3.489753299999999854e+02 -3.886641709268462197e+00
3.733469299999999862e+02 -3.886150577935078676e+00
3.963491999999999962e+02 -3.884835011955628303e+00
4.198940799999999740e+02 -3.883991901394796553e+00
4.480938600000000065e+02 -3.883680640454522326e+00
4.696390599999999722e+02 -3.882533222914009485e+00
5.033936199999999985e+02 -3.883515453171459963e+00
5.176708200000000488e+02 -3.880566102551711527e+00
5.465740399999999681e+02 -3.879884282887976710e+00
5.713548500000000558e+02 -3.879429888990524322e+00
5.961021799999999757e+02 -3.877859980493781222e+00
6.194465300000000525e+02 -3.876589952607488065e+00
6.490408200000000534e+02 -3.875885689172494875e+00
6.702617999999999938e+02 -3.873725642990171636e+00
6.964888300000000072e+02 -3.872076481342730414e+00
7.205598599999999578e+02 -3.871110180773521314e+00
7.422347800000000007e+02 -3.868170886263814889e+00
7.681679400000000442e+02 -3.866843931673178858e+00
8.024756800000000112e+02 -3.866339208646798919e+00
8.141221699999999828e+02 -3.862555686107678632e+00
8.452838000000000420e+02 -3.861719668462054056e+00
8.743505800000000363e+02 -3.860329165491919401e+00
9.002055400000000418e+02 -3.857831780925694787e+00
9.231918699999999944e+02 -3.855188768268754451e+00
9.518444299999999885e+02 -3.852162736239923113e+00
9.609468399999999519e+02 -3.847755866019809012e+00
1.000032100000000014e+03 -3.846682950008924351e+00
1.017759999999999991e+03 -3.844464621728965081e+00
1.057461000000000013e+03 -3.844314320514049310e+00
1.065322400000000016e+03 -3.839094867937449251e+00
1.104602900000000091e+03 -3.838908777887690693e+00
1.115078800000000001e+03 -3.835254397198760934e+00
1.140100500000000011e+03 -3.832347521394429357e+00
1.175992799999999988e+03 -3.832053273195713317e+00
1.205669599999999946e+03 -3.831116371176737978e+00
1.213636999999999944e+03 -3.824207397224435034e+00
1.245671299999999974e+03 -3.822708064989237986e+00
1.261009000000000015e+03 -3.819445809803206693e+00
1.291009399999999914e+03 -3.818031298797881057e+00
1.325372299999999996e+03 -3.817740713604706571e+00
1.340582499999999982e+03 -3.812007831752708409e+00
1.374998499999999922e+03 -3.812426831894648149e+00
1.405657699999999977e+03 -3.809195609583918340e+00
1.420845700000000079e+03 -3.806400505789207411e+00
1.448640900000000101e+03 -3.804227172709457427e+00
1.452066399999999931e+03 -3.797068157042023717e+00
1.490503200000000106e+03 -3.796386017657112255e+00
1.515107700000000023e+03 -3.795679347595065423e+00
1.542534300000000030e+03 -3.790911741784980027e+00
1.557045200000000023e+03 -3.790242784878386395e+00
1.608528399999999920e+03 -3.792209096764315390e+00
1.629573300000000017e+03 -3.788518388934986270e+00
1.637791500000000042e+03 -3.783420486255812065e+00
1.661644600000000082e+03 -3.782755876159911157e+00
1.695789800000000014e+03 -3.781858787286760837e+00
1.721039099999999962e+03 -3.780038635816241666e+00
1.740677599999999984e+03 -3.774053702395361753e+00
1.762459100000000035e+03 -3.772171932441728881e+00
1.776951900000000023e+03 -3.767368029685254971e+00
1.810197899999999890e+03 -3.767527152618542097e+00
1.835976899999999887e+03 -3.765254889683204986e+00
1.862926400000000058e+03 -3.764855802359564407e+00
1.897909799999999905e+03 -3.764881490768703820e+00
1.913802599999999984e+03 -3.762708445255886325e+00
1.926811999999999898e+03 -3.755178086429520334e+00
1.975485100000000102e+03 -3.761428871881471903e+00
1.997315499999999929e+03 -3.754439959305511110e+00
2.028311999999999898e+03 -3.755572752369083389e+00
2.054536200000000008e+03 -3.752256412947059694e+00
2.055497699999999895e+03 -3.745522840617092175e+00
2.103592200000000048e+03 -3.750198288257146295e+00
2.109639200000000073e+03 -3.742996088983425729e+00
2.146264599999999973e+03 -3.737509314101257640e+00
2.147169400000000223e+03 -3.742350031382253306e+00
2.192071399999999812e+03 -3.738552179451986035e+00
2.209742299999999886e+03 -3.734021741224166746e+00
2.233933399999999892e+03 -3.732253181730701641e+00
2.272330899999999929e+03 -3.729543377933679960e+00
2.284924500000000080e+03 -3.728088713990987735e+00
2.314253700000000208e+03 -3.727805945973727830e+00
2.351541099999999915e+03 -3.724278831523710309e+00
2.354027500000000146e+03 -3.727097424503403644e+00
2.385870499999999993e+03 -3.721043040014948122e+00
2.421352100000000064e+03 -3.718347126136583913e+00
2.425489700000000084e+03 -3.721976670235001450e+00
