9.875662800000000630e+01 -4.357801926354254896e+00
1.253402499999999975e+02 -4.357667706791796824e+00
1.489525399999999991e+02 -4.357845279724018361e+00
1.758646599999999864e+02 -4.358011941097968744e+00
2.012066000000000088e+02 -4.358033772699728026e+00
2.239795100000000048e+02 -4.357625582652977947e+00
2.504955400000000054e+02 -4.357563498412910796e+00
2.724949100000000044e+02 -4.357276012704776491e+00
3.022619199999999751e+02 -4.357633600095715209e+00
3.222939000000000078e+02 -4.357089438549245131e+00
3.522233400000000074e+02 -4.356950039107957195e+00
3.711530200000000264e+02 -4.356577607585233380e+00
3.985499800000000050e+02 -4.356093301996927458e+00
4.231904499999999985e+02 -4.356692236615527847e+00
4.497066899999999805e+02 -4.355662671553712784e+00
4.706196299999999724e+02 -4.355649329184799967e+00
4.939784200000000283e+02 -4.354043883094567136e+00
5.183836999999999762e+02 -4.354313850325802981e+00
5.495955999999999904e+02 -4.355393281152577067e+00
5.712219199999999546e+02 -4.353702261166783494e+00
6.020392799999999625e+02 -4.352519152092522603e+00
6.161755500000000438e+02 -4.351320921691676169e+00
6.503123900000000503e+02 -4.351955917470368362e+00
6.752723700000000235e+02 -4.351596590804023279e+00
7.069676299999999856e+02 -4.350389673076782593e+00
7.183221499999999651e+02 -4.346941264821374773e+00
7.474088600000000042e+02 -4.346139620646004786e+00
7.742614099999999553e+02 -4.344930358887000743e+00
7.974594499999999471e+02 -4.341474583077390648e+00
8.166263800000000401e+02 -4.335221087682743502e+00
8.502107799999999997e+02 -4.334507893224027519e+00
8.678231500000000551e+02 -4.326826408906333299e+00
9.039137500000000500e+02 -4.324957331169343000e+00
9.176205400000000054e+02 -4.314736968442375087e+00
9.470283799999999701e+02 -4.313227430898905368e+00
9.754932499999999891e+02 -4.304072732753800423e+00
1.007739599999999996e+03 -4.300828708165204795e+00
1.018842599999999948e+03 -4.291607003015259103e+00
1.045938200000000052e+03 -4.287739630087002318e+00
1.072265300000000025e+03 -4.283936305960195590e+00
1.087870400000000018e+03 -4.279810500390055061e+00
1.120386400000000094e+03 -4.273596851276033171e+00
1.137778999999999996e+03 -4.267749657268958607e+00
1.167195500000000038e+03 -4.265445900132162294e+00
1.197121599999999944e+03 -4.262150080548035014e+00
1.217620499999999993e+03 -4.260478255450468765e+00
1.252403000000000020e+03 -4.258280319849824913e+00
1.277540099999999939e+03 -4.256688540829395073e+00
1.283918899999999894e+03 -4.249886488500152382e+00
1.315276499999999942e+03 -4.247152221948784501e+00
1.348333399999999983e+03 -4.245543447979573060e+00
1.362112699999999904e+03 -4.242951030612623242e+00
1.398704799999999977e+03 -4.243332402563995132e+00
1.399994300000000067e+03 -4.233581345097988446e+00
1.456413399999999911e+03 -4.236046156398068696e+00
1.460905899999999974e+03 -4.231517500097596418e+00
1.516539399999999887e+03 -4.227125900428691629e+00
1.518236699999999928e+03 -4.234233167849720481e+00
1.548792500000000018e+03 -4.223213002082943923e+00
1.579382900000000063e+03 -4.224136546014443994e+00
1.586248599999999897e+03 -4.219719526401984666e+00
1.618194700000000012e+03 -4.217820433622680554e+00
1.655090099999999893e+03 -4.215840310327015672e+00
1.658242700000000013e+03 -4.209708749868497968e+00
1.707255499999999984e+03 -4.204498860741557209e+00
1.707733500000000049e+03 -4.211110068104384929e+00
1.752605199999999968e+03 -4.202969200851121911e+00
1.761707900000000109e+03 -4.199833879243140444e+00
1.778780600000000049e+03 -4.197216573766637815e+00
1.816633399999999938e+03 -4.198335117619107493e+00
1.843952999999999975e+03 -4.194695050667258229e+00
1.870551999999999907e+03 -4.194770536320683973e+00
1.915514400000000023e+03 -4.190351773448447226e+00
1.915730199999999968e+03 -4.192040983579513380e+00
1.936570200000000114e+03 -4.186277510597870233e+00
1.974292099999999891e+03 -4.183645696791443491e+00
2.008611499999999978e+03 -4.185300715157884710e+00
2.011935300000000097e+03 -4.179522643920447145e+00
2.060700400000000172e+03 -4.175799248620270632e+00
2.080432200000000194e+03 -4.185517704392470506e+00
2.093677599999999984e+03 -4.172682286653392580e+00
2.112720200000000204e+03 -4.172515924870276116e+00
2.154396000000000186e+03 -4.166676881521500952e+00
2.169174500000000080e+03 -4.172950756079295331e+00
2.183130999999999858e+03 -4.165876924747975885e+00
2.224864399999999932e+03 -4.166300431417279349e+00
2.263005599999999959e+03 -4.152250758139166109e+00
2.263398799999999937e+03 -4.164205298458449889e+00
2.264481999999999971e+03 -4.160792573305702291e+00
2.300992000000000189e+03 -4.154643510514047122e+00
2.353587199999999939e+03 -4.156823512699989287e+00
2.353926800000000185e+03 -4.151035822649728146e+00
2.398542300000000068e+03 -4.148402811747010865e+00
2.410632999999999811e+03 -4.152956139363331189e+00
2.460573100000000068e+03 -4.151466079554234412e+00
