1.033234599999999972e+02 1.748522796661917411e+01
1.270505799999999965e+02 1.750731121514349553e+01
1.521176800000000071e+02 1.753185884388357607e+01
1.756151399999999967e+02 1.757105078363525408e+01
1.996047000000000082e+02 1.759482800732750007e+01
2.245429800000000000e+02 1.760750966822715213e+01
2.489882200000000125e+02 1.765256411561164285e+01
2.725669300000000135e+02 1.768716975371463462e+01
3.005955799999999840e+02 1.773227152452676592e+01
3.228684299999999894e+02 1.774617290860981100e+01
3.501756700000000251e+02 1.778608996539792386e+01
3.736162600000000111e+02 1.783158966008548774e+01
3.982890600000000063e+02 1.786872175859963363e+01
4.243680800000000204e+02 1.790887950335843470e+01
4.495377399999999852e+02 1.795421483818440933e+01
4.689235100000000216e+02 1.801225880317524641e+01
5.013260399999999777e+02 1.806964685528190628e+01
5.189363299999999981e+02 1.811064268267860555e+01
5.477245500000000220e+02 1.817519794422959478e+01
5.751321199999999862e+02 1.820263179320171076e+01
6.018872199999999566e+02 1.828880571951964029e+01
6.231246099999999615e+02 1.831987431304701630e+01
6.502790400000000091e+02 1.839532312232851652e+01
6.747673600000000533e+02 1.841019387339710889e+01
7.024917500000000246e+02 1.851146753511093124e+01
7.208657100000000355e+02 1.855536891919397391e+01
7.476901699999999664e+02 1.862468196621209060e+01
7.694608500000000504e+02 1.866623600651333348e+01
7.990465000000000373e+02 1.873603195603500993e+01
8.217188700000000381e+02 1.876787553429676336e+01
8.467710799999999836e+02 1.882304854467738764e+01
8.708348499999999603e+02 1.888617443517199135e+01
8.995971399999999676e+02 1.893984429065744024e+01
9.219063400000000001e+02 1.899834368003256557e+01
9.410295599999999467e+02 1.905300274781192726e+01
9.676202500000000555e+02 1.910659118664766964e+01
9.955859000000000378e+02 1.915016588642377471e+01
1.023768800000000056e+03 1.922507073071443173e+01
1.054869099999999889e+03 1.929592051699572508e+01
1.065863900000000058e+03 1.931938123346224145e+01
1.097397600000000011e+03 1.937569102381437247e+01
1.116101200000000063e+03 1.945242876043150915e+01
1.155845100000000002e+03 1.950919957256258641e+01
1.168964400000000069e+03 1.951787248117240026e+01
1.197307499999999891e+03 1.958101465499694527e+01
1.207742199999999912e+03 1.964988245471198880e+01
1.246986300000000028e+03 1.970313148788927293e+01
1.268520500000000084e+03 1.976365967840423465e+01
1.290212199999999939e+03 1.983579533889680491e+01
1.318482899999999972e+03 1.988570018318746335e+01
1.361696200000000090e+03 1.994398432729493109e+01
1.363534000000000106e+03 1.990601923468349455e+01
1.385989499999999907e+03 2.004734479951149950e+01
1.414336700000000064e+03 2.007426877671483822e+01
1.448510700000000043e+03 2.014171941787095577e+01
1.451845199999999977e+03 2.019014298799104523e+01
1.499260500000000093e+03 2.028400824343578179e+01
1.521864100000000008e+03 2.030838337064929533e+01
1.544372399999999971e+03 2.036694229594952432e+01
1.548838400000000092e+03 2.044660645226948859e+01
1.594108300000000099e+03 2.047676012619580632e+01
1.600817000000000007e+03 2.055203185426420021e+01
1.637914399999999887e+03 2.062013688174231518e+01
1.680063100000000077e+03 2.066711276205984049e+01
1.703079999999999927e+03 2.067725727661306934e+01
1.718780999999999949e+03 2.074474659067779569e+01
1.749975799999999936e+03 2.083297730510889423e+01
1.760693500000000085e+03 2.087443720740891351e+01
1.797560400000000072e+03 2.092773509057602155e+01
1.810170699999999897e+03 2.100348972114797519e+01
1.836850500000000011e+03 2.105854213311621947e+01
1.866043899999999894e+03 2.113521371870547227e+01
1.905091699999999946e+03 2.117254427030327690e+01
1.924703099999999949e+03 2.125544168532464795e+01
1.946720499999999902e+03 2.126395328719723210e+01
1.958522799999999961e+03 2.135170466110319509e+01
2.002959299999999985e+03 2.138979544066761562e+01
2.010494699999999966e+03 2.150905098717687736e+01
2.051256699999999910e+03 2.159858131487889210e+01
2.051455699999999979e+03 2.152561113372684787e+01
2.095815700000000106e+03 2.162251475676775669e+01
2.108494999999999891e+03 2.174759159373091677e+01
2.162148400000000038e+03 2.176663036841033971e+01
2.167602899999999863e+03 2.185780225931203091e+01
2.197511300000000119e+03 2.185844087115815171e+01
2.211868599999999788e+03 2.204127417056788119e+01
2.237444700000000012e+03 2.198582587014044520e+01
2.268514400000000023e+03 2.214941176470588147e+01
2.292693999999999960e+03 2.223148636271117340e+01
2.303279599999999846e+03 2.215554396499084078e+01
2.344180499999999938e+03 2.228340830449826981e+01
2.369370800000000145e+03 2.240158558925300269e+01
2.387120800000000145e+03 2.237374414817830370e+01
2.412184600000000046e+03 2.248923213922247299e+01
2.474321800000000167e+03 2.265863118257683695e+01
