1.000301199999999966e+02 -4.552220758590287630e+00
1.005297099999999944e+02 -4.552427767222905430e+00
1.268778899999999936e+02 -4.551946247265289180e+00
1.497366800000000069e+02 -4.551692510078687803e+00
1.505584399999999903e+02 -4.551992677839164614e+00
1.754594099999999912e+02 -4.551301995770509201e+00
1.984937600000000089e+02 -4.550906691357246459e+00
1.991548300000000040e+02 -4.551122268500014556e+00
2.228312300000000050e+02 -4.550113585915025460e+00
2.476210100000000125e+02 -4.549930949166274274e+00
2.483144700000000000e+02 -4.549620755661424987e+00
2.725412400000000162e+02 -4.548771757487626743e+00
2.988553299999999808e+02 -4.548240360063617871e+00
3.026495800000000145e+02 -4.548628332476865488e+00
3.244993099999999799e+02 -4.547623096105603224e+00
3.453277400000000057e+02 -4.545964610880284695e+00
3.468690700000000220e+02 -4.545785729554403964e+00
3.739569200000000251e+02 -4.543200751631353285e+00
3.992585300000000075e+02 -4.541754748210059311e+00
4.021965400000000272e+02 -4.542171416421830976e+00
4.198883599999999774e+02 -4.533785201818254507e+00
4.498729099999999903e+02 -4.534416613626534698e+00
4.522036600000000135e+02 -4.534025366923976286e+00
4.687963500000000181e+02 -4.521878565275829764e+00
5.001711300000000051e+02 -4.521424233684935956e+00
5.007539699999999812e+02 -4.521650626912922633e+00
5.226246399999999994e+02 -4.511595644168380659e+00
5.455008599999999888e+02 -4.510256193158838300e+00
5.466363599999999678e+02 -4.510952653160734904e+00
5.697227400000000443e+02 -4.500928981911632043e+00
6.000102699999999913e+02 -4.499908412734088259e+00
6.021829900000000180e+02 -4.499147999490375582e+00
6.222655399999999872e+02 -4.492725093668997971e+00
6.458351300000000492e+02 -4.489425924564794279e+00
6.510369299999999839e+02 -4.490699810056780983e+00
6.691584000000000287e+02 -4.483923650823984808e+00
6.951981100000000424e+02 -4.481828088466352611e+00
6.986507100000000037e+02 -4.483025254344874533e+00
7.247624899999999570e+02 -4.477373572855571915e+00
7.479666999999999462e+02 -4.475475213404252806e+00
7.523897799999999734e+02 -4.474780076151392727e+00
7.679419000000000324e+02 -4.470226112564070320e+00
7.988749900000000252e+02 -4.468915482552510809e+00
8.061884499999999889e+02 -4.470088011830382513e+00
8.213285100000000511e+02 -4.464787231464834250e+00
8.482660399999999754e+02 -4.461990687760875929e+00
8.485732600000000048e+02 -4.462953531782022587e+00
8.647839900000000171e+02 -4.459483479457873045e+00
8.945135400000000345e+02 -4.457531972963731270e+00
8.972141100000000051e+02 -4.458731396209531184e+00
9.167757800000000543e+02 -4.454890502596980717e+00
9.531327199999999493e+02 -4.455531251981516228e+00
9.544863699999999653e+02 -4.453910405679416762e+00
9.643499399999999468e+02 -4.450654615378589085e+00
9.935467099999999618e+02 -4.449547005015741519e+00
1.004346300000000042e+03 -4.450263400097178135e+00
1.018479699999999980e+03 -4.449605186954450176e+00
1.054259299999999939e+03 -4.448150112131092904e+00
1.055770999999999958e+03 -4.448491659604456139e+00
1.057227900000000091e+03 -4.443803214825520875e+00
1.095851799999999912e+03 -4.445925652535122730e+00
1.099418799999999919e+03 -4.444154886476130883e+00
1.122195699999999988e+03 -4.445824666657787638e+00
1.147726000000000113e+03 -4.444837285477504452e+00
1.149982299999999896e+03 -4.440629773852515783e+00
1.157416799999999967e+03 -4.440401017543210038e+00
1.193790799999999990e+03 -4.440856527368987727e+00
1.195978100000000040e+03 -4.440954300198795224e+00
1.203890599999999949e+03 -4.438254825748551902e+00
1.243742600000000039e+03 -4.440665390879096286e+00
1.252428799999999910e+03 -4.441241905193702877e+00
1.268670599999999922e+03 -4.440318049137674805e+00
1.300350400000000036e+03 -4.437575483970068291e+00
1.303569600000000037e+03 -4.441020524206368947e+00
1.315122599999999920e+03 -4.439916628692249567e+00
1.351498299999999972e+03 -4.440051287547974290e+00
1.358000299999999925e+03 -4.437513682062646403e+00
1.365131699999999910e+03 -4.440971223365869136e+00
1.391175999999999931e+03 -4.435494749100473477e+00
1.395930499999999938e+03 -4.437667958946546420e+00
1.413329099999999926e+03 -4.439036848930898671e+00
1.439862699999999904e+03 -4.436695315434381115e+00
1.456223300000000108e+03 -4.437527492121601469e+00
1.459199200000000019e+03 -4.440245579914886775e+00
1.500624000000000024e+03 -4.437839409111085764e+00
1.505196200000000090e+03 -4.437492612699180938e+00
1.512692600000000084e+03 -4.441002227996749596e+00
1.544997800000000097e+03 -4.438547893185116777e+00
1.555481399999999894e+03 -4.436809099679987156e+00
1.555541300000000092e+03 -4.439336899290802663e+00
1.582550999999999931e+03 -4.435288455264626784e+00
1.606915999999999940e+03 -4.441868129403488297e+00
1.611128600000000006e+03 -4.440034210876923737e+00
1.638206300000000056e+03 -4.437869364930389082e+00
1.655491400000000112e+03 -4.439442375148098030e+00
1.661454400000000078e+03 -4.440271177482704168e+00
1.691250700000000052e+03 -4.438954065397251902e+00
1.707635600000000068e+03 -4.441490671889479103e+00
1.718723999999999933e+03 -4.442865283942593280e+00
1.750320099999999911e+03 -4.439792155358378345e+00
1.761154500000000098e+03 -4.442097134292933625e+00
1.763426999999999907e+03 -4.442088854451920810e+00
1.787162199999999984e+03 -4.438754237075317022e+00
1.788300799999999981e+03 -4.441577236327320044e+00
1.801273999999999887e+03 -4.440221062739925451e+00
1.852361300000000028e+03 -4.442215242348003912e+00
1.857340300000000070e+03 -4.443213129441431875e+00
1.857381900000000087e+03 -4.442620993578581867e+00
1.902024899999999889e+03 -4.443612942573809121e+00
1.905069099999999935e+03 -4.446350773578528148e+00
1.914648300000000063e+03 -4.446808970515449211e+00
1.944369899999999916e+03 -4.449758624745693503e+00
1.959764599999999973e+03 -4.446624070795941464e+00
1.961593599999999924e+03 -4.446988721336206929e+00
1.992144700000000057e+03 -4.445609005496344857e+00
1.994369899999999916e+03 -4.445239932632087942e+00
2.011877500000000055e+03 -4.449282787974897957e+00
2.043945099999999911e+03 -4.446336436526760139e+00
2.054663799999999810e+03 -4.448229202652072445e+00
2.057289800000000014e+03 -4.448713948108966143e+00
2.094350399999999809e+03 -4.452105811764917931e+00
2.097728300000000218e+03 -4.451331040519285409e+00
2.108549199999999928e+03 -4.450169014271216916e+00
2.147885999999999967e+03 -4.451910566618775711e+00
2.148239399999999932e+03 -4.448409519657201550e+00
2.155880500000000211e+03 -4.452755647202454981e+00
2.190009300000000167e+03 -4.450223899307051312e+00
2.198202900000000227e+03 -4.453992016439702439e+00
2.199590299999999843e+03 -4.451582877069325761e+00
2.245793299999999817e+03 -4.455354211158823574e+00
2.251876699999999801e+03 -4.455855600719336174e+00
2.254831599999999980e+03 -4.455370875104404327e+00
2.301310300000000097e+03 -4.456337236440365501e+00
2.307721799999999803e+03 -4.458659351125541015e+00
2.319941100000000006e+03 -4.458987935393407653e+00
2.335078300000000127e+03 -4.456515898665193376e+00
2.356967799999999897e+03 -4.458144798709076539e+00
2.369953199999999924e+03 -4.460857726550833569e+00
2.398989099999999780e+03 -4.460448554550636047e+00
2.400775000000000091e+03 -4.459380273751945900e+00
2.422143999999999778e+03 -4.467490734679836706e+00
2.460693800000000010e+03 -4.462102564812400196e+00
