1.030076999999999998e+02 -2.807909919817720645e+00
1.278555000000000064e+02 -2.807620360961156081e+00
1.525281999999999982e+02 -2.807547696880575483e+00
1.757890700000000095e+02 -2.806580736642977136e+00
2.015744799999999941e+02 -2.806594173156915062e+00
2.240446599999999933e+02 -2.805348307577989697e+00
2.507230299999999943e+02 -2.805384623375277720e+00
2.727230000000000132e+02 -2.804007785349819315e+00
2.996150400000000218e+02 -2.803772960101559075e+00
3.226304299999999898e+02 -2.802546375156316660e+00
3.476353300000000104e+02 -2.801616023304833281e+00
3.720349100000000249e+02 -2.800207639301104834e+00
3.995777800000000184e+02 -2.800029627525935094e+00
4.244199399999999969e+02 -2.798659636466870104e+00
4.511755400000000122e+02 -2.797483269680198781e+00
4.699314899999999966e+02 -2.794810175442799416e+00
4.974995499999999993e+02 -2.793392186877155847e+00
5.224451999999999998e+02 -2.791998980574717404e+00
5.508826800000000503e+02 -2.791327431571340778e+00
5.730718200000000024e+02 -2.789085646749537073e+00
5.955220900000000483e+02 -2.786666966626238029e+00
6.237477300000000469e+02 -2.785614222885428148e+00
6.512314599999999700e+02 -2.783944940154503556e+00
6.692124900000000025e+02 -2.780276123887011064e+00
6.975258499999999913e+02 -2.778758880634947470e+00
7.199073200000000270e+02 -2.777057301376307574e+00
7.471245099999999866e+02 -2.775772145519039835e+00
7.663809700000000475e+02 -2.772093240557377491e+00
7.966123900000000049e+02 -2.770860476025173824e+00
8.218558299999999690e+02 -2.769757362447038407e+00
8.486117699999999786e+02 -2.766759284249177497e+00
8.740757800000000088e+02 -2.765547509525220882e+00
8.991589599999999791e+02 -2.763631644561328038e+00
9.153070099999999911e+02 -2.759081170826827467e+00
9.537693699999999808e+02 -2.760026441164789457e+00
9.637967499999999745e+02 -2.754773868132991410e+00
9.964144700000000512e+02 -2.754586464778706834e+00
1.021149199999999951e+03 -2.752384507968358651e+00
1.048955400000000054e+03 -2.749351205662360798e+00
1.063386299999999892e+03 -2.746570991140250939e+00
1.095201299999999947e+03 -2.745220796956544973e+00
1.118391000000000076e+03 -2.744361124810005048e+00
1.147860300000000052e+03 -2.741788450864523163e+00
1.161486200000000053e+03 -2.737922405446443719e+00
1.207372100000000046e+03 -2.739606776103003405e+00
1.208370699999999943e+03 -2.735540539620462841e+00
1.246028700000000072e+03 -2.735051833910678631e+00
1.269683600000000069e+03 -2.733723172223566866e+00
1.296307399999999916e+03 -2.730797945213886635e+00
1.318577399999999898e+03 -2.731419472209339450e+00
1.340839099999999917e+03 -2.727027862241838019e+00
1.361833200000000033e+03 -2.724908593146012414e+00
1.397504799999999932e+03 -2.725734574358113171e+00
1.415764100000000099e+03 -2.723689497769072876e+00
1.452409799999999905e+03 -2.723757940309814440e+00
1.468846299999999928e+03 -2.720865895792260680e+00
1.502281199999999899e+03 -2.720745489611017476e+00
1.512923500000000104e+03 -2.715947173653059821e+00
1.544962899999999991e+03 -2.714519636156799365e+00
1.563020700000000033e+03 -2.712862830110187140e+00
1.602698300000000017e+03 -2.713540135136971898e+00
1.620111100000000079e+03 -2.711551715033402310e+00
1.654952600000000075e+03 -2.712121423721474578e+00
1.662383399999999938e+03 -2.707564670383721950e+00
1.692882700000000114e+03 -2.707529745585869119e+00
1.721472800000000007e+03 -2.706645209391512985e+00
1.754539299999999912e+03 -2.704335324703760257e+00
1.768605600000000095e+03 -2.702503851990954331e+00
1.787356600000000071e+03 -2.698423005456353607e+00
1.809636799999999994e+03 -2.696901586208125146e+00
1.841956500000000005e+03 -2.697847753446265706e+00
1.852745499999999993e+03 -2.691077083506933310e+00
1.899162299999999959e+03 -2.695784719073594626e+00
1.920216599999999971e+03 -2.692372240232285385e+00
1.928255599999999959e+03 -2.689527776712550278e+00
1.948029299999999921e+03 -2.687871556632583925e+00
2.007880000000000109e+03 -2.692363795916911329e+00
2.013773100000000113e+03 -2.688693711507966100e+00
2.053000799999999799e+03 -2.689208962447639628e+00
2.056761399999999867e+03 -2.680583910406433290e+00
2.102806199999999990e+03 -2.685446648702098038e+00
2.127876299999999901e+03 -2.685106274677197202e+00
2.160160600000000159e+03 -2.678156255912023997e+00
2.169098199999999906e+03 -2.679286312915388102e+00
2.203824300000000221e+03 -2.679141474381943944e+00
2.231725699999999961e+03 -2.681246817366275792e+00
2.256102699999999913e+03 -2.673810562602175533e+00
2.259010900000000220e+03 -2.678733008968067431e+00
2.301786300000000210e+03 -2.674519166331867481e+00
2.321526600000000144e+03 -2.671774777797260469e+00
2.351735700000000179e+03 -2.671016245136104139e+00
2.371193900000000212e+03 -2.664554922436003004e+00
2.403302499999999782e+03 -2.661927892062733392e+00
2.409054299999999785e+03 -2.668219446916028303e+00
2.471296200000000226e+03 -2.663479055017340613e+00
