9.984087300000000198e+01 -4.257614384849621736e+00
1.270082600000000070e+02 -4.257617341102203135e+00
1.499606799999999964e+02 -4.257566162482939731e+00
1.500696800000000053e+02 -4.257594392038427600e+00
1.756550599999999918e+02 -4.257364024407070069e+00
1.993784599999999898e+02 -4.257121919288131551e+00
1.994098899999999901e+02 -4.257129993683465230e+00
2.232973200000000134e+02 -4.256814376630182473e+00
2.508173500000000047e+02 -4.256936383321557216e+00
2.510286299999999926e+02 -4.256991054293337129e+00
2.739680200000000241e+02 -4.256699482938207879e+00
2.993344900000000166e+02 -4.256034698573533781e+00
2.994007100000000037e+02 -4.256051868647314329e+00
3.211954600000000255e+02 -4.255561474418319001e+00
3.497867699999999900e+02 -4.255700861861466677e+00
3.497955000000000041e+02 -4.255703118740272295e+00
3.698582200000000171e+02 -4.254765621783571206e+00
3.967152500000000259e+02 -4.255401147340921675e+00
3.968084000000000060e+02 -4.255425432012069464e+00
4.225443200000000274e+02 -4.254243090455497089e+00
4.499153900000000021e+02 -4.253673880917625105e+00
4.500130899999999770e+02 -4.253699138312733830e+00
4.681211099999999874e+02 -4.251957767812524658e+00
4.986657799999999838e+02 -4.252076542345865739e+00
4.989642600000000243e+02 -4.252153756253710171e+00
5.195759699999999839e+02 -4.250662529755529384e+00
5.465403900000000021e+02 -4.249775441213901495e+00
5.465636200000000144e+02 -4.249781599287606682e+00
5.699905199999999468e+02 -4.249178291824930120e+00
5.968541900000000169e+02 -4.248656262633491387e+00
5.972484100000000353e+02 -4.248758329008235357e+00
6.170644099999999526e+02 -4.246256388509306312e+00
6.524629999999999654e+02 -4.246713093867446887e+00
6.525997999999999593e+02 -4.246748612047215765e+00
6.660902099999999564e+02 -4.243378681635178395e+00
6.970133600000000342e+02 -4.243888858691270194e+00
6.971322300000000496e+02 -4.243919436296634373e+00
7.227166300000000092e+02 -4.242393679960586361e+00
7.502678700000000163e+02 -4.239206586322315395e+00
7.503533200000000534e+02 -4.239228676848538768e+00
7.704358999999999469e+02 -4.237660297406817378e+00
8.125792000000000144e+02 -4.237821310161499433e+00
8.130943300000000136e+02 -4.237953820011943762e+00
8.220584700000000566e+02 -4.234110278129621818e+00
8.581591499999999542e+02 -4.233417529049621209e+00
8.582401200000000472e+02 -4.233438919375307030e+00
8.696781999999999471e+02 -4.229283891997291711e+00
8.971693299999999454e+02 -4.227786784882388460e+00
8.975440200000000459e+02 -4.227883802363310295e+00
9.186587100000000419e+02 -4.225002302931937237e+00
9.480782199999999875e+02 -4.223424746288937826e+00
9.482222699999999804e+02 -4.223461935196423767e+00
9.683716799999999694e+02 -4.219163427795929344e+00
9.988127500000000509e+02 -4.216679091557599790e+00
9.994742300000000341e+02 -4.216850097307005107e+00
1.020761600000000044e+03 -4.215643353076828248e+00
1.053999900000000025e+03 -4.213644267210194805e+00
1.054211199999999963e+03 -4.213698688925342495e+00
1.068265000000000100e+03 -4.209221454691284059e+00
1.089012199999999893e+03 -4.208875778157547209e+00
1.089136400000000094e+03 -4.208908446069711928e+00
1.117206899999999905e+03 -4.206510130457608909e+00
1.145297399999999925e+03 -4.204711479442749145e+00
1.145821400000000040e+03 -4.204847147416689523e+00
1.169063900000000103e+03 -4.202192810445994020e+00
1.191708300000000008e+03 -4.200977634521104065e+00
1.191711000000000013e+03 -4.200977925441610417e+00
1.208447400000000016e+03 -4.195576804083642308e+00
1.245404299999999921e+03 -4.194924863499405632e+00
1.245501800000000003e+03 -4.194949814763502260e+00
1.258854299999999967e+03 -4.190483780008408488e+00
1.309621000000000095e+03 -4.192651744121855373e+00
1.309925999999999931e+03 -4.192731101548160311e+00
1.310992400000000089e+03 -4.186135527256464428e+00
1.349988599999999906e+03 -4.180893088378421218e+00
1.360980399999999918e+03 -4.185408512061287389e+00
1.361421900000000051e+03 -4.185523259225983672e+00
1.402465699999999970e+03 -4.183131354396694590e+00
1.402717000000000098e+03 -4.183196473106044699e+00
1.411703400000000101e+03 -4.176647257014694858e+00
1.456227499999999964e+03 -4.178380043404913202e+00
1.456905500000000075e+03 -4.178555676101058047e+00
1.471933999999999969e+03 -4.176153899748661580e+00
1.490501700000000028e+03 -4.171913515079772594e+00
1.490602300000000014e+03 -4.171939064213963100e+00
1.511290500000000065e+03 -4.169633294785770161e+00
1.559220800000000054e+03 -4.173258558875044599e+00
1.559289500000000089e+03 -4.173275810338733294e+00
1.567604100000000017e+03 -4.167729645587781917e+00
1.605535100000000057e+03 -4.164570726071652906e+00
1.606325499999999920e+03 -4.164775365520162254e+00
1.619719700000000103e+03 -4.164821688492862606e+00
1.663997699999999895e+03 -4.163613232535063879e+00
1.665091100000000097e+03 -4.163895134922473318e+00
1.672636700000000019e+03 -4.159785625312449220e+00
1.701389699999999948e+03 -4.157205821591972494e+00
1.702314599999999928e+03 -4.157445028426618450e+00
1.707579999999999927e+03 -4.154155363926482991e+00
1.762078199999999924e+03 -4.152007718263753588e+00
1.765203600000000051e+03 -4.154929476155305501e+00
1.765651699999999892e+03 -4.155044504760031288e+00
1.805646500000000060e+03 -4.153642658220941364e+00
1.806151900000000069e+03 -4.153773619495386704e+00
1.813916400000000067e+03 -4.147898544387640385e+00
1.855416500000000042e+03 -4.147355723707177866e+00
1.856074900000000071e+03 -4.147525627902827416e+00
1.867992700000000013e+03 -4.146351426162888210e+00
1.906540600000000040e+03 -4.147531613062032996e+00
1.906674299999999903e+03 -4.138985269378221865e+00
1.907377899999999954e+03 -4.147747766469401576e+00
1.961833900000000085e+03 -4.140000721545364470e+00
1.968523999999999887e+03 -4.140835629264527640e+00
1.969419300000000021e+03 -4.141068099847177386e+00
2.008891499999999951e+03 -4.139874118440525663e+00
2.010226799999999912e+03 -4.140219879814480031e+00
2.014997699999999895e+03 -4.134102652000535727e+00
2.038019000000000005e+03 -4.134501551757132631e+00
2.038254300000000057e+03 -4.134561821752253508e+00
2.064478200000000015e+03 -4.134266623988586353e+00
2.109873199999999997e+03 -4.131061365870301927e+00
2.109960599999999886e+03 -4.131083451656287764e+00
2.111299599999999828e+03 -4.130876180138069564e+00
2.146565599999999904e+03 -4.127983678563335701e+00
2.147019400000000132e+03 -4.128100842241821944e+00
2.175832199999999830e+03 -4.129524896139320944e+00
2.196222699999999804e+03 -4.127821129307351455e+00
2.196390699999999924e+03 -4.127864407995845752e+00
2.227215400000000045e+03 -4.127673375574345549e+00
2.232619999999999891e+03 -4.122057189412731582e+00
2.233243899999999940e+03 -4.122217614932053742e+00
2.255039400000000114e+03 -4.122047483797143030e+00
2.300161200000000008e+03 -4.121946745607397489e+00
2.300492799999999988e+03 -4.122032521694627860e+00
2.328527399999999943e+03 -4.121812285282924648e+00
2.347467799999999897e+03 -4.118351540216767859e+00
2.347734199999999873e+03 -4.118420511691337715e+00
2.359130599999999959e+03 -4.119728655875609213e+00
2.377520199999999932e+03 -4.113422485273374285e+00
2.378157299999999850e+03 -4.113586068828465336e+00
2.402308500000000095e+03 -4.115268114398772603e+00
2.448909999999999854e+03 -4.113725208342269291e+00
2.449447500000000218e+03 -4.113864162793356982e+00
