1.205937799999999953e+02 -6.232276544364763637e+00
1.320178899999999942e+02 -6.232536539699320421e+00
1.695041799999999910e+02 -6.232477339322650245e+00
1.704157399999999996e+02 -6.232592906172583547e+00
1.800656999999999925e+02 -6.232353540085735055e+00
2.171281500000000051e+02 -6.231848924950802449e+00
2.185267399999999895e+02 -6.232313785684644003e+00
2.254676800000000014e+02 -6.231266206933056218e+00
2.662836300000000165e+02 -6.231542652565990714e+00
2.665939900000000193e+02 -6.231526713387484762e+00
2.754725999999999999e+02 -6.231124066607136136e+00
3.155473000000000070e+02 -6.230757530805721700e+00
3.174184500000000071e+02 -6.231336416042790205e+00
3.260472700000000259e+02 -6.230684479550355093e+00
3.638129700000000071e+02 -6.229741375441486539e+00
3.652641300000000228e+02 -6.230199981258578212e+00
3.741895400000000222e+02 -6.229712242084385565e+00
4.133350399999999922e+02 -6.228853097969444086e+00
4.139756300000000238e+02 -6.229097575617352334e+00
4.235731000000000108e+02 -6.228796298684718735e+00
4.588896799999999985e+02 -6.226833319210221873e+00
4.614060499999999934e+02 -6.227540842608425997e+00
4.692199200000000019e+02 -6.226844620593985802e+00
5.116777900000000159e+02 -6.226335480279665546e+00
5.140240199999999504e+02 -6.227013267014251063e+00
5.248709800000000314e+02 -6.226800426400751043e+00
5.622421699999999873e+02 -6.225481570117950447e+00
5.626661000000000286e+02 -6.225520433748541471e+00
5.719424500000000080e+02 -6.225035896652781453e+00
6.108524200000000519e+02 -6.223625836883262430e+00
6.115838899999999967e+02 -6.223879052052740946e+00
6.182069900000000189e+02 -6.222691804824424189e+00
6.593981099999999742e+02 -6.221247103812896029e+00
6.626430800000000545e+02 -6.222145020233039503e+00
6.773354799999999614e+02 -6.222792473800453195e+00
7.084958599999999933e+02 -6.219212086597451616e+00
7.109430800000000090e+02 -6.219899189073644585e+00
7.146542600000000220e+02 -6.217797336960623866e+00
7.549617899999999509e+02 -6.215825004155037803e+00
7.571112399999999525e+02 -6.216412737579259051e+00
7.707015499999999975e+02 -6.216827182054348810e+00
8.168955300000000079e+02 -6.216003623740634865e+00
8.188592700000000377e+02 -6.216612042730744747e+00
8.196289000000000442e+02 -6.213373189374519434e+00
8.613176700000000210e+02 -6.208442750402870303e+00
8.616830200000000559e+02 -6.212227919153557210e+00
8.651395999999999731e+02 -6.213040606104963892e+00
9.078760099999999511e+02 -6.208047194666988844e+00
9.117718499999999722e+02 -6.209106758837514839e+00
9.164039199999999710e+02 -6.207171226700942235e+00
9.663378999999999905e+02 -6.203840586174793614e+00
9.676941299999999728e+02 -6.207237707892119261e+00
9.693865500000000566e+02 -6.207780056093004539e+00
1.005002500000000055e+03 -6.200600352076606647e+00
1.009793400000000020e+03 -6.201876041455062882e+00
1.015468200000000024e+03 -6.200084897684279284e+00
1.055647600000000011e+03 -6.197471360120268891e+00
1.062886700000000019e+03 -6.199390135021151771e+00
1.075739100000000008e+03 -6.199315117736587055e+00
1.105001199999999926e+03 -6.193173969041982474e+00
1.112773799999999937e+03 -6.195225066919650025e+00
1.121861900000000105e+03 -6.194327523943591096e+00
1.152760099999999966e+03 -6.188226172564426975e+00
1.157385099999999966e+03 -6.189447269846585442e+00
1.169399400000000014e+03 -6.189044656841065084e+00
1.212567299999999932e+03 -6.185994668776984895e+00
1.217777199999999993e+03 -6.187423457154648254e+00
1.223205899999999929e+03 -6.184801339710792156e+00
1.256129100000000108e+03 -6.179932833707908024e+00
1.258216400000000021e+03 -6.180430716280989500e+00
1.264308800000000019e+03 -6.178060068588258957e+00
1.310708399999999983e+03 -6.175881667952400456e+00
1.313342799999999897e+03 -6.176627846120433141e+00
1.325096299999999928e+03 -6.175715616943936226e+00
1.364325199999999995e+03 -6.173089411366202484e+00
1.365945999999999913e+03 -6.173421406390336763e+00
1.378507200000000012e+03 -6.172143996363919527e+00
1.391030400000000100e+03 -6.161289288532517894e+00
1.397132800000000088e+03 -6.162831260640953879e+00
1.423751800000000003e+03 -6.165373803523415575e+00
1.446998700000000099e+03 -6.158585401516403657e+00
1.453288299999999936e+03 -6.160206808649505206e+00
1.459989000000000033e+03 -6.158420856028369528e+00
1.497001500000000078e+03 -6.153697649012664250e+00
1.504772699999999986e+03 -6.155707676637606873e+00
1.528037100000000009e+03 -6.158182398362627374e+00
1.548154899999999998e+03 -6.150664442941825349e+00
1.553769900000000007e+03 -6.152117558793041674e+00
1.566383000000000038e+03 -6.151322729393826627e+00
1.596531300000000101e+03 -6.141816644812168491e+00
1.609931100000000015e+03 -6.149026943483332452e+00
1.614164299999999912e+03 -6.150047017269256067e+00
1.651422000000000025e+03 -6.141994669312846433e+00
1.659451299999999947e+03 -6.144094319359031608e+00
1.670773300000000063e+03 -6.143285275255397693e+00
1.700213500000000067e+03 -6.136782576854001192e+00
1.708848600000000033e+03 -6.135368982775611713e+00
1.712568899999999985e+03 -6.140005698419117586e+00
1.757597600000000057e+03 -6.135480220338482837e+00
1.759822899999999890e+03 -6.136102319265561711e+00
1.760031400000000076e+03 -6.131691535138397597e+00
1.796261899999999969e+03 -6.127477034676590328e+00
1.810251899999999978e+03 -6.131102378722530943e+00
1.813292899999999918e+03 -6.128260408313326302e+00
1.843814499999999953e+03 -6.122220460803359465e+00
1.852847999999999956e+03 -6.124543079049794336e+00
1.862753400000000056e+03 -6.123612065592185516e+00
1.907853699999999890e+03 -6.121470251210962665e+00
1.909307800000000043e+03 -6.121794770750512704e+00
1.919791099999999915e+03 -6.120427973778561181e+00
1.944706500000000005e+03 -6.113624138374460060e+00
1.953723999999999933e+03 -6.115947199988896799e+00
1.953900799999999890e+03 -6.112436525278888588e+00
1.997666400000000067e+03 -6.108552351124562740e+00
2.001587800000000016e+03 -6.109565602241654680e+00
2.002227000000000089e+03 -6.105619816211452999e+00
2.053942000000000007e+03 -6.108107329218271708e+00
2.055256800000000112e+03 -6.108422806199714117e+00
2.073870899999999892e+03 -6.108287333606077674e+00
2.096868599999999788e+03 -6.102265975972854584e+00
2.100242499999999836e+03 -6.103138196293829587e+00
2.108824999999999818e+03 -6.101208256256298590e+00
2.154667100000000119e+03 -6.093916770868871069e+00
2.162258600000000115e+03 -6.100591313359713830e+00
2.172439199999999801e+03 -6.103314794876197880e+00
2.179876999999999953e+03 -6.090413168906283481e+00
2.182094999999999800e+03 -6.091079177503485376e+00
2.214057800000000043e+03 -6.094791515786429414e+00
2.241405900000000202e+03 -6.089638869572809199e+00
2.257310800000000199e+03 -6.093741443500371169e+00
2.260770599999999831e+03 -6.090662738175931956e+00
2.282654399999999896e+03 -6.084083722563925711e+00
2.292795799999999872e+03 -6.086634745654627032e+00
2.310850199999999859e+03 -6.087681162004052737e+00
2.338606999999999971e+03 -6.081069446640725573e+00
2.345404199999999946e+03 -6.082780861300721931e+00
2.359020399999999881e+03 -6.083298172273720716e+00
2.391071199999999862e+03 -6.075089437796951763e+00
2.396672700000000077e+03 -6.080301530553883893e+00
2.400396000000000186e+03 -6.081255936066092715e+00
2.451187800000000152e+03 -6.077456544127973537e+00
2.458672799999999825e+03 -6.079353910446349651e+00
