9.944198599999999999e+01 2.347375432525951311e+01
1.005418099999999981e+02 2.347289029106452318e+01
1.278248099999999994e+02 2.352728475473234226e+01
1.508419700000000034e+02 2.356082587014044094e+01
1.514710200000000100e+02 2.355929218400163094e+01
1.764767799999999909e+02 2.361059943008345030e+01
1.991328300000000127e+02 2.366500254427030470e+01
1.992776599999999974e+02 2.365850651333197519e+01
2.251893000000000029e+02 2.372004834113576166e+01
2.484166700000000105e+02 2.377344239772033418e+01
2.493409100000000080e+02 2.378933187461835885e+01
2.717133900000000040e+02 2.382756869529818999e+01
2.988178800000000024e+02 2.389412935070221877e+01
3.009568300000000249e+02 2.389342560553633277e+01
3.253769300000000158e+02 2.399056686342357025e+01
3.500211499999999774e+02 2.411069102381436835e+01
3.501721800000000258e+02 2.404416955017301305e+01
3.732439299999999776e+02 2.428988754325259336e+01
3.991246800000000121e+02 2.431467636881742322e+01
4.024060200000000123e+02 2.437425656421738296e+01
4.208872000000000071e+02 2.461870089558314945e+01
4.517050899999999842e+02 2.466131742316303743e+01
4.544380400000000009e+02 2.466957307144311073e+01
4.667039300000000139e+02 2.478592916751475883e+01
4.984417300000000068e+02 2.489046712802768369e+01
5.072317300000000273e+02 2.486414461632403672e+01
5.237581500000000005e+02 2.496276613067372452e+01
5.483455999999999904e+02 2.508390749033177514e+01
5.526018500000000131e+02 2.506811774882963562e+01
5.694062800000000379e+02 2.515822867901485793e+01
6.025912700000000086e+02 2.525573173213922473e+01
6.032217799999999670e+02 2.521806737227763051e+01
6.200624900000000252e+02 2.531827040504783355e+01
6.489867100000000164e+02 2.543778394056584702e+01
6.517876400000000103e+02 2.541381335233055339e+01
6.706366000000000440e+02 2.548997506615102893e+01
6.989385600000000522e+02 2.559156319967433291e+01
7.048636400000000322e+02 2.557220893547730611e+01
7.240065200000000232e+02 2.565044524730307174e+01
7.439553700000000163e+02 2.574239008752289948e+01
7.571821599999999535e+02 2.574730917972725308e+01
7.737620799999999690e+02 2.584758345206594754e+01
7.986375100000000202e+02 2.590755800936291564e+01
7.991978000000000293e+02 2.595685273763484702e+01
8.246530000000000200e+02 2.600767962548341217e+01
8.476525400000000445e+02 2.610654131894972352e+01
8.479782000000000153e+02 2.609205933238347441e+01
8.715945900000000393e+02 2.620106655811113328e+01
9.013616100000000415e+02 2.626583655607571544e+01
9.057816000000000258e+02 2.630427997150417241e+01
9.214966600000000199e+02 2.635371209037248263e+01
9.466641899999999623e+02 2.650138408304498228e+01
9.532550800000000208e+02 2.640757073071443273e+01
9.664237699999999904e+02 2.654160543456136878e+01
9.981081699999999728e+02 2.665012517809892145e+01
1.005424800000000005e+03 2.666461174435172055e+01
1.020620999999999981e+03 2.669601261958070637e+01
1.043580500000000029e+03 2.679002442499491465e+01
1.057379599999999982e+03 2.682175809077956075e+01
1.066679000000000087e+03 2.683761652757988969e+01
1.103125800000000027e+03 2.691806431915327025e+01
1.106582400000000007e+03 2.702994657032363079e+01
1.119317399999999907e+03 2.705555058009363023e+01
1.141459700000000112e+03 2.714407490331772621e+01
1.145783200000000079e+03 2.712932271524526584e+01
1.163019399999999905e+03 2.720976847140240196e+01
1.196816499999999905e+03 2.732509312029310067e+01
1.204238800000000083e+03 2.731881945857927718e+01
1.211880100000000084e+03 2.741201913291267900e+01
1.241046299999999974e+03 2.758610421331162144e+01
1.252271099999999933e+03 2.748906269082027620e+01
1.259236699999999928e+03 2.757441939751679172e+01
1.297243099999999913e+03 2.769764247913698085e+01
1.303928799999999910e+03 2.761168583350294981e+01
1.312697200000000066e+03 2.776590016283329732e+01
1.347401900000000069e+03 2.792985192346834822e+01
1.349175400000000081e+03 2.786493944636678322e+01
1.369376700000000028e+03 2.794051496030938253e+01
1.400889599999999973e+03 2.807565285975982050e+01
1.406104900000000043e+03 2.806241960105841926e+01
1.412626999999999953e+03 2.811877518827600397e+01
1.451018700000000081e+03 2.825487227763077414e+01
1.452880699999999933e+03 2.828398330958680873e+01
1.469335399999999936e+03 2.833058263789945030e+01
1.486874499999999898e+03 2.842716619173621240e+01
1.503415999999999940e+03 2.837384897211479640e+01
1.512541600000000017e+03 2.851318186444127889e+01
1.560434299999999894e+03 2.857173977203337856e+01
1.561496200000000044e+03 2.858648381844086828e+01
1.575050300000000107e+03 2.867792489314064497e+01
1.601168599999999969e+03 2.891590881335232766e+01
1.606067000000000007e+03 2.879424384286586402e+01
1.616084399999999960e+03 2.886296153063301517e+01
1.626674700000000030e+03 2.900622990026460712e+01
1.654206200000000081e+03 2.901639782210462215e+01
1.665781700000000001e+03 2.904407541217179300e+01
1.693011600000000044e+03 2.926295440667616177e+01
1.702936500000000024e+03 2.927296203948707642e+01
1.710474300000000085e+03 2.930364848361490004e+01
1.753967900000000100e+03 2.946408050071239515e+01
1.757160699999999906e+03 2.952169448402198171e+01
1.757496599999999944e+03 2.957690922043558146e+01
1.783530199999999923e+03 2.966213667820069588e+01
1.794808600000000069e+03 2.968687818033788162e+01
1.807292999999999893e+03 2.977214074903317709e+01
1.846416999999999916e+03 3.003487075106859550e+01
1.852359799999999950e+03 3.001253053124364101e+01
1.853400300000000016e+03 2.982158558925300440e+01
1.897246900000000096e+03 3.018813504986769658e+01
1.906088099999999940e+03 3.013934561367799958e+01
1.908162299999999959e+03 3.025805719519641457e+01
1.954281899999999951e+03 3.030120751068593421e+01
1.956324900000000071e+03 3.049092204355790514e+01
1.959686599999999999e+03 3.030070170974964583e+01
1.996746200000000044e+03 3.066003816405454785e+01
1.998537399999999934e+03 3.051496132709139175e+01
2.021349500000000035e+03 3.078971046203948703e+01
2.051834299999999985e+03 3.090033889680439572e+01
2.054950200000000223e+03 3.086540860981070722e+01
2.057960999999999785e+03 3.101050122124974706e+01
2.092981800000000021e+03 3.124448961937715907e+01
2.111904300000000148e+03 3.109561520455933348e+01
2.114393099999999777e+03 3.123293049053531689e+01
2.148216100000000097e+03 3.138640392835334580e+01
2.152186799999999948e+03 3.142684917565641811e+01
2.166498099999999795e+03 3.159176267046610675e+01
2.199492200000000139e+03 3.182232495420313256e+01
2.207571899999999914e+03 3.197288011398331165e+01
2.212216499999999996e+03 3.171026205984123436e+01
2.225997400000000198e+03 3.210357927946265022e+01
2.254895300000000134e+03 3.214497659271320629e+01
2.259052299999999832e+03 3.202474557296967816e+01
2.295907999999999902e+03 3.224758701404437033e+01
2.307165899999999965e+03 3.229608538571137899e+01
2.314300400000000081e+03 3.256316100142478831e+01
2.316994999999999891e+03 3.275049613270913795e+01
2.347170999999999822e+03 3.274786637492366737e+01
2.355830500000000029e+03 3.296649603093832326e+01
2.372799300000000130e+03 3.300428607775290146e+01
2.406247699999999895e+03 3.324446010584164668e+01
2.413770300000000134e+03 3.298241400366374876e+01
2.442051800000000185e+03 3.340457205373498795e+01
