1.000083900000000057e+02 -6.190328004783318683e+00
1.272964699999999993e+02 -6.190337432271929785e+00
1.491030700000000024e+02 -6.190010594074586869e+00
1.491065900000000113e+02 -6.190011504064666603e+00
1.766040500000000009e+02 -6.190029772440425404e+00
2.005496500000000140e+02 -6.189356254349195119e+00
2.005559199999999862e+02 -6.189357875269024589e+00
2.228792699999999911e+02 -6.189060821006284741e+00
2.495079000000000065e+02 -6.189285478918880479e+00
2.495346900000000119e+02 -6.189292404667242842e+00
2.725195600000000127e+02 -6.188720610337569816e+00
2.997698100000000068e+02 -6.188921764226042121e+00
2.998735500000000229e+02 -6.188948583081401722e+00
3.228102099999999837e+02 -6.188195894812840159e+00
3.490111800000000244e+02 -6.187529411972109372e+00
3.490205199999999763e+02 -6.187531826548059222e+00
3.712028500000000122e+02 -6.187045150735494659e+00
3.986133600000000001e+02 -6.186487816441232468e+00
3.988449899999999957e+02 -6.186547697407754676e+00
4.209521500000000174e+02 -6.185654859567531361e+00
4.526686199999999758e+02 -6.186461057858471335e+00
4.526995600000000195e+02 -6.186469056464455996e+00
4.726003000000000043e+02 -6.184780901631807382e+00
5.003066000000000031e+02 -6.184162135490992362e+00
5.005777699999999868e+02 -6.184232238334715248e+00
5.190640100000000530e+02 -6.181718403019953456e+00
5.469008000000000038e+02 -6.180950183680226750e+00
5.470295800000000099e+02 -6.180982967020047347e+00
5.697435199999999895e+02 -6.178838994704374699e+00
5.990461900000000242e+02 -6.178677192293966058e+00
5.991549300000000358e+02 -6.178705303748871280e+00
6.156218099999999822e+02 -6.174787579583555619e+00
6.531988000000000056e+02 -6.175299353931896995e+00
6.532600899999999911e+02 -6.175315707471180637e+00
6.658327199999999948e+02 -6.171658797615334535e+00
7.051257500000000391e+02 -6.172086011953355822e+00
7.054236499999999523e+02 -6.172163533888306297e+00
7.152942500000000337e+02 -6.167136916976741823e+00
7.475106799999999794e+02 -6.166570736548389498e+00
7.477115099999999757e+02 -6.166622655101714479e+00
7.632556899999999587e+02 -6.162976775239202176e+00
7.937824500000000398e+02 -6.163423506695017373e+00
7.937874399999999468e+02 -6.163425305563425383e+00
8.108179900000000089e+02 -6.158062623521606938e+00
8.501060499999999820e+02 -6.159742369421135066e+00
8.507591999999999643e+02 -6.159911730553758957e+00
8.638022200000000339e+02 -6.153228145804632732e+00
9.029091200000000299e+02 -6.153309053352447933e+00
9.029786800000000540e+02 -6.153327035997318006e+00
9.218108499999999594e+02 -6.150125610324056247e+00
9.511835200000000441e+02 -6.147241725190647266e+00
9.513280600000000504e+02 -6.147279091658294448e+00
9.629000600000000532e+02 -6.141879171730974640e+00
1.004791200000000003e+03 -6.142382181124740548e+00
1.005238100000000031e+03 -6.142497713672073090e+00
1.015386200000000031e+03 -6.136627916434196806e+00
1.053504300000000057e+03 -6.138290671509016860e+00
1.053735500000000002e+03 -6.138349932457917824e+00
1.069957100000000082e+03 -6.132593406711697170e+00
1.103789800000000014e+03 -6.132490861122122716e+00
1.103947899999999890e+03 -6.132531733119735762e+00
1.122314900000000080e+03 -6.127631586444252321e+00
1.146988299999999981e+03 -6.123354238682788164e+00
1.147160399999999981e+03 -6.123398221105065709e+00
1.167923600000000079e+03 -6.120632398374099559e+00
1.194373700000000099e+03 -6.118057493405136604e+00
1.194641900000000078e+03 -6.118126319590668771e+00
1.219500199999999950e+03 -6.115627893674728810e+00
1.253389499999999998e+03 -6.114134525396475617e+00
1.254048999999999978e+03 -6.114305019276460307e+00
1.264089799999999968e+03 -6.109616011246405520e+00
1.299355499999999893e+03 -6.107796605329620654e+00
1.299433800000000019e+03 -6.107816847438495067e+00
1.311088700000000017e+03 -6.102065877639231140e+00
1.353669699999999921e+03 -6.103937948079352971e+00
1.354447100000000091e+03 -6.104139430310669745e+00
1.370111000000000104e+03 -6.100923442035217192e+00
1.390763500000000022e+03 -6.098384445888773264e+00
1.391149799999999914e+03 -6.098483803275558834e+00
1.420534200000000055e+03 -6.094145592550966661e+00
1.456097500000000082e+03 -6.090304608012957921e+00
1.456505100000000084e+03 -6.090409980727866213e+00
1.457934999999999945e+03 -6.086230483043486572e+00
1.505292999999999893e+03 -6.089087655745119676e+00
1.505586900000000014e+03 -6.089164143600434898e+00
1.509902499999999918e+03 -6.085190762659101082e+00
1.547011600000000044e+03 -6.084917523578063481e+00
1.547217699999999923e+03 -6.084970804531308453e+00
1.574818299999999908e+03 -6.081850155539144431e+00
1.607275599999999940e+03 -6.073102300164595846e+00
1.618228800000000092e+03 -6.083468522507978982e+00
1.618320099999999911e+03 -6.083493143083791743e+00
1.647221199999999953e+03 -6.072623517063528986e+00
1.647972400000000107e+03 -6.072817717219169964e+00
1.666240700000000061e+03 -6.071735429348797730e+00
1.693303799999999910e+03 -6.066616982021971083e+00
1.694589300000000094e+03 -6.066949309364990661e+00
1.711864000000000033e+03 -6.065218847340393182e+00
1.753923399999999901e+03 -6.061006552118797686e+00
1.755008800000000065e+03 -6.064720387975267357e+00
1.755247699999999895e+03 -6.064782148381526738e+00
1.809045000000000073e+03 -6.062668551382238036e+00
1.809494200000000092e+03 -6.062784169671300738e+00
1.816446200000000090e+03 -6.059426199590167705e+00
1.843529099999999971e+03 -6.056220564830937292e+00
1.844472199999999930e+03 -6.056463866103054983e+00
1.867455600000000004e+03 -6.054586989937594588e+00
1.899003799999999956e+03 -6.051412683216156552e+00
1.899775799999999890e+03 -6.051612260585904401e+00
1.903265200000000050e+03 -6.047906666437134149e+00
1.949539199999999937e+03 -6.049309677239477878e+00
1.950066600000000108e+03 -6.049446020639484445e+00
1.983213899999999967e+03 -6.050859242964084395e+00
2.012477699999999913e+03 -6.041708661984547923e+00
2.020418100000000095e+03 -6.050510344876443902e+00
2.020850100000000111e+03 -6.050623043185254346e+00
2.052049500000000080e+03 -6.041961149698183320e+00
2.052777799999999843e+03 -6.042149429747907696e+00
2.055436400000000049e+03 -6.034435550236554313e+00
2.088481999999999971e+03 -6.034691298509571311e+00
2.089334400000000187e+03 -6.034912169734062637e+00
2.101547000000000025e+03 -6.030081887784609407e+00
2.109514200000000073e+03 -6.024665992598505326e+00
2.110230700000000070e+03 -6.024853257529546369e+00
2.163425499999999829e+03 -6.031473073870673218e+00
2.201889999999999873e+03 -6.025977263001998097e+00
2.207136500000000069e+03 -6.029403097169251602e+00
2.207183599999999842e+03 -6.029415273456965707e+00
2.251846599999999853e+03 -6.021146771030711164e+00
2.267953500000000076e+03 -6.028124688308407642e+00
2.269317799999999806e+03 -6.028476369312134153e+00
2.290566200000000208e+03 -6.021026800713760174e+00
2.290897199999999884e+03 -6.021112879657700034e+00
2.337964699999999993e+03 -6.026701791324343027e+00
2.343303600000000188e+03 -6.018137977213176448e+00
2.343978599999999915e+03 -6.018311969297690744e+00
2.370311000000000149e+03 -6.019787646101894651e+00
2.403150299999999788e+03 -6.014620124815587943e+00
2.403445499999999811e+03 -6.014696439892725621e+00
2.419266000000000076e+03 -6.013650998932925873e+00
2.439381899999999860e+03 -6.012217938035674614e+00
2.440477199999999812e+03 -6.012501603746062351e+00
