1.004261500000000069e+02 -4.455650944015724590e+00
1.268502900000000011e+02 -4.455582150992251300e+00
1.490716899999999896e+02 -4.455492711721878329e+00
1.760315200000000004e+02 -4.455471574778631094e+00
2.011138200000000040e+02 -4.455503223005189639e+00
2.245206300000000113e+02 -4.455148080314342174e+00
2.495877700000000061e+02 -4.455090321896889805e+00
2.692260400000000118e+02 -4.453627820365912093e+00
3.000604099999999903e+02 -4.454199515798551445e+00
3.237315600000000018e+02 -4.454307479240706691e+00
3.520292099999999778e+02 -4.453761953187584943e+00
3.698947600000000193e+02 -4.453006596698643627e+00
3.973276299999999992e+02 -4.452726821863344675e+00
4.197101000000000113e+02 -4.452450648692291679e+00
4.501507100000000037e+02 -4.451915257243331148e+00
4.694155400000000213e+02 -4.451230221772119577e+00
5.046673299999999927e+02 -4.451463295560885491e+00
5.234293900000000122e+02 -4.451298701295353766e+00
5.566073300000000472e+02 -4.451024342939860823e+00
5.646058299999999690e+02 -4.447680247955302590e+00
6.045325299999999515e+02 -4.449210216116781247e+00
6.212844700000000557e+02 -4.447666460417918799e+00
6.522514499999999771e+02 -4.446373954560791653e+00
6.625419900000000553e+02 -4.443491214971620806e+00
6.977749000000000024e+02 -4.444378170371428460e+00
7.199710499999999911e+02 -4.442860363457070250e+00
7.467226000000000568e+02 -4.440431117790148541e+00
7.706754799999999932e+02 -4.440166768514004048e+00
8.047826499999999896e+02 -4.438774350469443242e+00
8.161570000000000391e+02 -4.435648390056055490e+00
8.471729599999999891e+02 -4.434760720328617900e+00
8.653148800000000165e+02 -4.430363601135513640e+00
8.984845199999999750e+02 -4.429709323810143928e+00
9.166152899999999590e+02 -4.427320873107230881e+00
9.519516700000000355e+02 -4.426407231744803994e+00
9.672021799999999985e+02 -4.422602692670353441e+00
1.006286899999999946e+03 -4.423858865635962090e+00
1.015458600000000047e+03 -4.416838216829443553e+00
1.037462299999999914e+03 -4.415356348782411899e+00
1.068670100000000048e+03 -4.411320176628503731e+00
1.103451800000000048e+03 -4.410550031362349799e+00
1.118652000000000044e+03 -4.406679870641405650e+00
1.149903499999999894e+03 -4.405198044861053042e+00
1.165236900000000105e+03 -4.401100310036156316e+00
1.203859699999999975e+03 -4.399987983422708027e+00
1.223480499999999893e+03 -4.397239365711753223e+00
1.239083599999999933e+03 -4.392461608133344519e+00
1.265162600000000111e+03 -4.390473190606897447e+00
1.302524200000000064e+03 -4.383448160837688512e+00
1.318809999999999945e+03 -4.392542192989633776e+00
1.356714300000000094e+03 -4.386252770340600016e+00
1.364873900000000049e+03 -4.381100943715336093e+00
1.389477399999999989e+03 -4.378134296020823157e+00
1.416398300000000063e+03 -4.376558977250459392e+00
1.437356500000000096e+03 -4.372363767407954960e+00
1.458712800000000016e+03 -4.369565999071531870e+00
1.517738599999999906e+03 -4.373447672032365396e+00
1.520025900000000092e+03 -4.368580303569945755e+00
1.552020700000000033e+03 -4.367778321369685024e+00
1.556239199999999983e+03 -4.360012638877936553e+00
1.598211099999999988e+03 -4.353369520436845441e+00
1.612104100000000017e+03 -4.363516551739787808e+00
1.653218399999999974e+03 -4.358780263160459967e+00
1.655675999999999931e+03 -4.353628404456984846e+00
1.686067700000000059e+03 -4.349823092186209550e+00
1.708373599999999897e+03 -4.350608337253804692e+00
1.747645700000000033e+03 -4.347852957786209949e+00
1.772804599999999937e+03 -4.349636446089456321e+00
1.800735100000000102e+03 -4.346315717458056227e+00
1.812882499999999936e+03 -4.343653548461582581e+00
1.830767900000000054e+03 -4.339415027236229960e+00
1.862996799999999894e+03 -4.337879548670419361e+00
1.896289600000000064e+03 -4.337725307278252451e+00
1.916799600000000055e+03 -4.336049329565638821e+00
1.965371200000000044e+03 -4.338008914937443450e+00
1.965825000000000045e+03 -4.333928999438238172e+00
2.010699900000000071e+03 -4.332102617091670993e+00
2.017990600000000086e+03 -4.329366809779841674e+00
2.034388500000000022e+03 -4.326416852341287367e+00
2.070680499999999938e+03 -4.328826127914743083e+00
2.106747800000000097e+03 -4.327676347241929733e+00
2.110300900000000183e+03 -4.325638452238189657e+00
2.147338000000000193e+03 -4.320676438925822538e+00
2.177323800000000119e+03 -4.322841656481179129e+00
2.205896400000000085e+03 -4.320348993501665902e+00
2.225572700000000168e+03 -4.320533968506234501e+00
2.265582600000000184e+03 -4.320128240150642895e+00
2.279010299999999916e+03 -4.321120736261645945e+00
2.301446100000000115e+03 -4.316092371939834749e+00
2.313893199999999979e+03 -4.313801239267680998e+00
2.339407700000000204e+03 -4.306189429487489839e+00
2.358334400000000187e+03 -4.307309663358054763e+00
2.396551100000000133e+03 -4.310943461111414798e+00
2.403760000000000218e+03 -4.308427296612531876e+00
2.450665100000000166e+03 -4.305942115954726646e+00
