1.034398000000000053e+02 -4.546311571314161526e+00
1.280805900000000008e+02 -4.545875325072727513e+00
1.518559199999999976e+02 -4.545454043630705598e+00
1.778765600000000120e+02 -4.545034245375347837e+00
2.020241000000000042e+02 -4.544350903484546400e+00
2.245728499999999883e+02 -4.542774189627613701e+00
2.502908999999999935e+02 -4.542165388303985196e+00
2.768887899999999718e+02 -4.541352433122843202e+00
2.996695599999999899e+02 -4.539415794684343197e+00
3.259538000000000011e+02 -4.537958962142658592e+00
3.517235999999999763e+02 -4.536242075760043235e+00
3.762047400000000152e+02 -4.533996238068954909e+00
4.026055099999999811e+02 -4.531902474064153807e+00
4.247757799999999975e+02 -4.528182424039040477e+00
4.522971299999999815e+02 -4.525962364079279432e+00
4.769510000000000218e+02 -4.522174166487701541e+00
4.986902900000000045e+02 -4.518446709322204491e+00
5.250148799999999483e+02 -4.515720540096300084e+00
5.511646100000000388e+02 -4.512546153663069326e+00
5.749093800000000556e+02 -4.508828298944018265e+00
6.002012499999999591e+02 -4.505330876663580675e+00
6.218709300000000439e+02 -4.501076926064405015e+00
6.547019599999999855e+02 -4.499243212269296244e+00
6.722175899999999729e+02 -4.494745196244256391e+00
7.042864299999999957e+02 -4.492982963447513356e+00
7.172336999999999989e+02 -4.487049406609854962e+00
7.559860099999999647e+02 -4.487420642326471310e+00
7.658700900000000047e+02 -4.481227044152960026e+00
7.942452500000000555e+02 -4.479737786387103959e+00
8.216990100000000439e+02 -4.477467228438158031e+00
8.459715499999999793e+02 -4.474238041552264455e+00
8.741107200000000148e+02 -4.473305015648659122e+00
8.949965499999999565e+02 -4.469640252022600180e+00
9.160460000000000491e+02 -4.467896680157616984e+00
9.436282499999999800e+02 -4.465315964711646934e+00
9.721999100000000453e+02 -4.466507009466345934e+00
1.001440900000000056e+03 -4.463662001218213327e+00
1.012407199999999989e+03 -4.460937370400371194e+00
1.054503200000000106e+03 -4.461847044640255611e+00
1.058953500000000076e+03 -4.456099561030440803e+00
1.101864299999999957e+03 -4.458231937133415812e+00
1.122886099999999942e+03 -4.459295434575401451e+00
1.155490000000000009e+03 -4.459009048339601655e+00
1.173962700000000041e+03 -4.457392689665068630e+00
1.192173299999999927e+03 -4.454300166653306192e+00
1.212181299999999965e+03 -4.452369742701513644e+00
1.256144199999999955e+03 -4.454784030254931082e+00
1.263604599999999891e+03 -4.452440149949147496e+00
1.296510899999999992e+03 -4.452240132684204710e+00
1.317961299999999937e+03 -4.452930053578850966e+00
1.359593000000000075e+03 -4.452271651024580557e+00
1.369133199999999988e+03 -4.452864585550713628e+00
1.411591799999999921e+03 -4.452530069127920598e+00
1.415660499999999956e+03 -4.451615391678860334e+00
1.449094200000000001e+03 -4.449710225853818812e+00
1.455617999999999938e+03 -4.450130220279181259e+00
1.502382000000000062e+03 -4.452105509337853206e+00
1.515395400000000109e+03 -4.451223396070870031e+00
1.553855800000000045e+03 -4.451375517739526444e+00
1.556801899999999932e+03 -4.449863125331769531e+00
1.601070999999999913e+03 -4.450163715992333735e+00
1.613370300000000043e+03 -4.453226395245958535e+00
1.641731899999999996e+03 -4.450907863580504831e+00
1.660617500000000064e+03 -4.451172011261030903e+00
1.701362000000000080e+03 -4.450443521164481275e+00
1.715539999999999964e+03 -4.454359070861313441e+00
1.754443199999999933e+03 -4.451756695066293901e+00
1.755981700000000046e+03 -4.454261847038494260e+00
1.800871100000000069e+03 -4.454428171097493561e+00
1.808320500000000038e+03 -4.453524964271977638e+00
1.845427799999999934e+03 -4.457477954339126747e+00
1.872049600000000055e+03 -4.458107777153052176e+00
1.896273699999999963e+03 -4.453372631780149860e+00
1.912252799999999979e+03 -4.457529040846490709e+00
1.962926999999999907e+03 -4.458711306808310404e+00
1.966361799999999903e+03 -4.460695698836238066e+00
1.974158200000000079e+03 -4.453270046984177277e+00
2.007816000000000031e+03 -4.460075522574345364e+00
2.037871100000000069e+03 -4.457320226900735705e+00
2.047721999999999980e+03 -4.458004881893552707e+00
2.101012999999999920e+03 -4.461753374078298862e+00
2.108483799999999974e+03 -4.460774486470756806e+00
2.142210900000000038e+03 -4.465893318158235203e+00
2.151770799999999781e+03 -4.461910132418494435e+00
2.191340499999999793e+03 -4.465768580395216070e+00
2.217695099999999911e+03 -4.466233662126053439e+00
2.258867900000000191e+03 -4.467212731034270412e+00
2.262312600000000202e+03 -4.468601829773432677e+00
2.294782600000000002e+03 -4.467766783349742532e+00
2.315854200000000219e+03 -4.468599566644361865e+00
2.349204400000000078e+03 -4.468986319393689399e+00
2.357911999999999807e+03 -4.471767633284500221e+00
2.405909799999999905e+03 -4.472626356016380811e+00
2.409188099999999849e+03 -4.473101889515716856e+00
2.458172900000000027e+03 -4.473623007302522048e+00
