9.895783699999999783e+01 -4.347350991533073028e+00
1.269615900000000011e+02 -4.347476841213141263e+00
1.484648599999999874e+02 -4.347076623827001995e+00
1.767130699999999877e+02 -4.347558465134965466e+00
1.982821000000000140e+02 -4.346745418993006815e+00
2.238622900000000016e+02 -4.346854590978554533e+00
2.486869399999999928e+02 -4.346573040872764082e+00
2.717315500000000270e+02 -4.346159932940529380e+00
3.016581199999999967e+02 -4.346845203718891604e+00
3.228964700000000221e+02 -4.346030376706401910e+00
3.528110100000000102e+02 -4.345837104964307862e+00
3.730331300000000283e+02 -4.345517042419386300e+00
3.997605699999999729e+02 -4.344904228197321139e+00
4.195147600000000239e+02 -4.343638954623933124e+00
4.504301899999999819e+02 -4.343860396643147048e+00
4.683535600000000159e+02 -4.342713158953850794e+00
4.982327799999999911e+02 -4.342931833023762955e+00
5.180267099999999800e+02 -4.341215709481791585e+00
5.525145899999999983e+02 -4.341167997917144028e+00
5.681202899999999545e+02 -4.339083361096237823e+00
6.007823700000000144e+02 -4.339074024504575355e+00
6.170897400000000061e+02 -4.336502098227109414e+00
6.490664500000000317e+02 -4.335858883325976798e+00
6.703783200000000306e+02 -4.334600717897686195e+00
6.944316900000000032e+02 -4.333402292330958971e+00
7.179517799999999852e+02 -4.331506670883688237e+00
7.543898400000000493e+02 -4.331191798690031902e+00
7.642554800000000341e+02 -4.328125481038138211e+00
8.072833699999999908e+02 -4.328643358257001417e+00
8.278730399999999463e+02 -4.327067103631970113e+00
8.592966000000000122e+02 -4.323750001001692489e+00
8.673949400000000196e+02 -4.320417214304120179e+00
9.001694499999999834e+02 -4.319703022894143096e+00
9.200202100000000200e+02 -4.316007493745703805e+00
9.453055699999999888e+02 -4.314729434704609012e+00
9.600831699999999955e+02 -4.308145301304437957e+00
9.949096399999999676e+02 -4.307897110597447288e+00
1.014555700000000002e+03 -4.301901766433406493e+00
1.053578500000000076e+03 -4.302016499320298060e+00
1.063966100000000097e+03 -4.295684701459776100e+00
1.093357099999999946e+03 -4.294857966964547913e+00
1.120092300000000023e+03 -4.292742324743399784e+00
1.156102599999999939e+03 -4.288937059402596397e+00
1.172132900000000063e+03 -4.287956338313354543e+00
1.203940000000000055e+03 -4.284056167769854540e+00
1.217601300000000037e+03 -4.279745325249042054e+00
1.246471299999999928e+03 -4.276665033572657038e+00
1.269102599999999939e+03 -4.273727816447094874e+00
1.310343399999999974e+03 -4.271673223105215911e+00
1.315916400000000067e+03 -4.267401406216937865e+00
1.355618099999999913e+03 -4.265351326674282184e+00
1.378860400000000027e+03 -4.266221820963171041e+00
1.379089500000000044e+03 -4.255545601100457986e+00
1.402198200000000043e+03 -4.252941500137850106e+00
1.450928699999999935e+03 -4.254361816267017815e+00
1.459880200000000059e+03 -4.250194632176457432e+00
1.505809400000000096e+03 -4.249553895096389589e+00
1.524090500000000020e+03 -4.248412072804361728e+00
1.529800700000000006e+03 -4.242002052956696190e+00
1.564069700000000012e+03 -4.240975000600773370e+00
1.591067800000000034e+03 -4.238229379034105904e+00
1.628283699999999953e+03 -4.241104042979289446e+00
1.647524200000000064e+03 -4.234870330175438902e+00
1.658105299999999943e+03 -4.230628958929724348e+00
1.703187899999999900e+03 -4.229895503816334390e+00
1.710188599999999951e+03 -4.224897569207385573e+00
1.745932000000000016e+03 -4.218421025236679611e+00
1.761449000000000069e+03 -4.225667111272000120e+00
1.801053400000000011e+03 -4.219882484296239689e+00
1.817932999999999993e+03 -4.219116133854292627e+00
1.842645899999999983e+03 -4.208000483483091081e+00
1.871071999999999889e+03 -4.221434124011040012e+00
1.895332799999999907e+03 -4.209747088342002286e+00
1.911940700000000106e+03 -4.207285218171045393e+00
1.946854499999999916e+03 -4.204053803071416517e+00
1.950658599999999979e+03 -4.201105526872183304e+00
1.995611000000000104e+03 -4.201794956329861108e+00
2.012164600000000064e+03 -4.198169750746449935e+00
2.037280999999999949e+03 -4.191794378963537682e+00
2.042533400000000029e+03 -4.189957541369961902e+00
2.077158800000000156e+03 -4.190886863246224614e+00
2.097040800000000218e+03 -4.186920660005315931e+00
2.155739399999999932e+03 -4.186474258583900543e+00
2.160871000000000095e+03 -4.191782458831930569e+00
2.191773000000000138e+03 -4.178144332857121057e+00
2.200520599999999831e+03 -4.183800276166315335e+00
2.244318900000000212e+03 -4.183419975926468304e+00
2.266357399999999870e+03 -4.179909958025842087e+00
2.321083500000000186e+03 -4.181304182439341766e+00
2.324279700000000048e+03 -4.178584056282156567e+00
2.350016900000000078e+03 -4.173080093666891699e+00
2.369451599999999871e+03 -4.175731716713715791e+00
2.396742400000000089e+03 -4.169970424620525584e+00
2.411789600000000064e+03 -4.170719014851774098e+00
2.472404500000000098e+03 -4.172935784315774832e+00
