1.042744000000000000e+02 -4.410218915584048993e+00
1.283561400000000106e+02 -4.409255739960908471e+00
1.533713500000000067e+02 -4.408948041237187532e+00
1.788550299999999993e+02 -4.407965400042748172e+00
2.014855799999999988e+02 -4.406582385526339074e+00
2.277122099999999989e+02 -4.405723116400102057e+00
2.508107699999999909e+02 -4.404643057998395506e+00
2.729866599999999721e+02 -4.402480333031029147e+00
3.001528299999999945e+02 -4.402322889177399112e+00
3.212247199999999907e+02 -4.399965181597075947e+00
3.514811000000000263e+02 -4.400175568276655902e+00
3.700163200000000074e+02 -4.397059801332578566e+00
3.997662900000000263e+02 -4.397113879127415359e+00
4.213478099999999813e+02 -4.395098077775365653e+00
4.473508400000000051e+02 -4.394428255785548743e+00
4.706016500000000065e+02 -4.393096899600540617e+00
4.991212400000000002e+02 -4.392482706305198548e+00
5.191683799999999565e+02 -4.391077157590403068e+00
5.495137300000000096e+02 -4.390874558627117175e+00
5.651465299999999843e+02 -4.388590231176307199e+00
5.984323600000000170e+02 -4.389165411185536492e+00
6.162576900000000251e+02 -4.387221710760844218e+00
6.473853400000000420e+02 -4.387844799917483662e+00
6.647261899999999741e+02 -4.385376655756695108e+00
6.990716499999999769e+02 -4.386143540400896157e+00
7.195267499999999927e+02 -4.384896530946703841e+00
7.505340700000000425e+02 -4.385467598500799369e+00
7.667828799999999774e+02 -4.383535479358933173e+00
8.015531799999999976e+02 -4.383374487515379059e+00
8.136016100000000506e+02 -4.381112796308499036e+00
8.446217500000000200e+02 -4.381776024006819981e+00
8.619067099999999755e+02 -4.380183925774463916e+00
8.975525300000000470e+02 -4.381134628461771818e+00
9.125012000000000398e+02 -4.379655019268621885e+00
9.521407000000000380e+02 -4.381731389810016530e+00
9.686382899999999836e+02 -4.380636941652494620e+00
9.986749600000000555e+02 -4.380396879421544654e+00
1.018412500000000023e+03 -4.379712483661426070e+00
1.053388899999999921e+03 -4.380608843603601699e+00
1.067881800000000112e+03 -4.380239324525293299e+00
1.097469399999999951e+03 -4.379127876676578879e+00
1.108459599999999909e+03 -4.376072206898565575e+00
1.134073000000000093e+03 -4.376514969418832557e+00
1.154546000000000049e+03 -4.375775742366186272e+00
1.195911900000000060e+03 -4.378671767902782008e+00
1.213768199999999979e+03 -4.378060061220090837e+00
1.240731999999999971e+03 -4.377176476145356432e+00
1.256804000000000087e+03 -4.375967373927811543e+00
1.297887799999999970e+03 -4.378789809487799722e+00
1.313694999999999936e+03 -4.378129236746895359e+00
1.354145700000000033e+03 -4.379747854767109594e+00
1.356286700000000110e+03 -4.375569766409274308e+00
1.398601899999999887e+03 -4.377685711307044869e+00
1.410601300000000037e+03 -4.378122061335544046e+00
1.453352000000000089e+03 -4.378636567635772359e+00
1.463085900000000038e+03 -4.377945260350427858e+00
1.502640799999999899e+03 -4.378740397192805389e+00
1.511386899999999969e+03 -4.378491006660666152e+00
1.562490900000000011e+03 -4.380957954599463910e+00
1.569628099999999904e+03 -4.379372012619198173e+00
1.586531400000000076e+03 -4.378018007295715108e+00
1.615290999999999940e+03 -4.378541069993896251e+00
1.637033200000000079e+03 -4.378837009127034108e+00
1.660711600000000089e+03 -4.378982110424932017e+00
1.704758800000000065e+03 -4.380426536413272842e+00
1.711607999999999947e+03 -4.380904192805870956e+00
1.741210399999999936e+03 -4.378741869240288409e+00
1.758868600000000015e+03 -4.379211709788049411e+00
1.806691399999999931e+03 -4.379590782824273276e+00
1.808180200000000013e+03 -4.382012202986347305e+00
1.860825299999999970e+03 -4.381368498354624386e+00
1.868444700000000012e+03 -4.382267890432671287e+00
1.888708599999999933e+03 -4.384257122641528781e+00
1.915909599999999955e+03 -4.383180533229693587e+00
1.959295900000000074e+03 -4.382717893355220440e+00
1.967495300000000043e+03 -4.385288395309409282e+00
2.005369400000000041e+03 -4.382088356484709735e+00
2.005983099999999922e+03 -4.380305884567680330e+00
2.046165799999999990e+03 -4.381246375368708534e+00
2.065907499999999800e+03 -4.386836411452794238e+00
2.096247400000000198e+03 -4.385729289369153072e+00
2.114377199999999903e+03 -4.384350052587455693e+00
2.155380200000000059e+03 -4.386098068291615526e+00
2.172152999999999793e+03 -4.385392190561286263e+00
2.204665700000000015e+03 -4.386332481736816113e+00
2.208763899999999921e+03 -4.384540278986561290e+00
2.257276699999999892e+03 -4.386227539430867850e+00
2.266160499999999956e+03 -4.389516851099968697e+00
2.304398200000000088e+03 -4.390548963991649067e+00
2.316068600000000060e+03 -4.390906418104220776e+00
2.349058500000000095e+03 -4.386587213185088707e+00
2.359974000000000160e+03 -4.388174098446567584e+00
2.392993100000000140e+03 -4.388921367609000868e+00
2.400064199999999801e+03 -4.390066047619477274e+00
2.472574000000000069e+03 -4.394608241746883692e+00
