1.238449399999999940e+02 1.706942346834927804e+01
1.342153600000000040e+02 1.709163901892937076e+01
1.729142300000000034e+02 1.715240687970689848e+01
1.729928500000000042e+02 1.715145226948911272e+01
1.826822899999999947e+02 1.716936902096478690e+01
2.202364200000000096e+02 1.724670160797883156e+01
2.213291499999999985e+02 1.724655811113372650e+01
2.305227500000000020e+02 1.727205119071849992e+01
2.703449100000000271e+02 1.734769082027274578e+01
2.723272699999999986e+02 1.734802768166089848e+01
2.805215999999999781e+02 1.736827600244249936e+01
3.193233399999999733e+02 1.745571850193364583e+01
3.197432499999999891e+02 1.745520303277020346e+01
3.313661200000000235e+02 1.747996438021575472e+01
3.680706799999999816e+02 1.757710004070832355e+01
3.690065900000000170e+02 1.757728475473234298e+01
3.804541300000000206e+02 1.759203846936698667e+01
4.184467000000000212e+02 1.769605129248931519e+01
4.205371000000000095e+02 1.769683696315896526e+01
4.269160600000000159e+02 1.773208273967026471e+01
4.666430700000000229e+02 1.784049715041726003e+01
4.696544700000000034e+02 1.784042387543252772e+01
4.796998100000000136e+02 1.785380877264400468e+01
5.173291500000000269e+02 1.796680541420720445e+01
5.220285499999999956e+02 1.796779462650111725e+01
5.228333000000000084e+02 1.802034042336657649e+01
5.691772899999999709e+02 1.812415631996743315e+01
5.705841699999999719e+02 1.812396448198656884e+01
5.768353100000000495e+02 1.815539639731325039e+01
6.148732700000000477e+02 1.827951302666395250e+01
6.208696300000000292e+02 1.827898788927335616e+01
6.260000499999999874e+02 1.830033686138815341e+01
6.659364299999999730e+02 1.842015265621819964e+01
6.694394999999999527e+02 1.848409678404233603e+01
6.713161900000000060e+02 1.842103806228373486e+01
7.118993000000000393e+02 1.857485904742519978e+01
7.150435199999999440e+02 1.857514756767758968e+01
7.215340200000000550e+02 1.860962293914105459e+01
7.603164799999999559e+02 1.874032006920415228e+01
7.645599600000000464e+02 1.873990077345817440e+01
7.673567100000000210e+02 1.876004579686545881e+01
8.144288699999999608e+02 1.885899043354366000e+01
8.162653299999999490e+02 1.891610624872786417e+01
8.218226700000000164e+02 1.885909932831264157e+01
8.623071099999999660e+02 1.903319102381437133e+01
8.631182300000000396e+02 1.903172857724404921e+01
8.720153800000000501e+02 1.902077702015062144e+01
9.057727300000000241e+02 1.916304091186647796e+01
9.058903500000000122e+02 1.916306788113169191e+01
9.140280500000000075e+02 1.917381844087115894e+01
9.540096700000000283e+02 1.928880724608182362e+01
9.652519200000000410e+02 1.932328465296152942e+01
9.675357299999999441e+02 1.928896957052717198e+01
1.009982799999999997e+03 1.942376399348666638e+01
1.013803300000000036e+03 1.942376806431915526e+01
1.014590799999999945e+03 1.947565489517606352e+01
1.052304699999999912e+03 1.955761907185019410e+01
1.057921499999999924e+03 1.955787044575615852e+01
1.067572499999999991e+03 1.958943466313861137e+01
1.112427799999999934e+03 1.972139426012619623e+01
1.114009499999999889e+03 1.969227915733767631e+01
1.117145299999999907e+03 1.969166446163240636e+01
1.152221600000000080e+03 1.983033431711784900e+01
1.153629500000000007e+03 1.983063454101363732e+01
1.167432000000000016e+03 1.984040657439446420e+01
1.204502799999999979e+03 1.993244046407490444e+01
1.206192099999999982e+03 1.993225625890494612e+01
1.216613399999999956e+03 1.996126450234072891e+01
1.249571699999999964e+03 2.007337064929778236e+01
1.256982700000000023e+03 2.007385355180134212e+01
1.260594399999999951e+03 2.008611795237126074e+01
1.303327099999999973e+03 2.021587064929778066e+01
1.303591599999999971e+03 2.021540301241603643e+01
1.308542599999999993e+03 2.021703388968044024e+01
1.354216799999999921e+03 2.032091441074699745e+01
1.354527900000000045e+03 2.032037044575615781e+01
1.361314800000000105e+03 2.033193211886830909e+01
1.397213199999999915e+03 2.043812843476490926e+01
1.398171399999999949e+03 2.043890952574801645e+01
1.415017700000000104e+03 2.044521320985141699e+01
1.455883100000000013e+03 2.055697384490128243e+01
1.458843499999999949e+03 2.055603144718094910e+01
1.465773300000000063e+03 2.057238143700386601e+01
1.493122000000000071e+03 2.067477966619173557e+01
1.502868500000000040e+03 2.067509973539588941e+01
1.513645199999999932e+03 2.070102534093221891e+01
1.545123900000000049e+03 2.080233564013840919e+01
1.545596999999999980e+03 2.080193211886830795e+01
1.561495499999999993e+03 2.082469672297984786e+01
1.597748900000000049e+03 2.092046916344392571e+01
1.598845199999999977e+03 2.092025086505190501e+01
1.601601899999999887e+03 2.093515570934255976e+01
1.646104700000000093e+03 2.102688377773254658e+01
1.658270099999999957e+03 2.102620191329126698e+01
1.662750399999999900e+03 2.101927335640138494e+01
1.693538299999999936e+03 2.111964939955220899e+01
1.698913999999999987e+03 2.111983767555464908e+01
1.723274699999999939e+03 2.116240382658253694e+01
1.743789800000000014e+03 2.124697537146346349e+01
1.750414600000000064e+03 2.124634693669855423e+01
1.765131300000000010e+03 2.126388408304498157e+01
1.790817800000000034e+03 2.137362456747404593e+01
1.795766100000000051e+03 2.134755546509261137e+01
1.797549800000000005e+03 2.137307500508854119e+01
1.844276100000000042e+03 2.147302819051495959e+01
1.846020700000000033e+03 2.147343578261754615e+01
1.863648200000000088e+03 2.145446519438225152e+01
1.883222999999999956e+03 2.161580042743741359e+01
1.903661299999999983e+03 2.161559841237533064e+01
1.912028499999999894e+03 2.164134133930388870e+01
1.943292999999999893e+03 2.171425605536332171e+01
1.944092399999999998e+03 2.171509769997964412e+01
1.978376700000000028e+03 2.169506055363321906e+01
1.993559400000000096e+03 2.180798799104416830e+01
1.996600599999999986e+03 2.184605536332179909e+01
2.003522899999999936e+03 2.180799104416853140e+01
2.031576499999999896e+03 2.193358742112761917e+01
2.038313900000000103e+03 2.193326073682068156e+01
2.041625299999999925e+03 2.194189599023000170e+01
2.087360299999999825e+03 2.204457968654589806e+01
2.088322500000000218e+03 2.204424791369835290e+01
2.097894099999999980e+03 2.205028292285772196e+01
2.142410199999999804e+03 2.213156167311215228e+01
2.144947500000000218e+03 2.213245878282108947e+01
2.164066499999999905e+03 2.212362914716059592e+01
2.185402700000000095e+03 2.225166497048646264e+01
2.187829200000000128e+03 2.225146702625687212e+01
2.203609800000000178e+03 2.221275035619784077e+01
2.232302599999999984e+03 2.236948809281497930e+01
2.250869299999999839e+03 2.236950590270710393e+01
2.263714500000000044e+03 2.242072308162019212e+01
2.283604200000000219e+03 2.245364899246895973e+01
2.291552499999999782e+03 2.245385049867698157e+01
2.303532799999999952e+03 2.246849938937512903e+01
2.340349700000000212e+03 2.257592458782821154e+01
2.343747899999999845e+03 2.257626399348666624e+01
2.360212599999999838e+03 2.256705526155098696e+01
2.389664999999999964e+03 2.272063810299206210e+01
2.394513699999999972e+03 2.272047883167107685e+01
2.404644800000000032e+03 2.274786891919397647e+01
2.436847699999999804e+03 2.278579839202116730e+01
2.444190000000000055e+03 2.278541318949725181e+01
