1.024856699999999989e+02 -3.854294962634209121e+00
1.261830800000000039e+02 -3.853754107237425064e+00
1.512119299999999953e+02 -3.853826334073930937e+00
1.757470000000000141e+02 -3.853269789470837647e+00
1.981916500000000099e+02 -3.852489947530171932e+00
2.240876399999999933e+02 -3.852210731607155214e+00
2.492791499999999871e+02 -3.851828265958046948e+00
2.753281499999999937e+02 -3.851479965824355922e+00
3.005970300000000179e+02 -3.851001330478558859e+00
3.228144599999999969e+02 -3.849377738484797806e+00
3.493909499999999753e+02 -3.848855709353341759e+00
3.756695900000000279e+02 -3.848301408338921537e+00
3.994203400000000101e+02 -3.846624637529439283e+00
4.250898300000000063e+02 -3.845447410303170166e+00
4.522035399999999754e+02 -3.844188830711274818e+00
4.730644199999999842e+02 -3.841301048725271894e+00
4.954087900000000104e+02 -3.838912797164899526e+00
5.220439699999999448e+02 -3.837442323632239471e+00
5.486234799999999723e+02 -3.835998726360564604e+00
5.706817999999999529e+02 -3.833966252434446886e+00
5.958094099999999571e+02 -3.832064519551225956e+00
6.199925299999999879e+02 -3.830384727518714172e+00
6.536007200000000239e+02 -3.829950632566769375e+00
6.667423700000000508e+02 -3.824980414555461561e+00
7.022452200000000175e+02 -3.823763432043196797e+00
7.174103400000000192e+02 -3.820058484959619971e+00
7.489365599999999858e+02 -3.819291329269990154e+00
7.702259800000000496e+02 -3.816013977207946883e+00
7.970861099999999624e+02 -3.814441165158085401e+00
8.156306600000000344e+02 -3.810724665486663998e+00
8.478767900000000282e+02 -3.810209975434231566e+00
8.710320500000000266e+02 -3.808643964486492450e+00
9.020243199999999888e+02 -3.806954831525606764e+00
9.240236999999999625e+02 -3.805465333340591005e+00
9.432544000000000324e+02 -3.800331773791072454e+00
9.758722500000000082e+02 -3.802109954624468990e+00
9.934793899999999667e+02 -3.797402082627867603e+00
1.010812400000000025e+03 -3.795547268886542369e+00
1.047341300000000047e+03 -3.795413828941847534e+00
1.063699200000000019e+03 -3.793597434635286536e+00
1.103292999999999893e+03 -3.794920844877495369e+00
1.116961000000000013e+03 -3.791208060513756806e+00
1.145859799999999950e+03 -3.790092674011278806e+00
1.164495699999999943e+03 -3.787187496219438287e+00
1.187172600000000102e+03 -3.784227719952633517e+00
1.210518800000000056e+03 -3.783833959051966733e+00
1.246113900000000058e+03 -3.785048722416329170e+00
1.262435199999999895e+03 -3.782833949122539785e+00
1.297923199999999952e+03 -3.783014613443483221e+00
1.313650399999999991e+03 -3.781466577102939652e+00
1.348625399999999900e+03 -3.781822579188075295e+00
1.372555299999999988e+03 -3.781981558409991173e+00
1.402228399999999965e+03 -3.780179055047487413e+00
1.407667200000000093e+03 -3.776269603610950654e+00
1.447687500000000000e+03 -3.778777565287203544e+00
1.474372800000000097e+03 -3.777040993205518227e+00
1.505962999999999965e+03 -3.775296382097582448e+00
1.515928000000000111e+03 -3.775799563318469776e+00
1.546951399999999921e+03 -3.774367714801260654e+00
1.568370200000000068e+03 -3.772889686291735600e+00
1.603638799999999947e+03 -3.773344640911102221e+00
1.622548900000000003e+03 -3.774869294932695851e+00
1.654741400000000112e+03 -3.772387656801936995e+00
1.658840999999999894e+03 -3.768659982476602721e+00
1.704467399999999998e+03 -3.771276911018934808e+00
1.716370699999999943e+03 -3.768993119095699118e+00
1.744176099999999906e+03 -3.767062449379432909e+00
1.770265300000000025e+03 -3.768118700101466878e+00
1.798935699999999997e+03 -3.766599620796491799e+00
1.819806900000000041e+03 -3.767622302380158050e+00
1.856687400000000025e+03 -3.765471575662172388e+00
1.864717100000000073e+03 -3.764947524923362820e+00
1.913894399999999905e+03 -3.762959584263239066e+00
1.919158699999999953e+03 -3.765627044306326887e+00
1.960563599999999951e+03 -3.766629681734679380e+00
1.979341100000000097e+03 -3.768204678446627209e+00
1.993475599999999986e+03 -3.762404270538816320e+00
2.020712299999999914e+03 -3.764138711631107803e+00
2.058620800000000145e+03 -3.762667899699541074e+00
2.067089399999999841e+03 -3.763290592404358925e+00
2.102634300000000167e+03 -3.762288327590966208e+00
2.129070700000000215e+03 -3.763603683056791382e+00
2.162228799999999865e+03 -3.759202172462558167e+00
2.165543500000000222e+03 -3.760071351787782845e+00
2.212554999999999836e+03 -3.761158813003475210e+00
2.221699000000000069e+03 -3.759288849725094028e+00
2.260856299999999919e+03 -3.758845385902864322e+00
2.263690300000000207e+03 -3.760275619356722387e+00
2.312475600000000213e+03 -3.758729591487426802e+00
2.313383800000000065e+03 -3.755367188143194923e+00
2.355080500000000029e+03 -3.756294182910385970e+00
2.367911900000000060e+03 -3.760379216048256978e+00
2.399418799999999919e+03 -3.757032416863288038e+00
2.407165500000000065e+03 -3.754846206415022980e+00
2.446454299999999876e+03 -3.750286066273466279e+00
