9.942025200000000495e+01 -3.889498267563098466e+00
1.000161599999999993e+02 -3.889591055616128390e+00
1.270967200000000048e+02 -3.889415143622325211e+00
1.491229600000000062e+02 -3.889094761071196338e+00
1.508185300000000097e+02 -3.889350726377961198e+00
1.760775600000000054e+02 -3.889155418822336951e+00
2.000311399999999935e+02 -3.888847947029567820e+00
2.009043599999999969e+02 -3.888922511243083413e+00
2.240124900000000139e+02 -3.888439777273811515e+00
2.488903400000000090e+02 -3.888495713380569985e+00
2.510524499999999932e+02 -3.888565805764945704e+00
2.725972899999999868e+02 -3.887699996765244581e+00
2.987479900000000157e+02 -3.887291737343017139e+00
2.988881700000000023e+02 -3.887166517270415511e+00
3.223327300000000264e+02 -3.886828919173261010e+00
3.501761000000000195e+02 -3.887001440178069256e+00
3.511451900000000137e+02 -3.887144651915289906e+00
3.731392500000000041e+02 -3.885812337329658472e+00
3.962216199999999731e+02 -3.884807169411650829e+00
4.004581000000000017e+02 -3.885380808423559262e+00
4.213107600000000161e+02 -3.883041735924563476e+00
4.499059100000000058e+02 -3.882013481848460401e+00
4.532155700000000138e+02 -3.882253025239246647e+00
4.704365799999999922e+02 -3.879735123337724634e+00
4.991251899999999750e+02 -3.879191696113429177e+00
4.996088100000000054e+02 -3.878542601829344516e+00
5.212949599999999464e+02 -3.874720957088893414e+00
5.459898699999999963e+02 -3.873110883911148328e+00
5.519251600000000053e+02 -3.873451553800946190e+00
5.686741700000000037e+02 -3.868082697060487796e+00
6.024498700000000326e+02 -3.868335963363070285e+00
6.065925200000000359e+02 -3.868549400001072947e+00
6.226081299999999601e+02 -3.863548903236862841e+00
6.507480199999999968e+02 -3.862145475232297898e+00
6.523749900000000252e+02 -3.861597272122561542e+00
6.690293500000000222e+02 -3.856830752904632398e+00
6.999783800000000156e+02 -3.855593295196453774e+00
7.019831000000000358e+02 -3.856604634813198373e+00
7.217292499999999791e+02 -3.852910455953663771e+00
7.456062600000000202e+02 -3.851306576224089895e+00
7.595996499999999969e+02 -3.851125448799886719e+00
7.674888899999999694e+02 -3.845086967079267559e+00
7.966591100000000552e+02 -3.844226054991259911e+00
8.067977200000000266e+02 -3.845550069410641925e+00
8.187530600000000049e+02 -3.841552731067011894e+00
8.397687499999999545e+02 -3.838416501181135754e+00
8.504846099999999751e+02 -3.840675009804391138e+00
8.666333899999999630e+02 -3.835403118846008486e+00
8.951313499999999976e+02 -3.834428560713946332e+00
9.045759399999999459e+02 -3.836081705894302196e+00
9.189705300000000534e+02 -3.832313069301595654e+00
9.411955900000000383e+02 -3.831134203732916799e+00
9.447668099999999640e+02 -3.831793289059449936e+00
9.728628200000000561e+02 -3.828426807451633884e+00
1.002549399999999991e+03 -3.828311994107460148e+00
1.007647199999999998e+03 -3.827132980909329962e+00
1.021935399999999959e+03 -3.825603988765349239e+00
1.046603399999999965e+03 -3.823446403148218042e+00
1.048619999999999891e+03 -3.824726334030332353e+00
1.066374600000000100e+03 -3.820077802593841554e+00
1.090083699999999908e+03 -3.818274042162694837e+00
1.101711600000000089e+03 -3.818449483329348748e+00
1.116645500000000084e+03 -3.818840521500378671e+00
1.144663000000000011e+03 -3.816396650068901497e+00
1.149705699999999979e+03 -3.814583099323846316e+00
1.169965300000000070e+03 -3.814438816070513383e+00
1.187566700000000083e+03 -3.811784111095747551e+00
1.197780899999999974e+03 -3.813611689017546436e+00
1.216699499999999944e+03 -3.810946244508845560e+00
1.256425700000000006e+03 -3.811997552642491627e+00
1.257802899999999909e+03 -3.811876382923083728e+00
1.263137300000000096e+03 -3.808567817033489789e+00
1.295449200000000019e+03 -3.808407398306875358e+00
1.300362100000000055e+03 -3.808226839611684955e+00
1.314671599999999899e+03 -3.806915749626683443e+00
1.347141100000000051e+03 -3.806836476650143020e+00
1.357324200000000019e+03 -3.803019489058297786e+00
1.373871699999999919e+03 -3.806096553440140529e+00
1.401318899999999985e+03 -3.802703039677937547e+00
1.408799999999999955e+03 -3.802103875684402112e+00
1.410841499999999996e+03 -3.800111289916199730e+00
1.433786399999999958e+03 -3.798995527292355234e+00
1.454252799999999979e+03 -3.805322475140000549e+00
1.460574599999999919e+03 -3.800666535944519087e+00
1.496792599999999993e+03 -3.801932876851750187e+00
1.501955300000000079e+03 -3.800534177113727985e+00
1.516947599999999966e+03 -3.799340780993179845e+00
1.535524499999999989e+03 -3.795666228808817433e+00
1.539751899999999978e+03 -3.796594888666750656e+00
1.572152399999999943e+03 -3.799497472504053341e+00
1.594708800000000110e+03 -3.794520283647851322e+00
1.607638999999999896e+03 -3.795895717091303467e+00
1.607726799999999912e+03 -3.793507922568582824e+00
1.639092000000000098e+03 -3.794149374076074555e+00
1.650999199999999973e+03 -3.795560463777593263e+00
1.660491600000000062e+03 -3.793319089087899165e+00
1.687166799999999967e+03 -3.791515942999709843e+00
1.699651000000000067e+03 -3.795279078802705985e+00
1.705178900000000112e+03 -3.790299846509396886e+00
1.759428200000000061e+03 -3.793292974313168031e+00
1.767402299999999968e+03 -3.792612019845028826e+00
1.770060099999999920e+03 -3.792234489593465874e+00
1.797088600000000042e+03 -3.789714414799180808e+00
1.803991700000000037e+03 -3.790134155221508649e+00
1.807102900000000091e+03 -3.789079872905845470e+00
1.846606099999999969e+03 -3.786770203194227857e+00
1.851550700000000006e+03 -3.786736705853305462e+00
1.854970800000000054e+03 -3.788244775757846128e+00
1.899609099999999899e+03 -3.787776981315444935e+00
1.904666899999999941e+03 -3.785288319362477782e+00
1.908846299999999928e+03 -3.790969734115785972e+00
1.938769700000000057e+03 -3.787442247669773998e+00
1.941968100000000049e+03 -3.783962411404362403e+00
1.950490199999999959e+03 -3.783701316361315570e+00
1.991420499999999947e+03 -3.783190969176334129e+00
1.999379300000000057e+03 -3.784737079097125090e+00
2.013984200000000101e+03 -3.787396412477813001e+00
2.036251099999999951e+03 -3.779877406736492418e+00
2.053980300000000170e+03 -3.783720680561317717e+00
2.054114099999999780e+03 -3.782620271542850077e+00
2.099706999999999880e+03 -3.781888472499494114e+00
2.104570400000000063e+03 -3.786592633860992763e+00
2.116915700000000015e+03 -3.783928450705172253e+00
2.157405600000000049e+03 -3.786115568266576137e+00
2.168171800000000076e+03 -3.784071397722820418e+00
2.169041200000000117e+03 -3.783568697166592276e+00
2.196190000000000055e+03 -3.781976577599264644e+00
2.219336600000000089e+03 -3.780422168699562935e+00
2.222341600000000199e+03 -3.784253264868973510e+00
2.249602199999999812e+03 -3.779405394865941847e+00
2.260815000000000055e+03 -3.778899231725513896e+00
2.266376800000000003e+03 -3.782444843045436489e+00
2.282557600000000093e+03 -3.774681687863195023e+00
2.299959499999999935e+03 -3.776577077207903255e+00
2.309224299999999857e+03 -3.779768823492762220e+00
2.323925000000000182e+03 -3.774789835354293022e+00
2.338757900000000063e+03 -3.775976511437066030e+00
2.360049799999999777e+03 -3.780062104595583783e+00
2.410880299999999806e+03 -3.781229719209817652e+00
2.418961800000000039e+03 -3.778236767923605299e+00
2.421670999999999822e+03 -3.780216765367397702e+00
2.460320499999999811e+03 -3.775653983205803144e+00
