1.028594200000000001e+02 -4.403988622919564833e+00
1.265751199999999983e+02 -4.403660057423258500e+00
1.503839700000000050e+02 -4.403626588729180114e+00
1.743787900000000093e+02 -4.403297974918666036e+00
1.985043799999999976e+02 -4.403125750699864227e+00
2.238539399999999944e+02 -4.403036128653210923e+00
2.503835300000000075e+02 -4.403372064496336336e+00
2.740637800000000084e+02 -4.402929052564106271e+00
2.980003800000000069e+02 -4.402357980844784358e+00
3.206111599999999839e+02 -4.401592692760016412e+00
3.491854799999999841e+02 -4.402090551780563743e+00
3.726901100000000042e+02 -4.401597864207806410e+00
3.955908299999999826e+02 -4.400356238896140582e+00
4.206486300000000256e+02 -4.400266959450467752e+00
4.485583700000000249e+02 -4.400035561686443941e+00
4.697227599999999939e+02 -4.398748683542096138e+00
4.962972700000000259e+02 -4.398126610686954763e+00
5.201652299999999514e+02 -4.397390022941864984e+00
5.485175000000000409e+02 -4.396931536033065413e+00
5.723146900000000414e+02 -4.396321167387241324e+00
6.012466500000000451e+02 -4.395845281554752404e+00
6.172187500000000000e+02 -4.393003646501779436e+00
6.496914900000000443e+02 -4.393127124421012830e+00
6.713516700000000128e+02 -4.391827923256200528e+00
6.940038899999999558e+02 -4.389077927923008104e+00
7.162727200000000494e+02 -4.387316188884118340e+00
7.460806099999999788e+02 -4.386478920184650576e+00
7.703254799999999705e+02 -4.386187623814324255e+00
7.982227599999999939e+02 -4.384937281301761303e+00
8.179625399999999900e+02 -4.382135308713353439e+00
8.533669399999999996e+02 -4.382469253910552531e+00
8.677440599999999904e+02 -4.378679207020221398e+00
9.012537600000000566e+02 -4.378037735115754003e+00
9.160504700000000184e+02 -4.374738106451969699e+00
9.498706499999999551e+02 -4.374417791321163484e+00
9.661719000000000506e+02 -4.369932670852191059e+00
1.001400399999999991e+03 -4.369997246610708430e+00
1.010862100000000055e+03 -4.366366193043504040e+00
1.046593299999999999e+03 -4.365228394173262139e+00
1.069472800000000007e+03 -4.362726143643113730e+00
1.105559600000000046e+03 -4.362390736491999377e+00
1.124444799999999987e+03 -4.359358831242884591e+00
1.147638599999999997e+03 -4.356703506225203526e+00
1.161147300000000087e+03 -4.352399366629581046e+00
1.193955099999999902e+03 -4.350604121261886448e+00
1.219012600000000020e+03 -4.349038069776218762e+00
1.235261999999999944e+03 -4.342977770167001594e+00
1.270037600000000111e+03 -4.345521028592949087e+00
1.293551600000000008e+03 -4.341257864919008114e+00
1.317752899999999954e+03 -4.339243163578360374e+00
1.346147600000000011e+03 -4.336437107098162436e+00
1.362725899999999911e+03 -4.332873446736678957e+00
1.400134999999999991e+03 -4.324832913231435150e+00
1.402687400000000025e+03 -4.332864375567664794e+00
1.447247299999999996e+03 -4.327787416360000528e+00
1.460966300000000047e+03 -4.323215131797597088e+00
1.495833300000000008e+03 -4.321986730931827836e+00
1.510974400000000060e+03 -4.318864216577401827e+00
1.545497399999999971e+03 -4.315170231087240182e+00
1.568039800000000014e+03 -4.316909146135703423e+00
1.604129599999999982e+03 -4.315851483809530542e+00
1.621062799999999925e+03 -4.313762433958987508e+00
1.643549600000000055e+03 -4.309926421667293006e+00
1.660371799999999894e+03 -4.307082897560138512e+00
1.710986400000000003e+03 -4.307006879692231394e+00
1.712887699999999995e+03 -4.304072899829693100e+00
1.743366800000000012e+03 -4.300470927161309298e+00
1.761073399999999992e+03 -4.298747448605130472e+00
1.799374800000000050e+03 -4.297770230314138296e+00
1.822874600000000100e+03 -4.299757313833757699e+00
1.828245499999999993e+03 -4.290706148504599859e+00
1.857507800000000088e+03 -4.290080113594172850e+00
1.895972600000000057e+03 -4.287647172872554258e+00
1.909296199999999999e+03 -4.288714578758567875e+00
1.930772400000000061e+03 -4.284465871278385407e+00
1.955123900000000049e+03 -4.283714302498006887e+00
2.002176600000000008e+03 -4.286313432442070415e+00
2.016191499999999905e+03 -4.283745488414938407e+00
2.029226599999999962e+03 -4.276915545176532163e+00
2.076875100000000202e+03 -4.284258971992738196e+00
2.088744900000000143e+03 -4.279563354580295353e+00
2.107051800000000185e+03 -4.276185071631738666e+00
2.139871799999999894e+03 -4.273045331112693468e+00
2.149532999999999902e+03 -4.271486918825447177e+00
2.195751099999999951e+03 -4.271520501772165801e+00
2.205309499999999844e+03 -4.269940551293473163e+00
2.250167199999999866e+03 -4.269429231869157348e+00
2.265740999999999985e+03 -4.271015261350880721e+00
2.299493300000000090e+03 -4.266007084434551011e+00
2.323894699999999830e+03 -4.259696514718860350e+00
2.329205699999999979e+03 -4.269798498282853849e+00
2.367520300000000134e+03 -4.264617487081162395e+00
2.388892199999999775e+03 -4.259185648663256885e+00
2.425975699999999961e+03 -4.264425585895510018e+00
2.449098899999999958e+03 -4.256871539191100950e+00
