1.028594200000000001e+02 1.122792336657846413e+01
1.265751199999999983e+02 1.124140799918583333e+01
1.503839700000000050e+02 1.125509006716873550e+01
1.743787900000000093e+02 1.126620649297781362e+01
1.985043799999999976e+02 1.127206340321595768e+01
2.238539399999999944e+02 1.128571137797679569e+01
2.503835300000000075e+02 1.130583910034602191e+01
2.740637800000000084e+02 1.131359810706289437e+01
2.980003800000000069e+02 1.132783329940972905e+01
3.206111599999999839e+02 1.134192652147364200e+01
3.491854799999999841e+02 1.135178913087726293e+01
3.726901100000000042e+02 1.136833452065947547e+01
3.955908299999999826e+02 1.138435375534296767e+01
4.206486300000000256e+02 1.139070730714431079e+01
4.485583700000000249e+02 1.141589303887645102e+01
4.697227599999999939e+02 1.141657897415021239e+01
4.962972700000000259e+02 1.144569763891715830e+01
5.201652299999999514e+02 1.144951353551801354e+01
5.485175000000000409e+02 1.146541064522694953e+01
5.723146900000000414e+02 1.147954508446977329e+01
6.012466500000000451e+02 1.149562029309993783e+01
6.172187500000000000e+02 1.151154691634439331e+01
6.496914900000000443e+02 1.153200590270710357e+01
6.713516700000000128e+02 1.154963260736820629e+01
6.940038899999999558e+02 1.157264349684510485e+01
7.162727200000000494e+02 1.159414003663749249e+01
7.460806099999999788e+02 1.161210970893547767e+01
7.703254799999999705e+02 1.161908864237736516e+01
7.982227599999999939e+02 1.163610166904132015e+01
8.179625399999999900e+02 1.166050529208223097e+01
8.533669399999999996e+02 1.167758599633625138e+01
8.677440599999999904e+02 1.169947791573376783e+01
9.012537600000000566e+02 1.172784805617748916e+01
9.160504700000000184e+02 1.174030276816608875e+01
9.498706499999999551e+02 1.175900620801953878e+01
9.661719000000000506e+02 1.179120394870751021e+01
1.001400399999999991e+03 1.179009769997964518e+01
1.010862100000000055e+03 1.183958986362711130e+01
1.046593299999999999e+03 1.183625127213515249e+01
1.069472800000000007e+03 1.187508039894158252e+01
1.105559600000000046e+03 1.188743028699368942e+01
1.124444799999999987e+03 1.192791726032973720e+01
1.147638599999999997e+03 1.193040962751882716e+01
1.161147300000000087e+03 1.196152808874414930e+01
1.193955099999999902e+03 1.199096020761245640e+01
1.219012600000000020e+03 1.199311215143496945e+01
1.235261999999999944e+03 1.205016944840219750e+01
1.270037600000000111e+03 1.203786484836149029e+01
1.293551600000000008e+03 1.208245165886423678e+01
1.317752899999999954e+03 1.210433747201302701e+01
1.346147600000000011e+03 1.212975625890494591e+01
1.362725899999999911e+03 1.214990280887441543e+01
1.400134999999999991e+03 1.220531803378790947e+01
1.402687400000000025e+03 1.218848819458579413e+01
1.447247299999999996e+03 1.222192753918176322e+01
1.460966300000000047e+03 1.224696773865255395e+01
1.495833300000000008e+03 1.227138662731528562e+01
1.510974400000000060e+03 1.230169092204355685e+01
1.545497399999999971e+03 1.234250763281090890e+01
1.568039800000000014e+03 1.235598361489924812e+01
1.604129599999999982e+03 1.238095053938530477e+01
1.621062799999999925e+03 1.238959444331365667e+01
1.643549600000000055e+03 1.243153470384693549e+01
1.660371799999999894e+03 1.243640596376959095e+01
1.710986400000000003e+03 1.247777529004681440e+01
1.712887699999999995e+03 1.249182831263993521e+01
1.743366800000000012e+03 1.251464125788723791e+01
1.761073399999999992e+03 1.253018573173213923e+01
1.799374800000000050e+03 1.257530124160390805e+01
1.822874600000000100e+03 1.257292438428658521e+01
1.828245499999999993e+03 1.260634388357419056e+01
1.857507800000000088e+03 1.264864950132302113e+01
1.895972600000000057e+03 1.267935528190514916e+01
1.909296199999999999e+03 1.267194331365764270e+01
1.930772400000000061e+03 1.271586912273559911e+01
1.955123900000000049e+03 1.273262212497455614e+01
2.002176600000000008e+03 1.274604162426216192e+01
2.016191499999999905e+03 1.275312487278648454e+01
2.029226599999999962e+03 1.279413800122124911e+01
2.076875100000000202e+03 1.280402096478729845e+01
2.088744900000000143e+03 1.282269336454304920e+01
2.107051800000000185e+03 1.285697537146346470e+01
2.139871799999999894e+03 1.289053938530429555e+01
2.149532999999999902e+03 1.291465550580093691e+01
2.195751099999999951e+03 1.294740077345817220e+01
2.205309499999999844e+03 1.294786586606961087e+01
2.250167199999999866e+03 1.296776358640341975e+01
2.265740999999999985e+03 1.298555210665581150e+01
2.299493300000000090e+03 1.303194484021982547e+01
2.323894699999999830e+03 1.307480154691634411e+01
2.329205699999999979e+03 1.303599023000203516e+01
2.367520300000000134e+03 1.309366069611235517e+01
2.388892199999999775e+03 1.312732749847343783e+01
2.425975699999999961e+03 1.311976847140240210e+01
2.449098899999999958e+03 1.316279309993893776e+01
