9.901670799999999417e+01 -6.253853947475773722e+00
1.277243299999999948e+02 -6.254060397576786556e+00
1.495282100000000014e+02 -6.253703342669774123e+00
1.495292900000000031e+02 -6.253703621871276042e+00
1.751714699999999993e+02 -6.253478371714408901e+00
1.975569700000000068e+02 -6.253177030301587003e+00
1.977098300000000108e+02 -6.253216547654876223e+00
2.246080000000000041e+02 -6.253012718898363964e+00
2.514654999999999916e+02 -6.252816694883336801e+00
2.514885700000000099e+02 -6.252822658937637001e+00
2.737362899999999968e+02 -6.252381383569318274e+00
3.008551299999999742e+02 -6.252081946182928007e+00
3.008578600000000165e+02 -6.252082651942279412e+00
3.217844799999999736e+02 -6.251370067782550777e+00
3.498570300000000088e+02 -6.251332957894454090e+00
3.499199600000000032e+02 -6.251349226552327387e+00
3.696140100000000075e+02 -6.249977066287723204e+00
4.026831099999999992e+02 -6.250759447482651332e+00
4.027937299999999823e+02 -6.250788044954985523e+00
4.250994600000000219e+02 -6.250324111126099424e+00
4.523244900000000257e+02 -6.249253225093617914e+00
4.525389000000000124e+02 -6.249308654347307090e+00
4.721720300000000066e+02 -6.248711504260104022e+00
4.967214200000000233e+02 -6.247130064063899368e+00
4.968372299999999768e+02 -6.247159494400500002e+00
5.159514100000000099e+02 -6.245168771606400604e+00
5.514554699999999912e+02 -6.246043797404956521e+00
5.516368300000000318e+02 -6.246090682575652586e+00
5.717003499999999576e+02 -6.244419166910758712e+00
6.002247300000000223e+02 -6.243009448237606840e+00
6.005561300000000529e+02 -6.243095121735448672e+00
6.167012200000000348e+02 -6.239950100978640002e+00
6.436569799999999759e+02 -6.238225947682688677e+00
6.438373900000000276e+02 -6.238272078405411314e+00
6.710348699999999553e+02 -6.237051082158391324e+00
7.026121600000000171e+02 -6.235789954238259547e+00
7.026240599999999858e+02 -6.235793539479236536e+00
7.179176300000000310e+02 -6.232382586984057227e+00
7.443710600000000568e+02 -6.231451123794187197e+00
7.443934699999999793e+02 -6.231456917225347780e+00
7.695161799999999630e+02 -6.226764481404871709e+00
8.012295400000000427e+02 -6.226385772299748211e+00
8.012314000000000078e+02 -6.226386253146778849e+00
8.201332200000000512e+02 -6.218726444213594107e+00
8.503065100000000029e+02 -6.216790426802043967e+00
8.507933600000000069e+02 -6.216916287219740767e+00
8.639596400000000358e+02 -6.208586366942556722e+00
8.979548800000000028e+02 -6.207145320112434916e+00
8.979990099999999984e+02 -6.207156728596018525e+00
9.155057000000000471e+02 -6.197499267269061640e+00
9.571459099999999580e+02 -6.198652855071342671e+00
9.572045100000000275e+02 -6.198667495483949352e+00
9.666873900000000503e+02 -6.189366006519649410e+00
1.000440000000000055e+03 -6.188333433864174005e+00
1.000553499999999985e+03 -6.188362775873845756e+00
1.008300100000000043e+03 -6.181383134322214978e+00
1.046988900000000058e+03 -6.181413455204930685e+00
1.047577900000000000e+03 -6.181565723431331705e+00
1.066545299999999997e+03 -6.177060971225840191e+00
1.106929699999999912e+03 -6.176500735555611854e+00
1.107247000000000071e+03 -6.176582763922737307e+00
1.118490800000000036e+03 -6.170886314472050493e+00
1.147421599999999899e+03 -6.169397458290357683e+00
1.147845499999999902e+03 -6.169507044879782853e+00
1.166693099999999959e+03 -6.165702545274355018e+00
1.197412100000000009e+03 -6.162524539425484171e+00
1.197525399999999991e+03 -6.162553320877112384e+00
1.215565299999999979e+03 -6.162088254106135921e+00
1.245319400000000087e+03 -6.161167417499860299e+00
1.245841200000000072e+03 -6.161301804334316401e+00
1.265195200000000114e+03 -6.155801941987113501e+00
1.310481600000000071e+03 -6.157190326498019672e+00
1.311222800000000007e+03 -6.157381432600510074e+00
1.316884700000000066e+03 -6.151306982418728531e+00
1.343162700000000086e+03 -6.148220966999805803e+00
1.343552100000000110e+03 -6.148322143506431026e+00
1.359703299999999899e+03 -6.145568484516726215e+00
1.395299600000000055e+03 -6.143918506201865526e+00
1.395795900000000074e+03 -6.144046809632702555e+00
1.413454199999999901e+03 -6.142099008619468670e+00
1.442519900000000007e+03 -6.139840528503603068e+00
1.442799600000000055e+03 -6.139912836522150030e+00
1.470758399999999938e+03 -6.139330341976899419e+00
1.514161700000000110e+03 -6.136307116277333051e+00
1.514548099999999977e+03 -6.136408026078292721e+00
1.522444300000000112e+03 -6.134660423648098160e+00
1.549834700000000112e+03 -6.131589239999435392e+00
1.550345700000000079e+03 -6.131721343672935198e+00
1.562539299999999912e+03 -6.130383503804093692e+00
1.597805000000000064e+03 -6.129695280464145135e+00
1.598120200000000068e+03 -6.129776765939461747e+00
1.617504200000000083e+03 -6.125393452187698706e+00
1.667172299999999950e+03 -6.122828597047619503e+00
1.668245300000000043e+03 -6.126357057503503789e+00
1.668998900000000049e+03 -6.126550860398805476e+00
1.700247000000000071e+03 -6.121764776859798474e+00
1.700387199999999893e+03 -6.121801021351040539e+00
1.713238599999999906e+03 -6.116340034168590734e+00
1.742410900000000083e+03 -6.115756272869365517e+00
1.743036399999999958e+03 -6.115917977072444778e+00
1.746693600000000060e+03 -6.109736934964161037e+00
1.787304499999999962e+03 -6.108300997997957005e+00
1.788042599999999993e+03 -6.108491302688729085e+00
1.817254100000000108e+03 -6.111673018337574703e+00
1.855221700000000055e+03 -6.109021983202525874e+00
1.856528499999999894e+03 -6.109359817019607064e+00
1.864475300000000061e+03 -6.105580720081094981e+00
1.911894600000000082e+03 -6.104314721123778931e+00
1.912196200000000090e+03 -6.104393708436453458e+00
1.921456300000000056e+03 -6.105099759726591024e+00
1.945404399999999896e+03 -6.097869285655466598e+00
1.945852200000000039e+03 -6.097985559724777183e+00
1.950918499999999995e+03 -6.096746449149921254e+00
2.001588199999999915e+03 -6.099447651507546198e+00
2.001837600000000066e+03 -6.099512126372850673e+00
2.010073799999999892e+03 -6.094786574996267525e+00
2.039657500000000027e+03 -6.093039577906270488e+00
2.040340200000000095e+03 -6.093215560594083868e+00
2.067793599999999969e+03 -6.093817797833618322e+00
2.086075600000000122e+03 -6.089638095040365684e+00
2.086614000000000033e+03 -6.089777791013432306e+00
2.105050600000000031e+03 -6.089175099973726191e+00
2.137929099999999835e+03 -6.085833303956271756e+00
2.138767100000000028e+03 -6.086050452494073504e+00
2.159087300000000141e+03 -6.087104056186346313e+00
2.199832899999999881e+03 -6.081199583415084930e+00
2.199990099999999984e+03 -6.088491901963180020e+00
2.200560300000000097e+03 -6.088639310015291350e+00
2.222962799999999788e+03 -6.077502754240840410e+00
2.223238299999999981e+03 -6.077575503037953020e+00
2.252693699999999808e+03 -6.075666597766283594e+00
2.301902700000000095e+03 -6.072678761407711789e+00
2.301911999999999807e+03 -6.079435694444005556e+00
2.302048299999999927e+03 -6.079470421853541140e+00
2.362547399999999925e+03 -6.075470403501006977e+00
2.364843100000000049e+03 -6.077516665999269208e+00
2.365630799999999908e+03 -6.077719284423467982e+00
2.373447500000000218e+03 -6.069710034606568883e+00
2.374277000000000044e+03 -6.069923459162962942e+00
2.423782900000000154e+03 -6.075650683899059601e+00
2.472875700000000052e+03 -6.074084059308049177e+00
2.473376200000000154e+03 -6.074214975084685442e+00
