9.961386400000000663e+01 -4.359113148127047310e+00
1.268721199999999953e+02 -4.358942109564299727e+00
1.487715100000000064e+02 -4.358466452590314510e+00
1.757098200000000077e+02 -4.358688836361316099e+00
2.014430199999999900e+02 -4.358735488353572940e+00
2.252228399999999908e+02 -4.358634978901439361e+00
2.527384500000000003e+02 -4.358719307213262617e+00
2.744275000000000091e+02 -4.358317249957873507e+00
2.993797900000000141e+02 -4.357275444738112569e+00
3.217104800000000182e+02 -4.357156147974865945e+00
3.515437200000000075e+02 -4.357304569738604805e+00
3.707241000000000213e+02 -4.356231225566594034e+00
4.034657100000000014e+02 -4.356537075564412831e+00
4.216709399999999732e+02 -4.355601468799008558e+00
4.526409699999999816e+02 -4.355050439398293172e+00
4.716270999999999844e+02 -4.354646804458973897e+00
5.025164199999999823e+02 -4.353655054430957350e+00
5.233531699999999773e+02 -4.353902088705162932e+00
5.547988599999999906e+02 -4.353148462056355861e+00
5.704697599999999511e+02 -4.351859074790101367e+00
5.969170599999999922e+02 -4.349868424593522853e+00
6.174965600000000450e+02 -4.349443112976522308e+00
6.516023199999999633e+02 -4.349452732210055572e+00
6.713298800000000028e+02 -4.347972249399058242e+00
7.028846800000000030e+02 -4.345332215568900480e+00
7.155092799999999897e+02 -4.343443676877113191e+00
7.515271800000000439e+02 -4.343300868858349872e+00
7.630660900000000311e+02 -4.340044236558940227e+00
8.076667499999999791e+02 -4.342220181811857316e+00
8.119565999999999804e+02 -4.336772252674093941e+00
8.580003500000000258e+02 -4.338953669249073108e+00
8.665307900000000245e+02 -4.334335377524432431e+00
8.976715199999999868e+02 -4.332422717244216237e+00
9.193854499999999916e+02 -4.332002209000597404e+00
9.516346999999999525e+02 -4.329965935951613609e+00
9.589907200000000103e+02 -4.324927861893396397e+00
9.961636399999999867e+02 -4.325723279094169982e+00
1.008283999999999992e+03 -4.320191764742764562e+00
1.045888599999999997e+03 -4.320633280123167275e+00
1.068458499999999958e+03 -4.318277889854840623e+00
1.102824699999999893e+03 -4.316456863252635223e+00
1.119356199999999944e+03 -4.312960892476120911e+00
1.149067900000000009e+03 -4.310012404212513637e+00
1.157502600000000029e+03 -4.305732480049469402e+00
1.198021199999999908e+03 -4.304372417091553160e+00
1.215753500000000031e+03 -4.303276079138599108e+00
1.247899599999999964e+03 -4.302232679756929912e+00
1.257873299999999972e+03 -4.296477983905218956e+00
1.296972899999999981e+03 -4.294622035806649585e+00
1.310719700000000103e+03 -4.292294114975387487e+00
1.362678200000000061e+03 -4.291004561296718478e+00
1.367520899999999983e+03 -4.288178691874158233e+00
1.398029700000000048e+03 -4.284507407627693887e+00
1.411132800000000088e+03 -4.281076633403183784e+00
1.451817900000000009e+03 -4.282056072385854506e+00
1.459429399999999987e+03 -4.276683017108786622e+00
1.506458200000000033e+03 -4.276625347625072848e+00
1.521373700000000099e+03 -4.274263867987644794e+00
1.567428499999999985e+03 -4.273016225880933661e+00
1.567610100000000102e+03 -4.270989796340860956e+00
1.605076999999999998e+03 -4.263824270419678264e+00
1.616138599999999997e+03 -4.272489379337684134e+00
1.649691100000000006e+03 -4.265010050855931212e+00
1.650629799999999932e+03 -4.258469953293003485e+00
1.698216799999999921e+03 -4.253403322779423235e+00
1.710480600000000095e+03 -4.262515241022442503e+00
1.755317299999999932e+03 -4.256282127933446624e+00
1.775350400000000036e+03 -4.257047028573279768e+00
1.803903900000000021e+03 -4.247157813778424718e+00
1.816833800000000110e+03 -4.253041972841153040e+00
1.846800400000000081e+03 -4.243999855554333678e+00
1.874503099999999904e+03 -4.250705062059573436e+00
1.899267599999999902e+03 -4.240613539021762968e+00
1.909017900000000054e+03 -4.246448759270783135e+00
1.940683099999999968e+03 -4.237937001434466389e+00
1.961607700000000023e+03 -4.241577853949114463e+00
1.998540299999999888e+03 -4.239825442444461245e+00
2.017446899999999914e+03 -4.238227626411283033e+00
2.029280600000000049e+03 -4.228390577915977389e+00
2.089744299999999839e+03 -4.237205649766114135e+00
2.096914900000000216e+03 -4.230150375731634327e+00
2.109401899999999841e+03 -4.228124748315268633e+00
2.130318900000000212e+03 -4.226211427651984209e+00
2.166378200000000106e+03 -4.229606291622667769e+00
2.194051599999999780e+03 -4.223483091009331503e+00
2.204086699999999837e+03 -4.222523018534459993e+00
2.241899699999999939e+03 -4.220410328861414762e+00
2.268739700000000084e+03 -4.223444311584534816e+00
2.288425600000000031e+03 -4.217554219021387496e+00
2.312063200000000052e+03 -4.218229939000504913e+00
2.337082600000000184e+03 -4.214917522538912387e+00
2.374231000000000222e+03 -4.218299364926774153e+00
2.386920700000000124e+03 -4.211325121787841574e+00
2.411430100000000039e+03 -4.213472148591140609e+00
2.451097200000000157e+03 -4.213231972214041221e+00
