1.218806399999999996e+02 -4.328002058629685678e+00
1.312472300000000018e+02 -4.327757316887915984e+00
1.688160900000000026e+02 -4.327415320428077194e+00
1.698628400000000056e+02 -4.327800469191876331e+00
1.790929600000000050e+02 -4.327395065597580803e+00
2.173696600000000103e+02 -4.327165634468133959e+00
2.177859200000000044e+02 -4.327169643278704569e+00
2.254368900000000053e+02 -4.326474255653806722e+00
2.651759900000000130e+02 -4.326458778604720834e+00
2.654767600000000130e+02 -4.326447891260384537e+00
2.766914400000000001e+02 -4.326598483219412650e+00
3.123228199999999788e+02 -4.325218921228512592e+00
3.154338799999999878e+02 -4.326099418514892214e+00
3.243211099999999760e+02 -4.325569496817721848e+00
3.622391799999999762e+02 -4.324572815750505228e+00
3.651126699999999801e+02 -4.325393117711850977e+00
3.719891499999999951e+02 -4.324362866218182333e+00
4.136893400000000156e+02 -4.324174795379430947e+00
4.148541000000000167e+02 -4.324555493803724282e+00
4.217800399999999854e+02 -4.323524900269990034e+00
4.603797799999999825e+02 -4.322287947420496934e+00
4.668166899999999941e+02 -4.324026258615387697e+00
4.717551900000000273e+02 -4.322392313959035448e+00
5.101862499999999727e+02 -4.320777894822094289e+00
5.136942800000000489e+02 -4.321613652620785118e+00
5.250177300000000287e+02 -4.321593452738004437e+00
5.610131400000000212e+02 -4.319727244610150230e+00
5.612247899999999845e+02 -4.319849383511927599e+00
5.745411500000000160e+02 -4.320355076476265488e+00
6.088608000000000402e+02 -4.317457594848217894e+00
6.120662099999999555e+02 -4.318340857190434257e+00
6.219502199999999448e+02 -4.317901311753013616e+00
6.596912999999999556e+02 -4.315400957477920407e+00
6.633258200000000215e+02 -4.316407467566555134e+00
6.732461600000000317e+02 -4.315930448698442667e+00
7.085489800000000287e+02 -4.312718186364107531e+00
7.111499999999999773e+02 -4.313338749589033405e+00
7.182841300000000047e+02 -4.312312414929647453e+00
7.581309899999999971e+02 -4.310045180679623833e+00
7.614857500000000528e+02 -4.310963236564795409e+00
7.681688400000000456e+02 -4.309633040791331027e+00
8.044345499999999447e+02 -4.306049971331701087e+00
8.114754100000000108e+02 -4.307912408705217189e+00
8.268104499999999462e+02 -4.308751491095388353e+00
8.563689699999999903e+02 -4.303380795383914048e+00
8.672835599999999658e+02 -4.306271587464329365e+00
8.718865299999999934e+02 -4.304100362237606170e+00
9.122423499999999876e+02 -4.301075125611630412e+00
9.200865000000000009e+02 -4.303190975422899633e+00
9.231078400000000101e+02 -4.300649642031927122e+00
9.565102799999999661e+02 -4.296396531247418160e+00
9.632108500000000504e+02 -4.298179596514726697e+00
9.691548800000000483e+02 -4.296602466841457080e+00
1.010762600000000020e+03 -4.293886776032078245e+00
1.015061500000000024e+03 -4.294914675202930354e+00
1.015470299999999952e+03 -4.291927797588096283e+00
1.057003500000000031e+03 -4.288866564651407032e+00
1.058269700000000057e+03 -4.289160216421366911e+00
1.066316399999999931e+03 -4.287989634406621064e+00
1.109123000000000047e+03 -4.285551463942080197e+00
1.111415500000000065e+03 -4.286201163373662304e+00
1.121662800000000061e+03 -4.285015773777683279e+00
1.151448000000000093e+03 -4.279273595907113759e+00
1.152826700000000073e+03 -4.279638108085217496e+00
1.170015000000000100e+03 -4.280657903060774316e+00
1.208679499999999962e+03 -4.276018345329201331e+00
1.213876600000000053e+03 -4.277421180646331145e+00
1.228717000000000098e+03 -4.277742810079877778e+00
1.257454700000000003e+03 -4.270840508362823584e+00
1.259128699999999981e+03 -4.271236989395964301e+00
1.271406999999999925e+03 -4.271422776267223220e+00
1.310827700000000050e+03 -4.266756087639297590e+00
1.315286299999999983e+03 -4.264231694177863297e+00
1.317612000000000080e+03 -4.268592042417910903e+00
1.355852300000000014e+03 -4.259907088808799536e+00
1.363505599999999959e+03 -4.261945918434538072e+00
1.365812599999999975e+03 -4.259159054986114690e+00
1.398906199999999899e+03 -4.253180417995345408e+00
1.403104900000000043e+03 -4.254282657721265792e+00
1.422802699999999959e+03 -4.255699274763027340e+00
1.463682999999999993e+03 -4.252633054299876036e+00
1.465513699999999972e+03 -4.253018142288571113e+00
1.465545900000000074e+03 -4.249567276725305653e+00
1.507628699999999981e+03 -4.247401128569560314e+00
1.509804000000000087e+03 -4.243840903984396284e+00
1.514023300000000063e+03 -4.248982460671692607e+00
1.546236799999999903e+03 -4.239489255733396966e+00
1.563611799999999903e+03 -4.239607947354999240e+00
1.566852300000000014e+03 -4.244764834386957730e+00
1.609004699999999957e+03 -4.236683288213417775e+00
1.613520999999999958e+03 -4.234020442736851741e+00
1.620717000000000098e+03 -4.239612738568268924e+00
1.659662199999999984e+03 -4.231528853420337910e+00
1.661446099999999888e+03 -4.231924334026771817e+00
1.674059799999999996e+03 -4.230838137248152719e+00
1.700542099999999891e+03 -4.225085010721622680e+00
1.707683700000000044e+03 -4.226884187503126888e+00
1.710716899999999896e+03 -4.223229952317851144e+00
1.747867799999999988e+03 -4.219915005629951033e+00
1.753846800000000030e+03 -4.221456472677158622e+00
1.755548700000000053e+03 -4.217756869041448198e+00
1.800384900000000016e+03 -4.216202590665630190e+00
1.805257599999999911e+03 -4.213346618098228191e+00
1.818225100000000111e+03 -4.220859264047292392e+00
1.852338199999999915e+03 -4.212242346052048170e+00
1.861642000000000053e+03 -4.214674074877962973e+00
1.863623000000000047e+03 -4.211067639821558295e+00
1.897873299999999972e+03 -4.207522319396137078e+00
1.910380200000000059e+03 -4.210721101740697137e+00
1.914142499999999927e+03 -4.207397171047777107e+00
1.945442399999999907e+03 -4.202749046314105286e+00
1.947540199999999913e+03 -4.199461682833306675e+00
1.950651399999999967e+03 -4.204080767096109561e+00
1.993497699999999895e+03 -4.198456493089949504e+00
1.997432299999999941e+03 -4.199453413132286705e+00
2.020530400000000100e+03 -4.200874457061166467e+00
2.027099300000000085e+03 -4.190888188894409616e+00
2.045419300000000021e+03 -4.195683962208603290e+00
2.064871500000000196e+03 -4.197250194841317672e+00
2.088555699999999888e+03 -4.189941269399589885e+00
2.095775599999999940e+03 -4.191764555580829388e+00
2.108164699999999812e+03 -4.190829943103638655e+00
2.147050699999999779e+03 -4.183328657098364545e+00
2.159782700000000204e+03 -4.190937962826037477e+00
2.162789900000000216e+03 -4.191784079194571078e+00
2.205206499999999778e+03 -4.184124436667739033e+00
2.207525200000000041e+03 -4.179158122836100553e+00
2.211571699999999964e+03 -4.185817189249335435e+00
2.235169800000000123e+03 -4.178565284706091454e+00
2.237706200000000081e+03 -4.179291470890680316e+00
2.264747800000000097e+03 -4.181631794716158979e+00
2.295950200000000223e+03 -4.176170096695186018e+00
2.299312199999999848e+03 -4.177031964016176602e+00
2.315742799999999988e+03 -4.176672690994848836e+00
2.335982899999999972e+03 -4.169586922475465585e+00
2.346136300000000119e+03 -4.172159112124228741e+00
2.347731299999999919e+03 -4.167618978348348158e+00
2.391159500000000207e+03 -4.169732049350796110e+00
2.396128900000000158e+03 -4.171040349014994320e+00
2.411789600000000064e+03 -4.170719014851774098e+00
2.438501800000000003e+03 -4.164237463310211496e+00
2.472404500000000098e+03 -4.172935784315774832e+00
