1.007829299999999932e+02 -4.381979439689218658e+00
1.260879400000000032e+02 -4.381758770761770450e+00
1.496492299999999886e+02 -4.381748164267174950e+00
1.755658200000000022e+02 -4.381879423457376355e+00
1.996937800000000038e+02 -4.381517754939103781e+00
2.219730199999999911e+02 -4.381162075706349412e+00
2.478330499999999859e+02 -4.381360842055887161e+00
2.760244200000000205e+02 -4.382028833789964217e+00
2.986799399999999878e+02 -4.380918506960218117e+00
3.211688399999999888e+02 -4.380653971816387049e+00
3.489999000000000251e+02 -4.380501867330999666e+00
3.711253100000000131e+02 -4.380212007198228896e+00
3.976932199999999966e+02 -4.379565227908147840e+00
4.200656299999999987e+02 -4.379366700312175453e+00
4.493311600000000112e+02 -4.379193668139352624e+00
4.686603200000000129e+02 -4.378147032030600627e+00
4.982756400000000099e+02 -4.377383580803590135e+00
5.202417000000000371e+02 -4.377376411132927636e+00
5.504231800000000021e+02 -4.376797792904581819e+00
5.721666000000000167e+02 -4.376641167318025438e+00
5.989317800000000034e+02 -4.375623698890326985e+00
6.221185900000000402e+02 -4.374949621978261760e+00
6.552935499999999820e+02 -4.374348266895154325e+00
6.742260199999999486e+02 -4.373286194338885657e+00
7.070440300000000207e+02 -4.372032363138884214e+00
7.159461700000000519e+02 -4.367908341566881347e+00
7.503435299999999870e+02 -4.367891269081312977e+00
7.634193500000000085e+02 -4.364109711515712142e+00
8.027117500000000518e+02 -4.364511880022623913e+00
8.123043900000000122e+02 -4.358260341615707745e+00
8.444555800000000545e+02 -4.357512782830683662e+00
8.645884300000000167e+02 -4.351508844330319370e+00
8.966451799999999821e+02 -4.350798289610209757e+00
9.139764000000000124e+02 -4.339661769478924569e+00
9.532048099999999522e+02 -4.339285335455621784e+00
9.619092799999999670e+02 -4.328130311988602763e+00
9.964100899999999683e+02 -4.328120901360345663e+00
1.008180299999999988e+03 -4.312847176867322219e+00
1.045757700000000114e+03 -4.313932179537342648e+00
1.074298399999999901e+03 -4.304727677263064045e+00
1.102570400000000063e+03 -4.301024848486917129e+00
1.118126899999999978e+03 -4.294685583266051765e+00
1.146044000000000096e+03 -4.291507075385436742e+00
1.168356399999999894e+03 -4.285805348277992977e+00
1.203774499999999989e+03 -4.284067626567781062e+00
1.227826999999999998e+03 -4.281508198559727418e+00
1.236811599999999999e+03 -4.276223477441924103e+00
1.273778700000000072e+03 -4.273601244796786602e+00
1.302705999999999904e+03 -4.269733659655374325e+00
1.307928400000000011e+03 -4.266482644726282913e+00
1.345448399999999992e+03 -4.266591786574572609e+00
1.368340300000000070e+03 -4.263431842037317843e+00
1.413747699999999895e+03 -4.260877255472681924e+00
1.415720000000000027e+03 -4.255897209599604381e+00
1.460932299999999941e+03 -4.258179576397099986e+00
1.470575800000000072e+03 -4.253915692724317132e+00
1.507576000000000022e+03 -4.244434980654215650e+00
1.507630699999999933e+03 -4.254033133498651864e+00
1.545571999999999889e+03 -4.242839984818187027e+00
1.577895500000000084e+03 -4.244692182264262925e+00
1.592732700000000023e+03 -4.237032219117593534e+00
1.616401900000000069e+03 -4.237729847385473647e+00
1.658193899999999985e+03 -4.235855608959548491e+00
1.658823000000000093e+03 -4.229317857105214351e+00
1.706647500000000036e+03 -4.230929865045596650e+00
1.706832499999999982e+03 -4.226642712600631846e+00
1.745614299999999957e+03 -4.222628533192914979e+00
1.767105499999999893e+03 -4.223393015540678697e+00
1.799037499999999909e+03 -4.221721551801224770e+00
1.811128099999999904e+03 -4.215752871070134411e+00
1.844044599999999946e+03 -4.215233386087870571e+00
1.863526399999999967e+03 -4.213817498876509582e+00
1.910676500000000033e+03 -4.208033147963598175e+00
1.915344399999999951e+03 -4.216635832391415484e+00
1.938569400000000087e+03 -4.205169419928052932e+00
1.968005200000000059e+03 -4.205806892811700948e+00
1.997288500000000113e+03 -4.203349120118772042e+00
2.009054799999999886e+03 -4.197734012331732600e+00
2.051409999999999854e+03 -4.200502878933658479e+00
2.085934799999999996e+03 -4.202281982430869256e+00
2.098688900000000103e+03 -4.191536936315212181e+00
2.103551699999999983e+03 -4.188113983476631219e+00
2.134895700000000033e+03 -4.186836612208581165e+00
2.144918999999999869e+03 -4.182228058708247431e+00
2.181182299999999941e+03 -4.186483873644905707e+00
2.209382500000000164e+03 -4.183561892868581822e+00
2.255183700000000044e+03 -4.181600969779140975e+00
2.260010499999999865e+03 -4.177955856570263471e+00
2.303679700000000139e+03 -4.176798236773487716e+00
2.326554999999999836e+03 -4.183678627306861131e+00
2.357532000000000153e+03 -4.177748929608760875e+00
2.374495600000000195e+03 -4.174032485354129740e+00
2.413966899999999896e+03 -4.173105317890592580e+00
2.422711200000000190e+03 -4.171198633201123940e+00
2.442320999999999913e+03 -4.167944627500867583e+00
