1.002036399999999929e+02 -3.340633925534000070e+00
1.005473199999999991e+02 -3.340588945038373225e+00
1.273359200000000016e+02 -3.340275984230599349e+00
1.498281900000000064e+02 -3.339991355511562787e+00
1.505087499999999920e+02 -3.340126229298137073e+00
1.752353400000000079e+02 -3.339410515377740030e+00
1.998080500000000086e+02 -3.339180514002185074e+00
2.009684100000000058e+02 -3.339445582775231181e+00
2.263357100000000059e+02 -3.338901204311209625e+00
2.482979499999999859e+02 -3.337815345079432117e+00
2.510076699999999903e+02 -3.337797054401165919e+00
2.740428699999999935e+02 -3.336680211130191864e+00
2.954412500000000250e+02 -3.335228401710480295e+00
2.973543000000000234e+02 -3.335063335703565279e+00
3.226220999999999890e+02 -3.333677185251524566e+00
3.510191699999999742e+02 -3.331490151803424560e+00
3.513527199999999766e+02 -3.333581215232647832e+00
3.723551899999999932e+02 -3.329030718945000800e+00
3.998107400000000098e+02 -3.328220322505088369e+00
4.019532699999999750e+02 -3.326290288954034668e+00
4.230118400000000065e+02 -3.322265185110180319e+00
4.486922200000000203e+02 -3.321222210169587630e+00
4.499835199999999986e+02 -3.321020010060585115e+00
4.718150400000000104e+02 -3.316925240069869218e+00
4.995754200000000083e+02 -3.315392966389375751e+00
5.009232299999999896e+02 -3.315325057715496460e+00
5.230332399999999780e+02 -3.311739541228559514e+00
5.413879600000000210e+02 -3.309679798190347189e+00
5.550004400000000260e+02 -3.310752732040828761e+00
5.721481800000000248e+02 -3.306725963695976045e+00
6.069359799999999723e+02 -3.306610102504869975e+00
6.086292099999999436e+02 -3.307279466538796342e+00
6.142182199999999739e+02 -3.300789571985972781e+00
6.497800799999999981e+02 -3.301124126028063266e+00
6.525786600000000135e+02 -3.300792251353192874e+00
6.696127699999999550e+02 -3.298000507960997307e+00
6.972862000000000080e+02 -3.296283787726909775e+00
7.029272300000000087e+02 -3.297077492000553889e+00
7.164389800000000150e+02 -3.294068105881493569e+00
7.464517200000000230e+02 -3.292455533230855824e+00
7.539713100000000168e+02 -3.293792790256853120e+00
7.687908200000000534e+02 -3.290772615790001687e+00
7.937981200000000399e+02 -3.288615477506592111e+00
7.987141199999999799e+02 -3.289414043040135738e+00
8.148671399999999494e+02 -3.285923830335212958e+00
8.429964099999999689e+02 -3.283751424404679042e+00
8.525605600000000095e+02 -3.286126705581350116e+00
8.695261900000000423e+02 -3.283199153718308061e+00
8.974133299999999736e+02 -3.282052896510386120e+00
9.014204899999999725e+02 -3.282329311578000564e+00
9.227707900000000336e+02 -3.281734958537754210e+00
9.475217900000000100e+02 -3.278296723417259972e+00
9.516897199999999657e+02 -3.280291222204284818e+00
9.697553799999999455e+02 -3.277717152378177179e+00
1.000235000000000014e+03 -3.276404190590379795e+00
1.001497200000000021e+03 -3.276397449436820430e+00
1.008477899999999977e+03 -3.272267995966431808e+00
1.050458300000000008e+03 -3.273353922084807355e+00
1.054404600000000073e+03 -3.272317890827991960e+00
1.065001800000000003e+03 -3.271548674832397197e+00
1.097705799999999954e+03 -3.270892176209486468e+00
1.107557099999999991e+03 -3.270489004628586382e+00
1.119099500000000035e+03 -3.270623565628182128e+00
1.146390400000000000e+03 -3.268943461609656875e+00
1.147699599999999919e+03 -3.270585752634136867e+00
1.166193099999999959e+03 -3.267521483976479679e+00
1.193800099999999929e+03 -3.264724594132128122e+00
1.193951600000000099e+03 -3.264695166370965573e+00
1.217664099999999962e+03 -3.265290056126724405e+00
1.249725799999999936e+03 -3.263194866160563645e+00
1.249788999999999987e+03 -3.264043791632856628e+00
1.269210700000000088e+03 -3.262725027663994748e+00
1.299199200000000019e+03 -3.262140892337698883e+00
1.302033100000000104e+03 -3.260196888663361214e+00
1.307749399999999923e+03 -3.257324930623289205e+00
1.345610400000000027e+03 -3.258232893341658887e+00
1.354082799999999907e+03 -3.259864862743318881e+00
1.360653000000000020e+03 -3.256643076795329605e+00
1.404589899999999943e+03 -3.255131092658102965e+00
1.415693400000000111e+03 -3.259266223464631018e+00
1.417674800000000005e+03 -3.255519651637074130e+00
1.440469100000000026e+03 -3.252694489804614175e+00
1.456583300000000008e+03 -3.255306545448010791e+00
1.463338600000000042e+03 -3.252862308258156698e+00
1.486836000000000013e+03 -3.250866479451305135e+00
1.490598899999999958e+03 -3.250402260149590106e+00
1.513141000000000076e+03 -3.252093825099846125e+00
1.541540600000000040e+03 -3.248947950490344017e+00
1.555231700000000046e+03 -3.250496582674951895e+00
1.566669499999999971e+03 -3.250360361397012454e+00
1.596625999999999976e+03 -3.250409160435460798e+00
1.611469700000000103e+03 -3.250299676772616664e+00
1.619831100000000106e+03 -3.248702818162322092e+00
1.635405500000000075e+03 -3.245307932127047046e+00
1.652383299999999963e+03 -3.248103758488749104e+00
1.673989199999999983e+03 -3.246895552341396041e+00
1.683179300000000012e+03 -3.243796666203911272e+00
1.710033500000000004e+03 -3.250275394609516422e+00
1.713592499999999973e+03 -3.244011414451907882e+00
1.751768199999999979e+03 -3.242211704279188034e+00
1.764633000000000038e+03 -3.242874932332111548e+00
1.775724899999999934e+03 -3.247034440656158871e+00
1.783666799999999967e+03 -3.240730567912490034e+00
1.791492500000000064e+03 -3.241468098265511522e+00
1.809649499999999989e+03 -3.240874083740299838e+00
1.845560999999999922e+03 -3.240191098737107644e+00
1.866508900000000040e+03 -3.242236305724316647e+00
1.871656199999999899e+03 -3.240557724108008575e+00
1.890506399999999985e+03 -3.237327782263951459e+00
1.908951600000000099e+03 -3.244656074926970835e+00
1.921873399999999947e+03 -3.241075846064331412e+00
1.940638400000000047e+03 -3.239125119927935614e+00
1.942996200000000044e+03 -3.233129681576662584e+00
1.969434999999999945e+03 -3.237862103653509571e+00
2.007572100000000091e+03 -3.236823786482849741e+00
2.011192299999999932e+03 -3.234833972950267089e+00
2.021521700000000010e+03 -3.242061879892551790e+00
2.037440000000000055e+03 -3.237131229609121696e+00
2.056744799999999941e+03 -3.240140528807004650e+00
2.058773099999999886e+03 -3.232746759356789124e+00
2.083331000000000131e+03 -3.233891465837103407e+00
2.090599200000000110e+03 -3.231388748808799338e+00
2.102942100000000210e+03 -3.233726998329561120e+00
2.151623500000000149e+03 -3.237136809203658316e+00
2.159935899999999947e+03 -3.234930753502516243e+00
2.163231299999999919e+03 -3.233069470159220415e+00
2.180251000000000204e+03 -3.229557382321515124e+00
2.192273799999999937e+03 -3.234505582652176248e+00
2.219169899999999870e+03 -3.231034019492202258e+00
2.243652399999999943e+03 -3.233799321094276369e+00
2.247836600000000089e+03 -3.231608783175063060e+00
2.276550000000000182e+03 -3.233752509621655946e+00
2.305081099999999878e+03 -3.228838371068158963e+00
2.307027500000000146e+03 -3.228942968833324656e+00
2.324331200000000081e+03 -3.229858921044646003e+00
2.335770500000000084e+03 -3.226665943235558665e+00
2.353366500000000087e+03 -3.228208244451533648e+00
2.365500100000000202e+03 -3.230211701855485007e+00
2.387003099999999904e+03 -3.230334567528729828e+00
2.402624499999999898e+03 -3.228008569156941121e+00
2.427731699999999819e+03 -3.219406210808491764e+00
2.430717200000000048e+03 -3.229944356212158585e+00
