9.955961600000000544e+01 -4.358968551987059570e+00
1.268246599999999944e+02 -4.358813668827369980e+00
1.501107700000000023e+02 -4.358712840796941101e+00
1.758724400000000117e+02 -4.358615621424180020e+00
2.001564500000000066e+02 -4.358224378389773612e+00
2.241827900000000113e+02 -4.358165107916125436e+00
2.496024600000000078e+02 -4.357696755418386303e+00
2.746929299999999898e+02 -4.357973442681157827e+00
3.012447599999999852e+02 -4.357291313637022157e+00
3.227216399999999794e+02 -4.357156765259964537e+00
3.488761999999999830e+02 -4.356317079543841508e+00
3.738972600000000170e+02 -4.356728173845488605e+00
4.039834500000000048e+02 -4.356476488525522051e+00
4.217995099999999979e+02 -4.355455640959764452e+00
4.500684699999999907e+02 -4.354639620421093760e+00
4.716039999999999850e+02 -4.354519623611827761e+00
5.021778400000000033e+02 -4.353877823966355365e+00
5.202898300000000518e+02 -4.352959940608421618e+00
5.488376700000000028e+02 -4.351946577876857347e+00
5.732867800000000216e+02 -4.352169408704135378e+00
6.005402900000000272e+02 -4.350664199994013437e+00
6.205855800000000499e+02 -4.350080328523187490e+00
6.503561799999999948e+02 -4.348803387049652969e+00
6.664177600000000439e+02 -4.346897005261861402e+00
7.020763699999999972e+02 -4.346320381404353839e+00
7.183975599999999986e+02 -4.345136365344044904e+00
7.505477499999999509e+02 -4.344176559437441298e+00
7.699082100000000537e+02 -4.342130331305525281e+00
8.061165799999999990e+02 -4.340875049753353032e+00
8.190819599999999809e+02 -4.339051761928831574e+00
8.499655400000000327e+02 -4.337817738255034250e+00
8.681353100000000040e+02 -4.334606630158309493e+00
9.013296800000000530e+02 -4.334235613524693775e+00
9.207974600000000009e+02 -4.331481072350673145e+00
9.435099199999999655e+02 -4.327327150969194847e+00
9.759950999999999794e+02 -4.328772743715908256e+00
9.956314499999999725e+02 -4.324209145378914876e+00
1.015193399999999997e+03 -4.321958289549861831e+00
1.048348199999999906e+03 -4.320539846051612898e+00
1.070335499999999911e+03 -4.318140141697572432e+00
1.093428499999999985e+03 -4.314430211160261486e+00
1.115448100000000068e+03 -4.312100275684403350e+00
1.155468800000000101e+03 -4.313281096722212382e+00
1.161280999999999949e+03 -4.307019265567386235e+00
1.201469499999999925e+03 -4.306207439378431090e+00
1.216377799999999979e+03 -4.302363027768714154e+00
1.256393299999999954e+03 -4.301923992392270080e+00
1.278176999999999907e+03 -4.300671938343031186e+00
1.303957499999999982e+03 -4.296038420606649311e+00
1.319831699999999955e+03 -4.293906058176546914e+00
1.346181499999999915e+03 -4.290225028260752360e+00
1.358889400000000023e+03 -4.287172394316058899e+00
1.390680000000000064e+03 -4.285081514066234831e+00
1.416665199999999913e+03 -4.285004477333649753e+00
1.453731899999999996e+03 -4.283671834101897780e+00
1.466487000000000080e+03 -4.279217907487220529e+00
1.514474099999999908e+03 -4.280005728497352280e+00
1.519973500000000058e+03 -4.274863775241918518e+00
1.543926099999999906e+03 -4.271198274809591133e+00
1.566885500000000093e+03 -4.270492071837799664e+00
1.589726000000000113e+03 -4.266481011166352921e+00
1.625704500000000053e+03 -4.266976399307261580e+00
1.638162700000000086e+03 -4.260824509094352841e+00
1.666050899999999956e+03 -4.261854996505770821e+00
1.715459200000000010e+03 -4.258251728147760318e+00
1.716712700000000041e+03 -4.260616745605574351e+00
1.761652399999999943e+03 -4.257736435520086182e+00
1.763100400000000036e+03 -4.252524674241255909e+00
1.797950000000000045e+03 -4.255155656667844788e+00
1.811091499999999996e+03 -4.251762287727116174e+00
1.849554699999999912e+03 -4.250149867629698264e+00
1.863300400000000081e+03 -4.246266706187984852e+00
1.886557900000000018e+03 -4.243287120209493501e+00
1.917158899999999903e+03 -4.243207552630330781e+00
1.948331400000000031e+03 -4.243454184298233400e+00
1.959851400000000012e+03 -4.238913149851826212e+00
1.994436599999999999e+03 -4.231132099581909500e+00
2.002823399999999992e+03 -4.237808090707244624e+00
2.024702399999999898e+03 -4.229049633507633743e+00
2.059166499999999814e+03 -4.231216260804030682e+00
2.088889000000000124e+03 -4.227643554581901775e+00
2.091999600000000100e+03 -4.224354179234488527e+00
2.153393700000000081e+03 -4.229894563271544783e+00
2.173461600000000089e+03 -4.228828698547911102e+00
2.199739999999999782e+03 -4.229217547375542452e+00
2.214475300000000061e+03 -4.225687611902985807e+00
2.257641700000000128e+03 -4.223044522849189519e+00
2.268973899999999958e+03 -4.224057981311155174e+00
2.292375700000000052e+03 -4.220555756747186749e+00
2.328686000000000149e+03 -4.221572348213603831e+00
2.374182200000000194e+03 -4.219224872501439627e+00
2.375628499999999804e+03 -4.221359354010287390e+00
2.395107700000000023e+03 -4.211824435192656146e+00
2.415065000000000055e+03 -4.210964865201484386e+00
2.421273299999999836e+03 -4.209224118903719614e+00
