9.964798000000000400e+01 -4.274150768932096334e+00
1.265826600000000042e+02 -4.274000598155332398e+00
1.509576500000000010e+02 -4.274338401417344890e+00
1.756453199999999981e+02 -4.273824461847540057e+00
1.998395999999999901e+02 -4.273671369267252551e+00
2.252941199999999924e+02 -4.273611934594610418e+00
2.502639700000000005e+02 -4.273285487221781587e+00
2.737443499999999972e+02 -4.272949160299014615e+00
3.027134699999999725e+02 -4.273221380964574045e+00
3.223038999999999987e+02 -4.272317344326393318e+00
3.482192099999999755e+02 -4.272035337540889266e+00
3.704743900000000281e+02 -4.271130389265592520e+00
4.003310000000000173e+02 -4.271070167111413518e+00
4.229308100000000081e+02 -4.270781129161351330e+00
4.499286500000000046e+02 -4.269519207934973082e+00
4.713238999999999805e+02 -4.269316691118758555e+00
5.032070499999999811e+02 -4.269249533344889436e+00
5.225816200000000435e+02 -4.268473236258830461e+00
5.475838300000000345e+02 -4.267658462141650233e+00
5.718861799999999675e+02 -4.266577323684173528e+00
6.000772899999999481e+02 -4.265260208512457574e+00
6.244134199999999737e+02 -4.265453577333388147e+00
6.571596200000000181e+02 -4.264096661159246793e+00
6.756644400000000132e+02 -4.263572261751763293e+00
6.997573599999999487e+02 -4.260802033372858233e+00
7.201273499999999785e+02 -4.260315028209626043e+00
7.497731099999999742e+02 -4.258457471974889330e+00
7.639395500000000538e+02 -4.255985899251184534e+00
8.015562999999999647e+02 -4.256932082210663992e+00
8.215752099999999700e+02 -4.254767352718813456e+00
8.542078699999999571e+02 -4.253536488224328060e+00
8.734280400000000100e+02 -4.252445748898596278e+00
9.060104300000000421e+02 -4.250384872528496949e+00
9.134390899999999647e+02 -4.245999405974423269e+00
9.468820799999999736e+02 -4.245526725251401956e+00
9.619380899999999883e+02 -4.242346186570425282e+00
1.004641600000000039e+03 -4.242465784177128718e+00
1.020011799999999994e+03 -4.239547316599518112e+00
1.052255400000000009e+03 -4.237629621585956130e+00
1.065857700000000023e+03 -4.234789024049784523e+00
1.093323399999999992e+03 -4.231595794636001884e+00
1.126077800000000025e+03 -4.232369331319211447e+00
1.153149400000000014e+03 -4.229070809887085503e+00
1.162640300000000025e+03 -4.225811186639998773e+00
1.191303599999999960e+03 -4.223577163763066800e+00
1.218119999999999891e+03 -4.224031516004570719e+00
1.243093299999999999e+03 -4.221783204571835313e+00
1.272294599999999946e+03 -4.220388652135032004e+00
1.308022200000000112e+03 -4.218712165621816723e+00
1.323126600000000053e+03 -4.216130438367923894e+00
1.338603299999999990e+03 -4.210371703445578540e+00
1.365464899999999943e+03 -4.210850513023891573e+00
1.392031799999999976e+03 -4.207510515168902288e+00
1.410365000000000009e+03 -4.204939662272987100e+00
1.440272699999999986e+03 -4.202970146374396698e+00
1.457479499999999916e+03 -4.200257597976005286e+00
1.500665400000000091e+03 -4.193733889567864637e+00
1.507186599999999999e+03 -4.202642067937534698e+00
1.525822799999999916e+03 -4.194669951621879278e+00
1.551811599999999999e+03 -4.192375343627321449e+00
1.592085399999999936e+03 -4.192835569186604161e+00
1.627747299999999996e+03 -4.193033559344230277e+00
1.644115399999999909e+03 -4.185443392414992303e+00
1.665903299999999945e+03 -4.185862330520223829e+00
1.702973099999999931e+03 -4.185732045793615796e+00
1.720861699999999928e+03 -4.185441990749130703e+00
1.742745300000000043e+03 -4.179715253984740642e+00
1.765181399999999940e+03 -4.177360740880616596e+00
1.803772400000000061e+03 -4.177489226511347908e+00
1.811497299999999996e+03 -4.173772141167656713e+00
1.850815900000000056e+03 -4.172715125232843825e+00
1.861100799999999936e+03 -4.170329909883264463e+00
1.900002199999999903e+03 -4.171408933193688107e+00
1.929501400000000103e+03 -4.170989928338080688e+00
1.947928100000000086e+03 -4.167944671845027038e+00
1.964289399999999887e+03 -4.168469274560298032e+00
1.997573100000000068e+03 -4.160958467325337473e+00
2.001076399999999921e+03 -4.166544935970287966e+00
2.034286700000000110e+03 -4.158251719626805176e+00
2.061925299999999879e+03 -4.160257574627290289e+00
2.087978500000000167e+03 -4.159673488711982614e+00
2.100883699999999862e+03 -4.154044596344763640e+00
2.146533100000000104e+03 -4.148557253055464855e+00
2.149591899999999896e+03 -4.155144268587227963e+00
2.197663700000000063e+03 -4.149519373980446346e+00
2.198147399999999834e+03 -4.149301655965172309e+00
2.258623300000000199e+03 -4.152084312859358306e+00
2.261839599999999791e+03 -4.150011811203921042e+00
2.303578700000000026e+03 -4.147391147227465602e+00
2.310860400000000027e+03 -4.145516385921169444e+00
2.345178300000000036e+03 -4.147678394891626041e+00
2.346436200000000099e+03 -4.143117723050962375e+00
2.394820200000000114e+03 -4.141134499076237319e+00
2.418736600000000180e+03 -4.145430533770934289e+00
2.442450800000000072e+03 -4.142264668221204538e+00
