9.849058700000000499e+01 -1.464481724667774154e+00
1.002109399999999937e+02 -1.464741196405297430e+00
1.273420299999999941e+02 -1.464462634009103814e+00
1.487999199999999860e+02 -1.464035826450923006e+00
1.508504100000000108e+02 -1.464371689344176053e+00
1.751158100000000104e+02 -1.463668389172439355e+00
1.959791899999999885e+02 -1.462864858208373864e+00
2.008929300000000069e+02 -1.463545243313505662e+00
2.261577200000000119e+02 -1.463362263424049514e+00
2.483365900000000011e+02 -1.462323349757879143e+00
2.507143000000000086e+02 -1.462672769508887916e+00
2.733097700000000145e+02 -1.461587423341834668e+00
2.968870099999999752e+02 -1.460901874495842190e+00
3.019198499999999967e+02 -1.460954795709272114e+00
3.219660900000000083e+02 -1.458911063990715018e+00
3.508116800000000239e+02 -1.457482664570807662e+00
3.528391300000000115e+02 -1.458946603324934310e+00
3.734556799999999726e+02 -1.456124956986377228e+00
3.994465200000000209e+02 -1.455014318261300232e+00
4.043341899999999782e+02 -1.455439744741616526e+00
4.229118500000000154e+02 -1.451642093693488178e+00
4.472727100000000178e+02 -1.450306795666988613e+00
4.484463700000000017e+02 -1.450057085779453026e+00
4.721921300000000201e+02 -1.446220567801136836e+00
4.980250800000000027e+02 -1.445184112385335728e+00
5.015722799999999779e+02 -1.445596300092964137e+00
5.217169099999999844e+02 -1.442911557985013138e+00
5.417878799999999728e+02 -1.440882361128776434e+00
5.502665600000000268e+02 -1.442000942840676148e+00
5.662141500000000178e+02 -1.436643964747859270e+00
5.965258099999999786e+02 -1.436688966039191273e+00
6.018112999999999602e+02 -1.436875897605818464e+00
6.146396999999999480e+02 -1.432605127705843806e+00
6.521637699999999995e+02 -1.433669423093891782e+00
6.534426999999999452e+02 -1.433913037916737299e+00
6.641331500000000005e+02 -1.428806540748779330e+00
6.974521999999999480e+02 -1.428461853670313531e+00
6.989759999999999991e+02 -1.428530526792076927e+00
7.191221199999999953e+02 -1.426217989540911280e+00
7.442317799999999579e+02 -1.424116419807656353e+00
7.451681499999999687e+02 -1.424705579449619952e+00
7.726060099999999693e+02 -1.423545250541550011e+00
8.012977600000000393e+02 -1.422965794035776943e+00
8.067407299999999850e+02 -1.422453309086449957e+00
8.140761899999999969e+02 -1.417523089001994530e+00
8.524546699999999646e+02 -1.416984177234259956e+00
8.586427099999999655e+02 -1.419854059392750001e+00
8.647311399999999821e+02 -1.414480146418114037e+00
8.923813900000000103e+02 -1.413464384639004257e+00
9.006631399999999985e+02 -1.413237582180323360e+00
9.176389199999999846e+02 -1.411509580815831111e+00
9.530846500000000106e+02 -1.411135912248847823e+00
9.639692300000000387e+02 -1.412921347937960537e+00
9.652772700000000441e+02 -1.407374401566624744e+00
1.002639900000000011e+03 -1.407349027448050016e+00
1.010709299999999985e+03 -1.410501380800431859e+00
1.021390499999999975e+03 -1.406209813715540768e+00
1.052452500000000100e+03 -1.405139918420573952e+00
1.052757200000000012e+03 -1.402865748260375689e+00
1.070892299999999977e+03 -1.403312988493549129e+00
1.099381300000000010e+03 -1.401334129492265212e+00
1.099973600000000033e+03 -1.401229719794268025e+00
1.119552500000000009e+03 -1.399789779563812342e+00
1.148937200000000075e+03 -1.398313797830161187e+00
1.158017700000000104e+03 -1.398599156783029818e+00
1.175766000000000076e+03 -1.398372770332825032e+00
1.188555200000000013e+03 -1.393193331952112368e+00
1.210316800000000057e+03 -1.398648011183208251e+00
1.213380900000000111e+03 -1.392454542606291756e+00
1.245735400000000027e+03 -1.393436828258698190e+00
1.246918300000000045e+03 -1.393047282385168728e+00
1.264031999999999925e+03 -1.390975025644840546e+00
1.301130499999999984e+03 -1.390992705931173079e+00
1.305635800000000017e+03 -1.393832410588650150e+00
1.310519099999999980e+03 -1.387951242244352734e+00
1.346229499999999916e+03 -1.388395181975187409e+00
1.351720600000000104e+03 -1.386751235660727888e+00
1.375512300000000096e+03 -1.388830878638221744e+00
1.405609300000000076e+03 -1.386269398869010017e+00
1.407391000000000076e+03 -1.381292185757087232e+00
1.416154299999999921e+03 -1.387205393609435289e+00
1.444812200000000075e+03 -1.383488649669020631e+00
1.455007499999999936e+03 -1.381379171810824591e+00
1.466576399999999921e+03 -1.381231249169120323e+00
1.493281700000000001e+03 -1.377975778688546704e+00
1.499179000000000087e+03 -1.377666132800853926e+00
1.516167899999999918e+03 -1.378830796573969231e+00
1.553782600000000002e+03 -1.378169488444085378e+00
1.557182099999999991e+03 -1.378800922030440024e+00
1.561967599999999948e+03 -1.373427953036233662e+00
1.591655999999999949e+03 -1.372202629127665441e+00
1.604569099999999935e+03 -1.369651343895735618e+00
1.611607400000000098e+03 -1.376551334398240067e+00
1.632618699999999990e+03 -1.367691854812486563e+00
1.652563400000000001e+03 -1.373264352119353049e+00
1.665738800000000083e+03 -1.370815631391896883e+00
1.687064200000000028e+03 -1.367125893516114132e+00
1.702662399999999934e+03 -1.368342645701447369e+00
1.710035800000000108e+03 -1.366529805610761983e+00
1.739827500000000100e+03 -1.365071671237859441e+00
1.755427100000000110e+03 -1.361144677881087395e+00
1.757346999999999980e+03 -1.367329082715194710e+00
1.785978100000000040e+03 -1.363834089456077869e+00
1.816665099999999939e+03 -1.361302960573212761e+00
1.828981800000000021e+03 -1.368216667688560761e+00
1.838696599999999989e+03 -1.362060571258340014e+00
1.849916600000000017e+03 -1.358599725598036656e+00
1.867739800000000059e+03 -1.359647739944216394e+00
1.889572499999999991e+03 -1.357342660311288363e+00
1.894827999999999975e+03 -1.356999245745551530e+00
1.912649799999999914e+03 -1.354730034740288636e+00
1.932373199999999997e+03 -1.351046308768171222e+00
1.949243799999999965e+03 -1.349773967897806459e+00
1.955869099999999889e+03 -1.358856320555158037e+00
1.995274100000000089e+03 -1.352394763068997863e+00
1.998564399999999978e+03 -1.346024884661098486e+00
2.002425899999999956e+03 -1.351889635984186100e+00
2.042201199999999972e+03 -1.349644101520267370e+00
2.064490699999999833e+03 -1.353108192552378686e+00
2.070154100000000199e+03 -1.344513318019379566e+00
2.106331700000000183e+03 -1.345724537335761806e+00
2.114653200000000197e+03 -1.343480278497157787e+00
2.115351999999999862e+03 -1.341722045582251610e+00
2.130603999999999814e+03 -1.337406035402852078e+00
2.147878400000000056e+03 -1.345679413998547957e+00
2.169168799999999919e+03 -1.337372343781842776e+00
2.186200400000000172e+03 -1.340103053479029471e+00
2.186923600000000079e+03 -1.329166668852915345e+00
2.209799700000000030e+03 -1.329346421504476572e+00
2.256039800000000014e+03 -1.326999522542561927e+00
2.257240299999999934e+03 -1.330233140500969746e+00
2.267795700000000124e+03 -1.326482479252478752e+00
2.301998300000000199e+03 -1.323253547150580633e+00
2.318843600000000151e+03 -1.329028197173699244e+00
2.321603000000000065e+03 -1.322625538284764257e+00
2.340683300000000145e+03 -1.317706811975574377e+00
2.358137900000000172e+03 -1.316392285730640932e+00
2.365017800000000079e+03 -1.319834473433070698e+00
2.391217099999999846e+03 -1.315152598554708341e+00
2.397299899999999980e+03 -1.315923830967859587e+00
2.424284099999999853e+03 -1.309616555726136555e+00
2.456310100000000148e+03 -1.312393980686340056e+00
