1.222163000000000039e+02 1.747288723794016008e+01
1.325652800000000013e+02 1.749763840830449979e+01
1.701777800000000127e+02 1.752675859963362370e+01
1.702858999999999980e+02 1.752572613474455565e+01
1.792562800000000038e+02 1.753703134541013497e+01
2.185058699999999874e+02 1.756719570527172891e+01
2.206392600000000073e+02 1.757089710970893748e+01
2.295823499999999910e+02 1.758388052106655763e+01
2.664474799999999846e+02 1.765862354976592741e+01
2.679379599999999755e+02 1.765624872786484545e+01
2.758241899999999873e+02 1.768146600854874606e+01
3.167860200000000077e+02 1.771504884998982376e+01
3.173331099999999765e+02 1.771489670262568694e+01
3.275459299999999985e+02 1.773652452676572366e+01
3.679726800000000253e+02 1.779011550987176804e+01
3.683070999999999913e+02 1.779131538774679555e+01
3.798638900000000262e+02 1.780485497659271488e+01
4.116811799999999835e+02 1.786964074903317723e+01
4.140651300000000106e+02 1.786972318339100241e+01
4.283808500000000095e+02 1.788614543049053651e+01
4.669466600000000085e+02 1.795371616120496583e+01
4.699726400000000126e+02 1.795380470181152077e+01
4.737909900000000221e+02 1.798448351312843485e+01
5.160328600000000279e+02 1.803117341746387225e+01
5.190282200000000330e+02 1.803301546916344478e+01
5.255377499999999600e+02 1.808973234276409414e+01
5.676229299999999967e+02 1.813289995929167375e+01
5.694486900000000560e+02 1.813388917158559011e+01
5.737537200000000439e+02 1.818469672297984729e+01
6.158165099999999939e+02 1.825809434154284716e+01
6.185543900000000122e+02 1.825793252595155636e+01
6.233152300000000423e+02 1.831522542234887041e+01
6.664513899999999467e+02 1.837425910848768495e+01
6.675429000000000315e+02 1.837396193771626329e+01
6.733202199999999493e+02 1.840465296153063335e+01
7.077395900000000211e+02 1.847265520048850007e+01
7.123404000000000451e+02 1.847330907795643995e+01
7.242359999999999900e+02 1.851152808874414646e+01
7.634474099999999908e+02 1.858513739059637615e+01
7.676513599999999542e+02 1.858475422348870509e+01
7.717804499999999734e+02 1.863223743130470211e+01
8.099509500000000344e+02 1.868380164868715809e+01
8.104217399999999998e+02 1.868282821086912193e+01
8.196428200000000288e+02 1.874118257683696243e+01
8.606920400000000200e+02 1.882273152859759691e+01
8.672789599999999837e+02 1.882202371259922558e+01
8.686541499999999587e+02 1.882340321595766497e+01
9.110046399999999949e+02 1.891601719926725167e+01
9.159154099999999517e+02 1.895178658660696058e+01
9.173913000000000011e+02 1.891583197638917113e+01
9.630431700000000319e+02 1.903479493181355409e+01
9.644889399999999569e+02 1.903433391003460073e+01
9.721117900000000418e+02 1.907023661713820317e+01
1.002688899999999990e+03 1.915331874618359720e+01
1.005288000000000011e+03 1.915340626908202637e+01
1.021400399999999991e+03 1.915526409525747908e+01
1.052819300000000112e+03 1.923475269692652034e+01
1.060967699999999923e+03 1.923446773865255466e+01
1.064050700000000006e+03 1.927397313250559563e+01
1.110625900000000001e+03 1.937660289029106409e+01
1.111699399999999969e+03 1.937584571544880774e+01
1.122798800000000028e+03 1.937217585996336311e+01
1.155800700000000006e+03 1.948899399552208678e+01
1.158568199999999933e+03 1.946449369020964681e+01
1.160635399999999890e+03 1.946487329533889721e+01
1.207628300000000081e+03 1.957879554243842790e+01
1.209628899999999931e+03 1.957981630368410109e+01
1.211408699999999953e+03 1.955892937105638296e+01
1.257343900000000076e+03 1.966939242825158018e+01
1.260257800000000088e+03 1.966904742519845328e+01
1.267412100000000009e+03 1.972845410136373090e+01
1.299669900000000098e+03 1.979330348056177513e+01
1.301303599999999960e+03 1.979268878485650163e+01
1.314765699999999924e+03 1.980011194789334183e+01
1.346070500000000038e+03 1.990426317932017142e+01
1.346351899999999887e+03 1.990371717891308734e+01
1.360223099999999931e+03 1.992651180541420786e+01
1.409330999999999904e+03 1.999805973946672211e+01
1.409747200000000021e+03 1.999882607368206777e+01
1.412169399999999996e+03 2.003099023000203616e+01
1.448340799999999945e+03 2.013042998168125663e+01
1.453496399999999994e+03 2.012966008548748320e+01
1.463569600000000037e+03 2.012601923468349341e+01
1.498330099999999902e+03 2.022380164868715724e+01
1.504821300000000065e+03 2.022334113576226144e+01
1.516556700000000092e+03 2.026670771422756090e+01
1.552893499999999904e+03 2.034175300223895988e+01
1.562463700000000017e+03 2.034143395074292471e+01
1.567039299999999912e+03 2.035975931202931122e+01
1.599695999999999913e+03 2.043078465296153112e+01
1.605436300000000074e+03 2.043095461021778902e+01
1.613709000000000060e+03 2.046736566252798539e+01
1.638693500000000085e+03 2.057098666802361109e+01
1.642197200000000066e+03 2.057152096478730030e+01
1.656349899999999934e+03 2.054363576226338495e+01
1.693702999999999975e+03 2.067299816812538182e+01
1.694211099999999988e+03 2.067251984530836495e+01
1.717191600000000108e+03 2.066691227355994087e+01
1.744107799999999997e+03 2.077439293710563817e+01
1.751009800000000041e+03 2.077395176063505033e+01
1.761430699999999888e+03 2.078131233462242733e+01
1.788715699999999970e+03 2.088448758396092231e+01
1.797740500000000111e+03 2.088450590270710450e+01
1.806879300000000057e+03 2.089290606554040508e+01
1.845080099999999902e+03 2.102591797272542351e+01
1.849483899999999949e+03 2.102690362304091209e+01
1.851171900000000051e+03 2.100449572562589040e+01
1.895326900000000023e+03 2.112867952371259861e+01
1.896119099999999889e+03 2.112833604722165504e+01
1.911668799999999919e+03 2.108221249745573189e+01
1.942393100000000004e+03 2.124144921636474592e+01
1.943865700000000061e+03 2.124223285161815511e+01
1.967835499999999911e+03 2.122762568695297958e+01
1.992589899999999943e+03 2.137133930388764469e+01
1.999195799999999963e+03 2.137165275798900765e+01
2.011777399999999943e+03 2.138921636474659138e+01
2.042844599999999900e+03 2.147042336657846562e+01
2.045993899999999940e+03 2.147081620191329066e+01
2.069958200000000033e+03 2.142863169143089763e+01
2.102890499999999975e+03 2.162774679421941570e+01
2.104145700000000033e+03 2.162725320578058330e+01
2.110556500000000142e+03 2.163642326480765377e+01
2.131943299999999908e+03 2.174383879503358230e+01
2.133667300000000068e+03 2.174380419295745881e+01
2.160946199999999862e+03 2.174334571544880745e+01
2.188950800000000072e+03 2.185983818440871218e+01
2.193467999999999847e+03 2.186010685935273656e+01
2.221118599999999788e+03 2.184786433950742790e+01
2.244257999999999811e+03 2.199456035009159294e+01
2.253843299999999999e+03 2.199523916140850943e+01
2.258711899999999787e+03 2.203607266435986389e+01
2.291984800000000178e+03 2.210434408711581611e+01
2.294263800000000174e+03 2.210381996743334199e+01
2.306400099999999838e+03 2.213054192957459776e+01
2.338568999999999960e+03 2.223704406676165490e+01
2.341779899999999998e+03 2.223749236718909117e+01
2.356110400000000027e+03 2.225789029106452332e+01
2.385411099999999806e+03 2.235609861591695591e+01
2.397548400000000129e+03 2.235624771015672607e+01
2.419308399999999892e+03 2.233076989619377173e+01
2.463359199999999873e+03 2.257700844697740550e+01
2.468264999999999873e+03 2.257745674740484532e+01
