1.003186699999999973e+02 -6.234542657583508785e+00
1.264075500000000005e+02 -6.234280232051795601e+00
1.512861100000000079e+02 -6.234633573364518178e+00
1.767378600000000120e+02 -6.234583497902129956e+00
2.000940999999999974e+02 -6.234357557454843324e+00
2.236114300000000128e+02 -6.233844033402454521e+00
2.487816400000000101e+02 -6.233601593540632813e+00
2.725271799999999871e+02 -6.233462555834281993e+00
2.996777000000000157e+02 -6.233366708317901406e+00
3.195254100000000221e+02 -6.232400138292125469e+00
3.540590300000000070e+02 -6.233690375995589505e+00
3.696057299999999941e+02 -6.232021536774833059e+00
4.013174999999999955e+02 -6.232775125762073820e+00
4.192416000000000054e+02 -6.231419650169065960e+00
4.510827800000000138e+02 -6.231926824484370186e+00
4.743220600000000218e+02 -6.231732727743927391e+00
5.047384400000000255e+02 -6.230520046507787235e+00
5.156439800000000560e+02 -6.228736760737555223e+00
5.469225599999999758e+02 -6.228672072049225683e+00
5.690855400000000373e+02 -6.228444489133901918e+00
5.954497999999999820e+02 -6.228247148566001812e+00
6.211316500000000360e+02 -6.227650004494372560e+00
6.508618999999999915e+02 -6.226120518980450491e+00
6.673751499999999623e+02 -6.225283681223128696e+00
6.957065900000000056e+02 -6.223926872238986441e+00
7.216543799999999464e+02 -6.224559683918372777e+00
7.528990099999999757e+02 -6.222779521959694193e+00
7.652684199999999919e+02 -6.221182837747782024e+00
7.968915399999999636e+02 -6.220701927426669720e+00
8.161155499999999847e+02 -6.218404771902265260e+00
8.594312899999999900e+02 -6.218968212051695588e+00
8.705884200000000419e+02 -6.216211905021631345e+00
8.962734299999999621e+02 -6.215708698166015012e+00
9.158709999999999809e+02 -6.211318007461755997e+00
9.437956400000000485e+02 -6.209850435183964734e+00
9.572213600000000042e+02 -6.204356260255997846e+00
1.009980199999999968e+03 -6.200678149379517556e+00
1.010647199999999998e+03 -6.207097783461487772e+00
1.049214500000000044e+03 -6.202038175958285215e+00
1.062139899999999898e+03 -6.196271161504341762e+00
1.094413199999999961e+03 -6.194491818254853399e+00
1.107928799999999910e+03 -6.191436409322238710e+00
1.151511899999999969e+03 -6.191094511828384661e+00
1.164007200000000012e+03 -6.186619218606806747e+00
1.198658100000000104e+03 -6.185737455150681186e+00
1.215110300000000052e+03 -6.180872520484646415e+00
1.239182999999999993e+03 -6.177718630068273598e+00
1.273895099999999957e+03 -6.179224456807292931e+00
1.295153800000000047e+03 -6.173245594928972402e+00
1.307362499999999955e+03 -6.168589859402799469e+00
1.336775699999999915e+03 -6.167545273575298914e+00
1.371696099999999888e+03 -6.167826708610998132e+00
1.399245300000000043e+03 -6.164245488976193954e+00
1.416436500000000024e+03 -6.160543511778763026e+00
1.445289500000000089e+03 -6.159252841140170354e+00
1.469445899999999938e+03 -6.156405038260086116e+00
1.496544300000000021e+03 -6.151961806651445208e+00
1.510217200000000048e+03 -6.149330738862249568e+00
1.555147899999999936e+03 -6.143163296479832169e+00
1.561641599999999926e+03 -6.152859551792591475e+00
1.602010199999999941e+03 -6.144563194056142486e+00
1.629152199999999993e+03 -6.143265774929171918e+00
1.653144199999999955e+03 -6.138907427411057327e+00
1.665218699999999899e+03 -6.134672422897382127e+00
1.706207599999999957e+03 -6.128080288280513876e+00
1.709097099999999955e+03 -6.133313847810367925e+00
1.764653099999999995e+03 -6.132499607515724094e+00
1.774875500000000102e+03 -6.126803709941525788e+00
1.788436799999999948e+03 -6.123941267414346079e+00
1.814187699999999950e+03 -6.122836327897775988e+00
1.844710399999999936e+03 -6.119513436589547162e+00
1.874128300000000081e+03 -6.118338781457970832e+00
1.903730000000000018e+03 -6.114377834021876623e+00
1.917277700000000095e+03 -6.111989689586889263e+00
1.940584000000000060e+03 -6.107919676432673306e+00
1.946565900000000056e+03 -6.104525652601417107e+00
2.003334100000000035e+03 -6.107303336853266984e+00
2.013280500000000075e+03 -6.104546468407021642e+00
2.045723999999999933e+03 -6.100168646109061399e+00
2.075742699999999786e+03 -6.101289041063866492e+00
2.084102300000000014e+03 -6.093477642214419454e+00
2.117429299999999785e+03 -6.093911470780383866e+00
2.144334400000000187e+03 -6.094780571364520227e+00
2.145708999999999833e+03 -6.088130538978388628e+00
2.204875199999999950e+03 -6.091037109803487226e+00
2.218036200000000008e+03 -6.087132854868885445e+00
2.248460700000000088e+03 -6.087722598481005498e+00
2.265776400000000194e+03 -6.083207091563434865e+00
2.298192100000000210e+03 -6.077876122713246509e+00
2.341875500000000102e+03 -6.087855290121444440e+00
2.347572900000000118e+03 -6.076207379496981531e+00
2.358923400000000129e+03 -6.077167864822802912e+00
2.403726000000000113e+03 -6.073401663866218492e+00
2.430137200000000121e+03 -6.076326065387511299e+00
2.475144200000000183e+03 -6.073525081231080591e+00
