1.006883899999999983e+02 -6.242852668665424432e+00
1.259138499999999965e+02 -6.242254066272416857e+00
1.500976699999999937e+02 -6.242453755020654249e+00
1.738871499999999912e+02 -6.241898639268154803e+00
1.992323900000000094e+02 -6.242151783989685399e+00
2.242058499999999981e+02 -6.242011645408023668e+00
2.503640499999999918e+02 -6.241992053971212151e+00
2.737795499999999720e+02 -6.241778889143431819e+00
3.012352900000000204e+02 -6.242091684504978311e+00
3.224655500000000075e+02 -6.241162970829300605e+00
3.505918599999999969e+02 -6.241202856875032623e+00
3.719747699999999782e+02 -6.240558873920698524e+00
3.984399099999999976e+02 -6.239762740054732859e+00
4.207196200000000204e+02 -6.239652348212758604e+00
4.498618000000000166e+02 -6.239404276784816794e+00
4.662744299999999953e+02 -6.238037661234202780e+00
4.991920700000000011e+02 -6.239396600417106420e+00
5.180985899999999447e+02 -6.237754696940683630e+00
5.519716399999999794e+02 -6.238792747498153268e+00
5.676394400000000360e+02 -6.236470297472735069e+00
6.005282799999999952e+02 -6.236395473350244245e+00
6.208341000000000349e+02 -6.235582953664226658e+00
6.549197900000000345e+02 -6.235072067895960579e+00
6.645797599999999647e+02 -6.232199934413267250e+00
6.997320600000000468e+02 -6.232565745210774999e+00
7.225039100000000190e+02 -6.232147511134955131e+00
7.444833300000000236e+02 -6.229445240435808273e+00
7.683873099999999567e+02 -6.228952800726833772e+00
8.021330900000000383e+02 -6.228543335166863315e+00
8.237655799999999999e+02 -6.227020458182962237e+00
8.525993099999999458e+02 -6.224537649342214429e+00
8.693098599999999578e+02 -6.223229733296705035e+00
8.969696199999999635e+02 -6.220862216730308702e+00
9.198841400000000021e+02 -6.219734885636984956e+00
9.468965500000000475e+02 -6.218295579000087336e+00
9.658559500000000071e+02 -6.213932255480428601e+00
1.006117899999999963e+03 -6.215130003778667422e+00
1.018607200000000034e+03 -6.210101561635886114e+00
1.048367199999999912e+03 -6.207123935621722488e+00
1.068821300000000065e+03 -6.206437781020303746e+00
1.092933800000000019e+03 -6.203947039456130241e+00
1.121344299999999976e+03 -6.202125731136188591e+00
1.157710800000000063e+03 -6.199960942608140790e+00
1.171104800000000068e+03 -6.196439027432729674e+00
1.189918899999999894e+03 -6.192752572071453798e+00
1.209061099999999897e+03 -6.188188185209560821e+00
1.252063200000000052e+03 -6.188408992187555135e+00
1.262511700000000019e+03 -6.183496154147156254e+00
1.296103699999999890e+03 -6.181858759163948669e+00
1.315613299999999981e+03 -6.180408383658490656e+00
1.357709599999999909e+03 -6.180156370748466799e+00
1.362423399999999901e+03 -6.175450394067299342e+00
1.399020999999999958e+03 -6.175612803184501232e+00
1.415873599999999897e+03 -6.168697909505336696e+00
1.449001600000000053e+03 -6.167177687276621079e+00
1.463575000000000045e+03 -6.163997816828312715e+00
1.489096000000000004e+03 -6.161155751746682618e+00
1.515494300000000067e+03 -6.157524304622090661e+00
1.552747299999999996e+03 -6.156505140156609990e+00
1.569099200000000110e+03 -6.153694980197723652e+00
1.607335299999999961e+03 -6.146602366410531815e+00
1.617620200000000068e+03 -6.153303554480451965e+00
1.642442700000000059e+03 -6.147561088288183484e+00
1.659628200000000106e+03 -6.140058533110416938e+00
1.681034400000000005e+03 -6.139711635607457474e+00
1.703534000000000106e+03 -6.131574434100701687e+00
1.737866500000000087e+03 -6.135656154771010229e+00
1.748224099999999908e+03 -6.128437097954781976e+00
1.810285100000000057e+03 -6.131438154744511593e+00
1.814177300000000059e+03 -6.127464720096748252e+00
1.845181900000000041e+03 -6.127798365567674210e+00
1.861399699999999939e+03 -6.123436644134176099e+00
1.908997000000000071e+03 -6.122956026670794749e+00
1.915881599999999935e+03 -6.119232067316247026e+00
1.943153900000000021e+03 -6.115126892258720304e+00
1.964128699999999981e+03 -6.116930834420692520e+00
2.008496200000000044e+03 -6.114613824563852162e+00
2.013103499999999940e+03 -6.109638100979505104e+00
2.044905500000000075e+03 -6.104680739808608259e+00
2.063630599999999959e+03 -6.105801827773233548e+00
2.106147500000000036e+03 -6.102237013633088125e+00
2.120195400000000063e+03 -6.107875595877953145e+00
2.149836899999999787e+03 -6.097506761267192488e+00
2.175050900000000183e+03 -6.101359704683004814e+00
2.201873799999999846e+03 -6.098172851083685231e+00
2.211805400000000191e+03 -6.094052498492716019e+00
2.258622299999999996e+03 -6.096350490325608718e+00
2.265538599999999860e+03 -6.090472605148452345e+00
2.287366799999999785e+03 -6.087854892605405688e+00
2.326935500000000047e+03 -6.089263204187192358e+00
2.351385499999999865e+03 -6.081072007006411262e+00
2.357256100000000060e+03 -6.083912694541890431e+00
2.373744599999999991e+03 -6.079773610665955452e+00
2.392455500000000029e+03 -6.077066989382046813e+00
2.430086999999999989e+03 -6.078030978996852518e+00
