9.940145699999999351e+01 -3.860702344158713828e+00
9.972030300000000125e+01 -3.860913308733340710e+00
1.262676199999999938e+02 -3.860519652720179717e+00
1.498775500000000136e+02 -3.860541771254759613e+00
1.507524899999999946e+02 -3.860703081771206691e+00
1.754785300000000063e+02 -3.860287500446052178e+00
1.987998800000000017e+02 -3.860153954853429603e+00
2.000716299999999990e+02 -3.859939780264981302e+00
2.229504699999999957e+02 -3.859476591759769981e+00
2.480004099999999880e+02 -3.859479825432083011e+00
2.495470699999999908e+02 -3.859477673126619379e+00
2.743245999999999754e+02 -3.859197222653700354e+00
2.985971299999999928e+02 -3.858405952987209009e+00
2.994947500000000105e+02 -3.858306181894972209e+00
3.212058299999999917e+02 -3.857509402572848689e+00
3.488926900000000160e+02 -3.857243182553424798e+00
3.494258800000000065e+02 -3.857341637479409613e+00
3.744854700000000207e+02 -3.857028517914437238e+00
3.980430299999999875e+02 -3.855590374781533214e+00
3.999126999999999725e+02 -3.855364531795457239e+00
4.217901600000000144e+02 -3.853434294427557916e+00
4.458564499999999953e+02 -3.851561567985480217e+00
4.501032400000000280e+02 -3.853114515936266304e+00
4.697128999999999905e+02 -3.848401284138887490e+00
4.944405600000000049e+02 -3.847363843985210252e+00
5.041159599999999728e+02 -3.848796890183215247e+00
5.218109399999999596e+02 -3.843655945993290413e+00
5.505592400000000453e+02 -3.842665808564475149e+00
5.509964999999999691e+02 -3.843282156531278915e+00
5.646144600000000082e+02 -3.837395637948126215e+00
5.997660399999999754e+02 -3.837756072299879584e+00
6.004949599999999919e+02 -3.838318367710311652e+00
6.216382300000000214e+02 -3.833136908925302677e+00
6.427651100000000497e+02 -3.831110179007533478e+00
6.472092900000000100e+02 -3.831791705562001216e+00
6.660545100000000502e+02 -3.826069483005670513e+00
6.974659900000000334e+02 -3.825896723361669860e+00
7.036828600000000051e+02 -3.826432057834970202e+00
7.206486700000000383e+02 -3.822090039987701804e+00
7.535584499999999935e+02 -3.821902117161378065e+00
7.578113399999999729e+02 -3.823078105547887517e+00
7.687365899999999783e+02 -3.817351411235999858e+00
7.907390000000000327e+02 -3.814239706339848990e+00
7.936065399999999954e+02 -3.816042288548605388e+00
8.112447399999999789e+02 -3.810452358657478111e+00
8.492484299999999848e+02 -3.811137795781540660e+00
8.516480400000000373e+02 -3.811835285015971575e+00
8.705703200000000379e+02 -3.809141838064484364e+00
8.956272000000000162e+02 -3.807062904944957804e+00
9.065545899999999619e+02 -3.807967183161421243e+00
9.155740200000000186e+02 -3.803573157722946352e+00
9.523425999999999476e+02 -3.803243029311009771e+00
9.527295900000000302e+02 -3.802499393898026714e+00
9.684844200000000001e+02 -3.800323094397028534e+00
1.000025800000000004e+03 -3.797831891250045722e+00
1.001317699999999945e+03 -3.800112494329519919e+00
1.013522299999999973e+03 -3.796876622950693392e+00
1.043658100000000104e+03 -3.794634506137424257e+00
1.049040099999999939e+03 -3.796168339424645044e+00
1.066716799999999921e+03 -3.794541090007779172e+00
1.096921199999999999e+03 -3.786324544012801052e+00
1.098561799999999948e+03 -3.794009103283749518e+00
1.102610300000000052e+03 -3.793935784233239961e+00
1.140091400000000021e+03 -3.787010444662157749e+00
1.155208000000000084e+03 -3.791318142468598218e+00
1.164021700000000010e+03 -3.787692476610173387e+00
1.198873599999999897e+03 -3.787832500609960018e+00
1.208608300000000099e+03 -3.788042326254932757e+00
1.219575499999999920e+03 -3.785881483977184825e+00
1.249162499999999909e+03 -3.783516013725662930e+00
1.250190700000000106e+03 -3.784461602035726457e+00
1.266325100000000020e+03 -3.783748989693762166e+00
1.296184099999999944e+03 -3.781948035921196993e+00
1.300010500000000093e+03 -3.782509035808953257e+00
1.312681199999999990e+03 -3.780385060926086727e+00
1.356018000000000029e+03 -3.781720992115832125e+00
1.363082599999999957e+03 -3.782959758081115176e+00
1.365134000000000015e+03 -3.779883887979978763e+00
1.404165899999999965e+03 -3.778838648952692836e+00
1.414010899999999992e+03 -3.780511041857367971e+00
1.421946099999999888e+03 -3.779922412401772736e+00
1.445954300000000103e+03 -3.778014874115221300e+00
1.457458900000000085e+03 -3.774862744682448312e+00
1.459556000000000040e+03 -3.777871709498857200e+00
1.484887899999999945e+03 -3.770008083765493012e+00
1.495326900000000023e+03 -3.772190082682354451e+00
1.511311500000000024e+03 -3.773472124884400980e+00
1.543627700000000004e+03 -3.771220206354355398e+00
1.557981399999999894e+03 -3.774353425098731396e+00
1.558935899999999947e+03 -3.770847434539944310e+00
1.600395099999999957e+03 -3.771306303778065416e+00
1.601335100000000011e+03 -3.770717895842820688e+00
1.609549700000000030e+03 -3.770474955021995811e+00
1.646526599999999917e+03 -3.769195882780167928e+00
1.659552599999999984e+03 -3.773064329937517059e+00
1.667458200000000033e+03 -3.771449678661025651e+00
1.687066700000000083e+03 -3.768135546532760394e+00
1.694574499999999944e+03 -3.769221485712836994e+00
1.704303400000000011e+03 -3.766206933863771145e+00
1.731607600000000048e+03 -3.765780369930848082e+00
1.763918899999999894e+03 -3.769061328760718865e+00
1.765829799999999977e+03 -3.767771444774386858e+00
1.792163800000000037e+03 -3.767034579786061599e+00
1.802379200000000083e+03 -3.766010849775838221e+00
1.824569899999999961e+03 -3.768122358536157623e+00
1.851696899999999914e+03 -3.766243156053865171e+00
1.852620400000000018e+03 -3.764937170917895148e+00
1.869055399999999963e+03 -3.767783950914392221e+00
1.897539299999999912e+03 -3.764919893958214026e+00
1.911072400000000016e+03 -3.763651524898481870e+00
1.914146700000000010e+03 -3.767594928925837916e+00
1.947692500000000109e+03 -3.764157986007753642e+00
1.953572200000000066e+03 -3.762507132323133163e+00
1.969417999999999893e+03 -3.764623534176343433e+00
1.986858099999999922e+03 -3.761751778830953796e+00
1.993050700000000006e+03 -3.759279973974159805e+00
2.012016100000000051e+03 -3.761940082298563581e+00
2.052608200000000124e+03 -3.763245621408834118e+00
2.054044499999999971e+03 -3.760275746906461158e+00
2.070258899999999812e+03 -3.763784609969551109e+00
2.084182899999999790e+03 -3.756481126995615760e+00
2.105369400000000041e+03 -3.759770695440886712e+00
2.111285899999999856e+03 -3.758529721663840917e+00
2.149305299999999988e+03 -3.757388312340030012e+00
2.157660300000000007e+03 -3.758857324136166689e+00
2.173135200000000168e+03 -3.763953914637196974e+00
2.182031500000000051e+03 -3.753579248360828569e+00
2.184786200000000008e+03 -3.753490507748085125e+00
2.209791999999999916e+03 -3.756348298192038193e+00
2.231864799999999832e+03 -3.757174798653946546e+00
2.252401600000000144e+03 -3.756251169588347594e+00
2.254774699999999939e+03 -3.754588813398114233e+00
2.302133600000000115e+03 -3.754150930756266824e+00
2.302596399999999903e+03 -3.753731697319918403e+00
2.323870800000000145e+03 -3.760253993736022871e+00
2.349832699999999932e+03 -3.758124373343008084e+00
2.350802799999999934e+03 -3.757439584430808388e+00
2.354839399999999841e+03 -3.758993862716156986e+00
2.397333900000000085e+03 -3.753848863266381564e+00
2.397391599999999926e+03 -3.754689395578544531e+00
2.413702999999999975e+03 -3.754839201142418315e+00
2.444490299999999934e+03 -3.753903002417050772e+00
