1.037170100000000019e+02 1.701501272135151765e+01
1.281072100000000091e+02 1.705151485853857096e+01
1.527596299999999871e+02 1.709908406269082093e+01
1.770075099999999964e+02 1.714167107673519297e+01
2.005854699999999866e+02 1.718670669651943683e+01
2.275052200000000084e+02 1.722842814980663562e+01
2.527850200000000029e+02 1.729058874414818092e+01
2.763224500000000035e+02 1.733257531040097632e+01
2.984345299999999952e+02 1.738812690820272522e+01
3.266648400000000265e+02 1.743286332179930653e+01
3.533539499999999975e+02 1.747972369224506650e+01
3.769803999999999746e+02 1.753992367189090373e+01
3.993716499999999883e+02 1.761040097699979512e+01
4.253149300000000039e+02 1.768536179523712448e+01
4.480390400000000000e+02 1.775846580500712335e+01
4.747835200000000100e+02 1.782825717484225336e+01
5.009608299999999872e+02 1.790860573987380278e+01
5.222604999999999791e+02 1.797366222267453395e+01
5.462353000000000520e+02 1.805275595359250929e+01
5.724587599999999838e+02 1.814682017097496569e+01
6.003028399999999465e+02 1.819445043761449199e+01
6.173794299999999566e+02 1.830890596376958968e+01
6.472292300000000296e+02 1.835393191532668311e+01
6.721380500000000211e+02 1.844197333604721933e+01
6.951327800000000252e+02 1.851596733156930341e+01
7.222647500000000491e+02 1.858447079177691919e+01
7.455397100000000137e+02 1.868059841237533192e+01
7.748502099999999473e+02 1.873021626297578024e+01
7.970560199999999895e+02 1.881635914919601049e+01
8.163440699999999879e+02 1.888655098717687864e+01
8.528259399999999459e+02 1.894936138815387494e+01
8.687838400000000547e+02 1.903364695705271714e+01
8.991081100000000106e+02 1.910035823325869941e+01
9.109106900000000451e+02 1.918659423977203460e+01
9.385963500000000295e+02 1.925209749643801871e+01
9.763509500000000116e+02 1.932065947486260882e+01
1.001451299999999947e+03 1.937708528394056628e+01
1.013299099999999953e+03 1.942574801546916419e+01
1.054532500000000027e+03 1.952240433543659748e+01
1.067984999999999900e+03 1.956275493588438863e+01
1.091122599999999920e+03 1.963459749643802255e+01
1.118935199999999895e+03 1.968797781396295576e+01
1.146898400000000038e+03 1.980717433340118205e+01
1.158218399999999974e+03 1.986439649908406224e+01
1.203462899999999991e+03 1.993489822918786913e+01
1.218279800000000023e+03 1.995513230205576960e+01
1.248799600000000055e+03 2.000684561367799930e+01
1.266619599999999991e+03 2.005068440871158231e+01
1.295510800000000017e+03 2.015396244657032199e+01
1.321468699999999899e+03 2.019378078567066837e+01
1.340889400000000023e+03 2.024259922654182731e+01
1.369719599999999900e+03 2.032634744555261719e+01
1.391730199999999968e+03 2.039090983106045130e+01
1.410996000000000095e+03 2.046079584775086602e+01
1.439215300000000070e+03 2.050919499287604353e+01
1.467634099999999989e+03 2.054066456340321523e+01
1.503879200000000083e+03 2.063074750661510492e+01
1.508560500000000047e+03 2.068088642377366426e+01
1.536570200000000114e+03 2.078544830042743641e+01
1.565936899999999923e+03 2.082516792184001631e+01
1.603184500000000071e+03 2.086697180948504027e+01
1.610705899999999929e+03 2.091047119886016858e+01
1.641040099999999939e+03 2.099498676979442280e+01
1.668987100000000055e+03 2.104231935680846632e+01
1.694155700000000024e+03 2.112714024017911640e+01
1.716439000000000078e+03 2.115435782617545257e+01
1.756982999999999947e+03 2.125395277834316943e+01
1.764593000000000075e+03 2.119859301852228839e+01
1.801575199999999995e+03 2.135843781803378860e+01
1.812076999999999998e+03 2.137953796051292343e+01
1.847699499999999944e+03 2.141022084266232284e+01
1.877139200000000073e+03 2.149880673722776336e+01
1.905025599999999940e+03 2.150851211072664526e+01
1.911776299999999992e+03 2.160717738652554587e+01
1.944790799999999990e+03 2.165694534907388302e+01
1.959286900000000060e+03 2.171873804192957635e+01
1.993862599999999929e+03 2.178374414817830385e+01
2.017955899999999929e+03 2.184899552208426599e+01
2.047707200000000057e+03 2.190915835538367773e+01
2.049989599999999882e+03 2.190456849175656373e+01
2.105576799999999821e+03 2.204141563199674536e+01
2.105944199999999910e+03 2.208036688377773160e+01
2.159085399999999936e+03 2.211702727457765150e+01
2.165197999999999865e+03 2.214666446163240465e+01
2.220766999999999825e+03 2.225621361693466227e+01
2.225575499999999920e+03 2.229348107062894258e+01
2.254249400000000151e+03 2.233515520048849723e+01
2.269955500000000029e+03 2.239692855688988260e+01
2.302960300000000188e+03 2.244533431711785099e+01
2.305496799999999894e+03 2.253767046611032043e+01
2.352837799999999788e+03 2.260942550376551807e+01
2.366163900000000012e+03 2.256136474659067659e+01
2.407069700000000012e+03 2.270622735599430086e+01
2.410846000000000004e+03 2.262646346427844435e+01
2.449135099999999966e+03 2.277038876450233928e+01
