1.221181299999999936e+02 3.570659678404233972e+01
1.321758700000000033e+02 3.571600447791573885e+01
1.700267399999999895e+02 3.573303785874211513e+01
1.705893800000000056e+02 3.573813403215957862e+01
1.791259200000000078e+02 3.575978577244046619e+01
2.187802700000000016e+02 3.577792489314064994e+01
2.188951199999999915e+02 3.578048290250356445e+01
2.280985900000000015e+02 3.578557093425605728e+01
2.647046199999999772e+02 3.582271677182983893e+01
2.651493800000000078e+02 3.582307805821290714e+01
2.739168999999999983e+02 3.583050987176878266e+01
3.167815699999999879e+02 3.586691074699776038e+01
3.179429400000000214e+02 3.586553531447180632e+01
3.233308400000000233e+02 3.587430185222878265e+01
3.611169499999999744e+02 3.589839965397924004e+01
3.620965899999999920e+02 3.589783787909627932e+01
3.707856400000000008e+02 3.590074445349074495e+01
4.118783300000000054e+02 3.595497201302666213e+01
4.139774499999999762e+02 3.595204813759414009e+01
4.219397299999999973e+02 3.595592560553632921e+01
4.634747499999999718e+02 3.596187461835945243e+01
4.634906599999999912e+02 3.596431966212090714e+01
4.730790900000000079e+02 3.596452473030734609e+01
5.125986100000000079e+02 3.601118155912884333e+01
5.129314900000000534e+02 3.601238347242011173e+01
5.175257500000000164e+02 3.602324547119885523e+01
5.598456300000000283e+02 3.603848005292081780e+01
5.602447300000000041e+02 3.603730205577041090e+01
5.680010999999999513e+02 3.604224913494810068e+01
6.056524500000000444e+02 3.607109963362507443e+01
6.069391699999999901e+02 3.607187512721351652e+01
6.160249400000000151e+02 3.605982342764095705e+01
6.565625599999999622e+02 3.610708019539995917e+01
6.580648800000000165e+02 3.610762517809892103e+01
6.623555900000000065e+02 3.611250712395684559e+01
7.051813499999999522e+02 3.616254528801139401e+01
7.054648999999999432e+02 3.616184408711581710e+01
7.118439300000000003e+02 3.616116476694483595e+01
7.571747800000000552e+02 3.620661713820476280e+01
7.589057099999999991e+02 3.620605332790555764e+01
7.678983100000000377e+02 3.619847496438021750e+01
8.126821099999999660e+02 3.625012365153673954e+01
8.136875900000000001e+02 3.623144361897007570e+01
8.144694500000000517e+02 3.623220842662324515e+01
8.605070100000000366e+02 3.629230002035416192e+01
8.606338299999999890e+02 3.629027376348462752e+01
8.653941700000000310e+02 3.625516079788317114e+01
9.058261400000000094e+02 3.632144616324038822e+01
9.064510699999999588e+02 3.632214990840626712e+01
9.220684899999999971e+02 3.631323783838794839e+01
9.515203599999999824e+02 3.637770761245674578e+01
9.515795600000000150e+02 3.637552259312029435e+01
9.695515500000000202e+02 3.633839253002238934e+01
1.007957199999999943e+03 3.640125737838388176e+01
1.009707599999999957e+03 3.640096834927742719e+01
1.020742499999999950e+03 3.640426775900672141e+01
1.051497200000000021e+03 3.645994453490738607e+01
1.054179599999999937e+03 3.645853144718095251e+01
1.059012500000000045e+03 3.643539690616731264e+01
1.104901499999999942e+03 3.652545745980052772e+01
1.106238399999999956e+03 3.652282617545287735e+01
1.115763300000000072e+03 3.647523967026256742e+01
1.155473099999999931e+03 3.654906167311215626e+01
1.157996399999999994e+03 3.655112100549562371e+01
1.172245400000000018e+03 3.651871717891308577e+01
1.208542899999999918e+03 3.659406727050681951e+01
1.209182900000000018e+03 3.658987482190107698e+01
1.210144999999999982e+03 3.658969570527172266e+01
1.247557199999999966e+03 3.664422450641156104e+01
1.251145800000000008e+03 3.664361642580907841e+01
1.260534499999999980e+03 3.662429472827193422e+01
1.305178000000000111e+03 3.669894565438632128e+01
1.307845000000000027e+03 3.669818695298188516e+01
1.317560300000000097e+03 3.668960818237329846e+01
1.349309199999999919e+03 3.672282515774475797e+01
1.353109099999999899e+03 3.672332688784856458e+01
1.359082599999999957e+03 3.676705627925910846e+01
1.404908699999999953e+03 3.679766079788316802e+01
1.405486100000000079e+03 3.679780887441481951e+01
1.420866500000000087e+03 3.681403572155505799e+01
1.450675099999999929e+03 3.684467891308772636e+01
1.458683999999999969e+03 3.684536637492367106e+01
1.460336600000000089e+03 3.688239110523102227e+01
1.503862699999999904e+03 3.689995827396702310e+01
1.507088999999999942e+03 3.689976032973743258e+01
1.508348999999999933e+03 3.691486362711174252e+01
1.544055800000000090e+03 3.696491756564217468e+01
1.549205300000000079e+03 3.696521880724608167e+01
1.566167200000000093e+03 3.697559027071036297e+01
1.600530899999999974e+03 3.697989364950132085e+01
1.603591200000000072e+03 3.698124313047018319e+01
1.609017700000000104e+03 3.704999796458375982e+01
1.656029899999999998e+03 3.707651231426827110e+01
1.657565100000000029e+03 3.710620954610217836e+01
1.661761299999999892e+03 3.707634998982292274e+01
1.704805900000000065e+03 3.716632709139019397e+01
1.708716499999999996e+03 3.716521778953796229e+01
1.730066100000000006e+03 3.715280276816609017e+01
1.754819999999999936e+03 3.721427132098514079e+01
1.756451099999999997e+03 3.721387237940158599e+01
1.758042300000000068e+03 3.721473895786688502e+01
1.802327299999999923e+03 3.729693211886831250e+01
1.814980299999999943e+03 3.726585894565438650e+01
1.815271199999999908e+03 3.726608385914919097e+01
1.831422800000000052e+03 3.736219366985548618e+01
1.835317399999999907e+03 3.736069509464685723e+01
1.865294399999999996e+03 3.734505292082230454e+01
1.899564699999999903e+03 3.740673264807652743e+01
1.904058399999999892e+03 3.740671178506003969e+01
1.920463299999999890e+03 3.744321086912273699e+01
1.956766399999999976e+03 3.744968909016893832e+01
1.964106800000000021e+03 3.745094595969875684e+01
1.964113299999999981e+03 3.754433034805617808e+01
2.007023999999999887e+03 3.760100244249949242e+01
2.008683899999999994e+03 3.759850091593730781e+01
2.024684400000000096e+03 3.749923977203338410e+01
2.047366600000000062e+03 3.762132658253613471e+01
2.050269600000000082e+03 3.763646855281905346e+01
2.054498099999999795e+03 3.763614085080399008e+01
2.106097600000000057e+03 3.768860319560350547e+01
2.114418200000000070e+03 3.768873855078363277e+01
2.120666600000000017e+03 3.770519641766741614e+01
2.146316299999999956e+03 3.774204813759413923e+01
2.157342500000000200e+03 3.780819611235497746e+01
2.159358799999999974e+03 3.774281345410136623e+01
2.181856200000000172e+03 3.789509464685528428e+01
2.188503799999999956e+03 3.789302513739059464e+01
2.217978799999999865e+03 3.780092764095257252e+01
2.235608299999999872e+03 3.789345359250967249e+01
2.236108000000000175e+03 3.789314522694890996e+01
2.248313700000000154e+03 3.796340983106045286e+01
2.297076399999999921e+03 3.803883523305515979e+01
2.303902300000000196e+03 3.800660543456137219e+01
2.305754199999999855e+03 3.800643649501323296e+01
2.343782999999999902e+03 3.806393140647262641e+01
2.350577200000000175e+03 3.806399501323020473e+01
2.362024300000000039e+03 3.807742418074496271e+01
2.393226400000000012e+03 3.812446010584164213e+01
2.397270799999999781e+03 3.815886271117443584e+01
2.405231600000000071e+03 3.815843883574191153e+01
2.442554999999999836e+03 3.815169295745980094e+01
2.457458399999999983e+03 3.814981477712192515e+01
