1.023761200000000002e+02 -4.404025444953426849e+00
1.284410200000000088e+02 -4.404300276251076340e+00
1.512076199999999915e+02 -4.403942307172480142e+00
1.758763500000000022e+02 -4.403777684547221405e+00
1.990667500000000132e+02 -4.403392292692930532e+00
2.232715699999999970e+02 -4.403062095887448457e+00
2.483109599999999944e+02 -4.403003829530714341e+00
2.730295199999999909e+02 -4.402816825366117293e+00
2.975877300000000218e+02 -4.402361723935497295e+00
3.208943600000000060e+02 -4.401922368044816736e+00
3.464939100000000280e+02 -4.401641165370673292e+00
3.721248100000000250e+02 -4.401553442829973406e+00
3.968867200000000253e+02 -4.400777859222137600e+00
4.211669400000000110e+02 -4.400523942930961496e+00
4.447525099999999725e+02 -4.399305691052656009e+00
4.680237700000000132e+02 -4.398517836539742376e+00
4.963018000000000143e+02 -4.398231180927268724e+00
5.198382199999999784e+02 -4.397499154201908844e+00
5.490234299999999621e+02 -4.397031950423205160e+00
5.748958800000000338e+02 -4.397277180185168888e+00
5.970517300000000205e+02 -4.395200054043248095e+00
6.220523299999999836e+02 -4.394771389253487648e+00
6.484104399999999941e+02 -4.393323374725456532e+00
6.747835800000000290e+02 -4.393482797553001085e+00
6.981725300000000516e+02 -4.391134893996192723e+00
7.232332300000000487e+02 -4.390201666517568491e+00
7.479147699999999759e+02 -4.387468759766009363e+00
7.650489900000000034e+02 -4.384860590675301317e+00
7.949493199999999433e+02 -4.383765619719054207e+00
8.188841300000000274e+02 -4.382230671856055970e+00
8.457395699999999579e+02 -4.379816580179085150e+00
8.677861299999999574e+02 -4.378249160909235549e+00
9.105121699999999691e+02 -4.379576089177508180e+00
9.217794000000000096e+02 -4.375999883699500437e+00
9.433350000000000364e+02 -4.372300961808580411e+00
9.701174499999999625e+02 -4.371661456900232778e+00
9.963228500000000167e+02 -4.369374146984359442e+00
1.015432699999999954e+03 -4.365986467225270395e+00
1.051387899999999945e+03 -4.364310301626368016e+00
1.066794000000000096e+03 -4.360682307667408608e+00
1.104769500000000107e+03 -4.360575295299645937e+00
1.109068199999999933e+03 -4.355252796745754829e+00
1.143719599999999900e+03 -4.355272444861816084e+00
1.165124399999999923e+03 -4.352949152457243009e+00
1.202725599999999986e+03 -4.352550027013655232e+00
1.214034100000000080e+03 -4.347735610131224782e+00
1.249922000000000025e+03 -4.346917936637053614e+00
1.261104800000000068e+03 -4.341266627302977632e+00
1.307476200000000063e+03 -4.341004252098744409e+00
1.310912900000000036e+03 -4.337760303643421800e+00
1.340084800000000087e+03 -4.334700609504114510e+00
1.355325800000000072e+03 -4.331341250822488220e+00
1.389985599999999977e+03 -4.329217894442281001e+00
1.413035000000000082e+03 -4.327197638905490251e+00
1.451296700000000101e+03 -4.326351415261349587e+00
1.451417300000000068e+03 -4.321609439902615257e+00
1.500090999999999894e+03 -4.324230520910233189e+00
1.510463199999999915e+03 -4.319035134678447463e+00
1.538323799999999892e+03 -4.316257092680249485e+00
1.551167599999999993e+03 -4.312124437917263187e+00
1.610829199999999901e+03 -4.315104021495917763e+00
1.611689599999999928e+03 -4.312242236678581975e+00
1.648621900000000096e+03 -4.307777504589257234e+00
1.669914800000000014e+03 -4.309788809147796940e+00
1.706263699999999972e+03 -4.306756301526260877e+00
1.717315599999999904e+03 -4.305392747702431855e+00
1.743613499999999931e+03 -4.300990891688236673e+00
1.770804499999999962e+03 -4.301455885609776431e+00
1.782327500000000100e+03 -4.295904839017011589e+00
1.820734699999999975e+03 -4.297634088761742355e+00
1.861482400000000098e+03 -4.297199525867838155e+00
1.863826099999999997e+03 -4.293065799601398780e+00
1.896674600000000055e+03 -4.288587864107169523e+00
1.914475799999999936e+03 -4.288146525230699169e+00
1.965610500000000002e+03 -4.287844644007112294e+00
1.976649300000000039e+03 -4.291760473773980955e+00
1.985830999999999904e+03 -4.281982843710213871e+00
2.028431900000000041e+03 -4.286864485726852081e+00
2.051088999999999942e+03 -4.280301025734299714e+00
2.057507099999999809e+03 -4.277050452187206808e+00
2.107488499999999931e+03 -4.280647244703231991e+00
2.119401100000000042e+03 -4.277489355895671252e+00
2.137698300000000017e+03 -4.275515139698461198e+00
2.172033199999999852e+03 -4.275292066609345021e+00
2.191807999999999993e+03 -4.267322117060448505e+00
2.214359899999999925e+03 -4.274167039849390726e+00
2.239282799999999952e+03 -4.265512863678416089e+00
2.257787499999999909e+03 -4.267773238866292118e+00
2.263832600000000184e+03 -4.260864869593427251e+00
2.326984199999999873e+03 -4.267304086392533335e+00
2.344562300000000050e+03 -4.260390152123306073e+00
2.369340400000000045e+03 -4.269930579721165742e+00
2.409792899999999918e+03 -4.261222673457838894e+00
2.437880500000000211e+03 -4.265927140026104958e+00
2.466615299999999934e+03 -4.261268592977460301e+00
