1.003354300000000023e+02 -3.862760759968064672e+00
1.272797900000000055e+02 -3.862688351179590196e+00
1.489731299999999976e+02 -3.862295035785521247e+00
1.754595700000000136e+02 -3.862164544766505614e+00
2.013556199999999876e+02 -3.862348503320691684e+00
2.234077000000000055e+02 -3.861456590054888505e+00
2.459975900000000024e+02 -3.860981087729808081e+00
2.748781000000000176e+02 -3.861323724780954425e+00
2.986984699999999862e+02 -3.860608571097615904e+00
3.225705500000000256e+02 -3.860188487086751330e+00
3.478028100000000222e+02 -3.859730712443901979e+00
3.731198400000000106e+02 -3.859301162324091816e+00
4.042932099999999878e+02 -3.859019573962323868e+00
4.195945100000000139e+02 -3.857305256504240720e+00
4.513693900000000099e+02 -3.857256618040967755e+00
4.701326799999999935e+02 -3.856175793820873388e+00
4.997185200000000123e+02 -3.856098136855399705e+00
5.183394500000000562e+02 -3.854194228446535142e+00
5.524421300000000201e+02 -3.855150893897532072e+00
5.715856800000000248e+02 -3.853018415166357791e+00
6.014296500000000378e+02 -3.852929228190466127e+00
6.151819600000000037e+02 -3.848695343242941824e+00
6.504429999999999836e+02 -3.849187423443653611e+00
6.630553099999999631e+02 -3.845796725250307357e+00
6.996753700000000435e+02 -3.846276766493033961e+00
7.161922799999999825e+02 -3.842132611128634245e+00
7.457546700000000328e+02 -3.841632242166430622e+00
7.714861200000000281e+02 -3.838611476554464108e+00
7.931131699999999682e+02 -3.836258015530420007e+00
8.189989000000000487e+02 -3.833106515603476261e+00
8.480780399999999872e+02 -3.831788615633290540e+00
8.671144500000000335e+02 -3.826786794462742503e+00
9.028447099999999637e+02 -3.827752202614316701e+00
9.148196400000000494e+02 -3.821320482308923072e+00
9.616562000000000126e+02 -3.821972528758024623e+00
9.692575299999999743e+02 -3.815596539021045785e+00
9.953457600000000411e+02 -3.812355927946811995e+00
1.027035900000000083e+03 -3.812420737686585070e+00
1.066428900000000112e+03 -3.810655192555451265e+00
1.075019800000000032e+03 -3.805464702733639903e+00
1.104793699999999944e+03 -3.804092949812401425e+00
1.109659799999999905e+03 -3.796076762973705776e+00
1.141212800000000016e+03 -3.792880696944287866e+00
1.158961199999999963e+03 -3.790282720225577329e+00
1.211883199999999988e+03 -3.793091222594027201e+00
1.215559099999999944e+03 -3.786843164614676738e+00
1.258094599999999900e+03 -3.789008428637489878e+00
1.262651699999999892e+03 -3.781276240685687906e+00
1.297378999999999905e+03 -3.772115327275380459e+00
1.310249900000000025e+03 -3.781339159370785907e+00
1.354793100000000095e+03 -3.770602936819172246e+00
1.359392700000000104e+03 -3.775374001381780253e+00
1.401925300000000107e+03 -3.772358483130197726e+00
1.418680599999999913e+03 -3.768795954291487060e+00
1.435172600000000102e+03 -3.764213189442439322e+00
1.462047000000000025e+03 -3.762030083162092975e+00
1.511865900000000011e+03 -3.764308507552562855e+00
1.514892700000000104e+03 -3.757245839903781803e+00
1.541050999999999931e+03 -3.751906561312650989e+00
1.571482299999999896e+03 -3.753088537112136081e+00
1.623836499999999887e+03 -3.753211222769803790e+00
1.626912499999999909e+03 -3.752165650445467016e+00
1.652838999999999942e+03 -3.748525250114679963e+00
1.666348099999999931e+03 -3.744328785675442806e+00
1.698937599999999975e+03 -3.744187872763536706e+00
1.721476799999999912e+03 -3.737979441110066414e+00
1.748963199999999915e+03 -3.737030164727440873e+00
1.766302300000000059e+03 -3.736528747069900014e+00
1.791299700000000030e+03 -3.732085007102733165e+00
1.814442999999999984e+03 -3.731170952089164050e+00
1.837084299999999985e+03 -3.726233012611298356e+00
1.849388099999999895e+03 -3.723675188198611430e+00
1.911850100000000111e+03 -3.726947629770241743e+00
1.928079500000000053e+03 -3.725379717263352930e+00
1.950139699999999948e+03 -3.713956166154989802e+00
1.954143900000000031e+03 -3.719442430699378743e+00
2.007308199999999943e+03 -3.714531005781897210e+00
2.017420599999999922e+03 -3.717463143641360102e+00
2.043866899999999987e+03 -3.710689719150396915e+00
2.080386500000000069e+03 -3.711957498011460466e+00
2.104642699999999877e+03 -3.707499733154911770e+00
2.117566400000000158e+03 -3.705474188437559047e+00
2.169521900000000187e+03 -3.707332037501624988e+00
2.183808700000000044e+03 -3.705635575756252464e+00
2.212702499999999873e+03 -3.697954272188526126e+00
2.221622199999999793e+03 -3.703144580578252576e+00
2.240238600000000133e+03 -3.695378723545194699e+00
2.274317000000000007e+03 -3.695970929759505808e+00
2.295170700000000124e+03 -3.689898409451156436e+00
2.324580100000000130e+03 -3.691259161215434847e+00
2.361939800000000105e+03 -3.691653750170876602e+00
2.366082300000000032e+03 -3.687973142331727239e+00
2.408957100000000082e+03 -3.681171827431392263e+00
2.413606600000000071e+03 -3.684447904899519344e+00
2.450939899999999852e+03 -3.678533613158958104e+00
