1.003101699999999994e+02 -6.235937264560781124e+00
1.260243799999999936e+02 -6.235642094986405759e+00
1.495308100000000024e+02 -6.235768944599676900e+00
1.751422200000000089e+02 -6.235548461136726672e+00
2.007596100000000092e+02 -6.235628220956436429e+00
2.236787600000000111e+02 -6.235297934561158328e+00
2.482869100000000060e+02 -6.234859305593216661e+00
2.703175100000000270e+02 -6.234234686867092812e+00
3.003070799999999849e+02 -6.234682478879672196e+00
3.220692300000000046e+02 -6.234273927612004051e+00
3.532878600000000233e+02 -6.234433410917699092e+00
3.732613000000000056e+02 -6.234099792391655903e+00
4.071743399999999724e+02 -6.234208836564318013e+00
4.218411800000000085e+02 -6.233064622318077674e+00
4.471767600000000016e+02 -6.231904217427089776e+00
4.724119499999999903e+02 -6.232266302629011712e+00
5.051452100000000200e+02 -6.231808799196255855e+00
5.228108099999999467e+02 -6.231181835103575928e+00
5.536047399999999925e+02 -6.230314061132557590e+00
5.668161900000000060e+02 -6.228627204318123667e+00
5.986007899999999609e+02 -6.229150791674675780e+00
6.184684300000000121e+02 -6.227365030372425281e+00
6.526283600000000433e+02 -6.227031081881007069e+00
6.700059800000000223e+02 -6.226186172379829742e+00
7.002776800000000321e+02 -6.224583452619220303e+00
7.195210399999999709e+02 -6.223557837212026378e+00
7.582497600000000375e+02 -6.224269147861453355e+00
7.667178699999999480e+02 -6.220241652829027856e+00
8.140243900000000394e+02 -6.222723721688619314e+00
8.198892799999999852e+02 -6.219033826623149963e+00
8.501556600000000117e+02 -6.217820022601148189e+00
8.616514499999999543e+02 -6.213339236613471428e+00
8.899441500000000360e+02 -6.212397814562763187e+00
9.178903500000000122e+02 -6.211697570503011079e+00
9.527352300000000014e+02 -6.209725103934844448e+00
9.692783899999999448e+02 -6.207129766063466114e+00
9.971394599999999855e+02 -6.205684432583669974e+00
1.017169300000000021e+03 -6.203358474165269421e+00
1.048780700000000024e+03 -6.202097513840201692e+00
1.062382700000000114e+03 -6.196640260282761048e+00
1.101832200000000057e+03 -6.196478472757912748e+00
1.117018399999999929e+03 -6.192930359357061931e+00
1.139573399999999992e+03 -6.189852767864663541e+00
1.170535599999999931e+03 -6.188861082052776297e+00
1.196691499999999905e+03 -6.184432184438655611e+00
1.216833000000000084e+03 -6.182648017246434868e+00
1.242720299999999952e+03 -6.177861669786425480e+00
1.264509600000000091e+03 -6.176565063041594250e+00
1.296700000000000045e+03 -6.176329014728165312e+00
1.322827299999999923e+03 -6.173037645081121738e+00
1.353435699999999997e+03 -6.161474645546231699e+00
1.359373599999999897e+03 -6.169794262104601579e+00
1.416007499999999936e+03 -6.167003439223044836e+00
1.416588199999999915e+03 -6.160806625035646356e+00
1.452050400000000081e+03 -6.157428004033065783e+00
1.465179799999999886e+03 -6.156100049643408845e+00
1.498098099999999931e+03 -6.152439314141087578e+00
1.517342599999999948e+03 -6.150148473397740290e+00
1.542649400000000014e+03 -6.147296321363000082e+00
1.556185600000000022e+03 -6.144484381640896942e+00
1.592214999999999918e+03 -6.143160087004099879e+00
1.618855499999999893e+03 -6.143506376544149106e+00
1.653496499999999969e+03 -6.142340148591321380e+00
1.654024699999999939e+03 -6.133751378229197471e+00
1.686192700000000059e+03 -6.132532030419287850e+00
1.714269600000000082e+03 -6.130836672000997467e+00
1.752709299999999985e+03 -6.126927163048430103e+00
1.768900000000000091e+03 -6.127093851968020033e+00
1.798021899999999960e+03 -6.124594455932591330e+00
1.813982199999999921e+03 -6.120430260880006301e+00
1.842901399999999967e+03 -6.121791550585462538e+00
1.852699100000000044e+03 -6.113272649754497579e+00
1.894437500000000000e+03 -6.113617100967168483e+00
1.917641399999999976e+03 -6.111842516453042329e+00
1.942966799999999921e+03 -6.107096129534244078e+00
1.959766399999999976e+03 -6.106966333404320046e+00
2.009843800000000101e+03 -6.104139897831201367e+00
2.015883700000000090e+03 -6.109866811570095813e+00
2.036948200000000043e+03 -6.100587694240040548e+00
2.091342500000000200e+03 -6.105748828497175040e+00
2.101166900000000169e+03 -6.096296467843689726e+00
2.101676100000000133e+03 -6.091397066083652057e+00
2.130830500000000029e+03 -6.091129255336268145e+00
2.168416900000000169e+03 -6.093089625597335690e+00
2.202149100000000089e+03 -6.087434943658190711e+00
2.217705699999999979e+03 -6.089032453729577909e+00
2.263268700000000081e+03 -6.087412760072227869e+00
2.268799500000000080e+03 -6.086336475736196405e+00
2.286892400000000180e+03 -6.073355088130818480e+00
2.307032299999999850e+03 -6.083660370933854367e+00
2.366303899999999885e+03 -6.078611287253799844e+00
2.367583099999999831e+03 -6.079256966584938304e+00
2.393414600000000064e+03 -6.070612818993877724e+00
2.399769400000000132e+03 -6.070718922048410349e+00
2.460646200000000135e+03 -6.075117991811037399e+00
