9.929236099999999965e+01 -3.475558783455170886e+00
1.267131799999999942e+02 -3.475499025702045053e+00
1.497185299999999870e+02 -3.475471198768718573e+00
1.761953000000000031e+02 -3.475462571794607491e+00
2.008995999999999924e+02 -3.475172501938062375e+00
2.249214699999999993e+02 -3.475292006676269807e+00
2.486993999999999971e+02 -3.474788454174123853e+00
2.753977800000000116e+02 -3.475261349427414270e+00
3.002634699999999839e+02 -3.474622354836617966e+00
3.218037899999999922e+02 -3.473940447548788502e+00
3.514220199999999750e+02 -3.473909684295559686e+00
3.696494000000000142e+02 -3.472810609770971446e+00
4.022327000000000226e+02 -3.473809657235304105e+00
4.217001599999999826e+02 -3.472616859103283105e+00
4.514421600000000012e+02 -3.471848145780013439e+00
4.723617199999999912e+02 -3.471824149659225256e+00
5.064349399999999832e+02 -3.472307444991984848e+00
5.229442099999999982e+02 -3.470655513599189224e+00
5.503982899999999745e+02 -3.469576163961795690e+00
5.711373800000000074e+02 -3.468144989651055443e+00
6.003915799999999763e+02 -3.467564489469442623e+00
6.213161499999999933e+02 -3.465651344812657353e+00
6.504151500000000397e+02 -3.464679816580940042e+00
6.665439099999999826e+02 -3.461333342360105814e+00
6.963637499999999818e+02 -3.460602307691646118e+00
7.190115799999999808e+02 -3.458382064897534303e+00
7.462076899999999569e+02 -3.456945876293830988e+00
7.688730199999999968e+02 -3.455328112004803387e+00
8.027448699999999917e+02 -3.454776955533986893e+00
8.157543200000000070e+02 -3.449896976008539173e+00
8.494504799999999705e+02 -3.449318108296221652e+00
8.623508600000000115e+02 -3.444296254007149560e+00
8.977848099999999931e+02 -3.443913942680970841e+00
9.136986500000000433e+02 -3.440548850166098127e+00
9.424525800000000118e+02 -3.438971983795659160e+00
9.725974899999999934e+02 -3.437914391852475049e+00
9.886123599999999669e+02 -3.431962757314979573e+00
1.020339699999999993e+03 -3.431751462440309375e+00
1.050928400000000011e+03 -3.430281884209355425e+00
1.070218599999999924e+03 -3.425243393140320780e+00
1.107503799999999956e+03 -3.425326538360913275e+00
1.121060799999999972e+03 -3.422612536406550277e+00
1.150597500000000082e+03 -3.419369417783740595e+00
1.171199299999999994e+03 -3.416483048445465354e+00
1.206701399999999921e+03 -3.408001675014977305e+00
1.215807000000000016e+03 -3.418532633340663374e+00
1.255378099999999904e+03 -3.410942074224292409e+00
1.269234899999999925e+03 -3.407956807965474955e+00
1.292367500000000064e+03 -3.404277774291423420e+00
1.321520899999999983e+03 -3.402987213674649958e+00
1.342687500000000000e+03 -3.398000520130215030e+00
1.367151100000000042e+03 -3.398303374134667543e+00
1.394046399999999949e+03 -3.398603739310404492e+00
1.409450399999999945e+03 -3.391239246831710297e+00
1.449705899999999929e+03 -3.392343275976963834e+00
1.467292799999999943e+03 -3.389770462601926049e+00
1.497006200000000035e+03 -3.386356354388009304e+00
1.505220199999999977e+03 -3.383108678768693256e+00
1.543389799999999923e+03 -3.383763782831529898e+00
1.559468699999999899e+03 -3.379734461551774150e+00
1.599183800000000019e+03 -3.377273435428902459e+00
1.606916300000000092e+03 -3.374777681822069830e+00
1.645390000000000100e+03 -3.374598568489823869e+00
1.678606399999999894e+03 -3.376252685274919507e+00
1.691242400000000089e+03 -3.370259369305454555e+00
1.714510199999999941e+03 -3.368800459515771895e+00
1.750008800000000065e+03 -3.361606396205557346e+00
1.755491400000000112e+03 -3.365758593607633742e+00
1.803407300000000077e+03 -3.362932241666029665e+00
1.818604299999999967e+03 -3.362616566117769601e+00
1.848493400000000065e+03 -3.355935596114840269e+00
1.859802300000000059e+03 -3.360792104948536085e+00
1.906930800000000090e+03 -3.358058398379292875e+00
1.907639899999999898e+03 -3.353000314480389932e+00
1.960975699999999961e+03 -3.356159686138455722e+00
1.962707900000000109e+03 -3.349806456262541587e+00
1.982445799999999963e+03 -3.349318774778626828e+00
2.005230600000000095e+03 -3.348938083528504972e+00
2.057067900000000009e+03 -3.349307305113925715e+00
2.078123300000000199e+03 -3.349561404151538468e+00
2.102990099999999984e+03 -3.340571994299237346e+00
2.125294400000000223e+03 -3.344722030294311033e+00
2.145223100000000159e+03 -3.341694014323544959e+00
2.168885800000000017e+03 -3.340408026531170194e+00
2.200112599999999929e+03 -3.338911877185718691e+00
2.210038399999999911e+03 -3.337059768716830632e+00
2.254432200000000194e+03 -3.330675977636426310e+00
2.258701100000000224e+03 -3.334192457460772196e+00
2.274813999999999851e+03 -3.333509906725010019e+00
2.311844399999999951e+03 -3.331597199391535646e+00
2.356981400000000122e+03 -3.333019879814929531e+00
2.363917699999999968e+03 -3.328663601022112228e+00
2.399215599999999995e+03 -3.332914192558548372e+00
2.430484100000000126e+03 -3.333058988362018304e+00
2.460540599999999813e+03 -3.330676484903273504e+00
