9.980363300000000493e+01 -2.810525121907717860e+00
1.252296199999999970e+02 -2.809517999467827654e+00
1.502122599999999863e+02 -2.809989535951160189e+00
1.751704599999999914e+02 -2.809089905846426927e+00
2.003934399999999982e+02 -2.808994631385718588e+00
2.247957499999999982e+02 -2.808224598164748897e+00
2.506435899999999890e+02 -2.808237585434227412e+00
2.751089499999999930e+02 -2.807361523377339019e+00
2.959436799999999721e+02 -2.806094092840067056e+00
3.234858699999999772e+02 -2.805676387665009042e+00
3.470614600000000110e+02 -2.804598187551213151e+00
3.738481899999999882e+02 -2.803746782798285153e+00
4.017880400000000236e+02 -2.803345833428583234e+00
4.211312800000000038e+02 -2.801202694801012694e+00
4.496868099999999799e+02 -2.801033982411994305e+00
4.684399300000000039e+02 -2.798005892366223879e+00
4.973698899999999981e+02 -2.797063480945168656e+00
5.188561700000000201e+02 -2.795001482744815302e+00
5.480498400000000174e+02 -2.793662610966177962e+00
5.701685899999999947e+02 -2.791599606334859374e+00
5.964346100000000206e+02 -2.790637096737718092e+00
6.179384900000000016e+02 -2.787381806028979891e+00
6.535986400000000458e+02 -2.787695566044218864e+00
6.721560200000000123e+02 -2.783838835452718374e+00
6.965150899999999865e+02 -2.782095279031372215e+00
7.128771000000000413e+02 -2.777623881701234421e+00
7.490729099999999789e+02 -2.778521876648061717e+00
7.687760899999999538e+02 -2.774635996881910760e+00
7.999308600000000524e+02 -2.774092934061641813e+00
8.146642399999999498e+02 -2.769312705772483341e+00
8.544619900000000143e+02 -2.770124013142805541e+00
8.702660100000000511e+02 -2.766425522847569596e+00
9.116728000000000520e+02 -2.767567718693327627e+00
9.225261500000000296e+02 -2.761654616730778500e+00
9.390747000000000071e+02 -2.758937478713624714e+00
9.620805900000000292e+02 -2.755586261969284134e+00
9.939496100000000069e+02 -2.753573053588766584e+00
1.015457800000000020e+03 -2.751450059677673199e+00
1.058380300000000034e+03 -2.752732213974677045e+00
1.061731500000000096e+03 -2.747210513787062158e+00
1.112683399999999892e+03 -2.752194013023560260e+00
1.115048700000000053e+03 -2.745029589492630873e+00
1.154364399999999932e+03 -2.747458797186127732e+00
1.155308099999999968e+03 -2.737541760999459672e+00
1.213256499999999960e+03 -2.742868800397025630e+00
1.214271600000000035e+03 -2.735362192814782656e+00
1.262266900000000078e+03 -2.732064865216766059e+00
1.267221900000000005e+03 -2.738267620496737997e+00
1.298825199999999995e+03 -2.733482380123363420e+00
1.311892399999999952e+03 -2.728105677364672133e+00
1.352765100000000075e+03 -2.726665570717280218e+00
1.359571300000000065e+03 -2.724515837600931079e+00
1.404643700000000081e+03 -2.724491581529919326e+00
1.407393800000000056e+03 -2.720968260722134602e+00
1.449979199999999992e+03 -2.721535189390747345e+00
1.450505799999999908e+03 -2.716224043255510701e+00
1.511134499999999889e+03 -2.716037653243573047e+00
1.514255699999999933e+03 -2.720268370130664248e+00
1.558765200000000050e+03 -2.721222346510427492e+00
1.561695999999999913e+03 -2.710672770577900792e+00
1.605872599999999920e+03 -2.711557121666118064e+00
1.618637899999999945e+03 -2.709210045266134070e+00
1.639759999999999991e+03 -2.710701874046159254e+00
1.675096199999999953e+03 -2.712266763394194591e+00
1.700170200000000023e+03 -2.708297283613629425e+00
1.715876199999999926e+03 -2.702431839111832712e+00
1.739489600000000110e+03 -2.700851099367528541e+00
1.750332300000000032e+03 -2.698622298920645868e+00
1.805061899999999923e+03 -2.697887721253766635e+00
1.809054000000000087e+03 -2.701425813945807164e+00
1.857028199999999970e+03 -2.701076980285221474e+00
1.860935600000000022e+03 -2.694213876524157669e+00
1.900409200000000055e+03 -2.696376861971086392e+00
1.911799800000000005e+03 -2.690699840955232958e+00
1.942671000000000049e+03 -2.691098938807812591e+00
1.953905500000000075e+03 -2.687395301893801935e+00
2.008022200000000112e+03 -2.691800160541804043e+00
2.013467599999999948e+03 -2.687458362822927160e+00
2.043065700000000106e+03 -2.684018721637612792e+00
2.060889799999999923e+03 -2.685150318946845971e+00
2.097124200000000201e+03 -2.685153191459274336e+00
2.111974499999999807e+03 -2.680148253433487504e+00
2.145767800000000079e+03 -2.680856761727992144e+00
2.157122899999999845e+03 -2.677046809947817518e+00
2.198508499999999913e+03 -2.679127299383001315e+00
2.230508699999999862e+03 -2.676680621189434284e+00
2.249642299999999977e+03 -2.678602205642116818e+00
2.266763399999999820e+03 -2.674694644363118989e+00
2.299006499999999960e+03 -2.668737638326932338e+00
2.304508699999999862e+03 -2.670717974162334585e+00
2.355660100000000057e+03 -2.669452468027049274e+00
2.368510800000000017e+03 -2.667267862062629113e+00
2.390335700000000088e+03 -2.669242976436449588e+00
2.407098800000000210e+03 -2.662054690798399292e+00
2.452609699999999975e+03 -2.660547418748396176e+00
