1.032187600000000032e+02 -1.480559994936898827e+00
1.271941199999999981e+02 -1.480002912510922419e+00
1.515138599999999940e+02 -1.479852384105056373e+00
1.764754700000000014e+02 -1.479419694987367251e+00
2.009435599999999909e+02 -1.479058535718122513e+00
2.273527899999999988e+02 -1.478756191439827727e+00
2.500420699999999954e+02 -1.477781703986561279e+00
2.739805999999999813e+02 -1.476672305645835070e+00
3.000634099999999762e+02 -1.476236521767396948e+00
3.237177500000000236e+02 -1.474868533546465965e+00
3.484009899999999789e+02 -1.473858588159477456e+00
3.711632900000000177e+02 -1.472220858961657663e+00
3.987538299999999936e+02 -1.471661775756257340e+00
4.196615300000000275e+02 -1.469096702191017068e+00
4.497290600000000040e+02 -1.468780504308232926e+00
4.738722300000000018e+02 -1.467433097615207904e+00
4.970948900000000208e+02 -1.465383035232558750e+00
5.212793500000000222e+02 -1.464258647626087928e+00
5.459027800000000070e+02 -1.462104550971402350e+00
5.691911700000000565e+02 -1.459957599563597386e+00
5.966602199999999812e+02 -1.458463740160571342e+00
6.246922600000000330e+02 -1.457359318632385214e+00
6.452233400000000074e+02 -1.454207618119697232e+00
6.725339300000000549e+02 -1.453232278691581447e+00
6.960257900000000291e+02 -1.451494024401307481e+00
7.188976199999999608e+02 -1.449225950193007595e+00
7.495608799999999974e+02 -1.448456646595843944e+00
7.737746899999999641e+02 -1.446592238162787591e+00
8.025647900000000163e+02 -1.444828762758698648e+00
8.202223500000000058e+02 -1.441849221488971544e+00
8.489675300000000107e+02 -1.440704654437128696e+00
8.752041799999999512e+02 -1.440505923980807346e+00
9.056863499999999476e+02 -1.439790761658957141e+00
9.182693100000000186e+02 -1.435507018955334502e+00
9.449679499999999734e+02 -1.433421463206826063e+00
9.687286100000000033e+02 -1.431663904034506718e+00
9.979711099999999533e+02 -1.432028374284959549e+00
1.021423499999999990e+03 -1.429851257553180766e+00
1.049424700000000030e+03 -1.429429937970777331e+00
1.063779299999999921e+03 -1.424531229806437427e+00
1.109324299999999994e+03 -1.427941993720910352e+00
1.126103499999999940e+03 -1.425635032883152853e+00
1.149469499999999925e+03 -1.423605794299724892e+00
1.162632299999999987e+03 -1.419566700406230897e+00
1.193929300000000012e+03 -1.418386124356844302e+00
1.224727300000000014e+03 -1.418887354933114686e+00
1.250359500000000025e+03 -1.416432932034346281e+00
1.267310300000000097e+03 -1.416271595171043618e+00
1.297363499999999931e+03 -1.413411951195826521e+00
1.319469000000000051e+03 -1.413389384395742354e+00
1.358707100000000082e+03 -1.414580792291746603e+00
1.362108699999999999e+03 -1.408437834920938103e+00
1.402355600000000095e+03 -1.410482445598556289e+00
1.417191700000000083e+03 -1.407065328550168193e+00
1.448557999999999993e+03 -1.407962458282602025e+00
1.453800099999999929e+03 -1.399702186511208257e+00
1.489970299999999952e+03 -1.402788757180833734e+00
1.516959000000000060e+03 -1.402648735244099276e+00
1.550338999999999942e+03 -1.401811510632898328e+00
1.565800199999999904e+03 -1.398914176752921179e+00
1.602016300000000001e+03 -1.398351255863735876e+00
1.603501400000000103e+03 -1.394285712988815096e+00
1.643518299999999954e+03 -1.395023764555509249e+00
1.658921700000000101e+03 -1.391171787430979467e+00
1.692860400000000027e+03 -1.391595321931202722e+00
1.709451499999999896e+03 -1.388988461363410476e+00
1.738319999999999936e+03 -1.389252784960284925e+00
1.760430200000000013e+03 -1.385233061536767174e+00
1.806679300000000012e+03 -1.383983390536345892e+00
1.825006800000000112e+03 -1.392374019501334104e+00
1.856380900000000111e+03 -1.387466224919670754e+00
1.863961199999999963e+03 -1.383296583569050942e+00
1.900800700000000006e+03 -1.383023767610106702e+00
1.918171499999999924e+03 -1.380226148534596575e+00
1.947637500000000045e+03 -1.371073036698327918e+00
1.949808999999999969e+03 -1.377114923570198046e+00
2.004817600000000084e+03 -1.376232291805884245e+00
2.012735200000000077e+03 -1.371902800574122061e+00
2.030490600000000086e+03 -1.367112607441446581e+00
2.086045000000000073e+03 -1.372035028621808372e+00
2.106098899999999958e+03 -1.369655754267321335e+00
2.120385800000000017e+03 -1.367355359489347499e+00
2.142564600000000155e+03 -1.362104439125114475e+00
2.164839199999999892e+03 -1.357754684316830662e+00
2.209568299999999908e+03 -1.354648395234660185e+00
2.211262900000000172e+03 -1.363424158627102312e+00
2.270097299999999905e+03 -1.359654325638191885e+00
2.276140699999999924e+03 -1.352270501615859821e+00
2.297537299999999959e+03 -1.341902905346403330e+00
2.328975800000000163e+03 -1.351551602719829326e+00
2.359521299999999883e+03 -1.337514475398886127e+00
2.362802299999999832e+03 -1.347856980054835674e+00
2.406211400000000140e+03 -1.328791288779900936e+00
2.411506300000000010e+03 -1.339946712453026212e+00
2.456195900000000165e+03 -1.326720044930318476e+00
