1.032187600000000032e+02 2.344421636474659110e+01
1.271941199999999981e+02 2.349443008345206607e+01
1.515138599999999940e+02 2.352634083044982916e+01
1.764754700000000014e+02 2.359153623040911896e+01
2.009435599999999909e+02 2.363909678404233716e+01
2.273527899999999988e+02 2.370555923061266057e+01
2.500420699999999954e+02 2.375513484632607231e+01
2.739805999999999813e+02 2.381406319967433305e+01
3.000634099999999762e+02 2.386756106248727960e+01
3.237177500000000236e+02 2.394657185019336509e+01
3.484009899999999789e+02 2.398678913087726627e+01
3.711632900000000177e+02 2.406426063504986601e+01
3.987538299999999936e+02 2.412485802971707827e+01
4.196615300000000275e+02 2.419574089151231533e+01
4.497290600000000040e+02 2.428659932831264001e+01
4.738722300000000018e+02 2.434265672705068084e+01
4.970948900000000208e+02 2.442314013840830356e+01
5.212793500000000222e+02 2.449283889680439685e+01
5.459027800000000070e+02 2.457489975575004948e+01
5.691911700000000565e+02 2.465695501730103700e+01
5.966602199999999812e+02 2.473533329940973147e+01
6.246922600000000330e+02 2.482262619580704310e+01
6.452233400000000074e+02 2.490124007734581468e+01
6.725339300000000549e+02 2.495671229391410506e+01
6.960257900000000291e+02 2.501469672297984914e+01
7.188976199999999608e+02 2.512033686138815369e+01
7.495608799999999974e+02 2.521731528597598171e+01
7.737746899999999641e+02 2.530571188683085637e+01
8.025647900000000163e+02 2.538595817219621154e+01
8.202223500000000058e+02 2.544266130673722870e+01
8.489675300000000107e+02 2.554534347649094528e+01
8.752041799999999512e+02 2.560291522491349525e+01
9.056863499999999476e+02 2.567919092204355991e+01
9.182693100000000186e+02 2.577032414003663519e+01
9.449679499999999734e+02 2.587588387950335900e+01
9.687286100000000033e+02 2.596612304091186729e+01
9.979711099999999533e+02 2.602604264197028172e+01
1.021423499999999990e+03 2.613733564013840649e+01
1.049424700000000030e+03 2.623122735599430300e+01
1.063779299999999921e+03 2.634656269082027436e+01
1.109324299999999994e+03 2.641372684714023933e+01
1.126103499999999940e+03 2.651873753307551240e+01
1.149469499999999925e+03 2.658929879910441940e+01
1.162632299999999987e+03 2.671757989008752432e+01
1.193929300000000012e+03 2.683286077752900667e+01
1.224727300000000014e+03 2.692006055363322048e+01
1.250359500000000025e+03 2.701457765112965603e+01
1.267310300000000097e+03 2.711493384897211811e+01
1.297363499999999931e+03 2.727855943415428541e+01
1.319469000000000051e+03 2.734349989822918658e+01
1.358707100000000082e+03 2.741182475066151270e+01
1.362108699999999999e+03 2.755255902707103743e+01
1.402355600000000095e+03 2.758938683085690968e+01
1.417191700000000083e+03 2.775643751272135162e+01
1.448557999999999993e+03 2.779084825971911243e+01
1.453800099999999929e+03 2.806794066761652928e+01
1.489970299999999952e+03 2.807345613677997420e+01
1.516959000000000060e+03 2.817628892733564427e+01
1.550338999999999942e+03 2.828332383472420020e+01
1.565800199999999904e+03 2.838789894158355409e+01
1.602016300000000001e+03 2.853903623040912052e+01
1.603501400000000103e+03 2.864777936087930144e+01
1.643518299999999954e+03 2.877961734174638764e+01
1.658921700000000101e+03 2.897227050681864569e+01
1.692860400000000027e+03 2.899073529411764838e+01
1.709451499999999896e+03 2.925766537756971530e+01
1.738319999999999936e+03 2.920809892122939289e+01
1.760430200000000013e+03 2.954116731121514405e+01
1.806679300000000012e+03 2.968362456747404821e+01
1.825006800000000112e+03 2.947028902910645343e+01
1.856380900000000111e+03 2.973186902096478335e+01
1.863961199999999963e+03 2.998383675961733985e+01
1.900800700000000006e+03 2.997151027885202623e+01
1.918171499999999924e+03 3.026351109301852205e+01
1.947637500000000045e+03 3.061374363932424458e+01
1.949808999999999969e+03 3.035095104823936651e+01
2.004817600000000084e+03 3.061937665377569573e+01
2.012735200000000077e+03 3.091049715041726031e+01
2.030490600000000086e+03 3.101115916955017582e+01
2.086045000000000073e+03 3.127153012416038891e+01
2.106098899999999958e+03 3.136368766537756514e+01
2.120385800000000017e+03 3.153521829839202084e+01
2.142564600000000155e+03 3.176059077956442067e+01
2.164839199999999892e+03 3.211568746183594669e+01
2.209568299999999908e+03 3.246026969265214746e+01
2.211262900000000172e+03 3.202366782006920687e+01
2.270097299999999905e+03 3.247758599633625209e+01
2.276140699999999924e+03 3.291629808670872848e+01
2.297537299999999959e+03 3.336340423366578278e+01
2.328975800000000163e+03 3.304279309993893321e+01
2.359521299999999883e+03 3.393899094239772296e+01
2.362802299999999832e+03 3.339495013230205700e+01
2.406211400000000140e+03 3.451962395684917340e+01
2.411506300000000010e+03 3.402134032159576549e+01
2.456195900000000165e+03 3.490271931610013922e+01
