1.230881300000000067e+02 2.367505190311418772e+01
1.335821699999999908e+02 2.369954915530225747e+01
1.715389900000000125e+02 2.376010075310400893e+01
1.720771599999999921e+02 2.376208528394056430e+01
1.808116899999999987e+02 2.378053887645023678e+01
2.188728499999999997e+02 2.387461276205984362e+01
2.201799800000000005e+02 2.387500356197842422e+01
2.306092899999999872e+02 2.389392835334825804e+01
2.686446399999999812e+02 2.398414919601058415e+01
2.691341699999999832e+02 2.398401485853857196e+01
2.795484000000000151e+02 2.401639985752086304e+01
3.158267200000000230e+02 2.409176368817423253e+01
3.184798799999999801e+02 2.409366120496641628e+01
3.248818200000000047e+02 2.414593832688784758e+01
3.653004500000000121e+02 2.422662629757785169e+01
3.671199399999999855e+02 2.422767911662934992e+01
3.759708699999999908e+02 2.428169143089761661e+01
4.176187600000000089e+02 2.434821850193364412e+01
4.176858500000000163e+02 2.434979594952167758e+01
4.259642699999999991e+02 2.441875686952981894e+01
4.664293499999999995e+02 2.450631233462242875e+01
4.685759800000000155e+02 2.450658762466924756e+01
4.778403700000000072e+02 2.455185833502951454e+01
5.130655100000000175e+02 2.466652401791166582e+01
5.135716400000000021e+02 2.466647974760838480e+01
5.240187700000000177e+02 2.469533177284754544e+01
5.650222199999999475e+02 2.481412273559942960e+01
5.653755800000000136e+02 2.481424333401180604e+01
5.707896600000000262e+02 2.485601516385100496e+01
6.177937200000000075e+02 2.499132047628739883e+01
6.197862800000000334e+02 2.498999796458375755e+01
6.209442099999999982e+02 2.501227610421330994e+01
6.638233800000000429e+02 2.512209088133523238e+01
6.663487699999999450e+02 2.512286739263179314e+01
6.707825299999999515e+02 2.519915835538367688e+01
7.134081999999999653e+02 2.532198198656625365e+01
7.150610100000000102e+02 2.532162222674536878e+01
7.277021300000000110e+02 2.533669193975167744e+01
7.670312999999999874e+02 2.549152554447384489e+01
7.684680399999999736e+02 2.549185579075921027e+01
7.729015600000000177e+02 2.553308721758599376e+01
8.081353000000000293e+02 2.566823122328516149e+01
8.088361099999999624e+02 2.566791318949725209e+01
8.209786100000000033e+02 2.569688784856503005e+01
8.589681399999999485e+02 2.582512874007734638e+01
8.654162900000000036e+02 2.582485752086301645e+01
8.765947400000000016e+02 2.585795593323834751e+01
9.037935899999999947e+02 2.601379706900060995e+01
9.053014399999999569e+02 2.601406014654996923e+01
9.167320899999999710e+02 2.602507480154691777e+01
9.577208900000000540e+02 2.618620140443720601e+01
9.590997800000000097e+02 2.618669397516791975e+01
9.677179099999999607e+02 2.620870140443720686e+01
1.008051500000000033e+03 2.637148025646244776e+01
1.013742799999999988e+03 2.637796102177895463e+01
1.015145899999999983e+03 2.637228882556482645e+01
1.060718299999999999e+03 2.654721046203948731e+01
1.062977900000000091e+03 2.654680846733156940e+01
1.072574299999999994e+03 2.654633828617952318e+01
1.098642299999999977e+03 2.675211886830857111e+01
1.101681499999999915e+03 2.675206187665377655e+01
1.118548700000000053e+03 2.676931457358029576e+01
1.154003200000000106e+03 2.695348514146142804e+01
1.155919799999999896e+03 2.695417870954610251e+01
1.162563200000000052e+03 2.695428811316914519e+01
1.209326900000000023e+03 2.712830042743740933e+01
1.213101000000000113e+03 2.712767453694280917e+01
1.214134499999999889e+03 2.715341746387136013e+01
1.261967399999999998e+03 2.734768827600244379e+01
1.266971900000000005e+03 2.734849684510482604e+01
1.267064300000000003e+03 2.736081467535110789e+01
1.304210100000000011e+03 2.755300529208223281e+01
1.304891699999999901e+03 2.755338489721147965e+01
1.310721700000000055e+03 2.755277681660899702e+01
1.348773999999999887e+03 2.773156218196621481e+01
1.351667400000000043e+03 2.773147872990026386e+01
1.368520199999999932e+03 2.774205220842662456e+01
1.400309500000000071e+03 2.797689599023000184e+01
1.403093599999999924e+03 2.797746845104823876e+01
1.418426699999999983e+03 2.799071799307958486e+01
1.448489199999999983e+03 2.815130419295746123e+01
1.453584900000000061e+03 2.815171941787095378e+01
1.465184700000000021e+03 2.814919651943822387e+01
1.498642599999999902e+03 2.841316405454915639e+01
1.506642399999999952e+03 2.841387797679625749e+01
1.519105800000000045e+03 2.839148585385711243e+01
1.545046499999999924e+03 2.862024628536535431e+01
1.558730999999999995e+03 2.862098972114797135e+01
1.571153800000000047e+03 2.860948961937716106e+01
1.594138300000000072e+03 2.889195450844697532e+01
1.605206500000000005e+03 2.889120903724811740e+01
1.607339500000000044e+03 2.889687461835945470e+01
1.634546399999999949e+03 2.909701557093425706e+01
1.644063799999999901e+03 2.909660034602076095e+01
1.677555900000000065e+03 2.906207256258904792e+01
1.696912900000000036e+03 2.936984378180338240e+01
1.702774300000000039e+03 2.936993028699368935e+01
1.712750600000000077e+03 2.938389018929370877e+01
1.758391699999999901e+03 2.958898738041929732e+01
1.760440100000000029e+03 2.958932118868308336e+01
1.763479800000000068e+03 2.955710360268674819e+01
1.795801500000000033e+03 2.988618359454508422e+01
1.797911599999999908e+03 2.988666547934052531e+01
1.822167300000000068e+03 2.988430032566660088e+01
1.835741700000000037e+03 3.020591644616324345e+01
1.846331699999999955e+03 3.020571239568491961e+01
1.863388300000000072e+03 3.020564217382454686e+01
1.901644700000000057e+03 3.046208731935680447e+01
1.902053499999999985e+03 3.046271320985141529e+01
1.924586900000000014e+03 3.048287909627519099e+01
1.946763500000000022e+03 3.078471453287196979e+01
1.954655299999999897e+03 3.078423061266028782e+01
1.974775699999999915e+03 3.077350498676979740e+01
2.000610899999999901e+03 3.112009159373091904e+01
2.001998700000000099e+03 3.112045338896804481e+01
2.023030999999999949e+03 3.114048442906574721e+01
2.055074700000000121e+03 3.154136169346631391e+01
2.058478799999999865e+03 3.148191176470588459e+01
2.064065000000000055e+03 3.148257378383879868e+01
2.097546299999999974e+03 3.186842204355790642e+01
2.098883600000000115e+03 3.186901689395481441e+01
2.130741700000000037e+03 3.188755597394667163e+01
2.143352100000000064e+03 3.231862609403623310e+01
2.153663799999999810e+03 3.231773203745165546e+01
2.169247800000000097e+03 3.233661154081009670e+01
2.201254500000000007e+03 3.268356604925706677e+01
2.207518599999999878e+03 3.268441329126806494e+01
2.224077299999999923e+03 3.274132709139018971e+01
2.248513500000000022e+03 3.318311011601872451e+01
2.257463900000000194e+03 3.318224608182373458e+01
2.270652900000000045e+03 3.321564471809485042e+01
2.292065999999999804e+03 3.366923213922247271e+01
2.294301399999999830e+03 3.367000203541624614e+01
2.317321800000000167e+03 3.369257276613067376e+01
2.353168299999999817e+03 3.414124414817830200e+01
2.364692500000000109e+03 3.417556431915326698e+01
2.370141799999999876e+03 3.413997099531854218e+01
2.399129699999999957e+03 3.472810044779157579e+01
2.400468499999999949e+03 3.476800071239568268e+01
2.401036200000000008e+03 3.472659780175045796e+01
2.440220400000000154e+03 3.495571646651740139e+01
2.450940099999999802e+03 3.495661001424791436e+01
