9.957462599999999497e+01 -4.415258764550824111e+00
1.272791200000000060e+02 -4.414165839277989001e+00
1.491723700000000008e+02 -4.414027390025347053e+00
1.756101700000000108e+02 -4.412083998931359829e+00
2.008477599999999939e+02 -4.412149482924233368e+00
2.243491500000000087e+02 -4.409957657319532487e+00
2.521101999999999919e+02 -4.410490944594172014e+00
2.724721499999999992e+02 -4.406651921993358201e+00
2.981269699999999716e+02 -4.406368113759770999e+00
3.246400100000000180e+02 -4.403974806718187196e+00
3.514806600000000003e+02 -4.404209700406178207e+00
3.729566599999999994e+02 -4.400913719565186177e+00
3.985851999999999862e+02 -4.400052183172335596e+00
4.223653400000000033e+02 -4.397862808756770825e+00
4.491579100000000153e+02 -4.397035710422028565e+00
4.705954600000000028e+02 -4.394926919553633127e+00
4.982511200000000144e+02 -4.394722601146388463e+00
5.193120599999999740e+02 -4.392419970365164517e+00
5.457650599999999486e+02 -4.392286635376683179e+00
5.635519900000000462e+02 -4.388798863680015927e+00
5.986121500000000424e+02 -4.389851672690437745e+00
6.163301099999999906e+02 -4.387178708775096858e+00
6.514302699999999504e+02 -4.388433900104368846e+00
6.677411899999999605e+02 -4.386518804456764897e+00
7.015127199999999448e+02 -4.386080070687770061e+00
7.191490700000000516e+02 -4.385322758402916854e+00
7.483305699999999661e+02 -4.384054880473624571e+00
7.609854500000000144e+02 -4.381888295553405754e+00
8.048244099999999435e+02 -4.385336235208531441e+00
8.141738599999999906e+02 -4.381981984071997793e+00
8.618874899999999570e+02 -4.384610312609030558e+00
8.659032799999999952e+02 -4.381420100571971510e+00
8.968963400000000092e+02 -4.381581110779326771e+00
9.188824100000000499e+02 -4.381525633530268138e+00
9.466069700000000466e+02 -4.380747482528429160e+00
9.671850399999999581e+02 -4.380547223576829019e+00
9.963986700000000383e+02 -4.380305156471899330e+00
1.007871599999999944e+03 -4.377980988706076992e+00
1.037987300000000005e+03 -4.380472379082489987e+00
1.058236599999999953e+03 -4.377969744085695503e+00
1.097756200000000035e+03 -4.380647827229021019e+00
1.102636899999999969e+03 -4.376215508410142618e+00
1.154667999999999893e+03 -4.375279651019591043e+00
1.155767599999999902e+03 -4.379205177398763915e+00
1.203525000000000091e+03 -4.378080878750952643e+00
1.212715799999999945e+03 -4.377150655156887282e+00
1.261144399999999905e+03 -4.379103091029660888e+00
1.262924800000000005e+03 -4.377914825375339269e+00
1.295761799999999994e+03 -4.377277240736881403e+00
1.312699200000000019e+03 -4.377059417113677853e+00
1.352916699999999992e+03 -4.378642987452521673e+00
1.368818299999999908e+03 -4.379254529147754482e+00
1.401990199999999959e+03 -4.379274406197469105e+00
1.404253400000000056e+03 -4.376593103354765368e+00
1.445312300000000050e+03 -4.376978102379643687e+00
1.456328999999999951e+03 -4.376746859198473949e+00
1.500491600000000062e+03 -4.379065714354188898e+00
1.508223400000000083e+03 -4.377994062299194411e+00
1.543092499999999973e+03 -4.378533963331951107e+00
1.561936899999999923e+03 -4.378814480142846577e+00
1.589611599999999953e+03 -4.378244485542294839e+00
1.608912900000000036e+03 -4.377607195002930496e+00
1.652440800000000081e+03 -4.380188285504420520e+00
1.666735599999999977e+03 -4.380109910644148563e+00
1.678514499999999998e+03 -4.377578713576577130e+00
1.718151900000000069e+03 -4.380465552828034959e+00
1.759250700000000052e+03 -4.380335118781814252e+00
1.770977200000000039e+03 -4.381213385651633097e+00
1.794759399999999914e+03 -4.378435901409714504e+00
1.812022600000000011e+03 -4.379807646540499810e+00
1.860255799999999908e+03 -4.381413058361910196e+00
1.862443600000000060e+03 -4.380253989151040805e+00
1.882948799999999892e+03 -4.378556263724219022e+00
1.898352300000000014e+03 -4.377831118883595884e+00
1.952125299999999925e+03 -4.381509326559249295e+00
1.957459200000000010e+03 -4.384237574214504995e+00
1.987719299999999976e+03 -4.382410198794129741e+00
2.002664199999999937e+03 -4.381558202402049851e+00
2.041862200000000030e+03 -4.379957643812536716e+00
2.065219500000000153e+03 -4.385163841837632859e+00
2.080627399999999852e+03 -4.380632893715221243e+00
2.101557899999999790e+03 -4.382548882325746575e+00
2.136419300000000021e+03 -4.380481663506272660e+00
2.151932600000000093e+03 -4.381578665600874167e+00
2.176248000000000047e+03 -4.381396636631182062e+00
2.200688299999999799e+03 -4.384147314058453482e+00
2.256794300000000021e+03 -4.387823672089091076e+00
2.261436499999999796e+03 -4.386478485199252653e+00
2.297449999999999818e+03 -4.387128809996165835e+00
2.311238699999999881e+03 -4.389936695706387226e+00
2.338617799999999988e+03 -4.386774609915665479e+00
2.367366100000000188e+03 -4.389139907048218880e+00
2.401157600000000002e+03 -4.388137589738212441e+00
2.407691400000000158e+03 -4.392939469179476752e+00
2.442060699999999997e+03 -4.389451780117628488e+00
