1.021747000000000014e+02 2.347894768980256686e+01
1.273040400000000005e+02 2.348402961530632993e+01
1.517158000000000015e+02 2.349641970282922898e+01
1.743455800000000124e+02 2.350002188072460640e+01
2.014629199999999969e+02 2.351154946061469531e+01
2.237426199999999881e+02 2.351900722572766256e+01
2.486948800000000119e+02 2.352808670873193719e+01
2.741054399999999873e+02 2.354801648687156401e+01
3.013175899999999956e+02 2.355348921229391479e+01
3.220020299999999907e+02 2.357118512110726627e+01
3.465809600000000046e+02 2.357210411154080987e+01
3.705388300000000186e+02 2.358995980052920771e+01
3.969826800000000162e+02 2.359202523916140848e+01
4.194275099999999838e+02 2.362002951353551694e+01
4.519624800000000278e+02 2.361863474455526202e+01
4.726938299999999913e+02 2.363121768776714759e+01
4.962219099999999798e+02 2.364522287807856671e+01
5.185197399999999561e+02 2.365920211683289409e+01
5.488769300000000158e+02 2.366117138204763037e+01
5.717712599999999838e+02 2.367918278037858570e+01
5.983968200000000479e+02 2.369200641156116305e+01
6.250292799999999716e+02 2.370481630368410109e+01
6.456867999999999483e+02 2.370895786688377882e+01
6.654131499999999733e+02 2.371425859963362370e+01
6.991104699999999639e+02 2.373106910238143641e+01
7.173614199999999528e+02 2.374158915123142677e+01
7.501374100000000453e+02 2.377323224099328414e+01
7.670735600000000431e+02 2.378407490331773033e+01
7.996309899999999971e+02 2.380455933238347299e+01
8.183636000000000195e+02 2.382623040911866497e+01
8.482981499999999642e+02 2.382789588845918871e+01
8.706097600000000511e+02 2.384953643395074252e+01
8.974196399999999585e+02 2.386015214736413625e+01
9.068674800000000005e+02 2.388392784449419892e+01
9.474309899999999516e+02 2.386974048442906593e+01
9.654974300000000085e+02 2.393142377366171658e+01
9.983358699999999999e+02 2.390378689191939543e+01
1.019850199999999973e+03 2.393442143293303559e+01
1.045378300000000081e+03 2.392994300834520516e+01
1.069154199999999946e+03 2.399297883167107770e+01
1.108611499999999978e+03 2.394974150213718644e+01
1.109351200000000063e+03 2.402040606554040281e+01
1.156375000000000000e+03 2.399709189904335460e+01
1.162493199999999888e+03 2.406782159576633617e+01
1.194597099999999955e+03 2.402040046814573415e+01
1.218513200000000097e+03 2.410847598208833631e+01
1.242248199999999997e+03 2.406362202320374521e+01
1.258811699999999973e+03 2.412585792794626371e+01
1.299941800000000057e+03 2.410723895786688331e+01
1.317953199999999924e+03 2.413624923671891054e+01
1.332286399999999958e+03 2.418989822918786814e+01
1.378183199999999943e+03 2.416485904742519963e+01
1.388796700000000101e+03 2.419745267657236099e+01
1.419918300000000045e+03 2.421202473030734836e+01
1.449877400000000080e+03 2.421373244453490869e+01
1.451076600000000099e+03 2.426087828210869191e+01
1.496183999999999969e+03 2.428666904131894810e+01
1.508411100000000033e+03 2.427917158558925337e+01
1.549670299999999997e+03 2.432802462853653580e+01
1.573526000000000067e+03 2.432791268064319112e+01
1.599340799999999945e+03 2.437809128841848150e+01
1.609516399999999976e+03 2.437392530022389536e+01
1.636546700000000101e+03 2.440693873397109570e+01
1.663902100000000019e+03 2.440347140240179158e+01
1.686529099999999971e+03 2.442647364135965660e+01
1.716114600000000110e+03 2.443960614695705402e+01
1.753393800000000056e+03 2.447622328516181511e+01
1.757389599999999973e+03 2.447913545695094584e+01
1.813513899999999921e+03 2.450993232240993436e+01
1.823337099999999964e+03 2.454557144311011641e+01
1.825215599999999995e+03 2.449870089558314490e+01
1.866710100000000011e+03 2.459242876043150616e+01
1.904376500000000078e+03 2.461768115204559138e+01
1.920383100000000013e+03 2.461589812741705785e+01
1.942533799999999928e+03 2.466972572766130867e+01
1.964247599999999920e+03 2.471197231833910024e+01
1.994794699999999921e+03 2.471279920618766468e+01
2.024541099999999915e+03 2.471130673722776194e+01
2.048436999999999898e+03 2.474736922450641075e+01
2.058921800000000076e+03 2.473887288825564923e+01
2.107175299999999879e+03 2.477518115204559379e+01
2.118269899999999780e+03 2.480384388357419212e+01
2.139141299999999774e+03 2.481554549155302070e+01
2.166635200000000168e+03 2.482120445756157068e+01
2.213447599999999966e+03 2.485877569713006352e+01
2.234109300000000076e+03 2.487179320170974961e+01
2.253593199999999797e+03 2.487392784449419736e+01
2.259553499999999985e+03 2.489929574598005502e+01
2.302900700000000143e+03 2.490443262772236821e+01
2.306621099999999842e+03 2.493113677997150646e+01
2.360221399999999903e+03 2.493633116222267532e+01
2.361457800000000134e+03 2.498041369835131320e+01
2.400958500000000186e+03 2.502451658864237771e+01
2.412018700000000081e+03 2.505589151231426825e+01
2.460917399999999816e+03 2.507984378180337970e+01
