1.037791100000000029e+02 -1.487847081277860362e+00
1.278052299999999946e+02 -1.487230100764760810e+00
1.524124700000000132e+02 -1.486984143118097457e+00
1.766026899999999955e+02 -1.486246447110218583e+00
2.013772899999999879e+02 -1.485849271333543165e+00
2.258404999999999916e+02 -1.484936524820543724e+00
2.490827099999999916e+02 -1.483927187171767637e+00
2.745362299999999891e+02 -1.483039130453875920e+00
2.986664400000000228e+02 -1.482031951604585229e+00
3.232472999999999956e+02 -1.480741417231421941e+00
3.520708999999999946e+02 -1.480660630333028749e+00
3.728991300000000138e+02 -1.478381138793510630e+00
3.987117200000000139e+02 -1.477434270309268216e+00
4.204966699999999946e+02 -1.475440731960292462e+00
4.523154099999999858e+02 -1.475602699430380804e+00
4.713579300000000103e+02 -1.472784474913972907e+00
4.980578800000000115e+02 -1.471500601201265690e+00
5.234008599999999660e+02 -1.470061883426400762e+00
5.513442800000000261e+02 -1.468717881804852077e+00
5.748310800000000427e+02 -1.467294368660911452e+00
6.004925799999999754e+02 -1.465789307490937610e+00
6.188244999999999436e+02 -1.462510867430634187e+00
6.502457900000000564e+02 -1.462047696584221956e+00
6.681745700000000170e+02 -1.458632622804140411e+00
6.931326800000000503e+02 -1.456941446941265816e+00
7.192264800000000378e+02 -1.456350403239982327e+00
7.516330199999999877e+02 -1.455738163436782084e+00
7.745609200000000101e+02 -1.453936548616454161e+00
7.955181800000000294e+02 -1.451750356909139672e+00
8.159247400000000425e+02 -1.449890758190238715e+00
8.508458100000000286e+02 -1.450120056236840815e+00
8.696153199999999970e+02 -1.447232220022792060e+00
8.917134800000000041e+02 -1.445218238080225426e+00
9.246725400000000263e+02 -1.446239472782429702e+00
9.463116999999999734e+02 -1.443528263134667089e+00
9.572282500000000027e+02 -1.439436303212699553e+00
9.989597300000000359e+02 -1.441319063167580294e+00
1.013108299999999986e+03 -1.438381645372523998e+00
1.046734999999999900e+03 -1.439448977187294254e+00
1.064767599999999902e+03 -1.436794612270442251e+00
1.102536599999999908e+03 -1.437790840821340455e+00
1.117953700000000026e+03 -1.436128798661982398e+00
1.143063100000000077e+03 -1.433006044270033863e+00
1.159414800000000014e+03 -1.431300961856096343e+00
1.193599400000000060e+03 -1.432700594388915949e+00
1.210799500000000080e+03 -1.429826533732087901e+00
1.247099099999999908e+03 -1.431080487266702672e+00
1.264215599999999995e+03 -1.429385760814034789e+00
1.293003500000000031e+03 -1.428434865455073588e+00
1.317746200000000044e+03 -1.427219398114143667e+00
1.346342799999999897e+03 -1.427807893815581375e+00
1.369165799999999990e+03 -1.425928122194515479e+00
1.392861599999999953e+03 -1.423794544454075828e+00
1.416461700000000064e+03 -1.423901034011509470e+00
1.448512899999999945e+03 -1.424364242958988669e+00
1.462945400000000063e+03 -1.422433159756500309e+00
1.513876199999999926e+03 -1.423312232108121300e+00
1.516305900000000065e+03 -1.421595914617360901e+00
1.550407899999999927e+03 -1.415534492611884687e+00
1.553269999999999982e+03 -1.422447616365680734e+00
1.599993899999999940e+03 -1.420811276817930180e+00
1.621979900000000043e+03 -1.417834348539443123e+00
1.658688400000000001e+03 -1.417602417133930093e+00
1.668852300000000014e+03 -1.418415108744281783e+00
1.701454999999999927e+03 -1.416437490241033048e+00
1.709802400000000034e+03 -1.413688426966301259e+00
1.736961000000000013e+03 -1.411215419359378220e+00
1.752977900000000091e+03 -1.409084226165232323e+00
1.807373299999999972e+03 -1.409087340295996693e+00
1.808822100000000091e+03 -1.414519486219822042e+00
1.843282600000000002e+03 -1.410840128906017066e+00
1.863633100000000013e+03 -1.407293586919861506e+00
1.908229499999999916e+03 -1.405756951130358479e+00
1.913362800000000107e+03 -1.413231833483848510e+00
1.937883000000000038e+03 -1.406802576381138925e+00
1.951469399999999951e+03 -1.400288318205404003e+00
2.008607199999999921e+03 -1.401945186669029120e+00
2.014997200000000021e+03 -1.404865549404534786e+00
2.049849200000000110e+03 -1.403578925126452770e+00
2.063205800000000181e+03 -1.400392497015788829e+00
2.111981000000000222e+03 -1.402629884962906637e+00
2.124648200000000088e+03 -1.399332351077578140e+00
2.156581099999999878e+03 -1.401279581231363647e+00
2.170484300000000076e+03 -1.394537279154454801e+00
2.204134199999999964e+03 -1.388192992103534085e+00
2.223836600000000089e+03 -1.401533198092627330e+00
2.247400399999999991e+03 -1.394242912780987442e+00
2.271394699999999830e+03 -1.388697850678936696e+00
2.305052700000000186e+03 -1.390721727250514350e+00
2.311135200000000168e+03 -1.383512015020373465e+00
2.345130099999999857e+03 -1.382221043126781179e+00
2.355964300000000094e+03 -1.381693892197370488e+00
2.405337100000000191e+03 -1.383491073901418789e+00
2.421349400000000060e+03 -1.377657948588762782e+00
2.442132599999999911e+03 -1.375674570833626653e+00
