9.959054100000000176e+01 -2.801866023613270862e+00
1.268481500000000040e+02 -2.801638284102003329e+00
1.492258300000000020e+02 -2.801593062728463313e+00
1.753986099999999908e+02 -2.801047523434782693e+00
1.997073499999999910e+02 -2.800930432604442633e+00
2.238234099999999955e+02 -2.800056121242912699e+00
2.515927900000000079e+02 -2.800221116232237240e+00
2.756187600000000089e+02 -2.799362442147745877e+00
3.020979899999999816e+02 -2.798934493876352292e+00
3.211083399999999983e+02 -2.796945679214528191e+00
3.470928000000000111e+02 -2.796364685657162230e+00
3.723231200000000172e+02 -2.795274158315325774e+00
4.030635800000000017e+02 -2.795508732666819540e+00
4.220279899999999884e+02 -2.791975118742652917e+00
4.489486400000000117e+02 -2.791275829378542905e+00
4.698829900000000066e+02 -2.787481791511763785e+00
5.050731000000000108e+02 -2.787917319955375284e+00
5.230897599999999557e+02 -2.784366558635815281e+00
5.494093299999999545e+02 -2.782984603547152602e+00
5.699033500000000458e+02 -2.778185779034041403e+00
5.989070000000000391e+02 -2.776837473919027577e+00
6.206942599999999857e+02 -2.773050465989388425e+00
6.473249299999999948e+02 -2.771718608742400836e+00
6.637857299999999441e+02 -2.765353251306468252e+00
7.045863500000000386e+02 -2.767380415286555539e+00
7.136750700000000052e+02 -2.761069537783151340e+00
7.506820500000000038e+02 -2.761605640558228103e+00
7.711671700000000556e+02 -2.757736735857048149e+00
8.047377900000000182e+02 -2.756222655566345381e+00
8.129960200000000441e+02 -2.751557857392720852e+00
8.573388099999999667e+02 -2.753773895698629737e+00
8.724898100000000341e+02 -2.749582446695781002e+00
9.004139599999999746e+02 -2.748232547458277164e+00
9.244946999999999662e+02 -2.745689223227703479e+00
9.522618800000000192e+02 -2.741806173389369050e+00
9.626951500000000124e+02 -2.738185500268650596e+00
9.941942800000000489e+02 -2.736479120635564755e+00
1.017469799999999964e+03 -2.733503328133930488e+00
1.059198699999999917e+03 -2.735884199857700150e+00
1.065406099999999924e+03 -2.729611468398632113e+00
1.095250099999999975e+03 -2.728378690562421216e+00
1.115958900000000085e+03 -2.727161444283271230e+00
1.146094499999999925e+03 -2.725767331943507621e+00
1.166122200000000021e+03 -2.721445501749859552e+00
1.186162399999999934e+03 -2.719389064667123712e+00
1.222224099999999908e+03 -2.720875074222979695e+00
1.249785800000000108e+03 -2.719348073263917254e+00
1.266241899999999987e+03 -2.714317751547693280e+00
1.293910900000000083e+03 -2.713840065187037798e+00
1.322494099999999889e+03 -2.713050580133052225e+00
1.346486300000000028e+03 -2.710461111919164612e+00
1.357279299999999921e+03 -2.706210608972148712e+00
1.404549999999999955e+03 -2.707753385081940412e+00
1.421250999999999976e+03 -2.706589448369956852e+00
1.461841400000000021e+03 -2.700548272808106276e+00
1.468803000000000111e+03 -2.706754813828094353e+00
1.507860300000000052e+03 -2.697183727202833392e+00
1.514085100000000011e+03 -2.701107077544019575e+00
1.542707699999999932e+03 -2.697666267895596270e+00
1.572976100000000088e+03 -2.694105387874977442e+00
1.599236799999999903e+03 -2.694137177692404350e+00
1.615538299999999936e+03 -2.691614263111296257e+00
1.652899599999999964e+03 -2.685800584648317724e+00
1.654565800000000081e+03 -2.691751532026901650e+00
1.686400699999999915e+03 -2.684394880516802306e+00
1.717403299999999945e+03 -2.687290648882778576e+00
1.749146600000000035e+03 -2.684279083486771356e+00
1.783285699999999906e+03 -2.685634437589255796e+00
1.802991099999999960e+03 -2.676652551236589961e+00
1.812335399999999936e+03 -2.684334318610575476e+00
1.844336600000000089e+03 -2.678867697430709516e+00
1.873313699999999926e+03 -2.679770364964645601e+00
1.889723199999999906e+03 -2.672976164346043682e+00
1.917711800000000039e+03 -2.674730500500513752e+00
1.944228800000000092e+03 -2.669692125196955867e+00
1.965275900000000092e+03 -2.669799818393128188e+00
1.996487800000000107e+03 -2.673001475965270490e+00
2.012385099999999966e+03 -2.662209911316977262e+00
2.059955899999999929e+03 -2.665250633590967144e+00
2.064377199999999903e+03 -2.667158638859418396e+00
2.109934799999999996e+03 -2.659422242864414088e+00
2.115990400000000136e+03 -2.669391257295454789e+00
2.131992099999999937e+03 -2.661126987438096947e+00
2.163704799999999977e+03 -2.655708213551478902e+00
2.191983400000000074e+03 -2.655580925730931963e+00
2.209965700000000197e+03 -2.654766701980753041e+00
2.247290700000000015e+03 -2.655483278976402239e+00
2.257103399999999965e+03 -2.652896303979895620e+00
2.300914999999999964e+03 -2.650991556852314357e+00
2.316712199999999939e+03 -2.651336642348103290e+00
2.340441800000000057e+03 -2.638896923687854112e+00
2.354324099999999817e+03 -2.649550704398704326e+00
2.376312199999999848e+03 -2.648783305374737829e+00
2.413596199999999953e+03 -2.641801973874390974e+00
2.452291499999999814e+03 -2.636584636646793989e+00
