1.217451899999999938e+02 -4.450606671662255209e+00
1.315569500000000005e+02 -4.450486937882558003e+00
1.700647899999999879e+02 -4.450453023308260647e+00
1.701386200000000031e+02 -4.450350391941833017e+00
1.794158500000000060e+02 -4.450060769907199898e+00
2.176051999999999964e+02 -4.449633711266835157e+00
2.190168799999999862e+02 -4.450104856494432326e+00
2.259633499999999913e+02 -4.449066492825070718e+00
2.672166500000000156e+02 -4.449376671792149018e+00
2.672482600000000161e+02 -4.449284446700305651e+00
2.764126999999999725e+02 -4.448888523929540817e+00
3.145652799999999729e+02 -4.448232796068199768e+00
3.157516699999999901e+02 -4.448449536105113289e+00
3.250475500000000011e+02 -4.448112119956911137e+00
3.613213999999999828e+02 -4.446874580454876380e+00
3.660516600000000267e+02 -4.448014554513141761e+00
3.716933099999999968e+02 -4.446673369201431747e+00
4.121195099999999911e+02 -4.446429557412228561e+00
4.131448700000000258e+02 -4.446619679182987284e+00
4.261723700000000008e+02 -4.447160405021889140e+00
4.625850599999999986e+02 -4.445438048063750536e+00
4.640595700000000079e+02 -4.445741434468896358e+00
4.750544800000000123e+02 -4.445650701025130047e+00
5.113534000000000219e+02 -4.443885294968120014e+00
5.120479699999999639e+02 -4.444132227418943870e+00
5.222745599999999513e+02 -4.443913293360690631e+00
5.616073000000000093e+02 -4.442332709205143004e+00
5.619472100000000410e+02 -4.442487242589357344e+00
5.699355199999999968e+02 -4.441555229346361600e+00
6.093870299999999816e+02 -4.439738659187217884e+00
6.146505200000000286e+02 -4.441159878890852397e+00
6.204076900000000023e+02 -4.439636925395202383e+00
6.643304100000000290e+02 -4.438891629608092693e+00
6.654382600000000139e+02 -4.439089388511912482e+00
6.734173700000000053e+02 -4.438200132240933016e+00
7.083082799999999679e+02 -4.434735138313849134e+00
7.133521700000000010e+02 -4.436095109129732705e+00
7.261371599999999944e+02 -4.436110236766525716e+00
7.584139199999999619e+02 -4.431976455205367316e+00
7.661329399999999623e+02 -4.434033903092517548e+00
7.718381299999999783e+02 -4.432082235933098247e+00
8.140182499999999663e+02 -4.429579655239395564e+00
8.146455499999999574e+02 -4.426395244277598451e+00
8.147627300000000332e+02 -4.429685460294718879e+00
8.626572700000000395e+02 -4.426098904910499066e+00
8.646992999999999938e+02 -4.426698914940669916e+00
8.745033399999999801e+02 -4.425825811481311156e+00
9.069083600000000160e+02 -4.420619396924469591e+00
9.106413999999999760e+02 -4.421629699211555575e+00
9.178213799999999765e+02 -4.420134147061053120e+00
9.655372300000000223e+02 -4.418801366223052085e+00
9.718699699999999666e+02 -4.420325031136045801e+00
9.767519300000000158e+02 -4.417854466914456602e+00
1.009651100000000042e+03 -4.412768828670016852e+00
1.010339500000000044e+03 -4.413002309753389696e+00
1.019314300000000003e+03 -4.411706404621448030e+00
1.058386700000000019e+03 -4.408510685111091121e+00
1.064923199999999952e+03 -4.410131398114832457e+00
1.065500600000000077e+03 -4.407240264497873206e+00
1.111324399999999969e+03 -4.405227734334927092e+00
1.113536299999999983e+03 -4.402268107340695735e+00
1.114738399999999956e+03 -4.406027072779929554e+00
1.160719700000000103e+03 -4.401100394857832221e+00
1.160978200000000015e+03 -4.401109162005987230e+00
1.170861000000000104e+03 -4.400199580576086511e+00
1.213001299999999901e+03 -4.395947238898662235e+00
1.216006399999999985e+03 -4.393340084917621624e+00
1.216686799999999948e+03 -4.396807148157211742e+00
1.263446500000000015e+03 -4.391147649618540427e+00
1.264806399999999940e+03 -4.391574521243766682e+00
1.264814499999999953e+03 -4.388002322562173596e+00
1.307432900000000018e+03 -4.385085822281941326e+00
1.312286499999999933e+03 -4.386266129163191252e+00
1.318567099999999982e+03 -4.384364499256840908e+00
1.356293699999999944e+03 -4.378891136398729067e+00
1.361362900000000081e+03 -4.376815659716425166e+00
1.372058299999999917e+03 -4.383038449549514937e+00
1.411319199999999910e+03 -4.373018674557168417e+00
1.413864399999999932e+03 -4.377158544224996284e+00
1.418105099999999993e+03 -4.378145802177893842e+00
1.457233199999999897e+03 -4.370460513164795557e+00
1.458697300000000041e+03 -4.370793215298103718e+00
1.481479499999999916e+03 -4.372722609071060695e+00
1.505331100000000106e+03 -4.366748889436697034e+00
1.505466799999999921e+03 -4.363260156218309760e+00
1.506971900000000005e+03 -4.367215354675824557e+00
1.550712700000000041e+03 -4.361462261594945211e+00
1.553899100000000089e+03 -4.362302394533736027e+00
1.567406400000000076e+03 -4.362012802434217740e+00
1.603619400000000041e+03 -4.357885473375732843e+00
1.612502199999999903e+03 -4.356055658216354765e+00
1.616946699999999964e+03 -4.361371401427581951e+00
1.651915099999999939e+03 -4.353723560094263867e+00
1.657178699999999935e+03 -4.355108068971908608e+00
1.669076700000000073e+03 -4.354206633740296262e+00
1.689837800000000016e+03 -4.346341855742188898e+00
1.692747299999999996e+03 -4.347134218888216495e+00
1.716393600000000106e+03 -4.349102591002958818e+00
1.750151299999999992e+03 -4.346788818439343061e+00
1.762330899999999929e+03 -4.349963693507123530e+00
1.768011099999999942e+03 -4.347361814663043056e+00
1.809151399999999967e+03 -4.340738343672995825e+00
1.809588600000000042e+03 -4.345104777899417847e+00
1.816007700000000114e+03 -4.346678602908870204e+00
1.845090099999999893e+03 -4.337806945672880055e+00
1.849332799999999907e+03 -4.338907533610843359e+00
1.872662700000000086e+03 -4.341990527693790902e+00
1.894510500000000093e+03 -4.335373353339821989e+00
1.906636400000000094e+03 -4.334505799175685681e+00
1.909031700000000001e+03 -4.339137397067386992e+00
1.943433999999999969e+03 -4.330994031957162704e+00
1.944400699999999915e+03 -4.331287246633753973e+00
1.955853699999999890e+03 -4.331274332021061824e+00
1.990369400000000041e+03 -4.326759102527096168e+00
2.004257499999999936e+03 -4.330330218191786429e+00
2.014499800000000050e+03 -4.328787338153803788e+00
2.036324000000000069e+03 -4.324793871400855139e+00
2.041788000000000011e+03 -4.326138034197878568e+00
2.061968899999999849e+03 -4.328467451835196655e+00
2.085517899999999827e+03 -4.320668964283981950e+00
2.103705399999999827e+03 -4.325357666694155334e+00
2.109907099999999900e+03 -4.323414573008874662e+00
2.133849000000000160e+03 -4.318226054021906180e+00
2.138427799999999934e+03 -4.319479020018891724e+00
2.159625399999999900e+03 -4.321451388830999996e+00
2.188102800000000116e+03 -4.316004591043550498e+00
2.203724799999999959e+03 -4.319993830218066044e+00
2.217898799999999937e+03 -4.318971392853376834e+00
2.252517400000000180e+03 -4.317546117388599392e+00
2.254984899999999925e+03 -4.318215716872034982e+00
2.262835799999999836e+03 -4.315787921910480662e+00
2.285858400000000074e+03 -4.311962956643833778e+00
2.287266000000000076e+03 -4.312251538866765266e+00
2.316631899999999860e+03 -4.315721338114941297e+00
2.337219599999999900e+03 -4.305990696737746148e+00
2.353751400000000103e+03 -4.308517752835340886e+00
2.358954799999999977e+03 -4.311576196066651434e+00
2.399733700000000226e+03 -4.309927177113183738e+00
2.409009399999999914e+03 -4.312340294084102688e+00
2.409413000000000011e+03 -4.307776252910704429e+00
2.421588099999999940e+03 -4.304859083303660405e+00
2.427393799999999828e+03 -4.306212659088782146e+00
