1.001704900000000009e+02 -4.368229975993887848e+00
1.267593300000000056e+02 -4.368011617906124577e+00
1.499977199999999868e+02 -4.367971779175777947e+00
1.764069100000000105e+02 -4.368006642142682416e+00
2.005792999999999893e+02 -4.367701035279681676e+00
2.248331000000000017e+02 -4.367666779834907587e+00
2.493364100000000008e+02 -4.367297271942576664e+00
2.729962800000000129e+02 -4.366982260253086778e+00
2.987458899999999744e+02 -4.367027353620758667e+00
3.224050700000000234e+02 -4.366372401696231975e+00
3.473760800000000017e+02 -4.366323121700899534e+00
3.694859799999999836e+02 -4.365021364686399785e+00
4.009597800000000234e+02 -4.365260350035288894e+00
4.230716800000000148e+02 -4.364989844845870159e+00
4.507399100000000089e+02 -4.363942195533168977e+00
4.703848399999999970e+02 -4.363285914014681133e+00
5.026128400000000056e+02 -4.363648788166663905e+00
5.220486899999999650e+02 -4.362160671873891893e+00
5.472618899999999940e+02 -4.360567906743673561e+00
5.710393299999999499e+02 -4.360295654393558706e+00
6.003544100000000299e+02 -4.359300962108158650e+00
6.165597900000000209e+02 -4.357327898369501185e+00
6.421997699999999440e+02 -4.356770306621286615e+00
6.684154200000000401e+02 -4.355241498356178909e+00
7.041429799999999659e+02 -4.355249766411591672e+00
7.168073399999999538e+02 -4.351338125645007437e+00
7.519197000000000344e+02 -4.350948903239580723e+00
7.661563099999999622e+02 -4.347819916206963953e+00
7.971137999999999693e+02 -4.346869196767934262e+00
8.110638800000000401e+02 -4.342412014307900137e+00
8.442625100000000202e+02 -4.342987448042982201e+00
8.674321599999999535e+02 -4.339954925159281274e+00
8.901875099999999748e+02 -4.337355700489697874e+00
9.208537599999999657e+02 -4.334612256372253114e+00
9.607882399999999734e+02 -4.334991986683674803e+00
9.676699499999999716e+02 -4.328783563536531709e+00
1.011001600000000053e+03 -4.329996801655279448e+00
1.014495800000000031e+03 -4.322324200895456769e+00
1.061089699999999993e+03 -4.324087950075433895e+00
1.062774799999999914e+03 -4.316281367441217931e+00
1.090648999999999887e+03 -4.315604490408022187e+00
1.113611900000000105e+03 -4.312343065653021945e+00
1.144058500000000095e+03 -4.311487525201170179e+00
1.163365299999999934e+03 -4.307417807549192013e+00
1.187154800000000023e+03 -4.303929662161473324e+00
1.213514499999999998e+03 -4.302349807509733282e+00
1.240347299999999905e+03 -4.300488330273592119e+00
1.260021899999999960e+03 -4.296646354497755560e+00
1.301667599999999993e+03 -4.296670993163997920e+00
1.307961199999999963e+03 -4.291539567085873585e+00
1.351995599999999968e+03 -4.292109831179973689e+00
1.369156899999999951e+03 -4.288796775977543163e+00
1.388848500000000058e+03 -4.284406070676227252e+00
1.412725200000000086e+03 -4.284473136655268632e+00
1.448285399999999981e+03 -4.283049934055836339e+00
1.460831899999999905e+03 -4.278093728875297153e+00
1.498957200000000057e+03 -4.275218247593485010e+00
1.519624700000000075e+03 -4.275479994704661557e+00
1.555323799999999892e+03 -4.272563695839131981e+00
1.569636899999999969e+03 -4.271480841634698322e+00
1.607139699999999948e+03 -4.262800680437397460e+00
1.607820500000000038e+03 -4.269782145884056135e+00
1.641630499999999984e+03 -4.261939709910053331e+00
1.668193700000000035e+03 -4.262072295120246324e+00
1.709632000000000062e+03 -4.258206913337862609e+00
1.710488499999999931e+03 -4.258270743537335257e+00
1.743507299999999987e+03 -4.256828997631075140e+00
1.765706300000000056e+03 -4.254348514105418033e+00
1.781438400000000001e+03 -4.249657179073796698e+00
1.821941700000000083e+03 -4.244485609367012025e+00
1.821987100000000055e+03 -4.250556118814887263e+00
1.862200800000000072e+03 -4.247004674618499287e+00
1.894688300000000027e+03 -4.244701274214651043e+00
1.912806700000000092e+03 -4.243147097633490183e+00
1.930794000000000096e+03 -4.238658459175710824e+00
1.955547199999999975e+03 -4.238549359865981359e+00
1.994538000000000011e+03 -4.237896762513504889e+00
2.022912399999999934e+03 -4.237032791683875033e+00
2.050014500000000226e+03 -4.234786628953875365e+00
2.063542800000000170e+03 -4.233072127893349190e+00
2.094465400000000045e+03 -4.230535755273159282e+00
2.102316899999999805e+03 -4.228724948315875309e+00
2.140472800000000007e+03 -4.227432993456692323e+00
2.168248599999999897e+03 -4.227173279326409627e+00
2.185800999999999931e+03 -4.227004482084733006e+00
2.230730399999999918e+03 -4.228163387933372874e+00
2.275495100000000093e+03 -4.223730102282088339e+00
2.276811700000000201e+03 -4.226591841464825805e+00
2.292687899999999900e+03 -4.221412214678245789e+00
2.302187500000000000e+03 -4.218117694207940360e+00
2.359997600000000148e+03 -4.216357280729527979e+00
2.366174899999999980e+03 -4.222574121780083622e+00
2.391577000000000226e+03 -4.215110590002259627e+00
2.404760600000000068e+03 -4.213066085616786083e+00
2.446750199999999950e+03 -4.210278499623719917e+00
