1.022566699999999997e+02 -4.293807662653818191e+00
1.270131899999999945e+02 -4.293640852527804697e+00
1.512192200000000071e+02 -4.293674035903690012e+00
1.750955600000000061e+02 -4.293182337942369031e+00
2.000208499999999958e+02 -4.293234814643135167e+00
2.258704199999999958e+02 -4.293281172009780988e+00
2.475191900000000089e+02 -4.292341884963460252e+00
2.728266600000000039e+02 -4.292058601435249976e+00
2.975289200000000278e+02 -4.291767749771060458e+00
3.237058000000000106e+02 -4.291726781502024579e+00
3.479896899999999960e+02 -4.291263351939428539e+00
3.691846699999999828e+02 -4.289826738931105332e+00
3.943995600000000081e+02 -4.289485173980624566e+00
4.231443899999999871e+02 -4.290100744413432032e+00
4.477365599999999972e+02 -4.289155032943793522e+00
4.685847099999999728e+02 -4.287923129549522372e+00
4.983088900000000194e+02 -4.287984075633918479e+00
5.184452400000000125e+02 -4.286554418708782954e+00
5.413817199999999730e+02 -4.285518252194852273e+00
5.741778799999999592e+02 -4.286488214630787219e+00
6.006067000000000462e+02 -4.285150887942936748e+00
6.178105199999999968e+02 -4.283649303329855051e+00
6.470092899999999645e+02 -4.282431432477818767e+00
6.688518000000000256e+02 -4.281716513594442830e+00
7.035734800000000178e+02 -4.282877524057793650e+00
7.160809799999999541e+02 -4.279097426301597729e+00
7.432527400000000171e+02 -4.277796353281567043e+00
7.694080000000000155e+02 -4.277125584535893310e+00
7.948064500000000407e+02 -4.275037050540412942e+00
8.129279900000000225e+02 -4.272807978404621565e+00
8.493421700000000101e+02 -4.272694138129038421e+00
8.638156300000000556e+02 -4.269921720433672796e+00
8.985138100000000350e+02 -4.270459975443055001e+00
9.146875999999999749e+02 -4.267339929672725241e+00
9.469720800000000054e+02 -4.265703818625748767e+00
9.716632200000000239e+02 -4.265527332195746091e+00
9.934751400000000103e+02 -4.262603253407364789e+00
1.014910899999999970e+03 -4.260633222259327724e+00
1.049062899999999900e+03 -4.259423826595321927e+00
1.072432399999999916e+03 -4.258190628186755866e+00
1.096461700000000064e+03 -4.255223920204580956e+00
1.120938599999999951e+03 -4.255083235116943641e+00
1.148454099999999926e+03 -4.251832047509386037e+00
1.162429499999999962e+03 -4.248465219037238505e+00
1.194276000000000067e+03 -4.247736693571598110e+00
1.222517499999999927e+03 -4.248128157833606089e+00
1.237106999999999971e+03 -4.242496160119643811e+00
1.270635700000000043e+03 -4.242652598261574148e+00
1.308543300000000045e+03 -4.242915728300802769e+00
1.318895700000000033e+03 -4.239336992151534034e+00
1.345570200000000114e+03 -4.235150955960389041e+00
1.362486400000000003e+03 -4.232989273941859310e+00
1.401067900000000009e+03 -4.232983764858775366e+00
1.412407400000000052e+03 -4.228850576015771523e+00
1.437777399999999943e+03 -4.225424593499734094e+00
1.466085199999999986e+03 -4.223913800114916128e+00
1.491522300000000087e+03 -4.222347215984344260e+00
1.513798600000000079e+03 -4.219167247291292000e+00
1.553649799999999914e+03 -4.221547176133082502e+00
1.573169699999999921e+03 -4.218293845633858119e+00
1.596169900000000098e+03 -4.214814300593913821e+00
1.616794599999999946e+03 -4.213299361233323381e+00
1.642411000000000058e+03 -4.211471730984393425e+00
1.669405500000000075e+03 -4.209757999832966391e+00
1.695497399999999971e+03 -4.208371431359487325e+00
1.718344200000000001e+03 -4.205546102762612648e+00
1.747955699999999979e+03 -4.200996349517739148e+00
1.774040099999999939e+03 -4.205516604611867493e+00
1.790303799999999910e+03 -4.201513533284529700e+00
1.805477000000000089e+03 -4.195693333295430705e+00
1.854971700000000055e+03 -4.200247145612818755e+00
1.873045699999999897e+03 -4.199281887653866008e+00
1.896434099999999944e+03 -4.193660638165940924e+00
1.912604499999999916e+03 -4.191404208176767732e+00
1.958623000000000047e+03 -4.188378608624146793e+00
1.967175300000000107e+03 -4.193197171075715879e+00
2.021293100000000095e+03 -4.189839236546260004e+00
2.024307399999999916e+03 -4.187273337398615958e+00
2.057927900000000136e+03 -4.184106520084230674e+00
2.073987399999999980e+03 -4.186069537477125735e+00
2.089750900000000001e+03 -4.178624921639687351e+00
2.114519099999999980e+03 -4.180740949874166112e+00
2.150826599999999871e+03 -4.178961376817221129e+00
2.180883200000000215e+03 -4.180808545048042113e+00
2.203588400000000092e+03 -4.177722052735084901e+00
2.220825899999999820e+03 -4.169948084089432072e+00
2.221155900000000202e+03 -4.177231594316026531e+00
2.266940000000000055e+03 -4.171891326864250793e+00
2.293360999999999876e+03 -4.166358919320098941e+00
2.298414900000000216e+03 -4.170997582133583848e+00
2.343392899999999827e+03 -4.169823641913428247e+00
2.354034299999999803e+03 -4.167255095322969893e+00
2.394411099999999806e+03 -4.164567716802511477e+00
2.406523700000000190e+03 -4.169019897537507902e+00
2.449105399999999918e+03 -4.168095334367985849e+00
