9.960264800000000207e+01 -4.416867932264063157e+00
1.005198800000000006e+02 -4.416977078200980955e+00
1.267991300000000052e+02 -4.415980231850935134e+00
1.504735200000000077e+02 -4.416118495547706857e+00
1.506186999999999898e+02 -4.415830666181712161e+00
1.758654999999999973e+02 -4.414607721047284272e+00
1.991691999999999894e+02 -4.414476583878898630e+00
2.005235000000000127e+02 -4.414811584426055369e+00
2.243180299999999932e+02 -4.412335577984971557e+00
2.476429599999999880e+02 -4.411901563633497503e+00
2.519945700000000102e+02 -4.412441308399540851e+00
2.737075199999999882e+02 -4.408667961827782200e+00
2.964855699999999956e+02 -4.408267105051280055e+00
2.971440999999999804e+02 -4.407481516699418123e+00
3.205248799999999960e+02 -4.402928366493939372e+00
3.421326300000000060e+02 -4.401986718396734055e+00
3.514584199999999896e+02 -4.403980920188615755e+00
3.715536599999999794e+02 -4.399290126655960087e+00
4.022558099999999968e+02 -4.399091888499931713e+00
4.024973100000000272e+02 -4.400018304367541155e+00
4.210948200000000270e+02 -4.395796922737286394e+00
4.513346900000000232e+02 -4.395585780923431329e+00
4.538698400000000106e+02 -4.397028822871220655e+00
4.697140299999999797e+02 -4.392607407733919445e+00
5.019410399999999868e+02 -4.392369679930430593e+00
5.049172300000000178e+02 -4.393522862030943443e+00
5.167680400000000418e+02 -4.389369506096850060e+00
5.443759099999999762e+02 -4.390120215477866239e+00
5.532295400000000427e+02 -4.390754516121564421e+00
5.709690399999999499e+02 -4.388731584392884244e+00
5.989720200000000432e+02 -4.388312455079725005e+00
6.026570100000000139e+02 -4.388414294369774815e+00
6.195279100000000199e+02 -4.386692967346855099e+00
6.521652599999999893e+02 -4.386961534321529577e+00
6.522167699999999968e+02 -4.387121044453668794e+00
6.668596700000000510e+02 -4.384488756445366064e+00
6.990467399999999998e+02 -4.383625244370350060e+00
7.050298999999999978e+02 -4.385941652115824319e+00
7.150989299999999957e+02 -4.382870312548554637e+00
7.470465299999999615e+02 -4.383212041092773958e+00
7.487861900000000333e+02 -4.384342268372979134e+00
7.682345100000000002e+02 -4.382339515045942768e+00
7.900784800000000132e+02 -4.380486259984698982e+00
8.079745199999999841e+02 -4.383529748519666924e+00
8.197376400000000558e+02 -4.381641225519024019e+00
8.496186000000000149e+02 -4.380587349210035342e+00
8.586789099999999735e+02 -4.382266175802464581e+00
8.728064299999999776e+02 -4.382146540262652046e+00
9.010423299999999927e+02 -4.381805893267474161e+00
9.075846900000000232e+02 -4.382481856186688063e+00
9.134674700000000485e+02 -4.379722038922503558e+00
9.501294799999999441e+02 -4.379614360043864174e+00
9.552132800000000543e+02 -4.381603516697885503e+00
9.648412600000000339e+02 -4.378801985542705388e+00
1.002087099999999964e+03 -4.379475097898817282e+00
1.007334399999999960e+03 -4.380277538230664902e+00
1.015396200000000022e+03 -4.378290739776986129e+00
1.062351699999999937e+03 -4.380798437901792575e+00
1.065125900000000001e+03 -4.379851111315530510e+00
1.069762699999999995e+03 -4.379467534727973899e+00
1.099970000000000027e+03 -4.378177038664627041e+00
1.100688599999999951e+03 -4.378008038020144710e+00
1.111825800000000072e+03 -4.377158139852553198e+00
1.137859699999999975e+03 -4.377482101344035037e+00
1.141925300000000107e+03 -4.378581175709391538e+00
1.167914700000000039e+03 -4.379572800579679459e+00
1.199326999999999998e+03 -4.377903356931774681e+00
1.213508499999999913e+03 -4.380210560481465620e+00
1.215987800000000107e+03 -4.378167558148922112e+00
1.244712700000000041e+03 -4.377618603188146551e+00
1.244924899999999980e+03 -4.378469715946950558e+00
1.266646199999999908e+03 -4.378689724841182240e+00
1.291499000000000024e+03 -4.376938604930590948e+00
1.305614399999999932e+03 -4.376297720924921641e+00
1.312730099999999993e+03 -4.381121445680107307e+00
1.343329400000000078e+03 -4.379279989400734152e+00
1.352323900000000094e+03 -4.382294082464143870e+00
1.359999399999999923e+03 -4.377341907897849715e+00
1.400792799999999943e+03 -4.378629316090837165e+00
1.401821899999999914e+03 -4.376764685206412153e+00
1.415127899999999954e+03 -4.378833749161566757e+00
1.442726799999999912e+03 -4.377271636871187255e+00
1.443590999999999894e+03 -4.377479020873634497e+00
1.461227499999999964e+03 -4.377878576188260595e+00
1.496760700000000043e+03 -4.377562325975466351e+00
1.498152599999999893e+03 -4.378483425865706380e+00
1.521784200000000055e+03 -4.380773002826327200e+00
1.550335199999999986e+03 -4.375751959154863258e+00
1.554460600000000113e+03 -4.378055176096467882e+00
1.572254300000000057e+03 -4.378540455210563564e+00
1.597906199999999899e+03 -4.377837410519360262e+00
1.602398400000000038e+03 -4.379449476581497969e+00
1.604712199999999939e+03 -4.377239427042403541e+00
1.644173900000000003e+03 -4.376923404899484282e+00
1.657529099999999971e+03 -4.381394766702999100e+00
1.667218800000000101e+03 -4.381174630028802142e+00
1.693409900000000107e+03 -4.380162169991033139e+00
1.702625900000000001e+03 -4.380527795517562772e+00
1.706405199999999923e+03 -4.378181850137348619e+00
1.739772400000000061e+03 -4.379511324612978207e+00
1.744812400000000025e+03 -4.380268162776442153e+00
1.762825399999999945e+03 -4.380320108846170513e+00
1.782488399999999956e+03 -4.379236125487100395e+00
1.803253300000000081e+03 -4.378402301368820027e+00
1.812846000000000004e+03 -4.383029213238008204e+00
1.832326499999999896e+03 -4.378895556610647333e+00
1.852534000000000106e+03 -4.377827668097166836e+00
1.866458399999999983e+03 -4.383342831173165699e+00
1.883392399999999952e+03 -4.378861407230754565e+00
1.903996000000000095e+03 -4.383807734044518511e+00
1.920792799999999943e+03 -4.383746011127848341e+00
1.934443099999999959e+03 -4.380734278887630673e+00
1.949275300000000016e+03 -4.379969013371418640e+00
1.984118799999999965e+03 -4.386429123080582748e+00
1.990627300000000105e+03 -4.381971612385410886e+00
1.998008100000000013e+03 -4.383758639748728037e+00
2.014414999999999964e+03 -4.381697076565173710e+00
2.029625399999999900e+03 -4.382594462171278238e+00
2.051900500000000193e+03 -4.382081392698665923e+00
2.063502399999999852e+03 -4.384040769787132419e+00
2.081794800000000123e+03 -4.383448021833377339e+00
2.106054900000000089e+03 -4.386834131070543208e+00
2.116696100000000115e+03 -4.386804612767961409e+00
2.141335700000000088e+03 -4.382523920886615798e+00
2.155584199999999782e+03 -4.386698231551505067e+00
2.163765100000000075e+03 -4.384061325200423909e+00
2.193177299999999832e+03 -4.387638656712978147e+00
2.206169600000000173e+03 -4.388417636609967865e+00
2.214725199999999859e+03 -4.386012698421893674e+00
2.232634799999999814e+03 -4.387113274819414599e+00
2.244677200000000084e+03 -4.387236295854926915e+00
2.274318000000000211e+03 -4.386794514149555901e+00
2.296636700000000019e+03 -4.385364820765370375e+00
2.297709299999999985e+03 -4.390380405576369327e+00
2.321275000000000091e+03 -4.389856793011685632e+00
2.351818800000000010e+03 -4.390140771087825300e+00
2.359691800000000057e+03 -4.385217824364355366e+00
2.363809999999999945e+03 -4.390218243671144549e+00
2.380880299999999806e+03 -4.388563934681522838e+00
2.389816400000000158e+03 -4.389865138608870510e+00
2.398362500000000182e+03 -4.386233085413882016e+00
2.433367000000000189e+03 -4.389631570339487254e+00
