9.964752599999999916e+01 -1.494993619200938983e+00
1.002302899999999966e+02 -1.494914578574207731e+00
1.262836999999999961e+02 -1.494390591727237094e+00
1.497126900000000091e+02 -1.494418142096105573e+00
1.503969500000000039e+02 -1.494526799599503963e+00
1.746307899999999904e+02 -1.493721965819308606e+00
1.999278600000000097e+02 -1.493859614689539095e+00
2.017746500000000083e+02 -1.493964463729069436e+00
2.248779600000000016e+02 -1.493007605615269018e+00
2.480036299999999869e+02 -1.492607108100262980e+00
2.481081599999999980e+02 -1.492485087831984636e+00
2.743724399999999832e+02 -1.491439694052375531e+00
3.001301599999999894e+02 -1.490627429508062152e+00
3.014314600000000155e+02 -1.491130847368350887e+00
3.232498100000000250e+02 -1.489142534262129391e+00
3.484618600000000015e+02 -1.488311887873095873e+00
3.492859199999999760e+02 -1.487945746097468325e+00
3.746250900000000001e+02 -1.485640177292139041e+00
4.010158000000000129e+02 -1.484696672336873746e+00
4.018965099999999779e+02 -1.483515183855756314e+00
4.188242099999999937e+02 -1.479511573533868418e+00
4.508788799999999810e+02 -1.480309182496785336e+00
4.539148799999999824e+02 -1.480237138702365618e+00
4.710023899999999912e+02 -1.475741766933192478e+00
4.946195700000000102e+02 -1.475088220555349494e+00
4.964913000000000238e+02 -1.475231625772637667e+00
5.236257100000000264e+02 -1.472605509287210790e+00
5.506902099999999791e+02 -1.471512663049665992e+00
5.512866099999999960e+02 -1.470815327938292727e+00
5.714100399999999809e+02 -1.467655229368661773e+00
5.981188899999999649e+02 -1.466724816670402776e+00
6.020059700000000475e+02 -1.467352236296084467e+00
6.204352400000000216e+02 -1.464450937502677519e+00
6.487793199999999842e+02 -1.462936598327017945e+00
6.488567500000000337e+02 -1.463101638930858650e+00
6.656465200000000095e+02 -1.458851705376810859e+00
7.028476699999999937e+02 -1.460196604596243564e+00
7.057203200000000152e+02 -1.460299968456431063e+00
7.155495200000000295e+02 -1.455959524456700516e+00
7.443961399999999458e+02 -1.456269178814843634e+00
7.574026300000000447e+02 -1.457781727373946401e+00
7.678607299999999896e+02 -1.452872897686854570e+00
7.947978699999999890e+02 -1.452120269036378142e+00
7.996389400000000478e+02 -1.451523573178534310e+00
8.133467500000000427e+02 -1.448642065633833687e+00
8.434188799999999446e+02 -1.447320594496060764e+00
8.458018499999999449e+02 -1.446890893703557390e+00
8.593396599999999808e+02 -1.445386005655458606e+00
8.965464600000000246e+02 -1.445753686497518675e+00
9.055066399999999476e+02 -1.447277734757895784e+00
9.202865500000000338e+02 -1.445018898314819333e+00
9.445071100000000115e+02 -1.442372090783678562e+00
9.495213800000000219e+02 -1.443320475886509691e+00
9.711610500000000457e+02 -1.442750961283574718e+00
1.003328700000000026e+03 -1.441467203838429967e+00
1.005816299999999956e+03 -1.441649327070510633e+00
1.017241599999999949e+03 -1.439298191004475980e+00
1.048814000000000078e+03 -1.438866655832226948e+00
1.053814200000000028e+03 -1.440294407834312729e+00
1.066628699999999981e+03 -1.437832989754906254e+00
1.089407500000000027e+03 -1.435449882333426963e+00
1.094926999999999907e+03 -1.436706367746239055e+00
1.112944700000000012e+03 -1.434079241865849230e+00
1.145441100000000006e+03 -1.434089968057560283e+00
1.156940000000000055e+03 -1.435821872897657947e+00
1.167654600000000073e+03 -1.433607788332134092e+00
1.195255100000000084e+03 -1.432957243754618748e+00
1.208798800000000028e+03 -1.433320965708140493e+00
1.213972700000000032e+03 -1.430853972710013355e+00
1.253216499999999996e+03 -1.429771106154029692e+00
1.255366500000000087e+03 -1.427309419378693267e+00
1.255633000000000038e+03 -1.430938715911441506e+00
1.293076000000000022e+03 -1.428688342526656552e+00
1.297267499999999927e+03 -1.429757629926125650e+00
1.323591499999999996e+03 -1.428802171189961667e+00
1.351709900000000061e+03 -1.427206132839855091e+00
1.358956799999999930e+03 -1.428684170277851662e+00
1.379076299999999947e+03 -1.429594905918343040e+00
1.400301500000000033e+03 -1.425559449570556581e+00
1.401294799999999896e+03 -1.423126638373166220e+00
1.411682000000000016e+03 -1.423567126683349837e+00
1.454491400000000112e+03 -1.421945016935942663e+00
1.459473300000000108e+03 -1.425792880278934804e+00
1.464699000000000069e+03 -1.421894641933893144e+00
1.509773300000000063e+03 -1.422538442692882654e+00
1.514936899999999923e+03 -1.422068786939692853e+00
1.521243799999999965e+03 -1.420898767830947929e+00
1.550882100000000037e+03 -1.419807500013062107e+00
1.559151499999999942e+03 -1.417389686799717108e+00
1.569336099999999988e+03 -1.423708493053276181e+00
1.579883199999999988e+03 -1.416013033942176147e+00
1.601029700000000048e+03 -1.416630293343580593e+00
1.615215500000000020e+03 -1.416979622166169239e+00
1.658073399999999992e+03 -1.417509985501028913e+00
1.658948100000000068e+03 -1.419838392531622917e+00
1.670966799999999921e+03 -1.417169514204827729e+00
1.697064100000000053e+03 -1.413057036629962848e+00
1.702551200000000108e+03 -1.411149182228132348e+00
1.714815000000000055e+03 -1.415065649626453315e+00
1.739032600000000002e+03 -1.410667822449351627e+00
1.742574900000000071e+03 -1.415444049739570831e+00
1.766841599999999971e+03 -1.412563393805734480e+00
1.776684600000000046e+03 -1.410513918154206348e+00
1.799778199999999970e+03 -1.412956798947037740e+00
1.814238200000000006e+03 -1.409555214620715535e+00
1.857177599999999984e+03 -1.408876441751118147e+00
1.859750099999999975e+03 -1.408306139213967523e+00
1.867826399999999921e+03 -1.411184426567440253e+00
1.901229599999999891e+03 -1.407284300778315345e+00
1.902037000000000035e+03 -1.409199929813904406e+00
1.904075299999999970e+03 -1.404038645827382581e+00
1.939534300000000030e+03 -1.405524809203674952e+00
1.944624000000000024e+03 -1.405486028475047888e+00
1.946216400000000021e+03 -1.400649578338163614e+00
2.007176699999999983e+03 -1.405336161645290627e+00
2.010007000000000062e+03 -1.402489944987046933e+00
2.011083000000000084e+03 -1.403122376606159349e+00
2.043842200000000048e+03 -1.402531237229914574e+00
2.049383499999999913e+03 -1.397333099878879992e+00
2.050378400000000056e+03 -1.404974995006199823e+00
2.081022899999999936e+03 -1.397444430014378902e+00
2.086216600000000199e+03 -1.389558476736299841e+00
2.086938999999999851e+03 -1.400047236403560103e+00
2.140643900000000031e+03 -1.396282843961951681e+00
2.141743300000000090e+03 -1.396738239255910674e+00
2.162985200000000077e+03 -1.395772793249835164e+00
2.204494000000000142e+03 -1.398387880149735363e+00
2.204710700000000088e+03 -1.393959472348271778e+00
2.206193400000000111e+03 -1.389490805463590828e+00
2.225516399999999976e+03 -1.391014376180157885e+00
2.241253999999999905e+03 -1.387002358387640744e+00
2.267833299999999781e+03 -1.389451338619986487e+00
2.307119099999999889e+03 -1.382930876816525156e+00
2.309287299999999959e+03 -1.393396600171719069e+00
2.317739500000000135e+03 -1.390227754147382866e+00
2.347379100000000108e+03 -1.382088125071774254e+00
2.349855300000000170e+03 -1.386575514081431315e+00
2.369157700000000204e+03 -1.382284274248182676e+00
2.404473399999999856e+03 -1.375234205888012262e+00
2.420051399999999830e+03 -1.382784022150707282e+00
2.426693699999999808e+03 -1.383662953648140181e+00
2.442400999999999840e+03 -1.374671089675716384e+00
