1.010186300000000017e+02 -3.459142856039586267e+00
1.272499499999999983e+02 -3.458750757035064183e+00
1.521049500000000023e+02 -3.458835896892087369e+00
1.752428600000000074e+02 -3.458233851672165571e+00
1.994827799999999911e+02 -3.458080345443068637e+00
2.247348100000000102e+02 -3.457768481657403470e+00
2.509475899999999911e+02 -3.457329456577546978e+00
2.740383800000000178e+02 -3.457017082128293950e+00
2.990798500000000217e+02 -3.456561785815381427e+00
3.221293099999999754e+02 -3.455541189591943230e+00
3.464506299999999896e+02 -3.454649974593594575e+00
3.719283500000000231e+02 -3.454057966445044148e+00
4.032292800000000170e+02 -3.453887667522804072e+00
4.233279200000000060e+02 -3.452879668284523085e+00
4.543920100000000275e+02 -3.452481746229200787e+00
4.703491300000000024e+02 -3.449536910235351250e+00
5.024223999999999819e+02 -3.449640314845452416e+00
5.199390700000000152e+02 -3.445830843683560740e+00
5.485155300000000125e+02 -3.445373373583772825e+00
5.725967000000000553e+02 -3.442593034524494389e+00
6.018204700000000003e+02 -3.441667602652272784e+00
6.230372300000000223e+02 -3.435754633641314726e+00
6.577448399999999538e+02 -3.435241795046257263e+00
6.717532800000000179e+02 -3.429838728914565760e+00
6.958282400000000507e+02 -3.427854311415917898e+00
7.176562900000000127e+02 -3.420973024576872579e+00
7.571965000000000146e+02 -3.421805479169887310e+00
7.696926899999999705e+02 -3.416449386110410824e+00
7.937314000000000078e+02 -3.413456971171025423e+00
8.188129000000000133e+02 -3.410695872382185634e+00
8.466541799999999967e+02 -3.408495422793389906e+00
8.707419099999999617e+02 -3.407399203805460353e+00
8.959928200000000516e+02 -3.405561353347434483e+00
9.121004400000000487e+02 -3.399829758001069457e+00
9.411701799999999594e+02 -3.400045302155015214e+00
9.646787000000000489e+02 -3.394321277460607522e+00
9.939329999999999927e+02 -3.392882315445254093e+00
1.017082999999999970e+03 -3.391850513581632587e+00
1.051839799999999968e+03 -3.391269280243629947e+00
1.073527800000000070e+03 -3.388990552193669625e+00
1.095452999999999975e+03 -3.386911858683058441e+00
1.110919000000000096e+03 -3.381673052488793019e+00
1.155692600000000084e+03 -3.383095008841168649e+00
1.169275699999999915e+03 -3.379137601600212815e+00
1.197126199999999926e+03 -3.376317919444482119e+00
1.217403999999999996e+03 -3.375979633742806296e+00
1.255581100000000106e+03 -3.375371614624765204e+00
1.269293100000000095e+03 -3.372387994674982625e+00
1.297140100000000075e+03 -3.372587660091184603e+00
1.316907899999999927e+03 -3.368518455350309360e+00
1.354168100000000095e+03 -3.364477897597602407e+00
1.356165600000000040e+03 -3.363681956493399294e+00
1.395659100000000080e+03 -3.361812889254683689e+00
1.415250500000000102e+03 -3.361258991432920951e+00
1.458764100000000099e+03 -3.360143987379378583e+00
1.473716300000000047e+03 -3.359414731022040357e+00
1.512623700000000099e+03 -3.355255533418536551e+00
1.516057600000000093e+03 -3.357558540732952679e+00
1.549116800000000012e+03 -3.351605103879377268e+00
1.553358899999999949e+03 -3.355045451217913310e+00
1.598751199999999926e+03 -3.353092497334831723e+00
1.603375800000000027e+03 -3.349623739529807853e+00
1.631759999999999991e+03 -3.347020189433226989e+00
1.672673000000000002e+03 -3.348569078382213959e+00
1.681769800000000032e+03 -3.344211439729851687e+00
1.716271300000000110e+03 -3.346713809352914293e+00
1.755425199999999904e+03 -3.349088110975776189e+00
1.776254200000000083e+03 -3.346801592768926525e+00
1.792856600000000071e+03 -3.339598172507248108e+00
1.816839199999999892e+03 -3.343228540841333807e+00
1.864428599999999960e+03 -3.340015726379036209e+00
1.875811200000000099e+03 -3.342352513450603357e+00
1.906632200000000012e+03 -3.337428385282969590e+00
1.920776800000000094e+03 -3.335716381220866111e+00
1.953385199999999941e+03 -3.337485147740491875e+00
1.974686500000000024e+03 -3.338198908824542066e+00
1.997145999999999958e+03 -3.336897666743117163e+00
2.002846399999999903e+03 -3.331667283154058357e+00
2.040482799999999997e+03 -3.330905692376176841e+00
2.071317700000000059e+03 -3.333954626391638865e+00
2.094676399999999830e+03 -3.331195025139641164e+00
2.116176899999999932e+03 -3.329455398390581689e+00
2.154845100000000002e+03 -3.329598397019837730e+00
2.167058100000000195e+03 -3.329636577932855612e+00
2.207952000000000226e+03 -3.328991998722107937e+00
2.220374899999999798e+03 -3.328718678665225639e+00
2.245871399999999994e+03 -3.323068427617045018e+00
2.249042600000000220e+03 -3.323711571822606015e+00
2.290802200000000084e+03 -3.320275731216884019e+00
2.317637900000000172e+03 -3.323025374134235488e+00
2.335237700000000132e+03 -3.322576392307587501e+00
2.370616199999999935e+03 -3.326156796734319521e+00
2.408899600000000191e+03 -3.319343813747697602e+00
2.414068200000000161e+03 -3.322109065493299429e+00
2.460600199999999859e+03 -3.323892279418936280e+00
