1.033374100000000055e+02 3.570355587217586191e+01
1.273383999999999929e+02 3.572672043557907529e+01
1.515052000000000021e+02 3.574157592102584857e+01
1.756368799999999908e+02 3.576333095868105261e+01
2.003973699999999951e+02 3.578143700386729620e+01
2.241201199999999858e+02 3.580072053734988913e+01
2.465790700000000015e+02 3.582073122328516490e+01
2.723018400000000270e+02 3.583584062690820105e+01
2.992158299999999826e+02 3.585453999592917285e+01
3.224551000000000158e+02 3.588172094443313398e+01
3.477430499999999824e+02 3.591535619784245625e+01
3.723477599999999939e+02 3.592908253612863945e+01
3.973204799999999750e+02 3.592676572359047782e+01
4.214535099999999943e+02 3.594360828414411202e+01
4.469036300000000210e+02 3.598838082637899305e+01
4.698181999999999903e+02 3.598214431101160216e+01
4.965374800000000164e+02 3.603491095053938409e+01
5.197255999999999858e+02 3.602154691634439132e+01
5.458685000000000400e+02 3.607365306330144961e+01
5.714041099999999460e+02 3.608870293099938920e+01
5.998043699999999490e+02 3.610135253409322331e+01
6.180460100000000239e+02 3.609166700590270693e+01
6.501239100000000235e+02 3.611149348666802439e+01
6.667444699999999784e+02 3.611608996539792571e+01
6.953371200000000272e+02 3.614269082027274749e+01
7.176491099999999506e+02 3.615243741095054020e+01
7.496965599999999768e+02 3.618925300223895647e+01
7.664613399999999501e+02 3.620830297170770962e+01
7.976039299999999912e+02 3.622505648280073842e+01
8.166732100000000401e+02 3.624791369835131150e+01
8.409194199999999455e+02 3.627434764909423848e+01
8.665670599999999695e+02 3.628363728882556671e+01
9.017779900000000453e+02 3.629931101160187268e+01
9.135761599999999589e+02 3.634278801139832638e+01
9.436810100000000148e+02 3.635072511703643272e+01
9.660061899999999468e+02 3.639515927132098483e+01
9.972807500000000118e+02 3.637661306737227562e+01
1.014912699999999973e+03 3.644020506818644378e+01
1.045627999999999929e+03 3.644493639324242196e+01
1.065295599999999922e+03 3.646717636881741953e+01
1.094642100000000028e+03 3.649089863627111896e+01
1.120869500000000016e+03 3.648410543456137134e+01
1.140255499999999984e+03 3.657704304905353609e+01
1.161850699999999961e+03 3.653744962344799063e+01
1.211695799999999963e+03 3.663044015876246817e+01
1.218961199999999963e+03 3.658018674944025861e+01
1.248980299999999943e+03 3.669152503561978307e+01
1.266100799999999936e+03 3.663006920415224954e+01
1.294770099999999957e+03 3.672681152045593223e+01
1.310123399999999947e+03 3.667447486260940792e+01
1.347805800000000090e+03 3.678484378180338155e+01
1.358479800000000068e+03 3.676374720130267093e+01
1.392547000000000025e+03 3.686995369428047553e+01
1.412489000000000033e+03 3.679639222470994753e+01
1.445721099999999979e+03 3.686650976999796825e+01
1.464392900000000054e+03 3.688277885202523976e+01
1.478407500000000027e+03 3.693000152656217949e+01
1.510076499999999896e+03 3.692612049664156615e+01
1.543399599999999964e+03 3.698065082434357720e+01
1.569318800000000010e+03 3.702034958273966936e+01
1.604038600000000088e+03 3.709170466110320064e+01
1.605589600000000019e+03 3.706451862405862130e+01
1.645723999999999933e+03 3.711196824750661705e+01
1.657731600000000071e+03 3.713750203541624018e+01
1.706059899999999971e+03 3.719461937716263122e+01
1.712017399999999952e+03 3.719576073682068085e+01
1.747089199999999892e+03 3.729228271931609839e+01
1.769058899999999994e+03 3.726946519438224925e+01
1.811612000000000080e+03 3.729278902910645144e+01
1.828970299999999952e+03 3.730630012212497348e+01
1.842512500000000045e+03 3.734628943618969998e+01
1.867640499999999975e+03 3.736599226541827790e+01
1.896355199999999968e+03 3.744032363118257933e+01
1.905498299999999972e+03 3.748180795847751057e+01
1.942897699999999986e+03 3.756452422145328995e+01
1.951142800000000079e+03 3.756190260533279002e+01
1.983871100000000069e+03 3.762445908813351991e+01
2.010748100000000022e+03 3.763305923061265901e+01
2.035809799999999996e+03 3.768762161612049510e+01
2.073967700000000150e+03 3.768745827396703163e+01
2.115503999999999905e+03 3.772899552208426144e+01
2.131548200000000179e+03 3.775018674944026031e+01
2.137145899999999983e+03 3.771915224913495024e+01
2.156519499999999880e+03 3.777874414817830484e+01
2.188945600000000013e+03 3.784272949318135204e+01
2.211201199999999972e+03 3.785013128434765406e+01
2.264881199999999808e+03 3.789623346224303191e+01
2.274372899999999845e+03 3.784158711581518730e+01
2.314858299999999872e+03 3.794346580500712207e+01
2.318266799999999876e+03 3.799444687563606493e+01
2.353733900000000176e+03 3.807792184001628044e+01
2.364668700000000172e+03 3.804343374720130555e+01
2.411327499999999873e+03 3.814471707714227477e+01
2.421450400000000172e+03 3.815335792794626713e+01
2.456267699999999877e+03 3.821468145735803290e+01
