9.968022799999999961e+01 -3.300326874865919358e+00
1.274539099999999934e+02 -3.299786387259266096e+00
1.488695400000000006e+02 -3.299361630428277792e+00
1.760532499999999914e+02 -3.298769834386536814e+00
1.996943599999999890e+02 -3.298478926659605293e+00
2.273839199999999892e+02 -3.297798332386658871e+00
2.488968900000000133e+02 -3.296644821707345852e+00
2.758659200000000169e+02 -3.295565000659983035e+00
2.979167100000000232e+02 -3.294242059826558933e+00
3.260330700000000093e+02 -3.293172107163210072e+00
3.522313300000000140e+02 -3.292107661368372185e+00
3.708645300000000020e+02 -3.288437893856921423e+00
3.973996399999999767e+02 -3.287324259375986824e+00
4.235907799999999952e+02 -3.284848956025441691e+00
4.466353399999999851e+02 -3.282849686174742487e+00
4.665590900000000261e+02 -3.279029326007732337e+00
4.961680600000000254e+02 -3.278623433260716702e+00
5.229833399999999983e+02 -3.275129042876266716e+00
5.543101100000000088e+02 -3.274627595897605659e+00
5.730180599999999913e+02 -3.270242978110640131e+00
5.992569399999999860e+02 -3.268319350919439259e+00
6.219817900000000463e+02 -3.265672143692651463e+00
6.445634300000000394e+02 -3.263720307479197391e+00
6.692267399999999498e+02 -3.260728871504242843e+00
6.953365300000000389e+02 -3.258708265220407352e+00
7.239942600000000539e+02 -3.257269718731974795e+00
7.513002500000000055e+02 -3.254720576637822660e+00
7.667680299999999534e+02 -3.251042733356807268e+00
7.908738399999999729e+02 -3.249630254152776399e+00
8.179342000000000326e+02 -3.247985197809712066e+00
8.404862299999999777e+02 -3.244407194711025344e+00
8.647714399999999841e+02 -3.243849663081051382e+00
9.004000700000000279e+02 -3.243293530197038255e+00
9.186941799999999603e+02 -3.240089021991952922e+00
9.514620400000000018e+02 -3.237616648978010936e+00
9.628404100000000199e+02 -3.236236181305396364e+00
1.009842099999999959e+03 -3.237940941572066578e+00
1.012231099999999969e+03 -3.231806306676800578e+00
1.058892299999999977e+03 -3.233335775028252534e+00
1.066978100000000040e+03 -3.230239365868183832e+00
1.101503899999999931e+03 -3.228185377590168326e+00
1.124577800000000025e+03 -3.229382833767944661e+00
1.154413299999999936e+03 -3.224042118638702714e+00
1.163293799999999919e+03 -3.224845486616080947e+00
1.209678599999999960e+03 -3.221780957829798453e+00
1.212758000000000038e+03 -3.224610017780703330e+00
1.249067800000000034e+03 -3.221281680475666320e+00
1.262136500000000069e+03 -3.219990954749841094e+00
1.288193099999999959e+03 -3.218259467728947776e+00
1.319655400000000100e+03 -3.219430753862367212e+00
1.356383499999999913e+03 -3.217864839986455561e+00
1.363888200000000097e+03 -3.216285821434846870e+00
1.393512899999999945e+03 -3.215580056675570120e+00
1.403390400000000000e+03 -3.211939815450420177e+00
1.448069500000000062e+03 -3.212410616656129037e+00
1.467529999999999973e+03 -3.213683757878096348e+00
1.512968000000000075e+03 -3.213924228369104075e+00
1.514736599999999953e+03 -3.209637502043483082e+00
1.556677699999999959e+03 -3.207605798351824689e+00
1.560110599999999977e+03 -3.212316190134323346e+00
1.592391499999999951e+03 -3.205095294436875797e+00
1.611283799999999928e+03 -3.205949511265722585e+00
1.646025699999999915e+03 -3.205784535893552611e+00
1.670694799999999987e+03 -3.206482821865908051e+00
1.704415099999999939e+03 -3.203735250798139589e+00
1.713615199999999959e+03 -3.204244129994082702e+00
1.761710499999999911e+03 -3.206048626298222182e+00
1.771434999999999945e+03 -3.204020775349506689e+00
1.794646099999999933e+03 -3.204219912549170157e+00
1.799064200000000028e+03 -3.198869152430566576e+00
1.843983500000000049e+03 -3.199461433387296161e+00
1.871230600000000095e+03 -3.201067685822240438e+00
1.903446500000000015e+03 -3.198088942162175652e+00
1.923755900000000111e+03 -3.200722595280505622e+00
1.951999199999999973e+03 -3.199697111892394474e+00
1.968908799999999928e+03 -3.198903049919689323e+00
2.005102499999999964e+03 -3.196705191023948789e+00
2.010985300000000052e+03 -3.196094116972092003e+00
2.041557999999999993e+03 -3.192853203155343600e+00
2.050669400000000223e+03 -3.194676063908918895e+00
2.110535699999999906e+03 -3.191847331015285949e+00
2.111532099999999900e+03 -3.198695852473252721e+00
2.135697099999999864e+03 -3.194143678115760387e+00
2.164929299999999785e+03 -3.194188011562707707e+00
2.203563099999999849e+03 -3.195832192417495499e+00
2.203847299999999905e+03 -3.188887446800261927e+00
2.264612999999999829e+03 -3.194371930966803497e+00
2.276757200000000012e+03 -3.192336249992597796e+00
2.300760999999999967e+03 -3.190833995956692259e+00
2.322039000000000215e+03 -3.188828167477606446e+00
2.361121500000000196e+03 -3.196386483809700252e+00
2.364632000000000062e+03 -3.191257329572471324e+00
2.406653099999999995e+03 -3.190599757504064549e+00
2.432348899999999958e+03 -3.191037666966114905e+00
2.450687399999999798e+03 -3.188683582149592688e+00
