1.026458599999999990e+02 1.201055007123956742e+01
1.275916299999999950e+02 1.203625025442703134e+01
1.512463099999999940e+02 1.204596478729900255e+01
1.745998199999999940e+02 1.206877162629757727e+01
1.997690100000000086e+02 1.208414512517809847e+01
2.248951299999999947e+02 1.209714889069814880e+01
2.475870199999999954e+02 1.210824750661510230e+01
2.728345499999999788e+02 1.214020812131080795e+01
3.014834599999999796e+02 1.215602432322410031e+01
3.188038399999999797e+02 1.218324954203134602e+01
3.507622900000000072e+02 1.219919957256258947e+01
3.721623200000000224e+02 1.221618105027478229e+01
4.001871100000000183e+02 1.223538927335640203e+01
4.251150099999999838e+02 1.225306889883981221e+01
4.520464200000000119e+02 1.228008192550376698e+01
4.718803500000000213e+02 1.230006869529818836e+01
4.962915100000000166e+02 1.233028801139833064e+01
5.233843699999999899e+02 1.235490077345817284e+01
5.503157800000000179e+02 1.238115560757174904e+01
5.683425700000000234e+02 1.240995420313454112e+01
5.957676699999999528e+02 1.243883370649297682e+01
6.178259000000000469e+02 1.246305414207205331e+01
6.410710299999999506e+02 1.248477457765113030e+01
6.712416600000000244e+02 1.252335589253002190e+01
6.982619499999999562e+02 1.254448656625279845e+01
7.203759599999999637e+02 1.258811062487278676e+01
7.506766999999999825e+02 1.260983156930592308e+01
7.632278900000000021e+02 1.264450844697740628e+01
7.957686700000000428e+02 1.267081976389171594e+01
8.168618999999999915e+02 1.271502951353551936e+01
8.442406200000000354e+02 1.274875788723793946e+01
8.624331399999999803e+02 1.277727915733767539e+01
8.939062199999999621e+02 1.281915682882149454e+01
9.191361600000000180e+02 1.283527834317117922e+01
9.514349799999999959e+02 1.288772236922450531e+01
9.718296599999999899e+02 1.289643344188886509e+01
9.972415200000000368e+02 1.294321951964176698e+01
1.022208600000000047e+03 1.296384235701200893e+01
1.055482600000000048e+03 1.301471860370445732e+01
1.071978100000000040e+03 1.303197944229594896e+01
1.102576700000000073e+03 1.307667769183798079e+01
1.116998499999999922e+03 1.309973590474251992e+01
1.151470399999999927e+03 1.312421992672501680e+01
1.169408799999999928e+03 1.317003256665988253e+01
1.191333800000000110e+03 1.320969366985548454e+01
1.219533300000000054e+03 1.323382861795237098e+01
1.241895099999999957e+03 1.327883930388764533e+01
1.261703600000000051e+03 1.330431966212090344e+01
1.297769099999999980e+03 1.334420720537349858e+01
1.320763300000000072e+03 1.338509922654182560e+01
1.335882499999999936e+03 1.341328465296153105e+01
1.363572400000000016e+03 1.343587879096275195e+01
1.395357099999999946e+03 1.348285772440464036e+01
1.414549999999999955e+03 1.351183187461836077e+01
1.456055299999999988e+03 1.355658304498269828e+01
1.468467900000000100e+03 1.357069916547934163e+01
1.491724200000000110e+03 1.361810095664563391e+01
1.509418400000000020e+03 1.364181915326684447e+01
1.551332300000000032e+03 1.368584571544880824e+01
1.554316700000000083e+03 1.371073529411764724e+01
1.582073000000000093e+03 1.374296712802768106e+01
1.621273100000000113e+03 1.375893802157541401e+01
1.645375099999999975e+03 1.379432882149399653e+01
1.674713299999999890e+03 1.382432373295338834e+01
1.705687799999999925e+03 1.384312029309993974e+01
1.708646600000000035e+03 1.387184510482393662e+01
1.751041500000000042e+03 1.391766130673722834e+01
1.775826800000000048e+03 1.395969061673112321e+01
1.797964999999999918e+03 1.400825768369631774e+01
1.811504300000000057e+03 1.397217026256869588e+01
1.858856399999999894e+03 1.406706391207001872e+01
1.865570899999999938e+03 1.407498676979442287e+01
1.911260099999999966e+03 1.413440871158151957e+01
1.925901699999999892e+03 1.414840168939548271e+01
1.960938300000000027e+03 1.420393089761856409e+01
1.981851799999999912e+03 1.422062792591085056e+01
1.993662800000000061e+03 1.426598972114797448e+01
2.010051699999999983e+03 1.428153317728475535e+01
2.046219700000000103e+03 1.433621310808060301e+01
2.061017499999999927e+03 1.436541929574597809e+01
2.096594399999999951e+03 1.439961835945450730e+01
2.110346199999999953e+03 1.442099582739670183e+01
2.147126800000000003e+03 1.446891308772644003e+01
2.163952200000000175e+03 1.448817066965194478e+01
2.189241500000000087e+03 1.454261958070425464e+01
2.203699900000000071e+03 1.460696621209037183e+01
2.233589699999999993e+03 1.460546763688174288e+01
2.265160499999999956e+03 1.466510024424994896e+01
2.295390400000000227e+03 1.465681915326684326e+01
2.328593400000000202e+03 1.468781498066354629e+01
2.364955300000000079e+03 1.474041776918379831e+01
2.365417300000000068e+03 1.479754681457358068e+01
2.406828199999999924e+03 1.482296051292489381e+01
2.409117600000000039e+03 1.485560299206187729e+01
2.447824099999999817e+03 1.491819865662528066e+01
