1.013156199999999956e+02 -3.319619796700659542e+00
1.271569999999999965e+02 -3.318863812893463994e+00
1.501934699999999907e+02 -3.318686388111713903e+00
1.761844000000000108e+02 -3.317868770821553515e+00
1.999692900000000009e+02 -3.317565470701630659e+00
2.240138900000000035e+02 -3.315666935456518249e+00
2.503498700000000099e+02 -3.315211571549906644e+00
2.714095199999999863e+02 -3.312891153583719550e+00
3.003857399999999984e+02 -3.313172384582887542e+00
3.220881899999999973e+02 -3.308991326605208450e+00
3.499814600000000269e+02 -3.308765797214090476e+00
3.750044500000000198e+02 -3.302790457831440651e+00
4.016093099999999936e+02 -3.301878958513303708e+00
4.222237900000000081e+02 -3.293962944349749566e+00
4.510673699999999826e+02 -3.293139612522411497e+00
4.710954500000000280e+02 -3.285300884840703262e+00
4.947949399999999969e+02 -3.284495505085135214e+00
5.219717600000000175e+02 -3.278983242720113545e+00
5.535367599999999584e+02 -3.278656043228402872e+00
5.741805299999999761e+02 -3.273810088391632345e+00
6.026959900000000516e+02 -3.271731668443057295e+00
6.215085699999999633e+02 -3.267281284613506642e+00
6.518626199999999926e+02 -3.266246464999360555e+00
6.687032600000000002e+02 -3.261775660370588081e+00
6.910448699999999462e+02 -3.259137662117982615e+00
7.226482799999999997e+02 -3.258313064877502718e+00
7.454294200000000501e+02 -3.255260706907164625e+00
7.705370000000000346e+02 -3.253679309812767428e+00
7.933395600000000059e+02 -3.251848396116815643e+00
8.166325000000000500e+02 -3.248128480937959139e+00
8.530816099999999551e+02 -3.248067126899576440e+00
8.706552100000000110e+02 -3.245247795624973897e+00
8.962503400000000511e+02 -3.243603807711924691e+00
9.202516399999999521e+02 -3.240427235485345392e+00
9.627191800000000512e+02 -3.240951736927058402e+00
9.671653300000000399e+02 -3.236848152981501414e+00
1.008438499999999976e+03 -3.238644081399460806e+00
1.021754900000000021e+03 -3.235303865714161731e+00
1.052551899999999932e+03 -3.232439836752815765e+00
1.071574499999999944e+03 -3.231256041188657946e+00
1.107664199999999937e+03 -3.233112865528304347e+00
1.120100500000000011e+03 -3.229499176949417460e+00
1.155422199999999975e+03 -3.224225390016048909e+00
1.158121300000000019e+03 -3.229015467229034098e+00
1.204424899999999980e+03 -3.225123056742158933e+00
1.220091899999999896e+03 -3.224352913639873197e+00
1.251988599999999906e+03 -3.223437386227827606e+00
1.264326900000000023e+03 -3.221746154271236229e+00
1.285185699999999997e+03 -3.219354883210269413e+00
1.314967599999999948e+03 -3.218807201297886778e+00
1.339700599999999895e+03 -3.216906038852003213e+00
1.363467699999999923e+03 -3.217274813792758259e+00
1.400037000000000035e+03 -3.217844521085157616e+00
1.407239199999999983e+03 -3.214796856540335757e+00
1.450922299999999950e+03 -3.214139827931335791e+00
1.469064200000000028e+03 -3.215815011729852291e+00
1.502906400000000076e+03 -3.215012449048679333e+00
1.512517000000000053e+03 -3.212750084495884728e+00
1.547755300000000034e+03 -3.212035899224780167e+00
1.559730299999999943e+03 -3.210761789118365073e+00
1.597882499999999936e+03 -3.212430306597719998e+00
1.617746699999999919e+03 -3.212619841616943361e+00
1.653982199999999921e+03 -3.209314174971860112e+00
1.659039899999999989e+03 -3.209028265510073030e+00
1.701192900000000009e+03 -3.207963056007608227e+00
1.711931100000000015e+03 -3.208493470639353529e+00
1.747425500000000056e+03 -3.208249318899480063e+00
1.760691700000000083e+03 -3.207717059770804902e+00
1.790736699999999928e+03 -3.206767925690118926e+00
1.808709599999999909e+03 -3.204624027806387332e+00
1.857107999999999947e+03 -3.208161420473166103e+00
1.861815399999999954e+03 -3.204744446704028249e+00
1.878762799999999970e+03 -3.202258497919646008e+00
1.912525399999999991e+03 -3.204443193406251389e+00
1.949268399999999929e+03 -3.207873905749322407e+00
1.957492799999999988e+03 -3.202491680796900830e+00
1.989952299999999923e+03 -3.205795025145186994e+00
2.007354299999999967e+03 -3.202544857195132266e+00
2.058578899999999976e+03 -3.207114934599132106e+00
2.071789200000000164e+03 -3.208392669556617172e+00
2.102859599999999773e+03 -3.202290750836010336e+00
2.109041700000000219e+03 -3.202828189590596786e+00
2.142444599999999809e+03 -3.202628372974585247e+00
2.172037400000000162e+03 -3.205539539529132842e+00
2.205938700000000154e+03 -3.201314488226199906e+00
2.215138100000000122e+03 -3.201115268689022741e+00
2.241844999999999800e+03 -3.203808156069898772e+00
2.265671800000000076e+03 -3.203901605438963074e+00
2.306429500000000189e+03 -3.200851777143700616e+00
2.313349999999999909e+03 -3.201983882696223027e+00
2.328571699999999964e+03 -3.197752854344244167e+00
2.362622600000000148e+03 -3.201265134244978050e+00
2.399260699999999815e+03 -3.197526604910454040e+00
2.433178199999999833e+03 -3.204005670390478677e+00
2.435129600000000210e+03 -3.199893720331823843e+00
