9.942338499999999613e+01 -3.892726026417025587e+00
1.265680399999999963e+02 -3.892298111083576817e+00
1.490772699999999986e+02 -3.892156478708319600e+00
1.749982899999999972e+02 -3.891887448173266151e+00
2.009479499999999916e+02 -3.892154521017428870e+00
2.251897099999999909e+02 -3.891797287330422961e+00
2.501021000000000072e+02 -3.891413648745775777e+00
2.753531399999999962e+02 -3.891464443741460499e+00
3.022336700000000178e+02 -3.890788977551478123e+00
3.242841700000000174e+02 -3.890629507442375346e+00
3.528679700000000139e+02 -3.890431058835567946e+00
3.700986500000000206e+02 -3.888803250959568469e+00
4.019960899999999810e+02 -3.889288077685554956e+00
4.199518800000000169e+02 -3.887529538736641754e+00
4.547200599999999895e+02 -3.888010427082457809e+00
4.709153299999999831e+02 -3.886402956505811801e+00
4.975529700000000162e+02 -3.884600939001331632e+00
5.158965699999999970e+02 -3.883480668056658924e+00
5.473215000000000146e+02 -3.883213329327947161e+00
5.697038700000000517e+02 -3.881713081861996262e+00
6.042251999999999725e+02 -3.882145725502531786e+00
6.207392099999999573e+02 -3.879514966573281765e+00
6.539384999999999764e+02 -3.878193970076628361e+00
6.723627500000000055e+02 -3.877802975385860940e+00
7.023125599999999622e+02 -3.876613529558726068e+00
7.127012999999999465e+02 -3.872311590831824191e+00
7.454330099999999675e+02 -3.872470061616882120e+00
7.614469199999999773e+02 -3.868324254617757862e+00
8.027215300000000298e+02 -3.868511406108376516e+00
8.157816699999999628e+02 -3.865606824871221647e+00
8.511588000000000420e+02 -3.865131562689285261e+00
8.690671999999999571e+02 -3.861519127865560730e+00
9.043063899999999649e+02 -3.861344965064718693e+00
9.143329599999999573e+02 -3.855854496900062767e+00
9.487449100000000044e+02 -3.855741308167859316e+00
9.732305699999999433e+02 -3.853474045866466913e+00
1.005580799999999954e+03 -3.851685738528338732e+00
1.015387699999999995e+03 -3.845915247018862893e+00
1.053903199999999970e+03 -3.846409518691192186e+00
1.067298900000000003e+03 -3.841263221098548897e+00
1.098234999999999900e+03 -3.839071118061551324e+00
1.111378099999999904e+03 -3.833893662447364292e+00
1.164142000000000053e+03 -3.837496627644173319e+00
1.166667300000000068e+03 -3.832270727893024809e+00
1.209299299999999903e+03 -3.832458598358377433e+00
1.215691700000000083e+03 -3.825093249361734227e+00
1.259283200000000079e+03 -3.825488614011137933e+00
1.269519000000000005e+03 -3.820357192205592334e+00
1.316302899999999909e+03 -3.815358641483157953e+00
1.323783699999999953e+03 -3.818839900646046281e+00
1.350427699999999959e+03 -3.807608477053406215e+00
1.352325299999999970e+03 -3.813523072521468382e+00
1.410787399999999934e+03 -3.810180094544791896e+00
1.415147500000000036e+03 -3.805731600601203191e+00
1.439182600000000093e+03 -3.802315394680541694e+00
1.460485300000000052e+03 -3.798577349974166406e+00
1.500294599999999946e+03 -3.799195480009054382e+00
1.512453700000000026e+03 -3.795157748274389675e+00
1.552398999999999887e+03 -3.793314649880732414e+00
1.560936200000000099e+03 -3.790092060564436593e+00
1.589040799999999990e+03 -3.789679254965251598e+00
1.611877500000000055e+03 -3.787246236953770051e+00
1.638183700000000044e+03 -3.785597188165098714e+00
1.671707599999999957e+03 -3.785099932734892647e+00
1.707009099999999989e+03 -3.781835731352527041e+00
1.711069600000000037e+03 -3.777065127811839229e+00
1.751539800000000014e+03 -3.772109303966004745e+00
1.770216799999999921e+03 -3.774395292763145004e+00
1.789161700000000110e+03 -3.771761784718647093e+00
1.810930900000000065e+03 -3.766563838837424072e+00
1.844239199999999983e+03 -3.763492375112436505e+00
1.866867400000000089e+03 -3.764032068767300565e+00
1.912748299999999972e+03 -3.764904033451630383e+00
1.922240099999999984e+03 -3.761140928237819203e+00
1.953386500000000069e+03 -3.759605217176845926e+00
1.964806199999999990e+03 -3.755734925278010117e+00
2.009314699999999903e+03 -3.752898392781666370e+00
2.017262500000000045e+03 -3.755257962667561955e+00
2.037153800000000047e+03 -3.748186642798790214e+00
2.061681399999999940e+03 -3.745704240734044177e+00
2.109284900000000107e+03 -3.741984690779626366e+00
2.111405200000000150e+03 -3.744839974853690467e+00
2.160377100000000155e+03 -3.739741688122435015e+00
2.165905299999999897e+03 -3.739387253515364939e+00
2.207658100000000104e+03 -3.738926400343690393e+00
2.222620199999999841e+03 -3.738638030221299591e+00
2.254985799999999927e+03 -3.730430991265986762e+00
2.255389400000000023e+03 -3.736312146510255339e+00
2.297952800000000025e+03 -3.726926461219397080e+00
2.309239500000000135e+03 -3.731765069299063153e+00
2.346162699999999859e+03 -3.726221351257031245e+00
2.347494200000000092e+03 -3.719369000192233266e+00
2.401333599999999933e+03 -3.721492676052698290e+00
2.409787600000000111e+03 -3.720062489949991225e+00
2.439088600000000042e+03 -3.720895523468570332e+00
