1.004903699999999986e+02 -4.542110910707328308e+00
1.267675600000000031e+02 -4.541705939703684969e+00
1.489851899999999887e+02 -4.541530089216470500e+00
1.772234699999999918e+02 -4.541383320270912627e+00
2.001455300000000079e+02 -4.540712497750086563e+00
2.236981499999999983e+02 -4.539606275167749949e+00
2.486285499999999900e+02 -4.539366565883065086e+00
2.746059000000000196e+02 -4.538216463742327456e+00
2.991807699999999954e+02 -4.537072355595747730e+00
3.268066400000000158e+02 -4.535997879133009114e+00
3.483354699999999866e+02 -4.534058574421097276e+00
3.734047800000000166e+02 -4.531295341982687575e+00
3.966640400000000000e+02 -4.529839516515212772e+00
4.239810899999999947e+02 -4.526103787284471380e+00
4.533130400000000009e+02 -4.525372513832215837e+00
4.732221200000000181e+02 -4.518645246991289888e+00
5.054341999999999757e+02 -4.518272222481692246e+00
5.248636400000000322e+02 -4.510059978080984244e+00
5.438835400000000391e+02 -4.506710412255795717e+00
5.705618399999999610e+02 -4.500927963773095897e+00
6.024240499999999656e+02 -4.499857936862635910e+00
6.193785699999999679e+02 -4.491960486586534351e+00
6.479083600000000160e+02 -4.489249856308655140e+00
6.690593099999999822e+02 -4.483243596878794257e+00
6.996309899999999971e+02 -4.482455401256533634e+00
7.212227699999999686e+02 -4.477621928687568698e+00
7.515184500000000298e+02 -4.475827056921534819e+00
7.658602100000000519e+02 -4.469712582791239619e+00
7.944720600000000559e+02 -4.469724164011050327e+00
8.233522400000000516e+02 -4.465510792689361352e+00
8.584659599999999955e+02 -4.464674181183038826e+00
8.731727399999999761e+02 -4.461467424320479047e+00
9.047984999999999900e+02 -4.461794697000780019e+00
9.211725800000000390e+02 -4.456106442395522116e+00
9.588969299999999976e+02 -4.454789682886951319e+00
9.650298999999999978e+02 -4.451925554285256048e+00
9.940610500000000229e+02 -4.451217932658661169e+00
1.015746399999999994e+03 -4.449458568380930679e+00
1.051312500000000000e+03 -4.449072816145644538e+00
1.066035100000000057e+03 -4.446558017987238820e+00
1.106097500000000082e+03 -4.446915811041463940e+00
1.116543899999999894e+03 -4.445423252417416649e+00
1.153388799999999947e+03 -4.444883513719797286e+00
1.165622100000000046e+03 -4.443117915515931493e+00
1.196958499999999958e+03 -4.440503142899789424e+00
1.210452600000000075e+03 -4.439761837910033648e+00
1.248923000000000002e+03 -4.440893442803427682e+00
1.254898599999999988e+03 -4.437181690154266001e+00
1.295333100000000059e+03 -4.437336319622745329e+00
1.314056000000000040e+03 -4.438984571389875455e+00
1.342886099999999942e+03 -4.437510848546852849e+00
1.362808700000000044e+03 -4.438122615262694026e+00
1.399040899999999965e+03 -4.438741141298775617e+00
1.405658200000000079e+03 -4.437384371044157838e+00
1.455512899999999945e+03 -4.438701716639107175e+00
1.458901000000000067e+03 -4.437509981238127565e+00
1.495590400000000045e+03 -4.435709556230176709e+00
1.516655799999999999e+03 -4.438402888136328883e+00
1.549113100000000031e+03 -4.441077737829966843e+00
1.557842100000000073e+03 -4.437202971997166401e+00
1.587360699999999952e+03 -4.436329894294270382e+00
1.602064200000000028e+03 -4.437224976235848217e+00
1.639440599999999904e+03 -4.437269211193493490e+00
1.666229700000000093e+03 -4.441461926154936180e+00
1.708607099999999946e+03 -4.440645548792796049e+00
1.709441700000000083e+03 -4.439664993612247201e+00
1.747140499999999975e+03 -4.442323055746786764e+00
1.772204600000000028e+03 -4.444504792316252839e+00
1.786510399999999890e+03 -4.441102882180475220e+00
1.828385899999999992e+03 -4.444798265990277386e+00
1.835092000000000098e+03 -4.444842836183082291e+00
1.856130100000000084e+03 -4.441621416622321128e+00
1.906976499999999987e+03 -4.447877255279333752e+00
1.916682499999999891e+03 -4.444988067671999943e+00
1.956789099999999962e+03 -4.448274649406752879e+00
1.969146199999999908e+03 -4.447986201499882775e+00
2.013867600000000039e+03 -4.448587569687402876e+00
2.019097700000000032e+03 -4.448033131154406128e+00
2.045606500000000096e+03 -4.447411880848168408e+00
2.048826500000000124e+03 -4.445226403292212858e+00
2.096231000000000222e+03 -4.447192177670326707e+00
2.110686099999999897e+03 -4.451691015991932510e+00
2.157399300000000039e+03 -4.451899406719176611e+00
2.168094200000000001e+03 -4.453147153797503144e+00
2.189205699999999979e+03 -4.449583728527433557e+00
2.219054099999999835e+03 -4.457536496890403654e+00
2.237900000000000091e+03 -4.451520281595146677e+00
2.250868399999999838e+03 -4.453052089583184880e+00
2.280979800000000068e+03 -4.452633300544627915e+00
2.292812500000000000e+03 -4.456212999432120903e+00
2.348160499999999956e+03 -4.459539572789200434e+00
2.361020899999999983e+03 -4.457805978436958583e+00
2.374349400000000060e+03 -4.457254866824646555e+00
2.431785300000000007e+03 -4.460965291015542178e+00
2.443916799999999967e+03 -4.462929125535826103e+00
