1.233017799999999937e+02 -1.479426748580391582e+00
1.327327099999999973e+02 -1.479064251652147499e+00
1.701615500000000054e+02 -1.478209617177659529e+00
1.718525199999999984e+02 -1.478771232291417714e+00
1.798116699999999923e+02 -1.477841705032869601e+00
2.197493100000000084e+02 -1.477521204027839596e+00
2.210370000000000061e+02 -1.477732481408962961e+00
2.298415400000000091e+02 -1.477114217506135807e+00
2.690098600000000033e+02 -1.476059263065873983e+00
2.694993999999999801e+02 -1.476298224764124534e+00
2.790338699999999790e+02 -1.475711782591573762e+00
3.176465999999999781e+02 -1.474167176313824656e+00
3.178292099999999891e+02 -1.474317427581689932e+00
3.266782200000000103e+02 -1.473497602864019651e+00
3.692679400000000101e+02 -1.472695304353294432e+00
3.696253199999999879e+02 -1.472675797190434954e+00
3.775914300000000026e+02 -1.471705834343418839e+00
4.188569200000000023e+02 -1.470259343784817929e+00
4.223255399999999895e+02 -1.471272426035245440e+00
4.268879200000000083e+02 -1.469139048621177945e+00
4.634543400000000020e+02 -1.466304286564514836e+00
4.657223399999999742e+02 -1.466807971818676615e+00
4.777056699999999978e+02 -1.466672642498388912e+00
5.138637700000000450e+02 -1.463530255644996947e+00
5.152709700000000339e+02 -1.463973171667373618e+00
5.262235299999999825e+02 -1.463536460391924976e+00
5.653370099999999638e+02 -1.460530223081750734e+00
5.662758000000000038e+02 -1.460684836349221527e+00
5.769072800000000143e+02 -1.460162524345681945e+00
6.155084600000000137e+02 -1.457322646390543763e+00
6.163160000000000309e+02 -1.457438749233412434e+00
6.212018500000000358e+02 -1.455394897961412415e+00
6.593332199999999830e+02 -1.452116497802632411e+00
6.643047900000000254e+02 -1.453463929592831771e+00
6.734421099999999569e+02 -1.452506395721425703e+00
7.137969000000000506e+02 -1.450067805093503859e+00
7.161089899999999489e+02 -1.450580751303398586e+00
7.258518500000000131e+02 -1.449583954535148322e+00
7.658718999999999824e+02 -1.446459295098623477e+00
7.670773699999999735e+02 -1.446860135210158660e+00
7.676167900000000373e+02 -1.443589551417395311e+00
8.076104599999999891e+02 -1.441356962923818763e+00
8.096750600000000304e+02 -1.441937415930708566e+00
8.146787600000000111e+02 -1.440262419180320386e+00
8.607959899999999607e+02 -1.439050965321518216e+00
8.649608200000000124e+02 -1.440053007903420612e+00
8.692561100000000351e+02 -1.438248099199042285e+00
9.070976399999999558e+02 -1.434865815833786362e+00
9.162524399999999787e+02 -1.437156084016789181e+00
9.167125099999999520e+02 -1.433869871668228990e+00
9.567291199999999662e+02 -1.431507247816357964e+00
9.592657799999999497e+02 -1.432113259001589478e+00
9.695677799999999706e+02 -1.431411580971805764e+00
1.006426100000000019e+03 -1.428715277009288798e+00
1.014147000000000048e+03 -1.430761507270473798e+00
1.019747499999999945e+03 -1.428959704218670579e+00
1.055808500000000095e+03 -1.425433523854758633e+00
1.063543499999999995e+03 -1.427369721249509782e+00
1.070487300000000005e+03 -1.425947958192972598e+00
1.106458900000000085e+03 -1.423041297942397643e+00
1.111040899999999965e+03 -1.424273515790919209e+00
1.113677100000000110e+03 -1.421937928478586910e+00
1.150125500000000102e+03 -1.419028131171956364e+00
1.151237900000000081e+03 -1.419321102571770910e+00
1.164156199999999899e+03 -1.419617538602455875e+00
1.203835199999999986e+03 -1.417060572949745634e+00
1.211895700000000033e+03 -1.419088449614974046e+00
1.218302200000000084e+03 -1.417558365940376763e+00
1.245283400000000029e+03 -1.412297587681161648e+00
1.255021999999999935e+03 -1.414796483837516661e+00
1.261454300000000103e+03 -1.413462160145511071e+00
1.300326600000000099e+03 -1.410876068423997376e+00
1.304033599999999979e+03 -1.411825293238974766e+00
1.323100300000000061e+03 -1.413138497832887808e+00
1.348781500000000051e+03 -1.408004904428793225e+00
1.352217000000000098e+03 -1.408900835043290778e+00
1.374629899999999907e+03 -1.411261981106099128e+00
1.405838999999999942e+03 -1.407207520969453007e+00
1.410619599999999991e+03 -1.408397807922583844e+00
1.428779399999999896e+03 -1.409559911106160079e+00
1.455126099999999951e+03 -1.403455883564521667e+00
1.458322799999999916e+03 -1.404313639567758232e+00
1.468614299999999957e+03 -1.403210458151594064e+00
1.497131599999999935e+03 -1.400108852165831363e+00
1.501811200000000099e+03 -1.401313380735162761e+00
1.521522400000000061e+03 -1.402727966319850639e+00
1.549217499999999973e+03 -1.399362512775593981e+00
1.556536100000000033e+03 -1.401263167100632590e+00
1.572677500000000009e+03 -1.401794731587121312e+00
1.602102499999999964e+03 -1.395909312720355899e+00
1.603840799999999945e+03 -1.396343839339599491e+00
1.609806700000000092e+03 -1.394324266610926788e+00
1.638024599999999964e+03 -1.390701640794330229e+00
1.653919900000000098e+03 -1.390882793382628435e+00
1.661079300000000103e+03 -1.396642810369296051e+00
1.700112800000000107e+03 -1.391552086337593863e+00
1.705931399999999940e+03 -1.393069286058647549e+00
1.714577399999999898e+03 -1.391903828389907893e+00
1.745256399999999985e+03 -1.386603839163769170e+00
1.751137199999999893e+03 -1.388117985910482410e+00
1.771900599999999940e+03 -1.389338730250889498e+00
1.790159400000000005e+03 -1.383389952246389276e+00
1.790476000000000113e+03 -1.383532404168202667e+00
1.807809099999999944e+03 -1.383986996962548455e+00
1.842952700000000050e+03 -1.380787867816574366e+00
1.849985300000000052e+03 -1.378661654448249729e+00
1.850180800000000090e+03 -1.382631389065627214e+00
1.898169000000000096e+03 -1.379829681705953437e+00
1.898858199999999897e+03 -1.380005207586120886e+00
1.924847899999999981e+03 -1.382070846507394979e+00
1.951818299999999908e+03 -1.375770384313764971e+00
1.961032699999999977e+03 -1.378183632031766859e+00
1.971615099999999984e+03 -1.376539330018864860e+00
1.998539299999999912e+03 -1.370550402731797845e+00
2.000815100000000029e+03 -1.371133602914687444e+00
2.012179699999999912e+03 -1.369727389385881455e+00
2.047878099999999904e+03 -1.368034398259855955e+00
2.052659200000000055e+03 -1.369266693162133119e+00
2.061958900000000085e+03 -1.367248959858170743e+00
2.098097099999999955e+03 -1.363143103606157425e+00
2.099068600000000060e+03 -1.363387538824150091e+00
2.120027599999999893e+03 -1.364556417336348026e+00
2.153503999999999905e+03 -1.361870360736823216e+00
2.156283899999999903e+03 -1.362619449704679297e+00
2.183674599999999828e+03 -1.364394262602423247e+00
2.208379800000000159e+03 -1.357411671495620364e+00
2.210126499999999851e+03 -1.357919405708966964e+00
2.213472699999999804e+03 -1.353595323974117193e+00
2.254444100000000162e+03 -1.350835373990776578e+00
2.257645100000000184e+03 -1.351695819077209926e+00
2.264572900000000118e+03 -1.348921812639234386e+00
2.316725199999999859e+03 -1.348761486925361464e+00
2.319274800000000141e+03 -1.349313902588828329e+00
2.324519699999999830e+03 -1.345926734074767150e+00
2.346873300000000199e+03 -1.337203549296347216e+00
2.355481499999999869e+03 -1.339428482408346222e+00
2.383619099999999889e+03 -1.342168722519385016e+00
2.389364399999999932e+03 -1.331017369637276904e+00
2.410415599999999813e+03 -1.336433216190681783e+00
2.411196199999999862e+03 -1.333324870281677565e+00
2.442557800000000043e+03 -1.332312836670111800e+00
2.444073300000000017e+03 -1.332726962285464278e+00
