1.000190099999999944e+02 -1.512743787105786275e+00
1.006679699999999968e+02 -1.512995517105939269e+00
1.274650699999999972e+02 -1.512621554043058758e+00
1.513203900000000033e+02 -1.512525806076296053e+00
1.519014999999999986e+02 -1.512785489089061963e+00
1.758406999999999982e+02 -1.512170259478759160e+00
1.992007900000000120e+02 -1.511822629619099301e+00
1.999341499999999883e+02 -1.511903831864643610e+00
2.229307300000000112e+02 -1.510951032643528480e+00
2.501791900000000055e+02 -1.510895871959666570e+00
2.503296499999999867e+02 -1.511166908087645755e+00
2.727085999999999899e+02 -1.510014392400561345e+00
2.997905000000000086e+02 -1.509594983957570413e+00
3.000646600000000035e+02 -1.509540325479058254e+00
3.227810600000000250e+02 -1.508347477622259403e+00
3.485219599999999787e+02 -1.507893626832918166e+00
3.520480200000000082e+02 -1.507794701149596905e+00
3.731238200000000234e+02 -1.505205356305586495e+00
3.996064900000000080e+02 -1.504336612018030594e+00
4.008832100000000196e+02 -1.503883186959057872e+00
4.193715799999999945e+02 -1.500005206586431328e+00
4.511886999999999830e+02 -1.500178204470631993e+00
4.525209199999999896e+02 -1.500636338746356380e+00
4.713180300000000216e+02 -1.495921269678539334e+00
5.013527900000000272e+02 -1.495565305573606896e+00
5.031523500000000126e+02 -1.495260071727808615e+00
5.215141300000000228e+02 -1.491925337231157389e+00
5.468169299999999566e+02 -1.490563093514503112e+00
5.538754699999999502e+02 -1.491119954970040906e+00
5.676421100000000024e+02 -1.486061869056125806e+00
5.967593699999999899e+02 -1.485662382790171376e+00
6.045647099999999909e+02 -1.487431643368055445e+00
6.184345399999999700e+02 -1.483022511754325423e+00
6.480490399999999909e+02 -1.483406161791549271e+00
6.495329500000000280e+02 -1.483054742379096735e+00
6.699677000000000362e+02 -1.478447342795824015e+00
6.989049800000000232e+02 -1.477696168336472660e+00
7.009925399999999627e+02 -1.477207653642744312e+00
7.146979300000000421e+02 -1.474102642401297070e+00
7.497548699999999826e+02 -1.472919426630776574e+00
7.524353599999999460e+02 -1.474654875975716761e+00
7.674938799999999901e+02 -1.470631153490926657e+00
7.960240099999999757e+02 -1.468726432400269788e+00
8.001390800000000354e+02 -1.470156278648027781e+00
8.179051799999999730e+02 -1.466178540259693630e+00
8.444421200000000454e+02 -1.464967984202983242e+00
8.504699600000000146e+02 -1.466043194806063266e+00
8.569379300000000512e+02 -1.461096629054933205e+00
8.958650900000000092e+02 -1.462249836772061329e+00
8.990757700000000341e+02 -1.460836832774120353e+00
9.214488700000000563e+02 -1.460827929923667057e+00
9.429777000000000271e+02 -1.457976453422624274e+00
9.439208599999999478e+02 -1.458190460212042350e+00
9.705809900000000425e+02 -1.458287397467578295e+00
9.944530700000000252e+02 -1.454246918585962112e+00
9.967406899999999723e+02 -1.455860245510202766e+00
1.025306499999999915e+03 -1.455577052501085600e+00
1.045429100000000062e+03 -1.451039118761518143e+00
1.054387099999999919e+03 -1.453125141612547910e+00
1.069867400000000089e+03 -1.450695853543435554e+00
1.100447400000000016e+03 -1.449302898568674891e+00
1.100711099999999988e+03 -1.450270164508450144e+00
1.116516699999999901e+03 -1.447462628166223730e+00
1.140733500000000049e+03 -1.444355964008325888e+00
1.154274699999999939e+03 -1.445134111919352371e+00
1.157340500000000020e+03 -1.440775654371161618e+00
1.190615800000000036e+03 -1.441950391831940959e+00
1.203941000000000031e+03 -1.445313804673642455e+00
1.216965999999999894e+03 -1.441748958505465250e+00
1.243502600000000029e+03 -1.439835485323408104e+00
1.250109600000000000e+03 -1.440859677390056159e+00
1.263409200000000055e+03 -1.438570227465055584e+00
1.286145400000000109e+03 -1.435006302495412278e+00
1.304736699999999928e+03 -1.438396331943394113e+00
1.315086900000000014e+03 -1.434954315875890174e+00
1.338377700000000004e+03 -1.431207895907334660e+00
1.357022400000000061e+03 -1.435778990648194586e+00
1.363985500000000002e+03 -1.433567590524781332e+00
1.402690599999999904e+03 -1.431549865969984570e+00
1.405149699999999939e+03 -1.427011513304056400e+00
1.415844399999999951e+03 -1.433222825613063911e+00
1.430214099999999917e+03 -1.427497418616142211e+00
1.435498900000000049e+03 -1.428713430912519566e+00
1.459189300000000003e+03 -1.426425139436096057e+00
1.500704799999999977e+03 -1.426150446105117986e+00
1.509749099999999999e+03 -1.423338516655599406e+00
1.511680000000000064e+03 -1.428306092910720526e+00
1.539290500000000065e+03 -1.422769216373736212e+00
1.551790199999999913e+03 -1.424057832876681084e+00
1.554214199999999892e+03 -1.420045008238071560e+00
1.587311099999999897e+03 -1.419629609870838083e+00
1.592848600000000033e+03 -1.419378383488338224e+00
1.620801500000000033e+03 -1.421510881078433375e+00
1.653301799999999957e+03 -1.420642297972855683e+00
1.654246499999999969e+03 -1.414708779007501027e+00
1.655329199999999901e+03 -1.420197461334062217e+00
1.690047399999999925e+03 -1.415121311207767629e+00
1.696371399999999994e+03 -1.417062572142204324e+00
1.723261099999999942e+03 -1.416519132594442176e+00
1.738351000000000113e+03 -1.409202535287518820e+00
1.745030999999999949e+03 -1.409847675432091441e+00
1.760724200000000110e+03 -1.411207550004912603e+00
1.789251299999999901e+03 -1.409947526974872467e+00
1.806808800000000019e+03 -1.407750789076244624e+00
1.812165099999999939e+03 -1.410360616301255199e+00
1.840704300000000103e+03 -1.406152673122749608e+00
1.851905199999999923e+03 -1.406489098158807183e+00
1.862569700000000012e+03 -1.403480360137863592e+00
1.905926500000000033e+03 -1.405808536832648725e+00
1.912029299999999921e+03 -1.404204062379579288e+00
1.925996799999999894e+03 -1.407673935748328997e+00
1.951200599999999895e+03 -1.402339222924616102e+00
1.957372100000000046e+03 -1.403760192485610903e+00
1.969456300000000056e+03 -1.401539857227103170e+00
2.003896600000000035e+03 -1.391762971684533445e+00
2.005047100000000000e+03 -1.399569914410772276e+00
2.014930200000000013e+03 -1.401605606954511307e+00
2.045779899999999998e+03 -1.391289040787402786e+00
2.053236300000000028e+03 -1.391722011604507259e+00
2.061874099999999999e+03 -1.393510418196266754e+00
2.080456299999999828e+03 -1.391380692304202249e+00
2.092026400000000194e+03 -1.391058034089522888e+00
2.111046600000000126e+03 -1.386358606882794664e+00
2.153340000000000146e+03 -1.388542394572907401e+00
2.153503200000000106e+03 -1.384202842705752445e+00
2.159696899999999914e+03 -1.391884080209866870e+00
2.194782600000000002e+03 -1.386298213984447081e+00
2.213948400000000220e+03 -1.383557096928412999e+00
2.219585199999999986e+03 -1.380540324393963569e+00
2.227748199999999997e+03 -1.378176370426599684e+00
2.252938000000000102e+03 -1.382584629001954335e+00
2.263262400000000071e+03 -1.377117166405960047e+00
2.285989900000000034e+03 -1.374842311262833849e+00
2.315265499999999975e+03 -1.368884532497442574e+00
2.323679299999999785e+03 -1.376884519740109170e+00
2.345208500000000186e+03 -1.371277185298923174e+00
2.367371399999999994e+03 -1.365249815774874254e+00
2.367843299999999999e+03 -1.361554846125549112e+00
2.370419199999999819e+03 -1.376166574601682235e+00
2.404882399999999961e+03 -1.359825947044125183e+00
2.432290399999999863e+03 -1.360831519737068174e+00
2.434520199999999932e+03 -1.367654812534980335e+00
