1.023124700000000047e+02 -6.218906557838810301e+00
1.271477500000000020e+02 -6.218845697993830690e+00
1.509788900000000069e+02 -6.218789343224909061e+00
1.751739499999999907e+02 -6.218495805027784762e+00
2.005665600000000097e+02 -6.218696062517640399e+00
2.233578699999999913e+02 -6.217934294207701384e+00
2.495685900000000004e+02 -6.218104852595558008e+00
2.731651899999999955e+02 -6.217548214658773276e+00
2.977416799999999739e+02 -6.217214366551978344e+00
3.227266200000000254e+02 -6.216990181734501242e+00
3.486343299999999772e+02 -6.216763863362762876e+00
3.709580399999999827e+02 -6.216062872043027987e+00
4.008292099999999891e+02 -6.216536029245054884e+00
4.198504899999999793e+02 -6.214954833611088247e+00
4.431602199999999812e+02 -6.213640134210487886e+00
4.637017599999999788e+02 -6.212300317543302697e+00
5.005279400000000010e+02 -6.214370994797724812e+00
5.166395999999999731e+02 -6.211917006053758072e+00
5.487104900000000498e+02 -6.212644362860524794e+00
5.698910799999999881e+02 -6.211587298629197562e+00
5.981063400000000456e+02 -6.211045661396776829e+00
6.167432900000000018e+02 -6.209224156231382352e+00
6.464375900000000001e+02 -6.209032313625286292e+00
6.734552800000000161e+02 -6.209033411257041557e+00
6.957459099999999808e+02 -6.206824275181967110e+00
7.197904600000000528e+02 -6.205506176837848109e+00
7.443064100000000280e+02 -6.204236160940038047e+00
7.632543600000000197e+02 -6.202248261246925409e+00
7.937181299999999737e+02 -6.202020251379185112e+00
8.155025900000000547e+02 -6.200448121059300988e+00
8.480807999999999538e+02 -6.200541822533136127e+00
8.741715100000000120e+02 -6.200145023766783225e+00
8.922576500000000124e+02 -6.195617007638670515e+00
9.147058799999999792e+02 -6.194202227165084729e+00
9.467885300000000370e+02 -6.193191834424479403e+00
9.599074100000000271e+02 -6.189072640152986970e+00
1.000108799999999974e+03 -6.189819153409616526e+00
1.024338400000000092e+03 -6.189002283142702510e+00
1.051249399999999923e+03 -6.186368431078569152e+00
1.064813699999999926e+03 -6.183053375143071406e+00
1.098402900000000045e+03 -6.180685050727079854e+00
1.116932999999999993e+03 -6.177789718760700488e+00
1.148182199999999966e+03 -6.176298240782277738e+00
1.167280299999999897e+03 -6.173470366890749794e+00
1.200461000000000013e+03 -6.172357112850123784e+00
1.226268900000000031e+03 -6.171985919756073358e+00
1.251531600000000026e+03 -6.169962993901549453e+00
1.261106399999999894e+03 -6.164864486487448225e+00
1.303468599999999924e+03 -6.164641523404495338e+00
1.314760800000000017e+03 -6.160330983427113161e+00
1.349079700000000003e+03 -6.158331435326189762e+00
1.366269299999999930e+03 -6.154927741830508836e+00
1.405487000000000080e+03 -6.154336601342718538e+00
1.408203700000000026e+03 -6.148871611164355322e+00
1.463828199999999924e+03 -6.151126677285228439e+00
1.465934999999999945e+03 -6.145960457906774366e+00
1.501688400000000001e+03 -6.144378571188893190e+00
1.517176200000000108e+03 -6.141186261709713712e+00
1.529634900000000016e+03 -6.136057806272738446e+00
1.558879699999999957e+03 -6.135393052271028047e+00
1.606714699999999993e+03 -6.129857357410124941e+00
1.609608999999999924e+03 -6.135748070719728275e+00
1.660845399999999927e+03 -6.127450345819246635e+00
1.663868999999999915e+03 -6.132755719215326806e+00
1.679986799999999903e+03 -6.121613108135727899e+00
1.708724600000000009e+03 -6.119909997750005992e+00
1.742552200000000084e+03 -6.120878798068757121e+00
1.763926400000000058e+03 -6.117975286792948886e+00
1.801620200000000068e+03 -6.111408567624503796e+00
1.803219499999999925e+03 -6.118009683892537076e+00
1.845890200000000050e+03 -6.109773659220847364e+00
1.862224400000000060e+03 -6.110007468136958053e+00
1.905799800000000005e+03 -6.108400604261257527e+00
1.914603699999999890e+03 -6.104836469633959872e+00
1.938055800000000090e+03 -6.103085341436394806e+00
1.960461600000000089e+03 -6.099508665848680344e+00
2.003584499999999935e+03 -6.098576089778475762e+00
2.020871799999999894e+03 -6.098014669757692907e+00
2.053511199999999917e+03 -6.094042162790182182e+00
2.068231000000000222e+03 -6.094223974380752473e+00
2.102809600000000046e+03 -6.091031641246015482e+00
2.124229299999999967e+03 -6.090418541109680284e+00
2.146625900000000001e+03 -6.086968227216148719e+00
2.172998300000000199e+03 -6.084726379968351750e+00
2.212353799999999865e+03 -6.081700885913599919e+00
2.223763699999999972e+03 -6.087413140918597421e+00
2.247022899999999936e+03 -6.079248415348028622e+00
2.251880999999999858e+03 -6.074097858294290830e+00
2.284647899999999936e+03 -6.072156582511372136e+00
2.302924899999999980e+03 -6.069658367497161144e+00
2.361510099999999966e+03 -6.071641280082934244e+00
2.363272699999999986e+03 -6.068962406260901332e+00
2.383133499999999913e+03 -6.064144650751269516e+00
2.417980799999999817e+03 -6.064198048962690102e+00
2.450409000000000106e+03 -6.065306806624594316e+00
