1.033156400000000019e+02 -3.462311582173486890e+00
1.264264299999999963e+02 -3.461839407635949772e+00
1.504846699999999942e+02 -3.461814691702334468e+00
1.745439800000000048e+02 -3.461472167711707737e+00
1.986572999999999922e+02 -3.461250567504914777e+00
2.241062699999999950e+02 -3.461213054448162296e+00
2.494021799999999871e+02 -3.461096179946595353e+00
2.725091699999999832e+02 -3.460329414240405743e+00
3.001675000000000182e+02 -3.460743687567171545e+00
3.226869100000000117e+02 -3.459863540985243624e+00
3.473770700000000033e+02 -3.459143803037604492e+00
3.704619299999999953e+02 -3.458209144496697807e+00
3.978585199999999986e+02 -3.458062113498240553e+00
4.219885899999999879e+02 -3.457754827216593441e+00
4.448750999999999749e+02 -3.456189611789086680e+00
4.678478200000000129e+02 -3.455482272615936434e+00
4.978713999999999942e+02 -3.455767016874338626e+00
5.179311999999999898e+02 -3.453961117980679063e+00
5.459149599999999509e+02 -3.453395304058976656e+00
5.679185499999999820e+02 -3.452192870224866983e+00
5.944556599999999662e+02 -3.451132520949839577e+00
6.198048800000000256e+02 -3.450417378480465036e+00
6.498695400000000291e+02 -3.450180481389283127e+00
6.709049099999999726e+02 -3.447832872657812686e+00
7.022020999999999731e+02 -3.447190764208787783e+00
7.201058100000000195e+02 -3.444871590771592107e+00
7.448399500000000444e+02 -3.442631419150759875e+00
7.704487900000000309e+02 -3.441787332150588963e+00
8.000158699999999499e+02 -3.440961084256569436e+00
8.214228500000000395e+02 -3.438441021820674681e+00
8.460344000000000051e+02 -3.436243858020302522e+00
8.706313300000000481e+02 -3.433629623390796581e+00
8.914602700000000368e+02 -3.430068003167562551e+00
9.116764299999999821e+02 -3.427604327790249261e+00
9.548472400000000562e+02 -3.428633048461195987e+00
9.600442399999999452e+02 -3.422704085078787983e+00
1.003364500000000021e+03 -3.424250578533647005e+00
1.013917699999999968e+03 -3.419553745040440518e+00
1.056390799999999899e+03 -3.421093473797891527e+00
1.075973899999999958e+03 -3.418896630342301179e+00
1.101041400000000067e+03 -3.415120412172963693e+00
1.114113399999999956e+03 -3.411751616298030143e+00
1.147069600000000037e+03 -3.410699396388027438e+00
1.168705799999999954e+03 -3.409280165262428941e+00
1.200044499999999971e+03 -3.406839150278918371e+00
1.223003500000000031e+03 -3.404942176282635291e+00
1.238639200000000073e+03 -3.399274362838359931e+00
1.265029500000000098e+03 -3.397970381444176180e+00
1.303160599999999931e+03 -3.397092023432914054e+00
1.324436799999999948e+03 -3.396212536049906472e+00
1.347692399999999907e+03 -3.391971569406688758e+00
1.363595800000000054e+03 -3.389206515578813139e+00
1.399513200000000097e+03 -3.388327264269707317e+00
1.415541199999999890e+03 -3.385400853937819310e+00
1.448025200000000041e+03 -3.383310725388418927e+00
1.466718399999999974e+03 -3.380291671595425207e+00
1.488423099999999977e+03 -3.377652259810236313e+00
1.523728499999999940e+03 -3.380053630058732050e+00
1.542287399999999934e+03 -3.374805678332413628e+00
1.566336700000000064e+03 -3.373462601973739705e+00
1.593562899999999900e+03 -3.371124870027706777e+00
1.619575100000000020e+03 -3.369992122512392552e+00
1.632557800000000043e+03 -3.365433794646344623e+00
1.670021199999999908e+03 -3.367722890060579122e+00
1.705637500000000045e+03 -3.366676952487883234e+00
1.711077399999999898e+03 -3.362641080762142742e+00
1.747872299999999996e+03 -3.360094827630237813e+00
1.750797000000000025e+03 -3.353712461618185259e+00
1.799920699999999897e+03 -3.351394360606836376e+00
1.802478900000000067e+03 -3.355692180897107857e+00
1.834459599999999909e+03 -3.351094827533156018e+00
1.863351300000000037e+03 -3.350646036233400960e+00
1.892028299999999945e+03 -3.348791801771671128e+00
1.922609200000000101e+03 -3.349869464158498733e+00
1.952255400000000009e+03 -3.347041179010198597e+00
1.973724699999999984e+03 -3.348755576812459722e+00
1.991604700000000093e+03 -3.339814356913203497e+00
2.031612100000000055e+03 -3.345315574360423927e+00
2.057076799999999821e+03 -3.337654761650457935e+00
2.060695700000000215e+03 -3.337234681246146195e+00
2.116874299999999948e+03 -3.337249469943080804e+00
2.118099600000000009e+03 -3.339876533593766350e+00
2.162351400000000012e+03 -3.338141509991392919e+00
2.167486499999999978e+03 -3.333004604474938848e+00
2.205077099999999973e+03 -3.338746897075699493e+00
2.212358200000000124e+03 -3.330624372271543177e+00
2.250037899999999809e+03 -3.326022102822778326e+00
2.270627300000000105e+03 -3.332417689653222936e+00
2.298763300000000072e+03 -3.325428888002954775e+00
2.304318099999999959e+03 -3.323892138085713377e+00
2.350944800000000214e+03 -3.324557100282718558e+00
2.368311400000000049e+03 -3.324749337821310657e+00
2.403253000000000156e+03 -3.318488115884941969e+00
2.414664600000000064e+03 -3.326211038340403547e+00
2.453767499999999927e+03 -3.319833859091302131e+00
