1.033156400000000019e+02 1.198278495827396739e+01
1.264264299999999963e+02 1.199785212700997405e+01
1.504846699999999942e+02 1.201378485650315397e+01
1.745439800000000048e+02 1.202718756360675734e+01
1.986572999999999922e+02 1.204479289639731299e+01
2.241062699999999950e+02 1.206074445349073798e+01
2.494021799999999871e+02 1.208028241400366376e+01
2.725091699999999832e+02 1.209565794830042762e+01
3.001675000000000182e+02 1.210999694687563633e+01
3.226869100000000117e+02 1.212601974353755452e+01
3.473770700000000033e+02 1.214188784856503212e+01
3.704619299999999953e+02 1.215739008752289863e+01
3.978585199999999986e+02 1.218253256665988182e+01
4.219885899999999879e+02 1.218764960309383305e+01
4.448750999999999749e+02 1.221619173621005494e+01
4.678478200000000129e+02 1.222596885813148759e+01
4.978713999999999942e+02 1.225299104416853169e+01
5.179311999999999898e+02 1.226648941583553842e+01
5.459149599999999509e+02 1.228858691227356026e+01
5.679185499999999820e+02 1.230198961937716362e+01
5.944556599999999662e+02 1.232456391207001722e+01
6.198048800000000256e+02 1.234608284144107415e+01
6.498695400000000291e+02 1.237431559128841840e+01
6.709049099999999726e+02 1.239791929574598051e+01
7.022020999999999731e+02 1.241632963566049241e+01
7.201058100000000195e+02 1.243268216975371487e+01
7.448399500000000444e+02 1.246015774475880278e+01
7.704487900000000309e+02 1.248276002442499610e+01
8.000158699999999499e+02 1.249933238347242082e+01
8.214228500000000395e+02 1.252510685935273749e+01
8.460344000000000051e+02 1.254420262568695321e+01
8.706313300000000481e+02 1.259159169550173019e+01
8.914602700000000368e+02 1.258800681864441273e+01
9.116764299999999821e+02 1.263501780989212264e+01
9.548472400000000562e+02 1.264794626501119446e+01
9.600442399999999452e+02 1.268862812945247320e+01
1.003364500000000021e+03 1.270245623855078421e+01
1.013917699999999968e+03 1.274852635864034234e+01
1.056390799999999899e+03 1.274834825971911378e+01
1.075973899999999958e+03 1.279697842458782908e+01
1.101041400000000067e+03 1.281008192550376634e+01
1.114113399999999956e+03 1.284474811723997512e+01
1.147069600000000037e+03 1.286107469977610407e+01
1.168705799999999954e+03 1.289437716262975719e+01
1.200044499999999971e+03 1.291739873804193017e+01
1.223003500000000031e+03 1.295567117850600525e+01
1.238639200000000073e+03 1.298712192143293365e+01
1.265029500000000098e+03 1.300070832485243244e+01
1.303160599999999931e+03 1.304285314471809443e+01
1.324436799999999948e+03 1.305377213515163959e+01
1.347692399999999907e+03 1.309575361286383099e+01
1.363595800000000054e+03 1.310953083655607543e+01
1.399513200000000097e+03 1.315804396499084028e+01
1.415541199999999890e+03 1.317941278241400482e+01
1.448025200000000041e+03 1.321387594138001198e+01
1.466718399999999974e+03 1.322924180744962364e+01
1.488423099999999977e+03 1.326572359047425209e+01
1.523728499999999940e+03 1.326888866273152878e+01
1.542287399999999934e+03 1.330916802361082851e+01
1.566336700000000064e+03 1.333677742723386928e+01
1.593562899999999900e+03 1.336959749643802198e+01
1.619575100000000020e+03 1.338386779971504303e+01
1.632557800000000043e+03 1.342521371870547497e+01
1.670021199999999908e+03 1.345490179116629292e+01
1.705637500000000045e+03 1.347489212293914207e+01
1.711077399999999898e+03 1.351276816608996434e+01
1.747872299999999996e+03 1.355471453287197292e+01
1.750797000000000025e+03 1.358495369428048072e+01
1.799920699999999897e+03 1.362481375941380080e+01
1.802478900000000067e+03 1.360799765927132121e+01
1.834459599999999909e+03 1.364875585182169715e+01
1.863351300000000037e+03 1.366176165275798837e+01
1.892028299999999945e+03 1.369670924078974039e+01
1.922609200000000101e+03 1.372362202320374536e+01
1.952255400000000009e+03 1.374998015469163448e+01
1.973724699999999984e+03 1.374713922247099696e+01
1.991604700000000093e+03 1.381154488092814958e+01
2.031612100000000055e+03 1.381652808874414617e+01
2.057076799999999821e+03 1.388684001628332965e+01
2.060695700000000215e+03 1.387292845511907124e+01
2.116874299999999948e+03 1.395428404233665987e+01
2.118099600000000009e+03 1.392563606757581773e+01
2.162351400000000012e+03 1.397561927539181781e+01
2.167486499999999978e+03 1.399960309383268964e+01
2.205077099999999973e+03 1.399936952981884808e+01
2.212358200000000124e+03 1.405052615509871750e+01
2.250037899999999809e+03 1.410728221046203856e+01
2.270627300000000105e+03 1.408273916140850801e+01
2.298763300000000072e+03 1.414851974353755537e+01
2.304318099999999959e+03 1.416491298595562753e+01
2.350944800000000214e+03 1.420386830856910088e+01
2.368311400000000049e+03 1.422859658050071197e+01
2.403253000000000156e+03 1.426322918786891769e+01
2.414664600000000064e+03 1.423337675554651049e+01
2.453767499999999927e+03 1.429735345003053304e+01
