1.001240099999999984e+02 -3.437878757871684510e+00
1.276403300000000058e+02 -3.437887297821385690e+00
1.488552099999999996e+02 -3.437475318469775498e+00
1.756400600000000054e+02 -3.437237665436035261e+00
2.000655700000000081e+02 -3.436844075633112006e+00
2.255028100000000109e+02 -3.437010226657264855e+00
2.497509499999999889e+02 -3.436774833656405459e+00
2.734198400000000220e+02 -3.435821303012504657e+00
2.990952300000000150e+02 -3.435337489919971787e+00
3.221975499999999784e+02 -3.434796974690920379e+00
3.495064699999999789e+02 -3.434143460811169390e+00
3.715789700000000266e+02 -3.433774483757813467e+00
3.972994100000000230e+02 -3.433067633494407023e+00
4.237952000000000226e+02 -3.432286750762125305e+00
4.500922699999999850e+02 -3.430951696256193895e+00
4.753292500000000018e+02 -3.430061801709261893e+00
4.992968399999999747e+02 -3.428201112781842141e+00
5.188108099999999467e+02 -3.426097328030165201e+00
5.470688800000000356e+02 -3.424847645476530200e+00
5.685245499999999765e+02 -3.422153166507713618e+00
5.991731899999999769e+02 -3.421468318643597684e+00
6.168294399999999769e+02 -3.416816140727852336e+00
6.493957599999999957e+02 -3.417382597832089086e+00
6.678437300000000505e+02 -3.411053810951047538e+00
7.044821899999999459e+02 -3.410849976759815494e+00
7.159725899999999683e+02 -3.406772590755081431e+00
7.462923200000000179e+02 -3.406038383777348688e+00
7.717952299999999468e+02 -3.401206297067512541e+00
7.992207499999999527e+02 -3.399110455613832293e+00
8.219260500000000320e+02 -3.395772717017714992e+00
8.519080599999999777e+02 -3.394406627080601702e+00
8.747122000000000526e+02 -3.392126396627298313e+00
9.032793799999999464e+02 -3.390293333894669914e+00
9.143479700000000321e+02 -3.384107664888211353e+00
9.475084200000000010e+02 -3.383037516955190505e+00
9.663151599999999917e+02 -3.380273543173971440e+00
1.003002299999999991e+03 -3.379593386750431527e+00
1.012604699999999980e+03 -3.374013819900025357e+00
1.047244200000000092e+03 -3.373678417275415065e+00
1.068456200000000081e+03 -3.370942418401731810e+00
1.096332900000000109e+03 -3.369724970489396121e+00
1.121701499999999896e+03 -3.368313128386213773e+00
1.135156300000000101e+03 -3.362737777954427631e+00
1.157026299999999992e+03 -3.360890539770730268e+00
1.210435300000000097e+03 -3.362719150575652627e+00
1.218272400000000061e+03 -3.358757256795714685e+00
1.239433399999999892e+03 -3.357562215478725687e+00
1.271852200000000039e+03 -3.356780338290612065e+00
1.304510999999999967e+03 -3.355360577120225507e+00
1.320221800000000030e+03 -3.353512097104466960e+00
1.332265300000000025e+03 -3.346886878188654713e+00
1.358666300000000092e+03 -3.347404561797310052e+00
1.395718100000000049e+03 -3.348220977264140252e+00
1.420835800000000063e+03 -3.347053859326293068e+00
1.445023500000000013e+03 -3.343553909975660599e+00
1.475461099999999988e+03 -3.344431336962276013e+00
1.483707699999999932e+03 -3.339331209792176125e+00
1.503033599999999979e+03 -3.336908705465818414e+00
1.546838500000000067e+03 -3.338858729409742487e+00
1.568987100000000055e+03 -3.336776523217898749e+00
1.611340699999999970e+03 -3.337104512113066690e+00
1.624306599999999889e+03 -3.334924601136973088e+00
1.655756800000000112e+03 -3.329534698931172709e+00
1.656219900000000052e+03 -3.332168870956353057e+00
1.685259900000000016e+03 -3.324781723675081402e+00
1.701605600000000095e+03 -3.325994080575233269e+00
1.740292599999999993e+03 -3.327447099158953758e+00
1.774674099999999953e+03 -3.330260752519539125e+00
1.802474500000000035e+03 -3.324204273615085192e+00
1.808558600000000069e+03 -3.326338604163959545e+00
1.856150900000000092e+03 -3.323663329557982937e+00
1.864243400000000065e+03 -3.321935688915255813e+00
1.901560600000000022e+03 -3.319573208950831855e+00
1.914027599999999893e+03 -3.319890619969992684e+00
1.947291400000000067e+03 -3.313589251946221115e+00
1.965097099999999955e+03 -3.318000898106877816e+00
1.999286700000000110e+03 -3.319700164375004370e+00
2.009941100000000006e+03 -3.317855872091092895e+00
2.053488699999999881e+03 -3.315953453765748904e+00
2.075605900000000020e+03 -3.318313923861097692e+00
2.093429200000000037e+03 -3.311800443603335253e+00
2.094892400000000180e+03 -3.309375992653500020e+00
2.146178499999999985e+03 -3.312261582302816976e+00
2.168769499999999880e+03 -3.313488483767727644e+00
2.217122499999999945e+03 -3.311492767760090050e+00
2.228620600000000195e+03 -3.313263393119900702e+00
2.235039900000000216e+03 -3.305663648827840362e+00
2.268403999999999996e+03 -3.310063408804025276e+00
2.304531800000000203e+03 -3.306925045097003579e+00
2.318162600000000111e+03 -3.308068916945509308e+00
2.347231800000000021e+03 -3.305032438738679801e+00
2.369788000000000011e+03 -3.307354353480755904e+00
2.403621700000000146e+03 -3.309528730363870075e+00
2.426582600000000184e+03 -3.306933132961479060e+00
2.460912299999999959e+03 -3.305152130997291771e+00
