1.007740900000000011e+02 -4.437875027363249458e+00
1.261976200000000006e+02 -4.437546182827669661e+00
1.499081299999999999e+02 -4.437672666820037470e+00
1.737226200000000063e+02 -4.437153021331919689e+00
1.998709499999999935e+02 -4.437621362732671493e+00
2.242509200000000078e+02 -4.437189793948968841e+00
2.519650100000000066e+02 -4.436924507177939070e+00
2.721127799999999866e+02 -4.436552962330338801e+00
3.019609600000000000e+02 -4.436782185115490051e+00
3.200970699999999738e+02 -4.435631274078439823e+00
3.521376500000000078e+02 -4.436516681570538800e+00
3.696583999999999719e+02 -4.435064412126928701e+00
4.040966500000000110e+02 -4.436683190390171561e+00
4.212694299999999998e+02 -4.434133076535885287e+00
4.492963700000000244e+02 -4.433605598310692564e+00
4.670145299999999793e+02 -4.431123913455327745e+00
5.025635199999999827e+02 -4.432039661005664044e+00
5.184822199999999839e+02 -4.428696484372411923e+00
5.500801300000000538e+02 -4.428130438812021730e+00
5.686252600000000257e+02 -4.426087608316831457e+00
6.011810299999999643e+02 -4.426069514303073937e+00
6.212382999999999811e+02 -4.422511689218893594e+00
6.530445499999999583e+02 -4.420801712122968574e+00
6.726483699999999999e+02 -4.417032217872393751e+00
7.042714399999999841e+02 -4.416432019233467621e+00
7.183740599999999858e+02 -4.410000176142872874e+00
7.441073099999999840e+02 -4.408935961761307532e+00
7.671960900000000265e+02 -4.401591824047714319e+00
7.949553799999999910e+02 -4.402056368112374329e+00
8.156401299999999992e+02 -4.392587687657582229e+00
8.549217599999999493e+02 -4.392011395129173934e+00
8.670968599999999924e+02 -4.387435870138454597e+00
8.861394199999999728e+02 -4.383829491908294074e+00
9.031545800000000099e+02 -4.377326611013038438e+00
9.507399400000000469e+02 -4.381331254063955072e+00
9.653283599999999751e+02 -4.374204981626405697e+00
1.005270099999999957e+03 -4.374967364285955895e+00
1.015637899999999945e+03 -4.370074779097000928e+00
1.045494799999999941e+03 -4.369367878402503180e+00
1.066076900000000023e+03 -4.363622152024992040e+00
1.104709000000000060e+03 -4.362478645278694778e+00
1.111759000000000015e+03 -4.358291440639180614e+00
1.158738599999999906e+03 -4.359092922523469582e+00
1.173497100000000046e+03 -4.356559825339710201e+00
1.207086099999999988e+03 -4.352394532875343280e+00
1.212951999999999998e+03 -4.347726728754182979e+00
1.259528399999999920e+03 -4.349477201545908223e+00
1.275362000000000080e+03 -4.347214864274058677e+00
1.292427200000000084e+03 -4.341836256983522269e+00
1.310017800000000079e+03 -4.338415020934101030e+00
1.348420599999999922e+03 -4.339920458654290769e+00
1.367933800000000019e+03 -4.334673181538803988e+00
1.411301899999999932e+03 -4.333782215596490239e+00
1.422450599999999895e+03 -4.329585147928714406e+00
1.429106899999999996e+03 -4.328116487632209797e+00
1.474219200000000001e+03 -4.325917476283706264e+00
1.502613100000000031e+03 -4.323126427723994247e+00
1.514540500000000065e+03 -4.320361333055052100e+00
1.549902000000000044e+03 -4.319217670345346427e+00
1.569703700000000026e+03 -4.318492462484545769e+00
1.594961199999999963e+03 -4.314951451027900120e+00
1.600835700000000088e+03 -4.307322355014106208e+00
1.637803599999999960e+03 -4.308498466779033365e+00
1.667725300000000061e+03 -4.308898843312029214e+00
1.687210800000000063e+03 -4.302859650462719010e+00
1.709645400000000109e+03 -4.301786807384553768e+00
1.733922900000000027e+03 -4.298698583197059442e+00
1.767146600000000035e+03 -4.300544389742115392e+00
1.799986499999999978e+03 -4.301104684874491824e+00
1.805378500000000031e+03 -4.295190055121437922e+00
1.837704099999999926e+03 -4.293157440279188997e+00
1.856483400000000074e+03 -4.291537807680117389e+00
1.912153900000000021e+03 -4.289712764902638753e+00
1.926983699999999999e+03 -4.296843734220549216e+00
1.933818299999999908e+03 -4.284481772542442890e+00
1.960053300000000036e+03 -4.285148227170852309e+00
2.014335100000000011e+03 -4.286582944333502176e+00
2.021287600000000111e+03 -4.283658341859567287e+00
2.064558799999999792e+03 -4.279413096760827706e+00
2.069102100000000064e+03 -4.285137599732143698e+00
2.085807999999999993e+03 -4.276411119468508382e+00
2.124183500000000095e+03 -4.279336784349914602e+00
2.135822999999999865e+03 -4.275551556527442898e+00
2.177307299999999941e+03 -4.277080470487454988e+00
2.208686200000000099e+03 -4.274445288671903320e+00
2.217216300000000047e+03 -4.270492846359672967e+00
2.259922399999999925e+03 -4.270834465049325956e+00
2.260843600000000151e+03 -4.266054091301688445e+00
2.300527099999999791e+03 -4.267327212253376523e+00
2.308242999999999938e+03 -4.265220256977910296e+00
2.344624600000000100e+03 -4.262228667846467367e+00
2.385506699999999910e+03 -4.270115691062324359e+00
2.402037800000000061e+03 -4.259770237679800786e+00
2.411198899999999867e+03 -4.263687058210122061e+00
2.480150200000000041e+03 -4.261065313719266889e+00
