9.972832400000000064e+01 -3.465331930255582726e+00
1.267474100000000021e+02 -3.465060693890026577e+00
1.491623800000000131e+02 -3.464886348221552392e+00
1.752560300000000097e+02 -3.464779440380995279e+00
2.015714900000000114e+02 -3.464999669264414273e+00
2.262782899999999984e+02 -3.464953783261071063e+00
2.499926900000000103e+02 -3.464205840369932954e+00
2.728429800000000114e+02 -3.463833683496651439e+00
3.010184399999999982e+02 -3.464082184609262871e+00
3.214577400000000011e+02 -3.463034937477206032e+00
3.492989600000000223e+02 -3.462373145285825959e+00
3.729757599999999798e+02 -3.462793886279775357e+00
4.022063499999999863e+02 -3.462603628870955408e+00
4.206220400000000268e+02 -3.461522755872197710e+00
4.543136700000000019e+02 -3.461666663736785665e+00
4.716033899999999903e+02 -3.460760052114561169e+00
4.968212700000000268e+02 -3.459371733169342988e+00
5.204369900000000371e+02 -3.458745745440363173e+00
5.508673700000000508e+02 -3.457932877254574766e+00
5.730142399999999725e+02 -3.457922379329089857e+00
5.986442399999999679e+02 -3.455717082374085258e+00
6.267988800000000538e+02 -3.456234473440884525e+00
6.535997800000000097e+02 -3.454554246671834417e+00
6.753669300000000248e+02 -3.452741736629805658e+00
7.002380699999999933e+02 -3.450100945191930890e+00
7.155054099999999835e+02 -3.447246207852246780e+00
7.500079899999999498e+02 -3.447142913261382002e+00
7.711704200000000355e+02 -3.444880360496171967e+00
7.991255999999999631e+02 -3.442497011525500916e+00
8.125268399999999929e+02 -3.439270729483447919e+00
8.526493400000000520e+02 -3.438972677536574984e+00
8.671153699999999844e+02 -3.436188874352757772e+00
8.972157999999999447e+02 -3.435003408520349577e+00
9.182462199999999939e+02 -3.431970264059966080e+00
9.556803300000000263e+02 -3.431524278775547110e+00
9.747825000000000273e+02 -3.428698016799514470e+00
9.986524100000000317e+02 -3.424623799644941347e+00
1.017807599999999979e+03 -3.423594116366802442e+00
1.044881000000000085e+03 -3.420753011216981498e+00
1.070748700000000099e+03 -3.418391781989634115e+00
1.097474200000000110e+03 -3.414319836074076076e+00
1.126630499999999984e+03 -3.415043255370616038e+00
1.146119699999999966e+03 -3.409804835857508376e+00
1.160271500000000060e+03 -3.406489156806569607e+00
1.197313499999999976e+03 -3.407225285877824028e+00
1.212680399999999963e+03 -3.402716254213619340e+00
1.267770199999999932e+03 -3.404139572539883751e+00
1.268801699999999983e+03 -3.398633591820318323e+00
1.306166699999999992e+03 -3.396160580851895983e+00
1.317717399999999998e+03 -3.394416919156396872e+00
1.358856299999999919e+03 -3.393623943148715405e+00
1.372777800000000070e+03 -3.390226540925689314e+00
1.398799500000000080e+03 -3.381200767973568944e+00
1.411200800000000072e+03 -3.389109834576657931e+00
1.448601599999999962e+03 -3.382757619431073781e+00
1.460789299999999912e+03 -3.380782186718950921e+00
1.503443999999999960e+03 -3.373378072950373951e+00
1.508479499999999916e+03 -3.382381203503944445e+00
1.543332900000000109e+03 -3.372025279032831779e+00
1.559774899999999889e+03 -3.370047947642841546e+00
1.606034000000000106e+03 -3.367236746229868238e+00
1.620066399999999931e+03 -3.371812345230514207e+00
1.644316399999999931e+03 -3.366355979789488195e+00
1.661814499999999953e+03 -3.365045829630776808e+00
1.708595100000000002e+03 -3.365751443093680351e+00
1.708977799999999888e+03 -3.359959934942114312e+00
1.744395600000000059e+03 -3.355847008462413683e+00
1.756976100000000088e+03 -3.356437604357112026e+00
1.794366299999999910e+03 -3.355355852645658388e+00
1.820196200000000090e+03 -3.356527289794409619e+00
1.860870300000000043e+03 -3.351391224769051824e+00
1.870543599999999969e+03 -3.354688932634580567e+00
1.899942000000000007e+03 -3.348978145381671379e+00
1.930470600000000104e+03 -3.351564982068363285e+00
1.958685899999999947e+03 -3.344374311822372547e+00
1.966561999999999898e+03 -3.349002288635595903e+00
2.002151900000000069e+03 -3.336963672280188753e+00
2.003415500000000065e+03 -3.342895467286131961e+00
2.050927299999999832e+03 -3.336185642767844239e+00
2.052208099999999831e+03 -3.335187882687889793e+00
2.072165899999999965e+03 -3.334414540063736609e+00
2.122250700000000052e+03 -3.339339712225508627e+00
2.156245800000000145e+03 -3.331817721406954647e+00
2.161250700000000052e+03 -3.338440714505940932e+00
2.212684400000000096e+03 -3.329555129310352690e+00
2.217818900000000212e+03 -3.324834871043036433e+00
2.229742600000000039e+03 -3.333094720522118415e+00
2.285060300000000097e+03 -3.331294897729821791e+00
2.300324599999999919e+03 -3.325982169116115106e+00
2.322125300000000152e+03 -3.328908894191916268e+00
2.352965299999999843e+03 -3.320246038578311243e+00
2.355247499999999945e+03 -3.323249425753507680e+00
2.401925999999999931e+03 -3.319532196135045687e+00
2.412197099999999864e+03 -3.319149621230262692e+00
2.483000500000000102e+03 -3.327245893756781481e+00
