9.952199699999999893e+01 -3.301378478670425665e+00
1.279696899999999999e+02 -3.301164689002729968e+00
1.484778799999999990e+02 -3.300446924419355277e+00
1.484892499999999984e+02 -3.300449965561532917e+00
1.763247599999999977e+02 -3.300056593415244599e+00
2.001257600000000139e+02 -3.299735068472386068e+00
2.001611499999999921e+02 -3.299744217491965337e+00
2.252631399999999928e+02 -3.298517980196984389e+00
2.519192400000000021e+02 -3.298449871953538448e+00
2.521003200000000106e+02 -3.298496837394878423e+00
2.721855899999999906e+02 -3.295707496542890080e+00
3.000181600000000230e+02 -3.295418290055376342e+00
3.002794700000000034e+02 -3.295485843892797195e+00
3.221374200000000201e+02 -3.292562826184334490e+00
3.519641100000000051e+02 -3.292955331153965659e+00
3.521165500000000179e+02 -3.292994841699705688e+00
3.735836499999999774e+02 -3.288898218895761616e+00
4.000307700000000182e+02 -3.288254509749559684e+00
4.004039200000000278e+02 -3.288350976453603192e+00
4.195625099999999748e+02 -3.282805074646717003e+00
4.463885399999999777e+02 -3.281783949815771262e+00
4.468194799999999987e+02 -3.281895254614543234e+00
4.720626199999999812e+02 -3.279463699955094569e+00
4.973548200000000179e+02 -3.278284142347107188e+00
4.975129999999999768e+02 -3.278324933255500451e+00
5.200377600000000484e+02 -3.274272752291214061e+00
5.496696299999999837e+02 -3.273707351194995230e+00
5.497828899999999521e+02 -3.273736631159888333e+00
5.693160100000000057e+02 -3.269453998977760900e+00
6.024664599999999837e+02 -3.269805904559266896e+00
6.030519500000000335e+02 -3.269957214495381237e+00
6.193287500000000136e+02 -3.266027446326785100e+00
6.507555599999999458e+02 -3.264262374604713468e+00
6.510344300000000430e+02 -3.264334417166330216e+00
6.722201599999999644e+02 -3.263139408370933303e+00
6.932302100000000564e+02 -3.261215540909057076e+00
6.937700099999999566e+02 -3.261354835528905483e+00
7.166148200000000088e+02 -3.259122418082947004e+00
7.450535599999999476e+02 -3.258376647694769979e+00
7.456185000000000400e+02 -3.258522492390536485e+00
7.694441900000000487e+02 -3.256042430703172563e+00
8.005161200000000008e+02 -3.255269830782833829e+00
8.014151000000000522e+02 -3.255502387666844744e+00
8.166976600000000417e+02 -3.252308057623826798e+00
8.408928700000000163e+02 -3.251010334715985106e+00
8.409428500000000213e+02 -3.251022899343194439e+00
8.601466900000000351e+02 -3.247515664827405502e+00
9.048990400000000136e+02 -3.249826184216286329e+00
9.050788700000000517e+02 -3.249872419424491010e+00
9.111933900000000222e+02 -3.245213067232652460e+00
9.414415999999999940e+02 -3.244535833968222871e+00
9.415149999999999864e+02 -3.244554402246295322e+00
9.723690299999999525e+02 -3.245387286429073814e+00
1.006941599999999994e+03 -3.243172734944422153e+00
1.007195200000000000e+03 -3.243238600905780533e+00
1.020313300000000027e+03 -3.242407165501684840e+00
1.058791300000000092e+03 -3.242169475223732444e+00
1.059930800000000090e+03 -3.242464618399504506e+00
1.066478200000000015e+03 -3.239476557574752391e+00
1.093589799999999968e+03 -3.238227813128687238e+00
1.094803300000000036e+03 -3.238541476152852372e+00
1.110026699999999892e+03 -3.235858719566420572e+00
1.150244300000000067e+03 -3.236376113843963953e+00
1.150935799999999972e+03 -3.236554931246443889e+00
1.176628999999999905e+03 -3.235844651764546498e+00
1.207968800000000101e+03 -3.235751214049333413e+00
1.208048000000000002e+03 -3.235772045023968424e+00
1.210476300000000037e+03 -3.232262978062082848e+00
1.252957100000000082e+03 -3.234009969150901220e+00
1.254036599999999908e+03 -3.234289499361321152e+00
1.266664899999999989e+03 -3.229808237160631368e+00
1.308394099999999980e+03 -3.227742005491870181e+00
1.310501700000000028e+03 -3.229963230869501878e+00
1.310571999999999889e+03 -3.229981811902352451e+00
1.344142100000000028e+03 -3.227564839192288648e+00
1.344317999999999984e+03 -3.227609905761033016e+00
1.375267900000000054e+03 -3.228764185279443755e+00
1.388667799999999943e+03 -3.224183699706933304e+00
1.388831500000000005e+03 -3.224226579155503369e+00
1.426186300000000074e+03 -3.227371122613136301e+00
1.445036399999999958e+03 -3.223596477530562776e+00
1.445835900000000038e+03 -3.223802960656183991e+00
1.463748800000000074e+03 -3.221809641543310399e+00
1.509164899999999989e+03 -3.223215578068909792e+00
1.509671599999999899e+03 -3.223347078960860479e+00
1.524945400000000063e+03 -3.223172873862108823e+00
1.564538299999999936e+03 -3.220036250907191366e+00
1.564832599999999957e+03 -3.221088773373402159e+00
1.565189800000000105e+03 -3.221180353403805707e+00
1.602216599999999971e+03 -3.217207484785999050e+00
1.603072599999999966e+03 -3.217429337567569547e+00
1.621434299999999894e+03 -3.220293340785417957e+00
1.656606199999999944e+03 -3.217461592886188271e+00
1.659165199999999913e+03 -3.218123857729004111e+00
1.668253300000000081e+03 -3.217161588516429305e+00
1.700717599999999948e+03 -3.215273928696162908e+00
1.700825199999999995e+03 -3.215301643667558995e+00
1.709046000000000049e+03 -3.214536135102289638e+00
1.768619200000000092e+03 -3.216206482455651106e+00
1.770738700000000108e+03 -3.215728870928932004e+00
1.771320899999999938e+03 -3.215880653355103647e+00
1.791383900000000040e+03 -3.209230578672028322e+00
1.792822899999999890e+03 -3.209603148560546071e+00
1.815730999999999995e+03 -3.212381800757398320e+00
1.856068899999999985e+03 -3.213803692089703290e+00
1.856758000000000038e+03 -3.213982397898461851e+00
1.874390200000000050e+03 -3.214988464211308461e+00
1.904525300000000016e+03 -3.209376483959036186e+00
1.906569099999999935e+03 -3.209904439865801873e+00
1.916741299999999910e+03 -3.210309293474728154e+00
1.938390799999999899e+03 -3.206209295493961609e+00
1.938590400000000045e+03 -3.206261506692670959e+00
1.960549999999999955e+03 -3.207294036818527427e+00
2.001257299999999987e+03 -3.211181056994876659e+00
2.002811400000000049e+03 -3.211583026327078372e+00
2.012792999999999893e+03 -3.207384769281731884e+00
2.032394999999999982e+03 -3.202498684028281417e+00
2.033811699999999973e+03 -3.202864216787676632e+00
2.046457100000000082e+03 -3.203634118611442538e+00
2.105377199999999903e+03 -3.207351787817203093e+00
2.105391099999999824e+03 -3.207355126816907376e+00
2.115595600000000104e+03 -3.205634756427972576e+00
2.171107199999999921e+03 -3.208623458773448789e+00
2.172890899999999874e+03 -3.209086056411907695e+00
2.173094000000000051e+03 -3.207969418715664212e+00
2.203210300000000188e+03 -3.203978977637769177e+00
2.203583500000000186e+03 -3.204075762580244291e+00
2.210530600000000049e+03 -3.202735760435050594e+00
2.245485799999999927e+03 -3.198869922881555361e+00
2.249852600000000166e+03 -3.206024219437803247e+00
2.250862799999999879e+03 -3.206285427135281196e+00
2.319229100000000017e+03 -3.203706118353147225e+00
2.332911799999999857e+03 -3.205836946973776413e+00
2.334652099999999791e+03 -3.206285119067602274e+00
2.345603799999999865e+03 -3.203389657070975893e+00
2.346755200000000059e+03 -3.203687723977447277e+00
2.361860299999999825e+03 -3.199802544469497079e+00
2.393260900000000220e+03 -3.198402109519483449e+00
2.394478700000000117e+03 -3.198716324439790704e+00
2.410707300000000032e+03 -3.200205196771768179e+00
2.457918500000000222e+03 -3.202872220501218337e+00
2.459310899999999947e+03 -3.203232997789006387e+00
