1.243056299999999936e+02 -4.407170438429754533e+00
1.349485899999999958e+02 -4.406940377768252759e+00
1.729193199999999990e+02 -4.405770764460808842e+00
1.738481600000000071e+02 -4.406149856137050236e+00
1.831926499999999862e+02 -4.405298698886687347e+00
2.208727599999999995e+02 -4.403852651856894340e+00
2.212090399999999875e+02 -4.404062729614571126e+00
2.287004499999999894e+02 -4.402770729231194835e+00
2.693712600000000066e+02 -4.401876893260111778e+00
2.708612899999999968e+02 -4.402377809093511729e+00
2.785726099999999974e+02 -4.401125257014448344e+00
3.181254700000000071e+02 -4.399513648279590683e+00
3.193276399999999740e+02 -4.399931648709173082e+00
3.295929699999999798e+02 -4.399402864049664963e+00
3.664547000000000025e+02 -4.396920397064421948e+00
3.687878799999999728e+02 -4.397622390004281456e+00
3.742462400000000002e+02 -4.395927134236093714e+00
4.138526499999999828e+02 -4.394310897839961427e+00
4.147474599999999896e+02 -4.394622622981317228e+00
4.228333400000000211e+02 -4.393670952597691581e+00
4.587032500000000255e+02 -4.391351019944441880e+00
4.599719600000000241e+02 -4.391731266050219240e+00
4.701200600000000236e+02 -4.391391389431110071e+00
5.131537399999999707e+02 -4.391270625071941325e+00
5.139497800000000325e+02 -4.391552185629933547e+00
5.165425000000000182e+02 -4.389419941629336464e+00
5.630509799999999814e+02 -4.389437356054154193e+00
5.631315499999999474e+02 -4.389382721946027743e+00
5.732930000000000064e+02 -4.389126899050910247e+00
6.099605199999999741e+02 -4.386877809282144547e+00
6.101946199999999862e+02 -4.386996236384944403e+00
6.145602599999999711e+02 -4.385381710770290375e+00
6.558871900000000323e+02 -4.385262420589207011e+00
6.565783199999999624e+02 -4.385476711238159631e+00
6.711663600000000542e+02 -4.386444275022642891e+00
7.126625099999999975e+02 -4.385254799156379946e+00
7.141508300000000418e+02 -4.382854346806345447e+00
7.154538800000000265e+02 -4.386054125889827127e+00
7.553329599999999573e+02 -4.382239756058662117e+00
7.572166200000000345e+02 -4.382761474402790292e+00
7.649819599999999582e+02 -4.381921981808984512e+00
8.015302500000000236e+02 -4.381090420024310816e+00
8.030370400000000473e+02 -4.381463315710210082e+00
8.180176000000000158e+02 -4.382477448376229212e+00
8.542796799999999848e+02 -4.381671529233478246e+00
8.550542900000000373e+02 -4.381899870084335902e+00
8.680894299999999930e+02 -4.382509332668100832e+00
9.006892500000000155e+02 -4.379299695456946750e+00
9.022255199999999604e+02 -4.379705705898201629e+00
9.053191500000000360e+02 -4.378207536791767218e+00
9.581304099999999835e+02 -4.377806971015586690e+00
9.584111900000000333e+02 -4.380007942115137887e+00
9.625138600000000224e+02 -4.381125352103365067e+00
1.006806699999999978e+03 -4.376896663783947261e+00
1.008202400000000011e+03 -4.379800834386906594e+00
1.011476300000000037e+03 -4.380700683278756280e+00
1.048722199999999930e+03 -4.376879154113699322e+00
1.049914800000000014e+03 -4.377186650790674705e+00
1.055942000000000007e+03 -4.376544211715490462e+00
1.096598700000000008e+03 -4.376288087686541317e+00
1.097476400000000012e+03 -4.376500997124002978e+00
1.113691000000000031e+03 -4.377674475294289991e+00
1.152631399999999985e+03 -4.378296147541045791e+00
1.154680000000000064e+03 -4.378845851162019187e+00
1.157215599999999995e+03 -4.376894901973789942e+00
1.197295100000000048e+03 -4.376028691130630754e+00
1.199767000000000053e+03 -4.376669354826682401e+00
1.216220299999999952e+03 -4.377735551265704572e+00
1.251522300000000087e+03 -4.377242901899247585e+00
1.255911900000000060e+03 -4.378397800627189973e+00
1.259522699999999986e+03 -4.376244555582671225e+00
1.291936999999999898e+03 -4.375680118759423642e+00
1.295888799999999947e+03 -4.376725399449630238e+00
1.313996900000000096e+03 -4.378787937276037212e+00
1.344922800000000052e+03 -4.375732928661022925e+00
1.350146700000000010e+03 -4.377067788993985964e+00
1.360800300000000107e+03 -4.376973442550365689e+00
1.397057399999999916e+03 -4.376983506485286668e+00
1.399769700000000057e+03 -4.377687488731800691e+00
1.405947300000000041e+03 -4.376238877112397674e+00
1.443408599999999979e+03 -4.375007380784834865e+00
1.445824599999999919e+03 -4.375604792078139127e+00
1.450284699999999930e+03 -4.374989803290523227e+00
1.496371399999999994e+03 -4.378222268339354351e+00
1.501017499999999927e+03 -4.379417169669019394e+00
1.510097500000000082e+03 -4.378869354379235190e+00
1.550333499999999958e+03 -4.378271110552352852e+00
1.550957699999999932e+03 -4.375118210411689468e+00
1.553925999999999931e+03 -4.379212361135326859e+00
1.595408400000000029e+03 -4.379114486329657829e+00
1.599536599999999908e+03 -4.380170259001627819e+00
1.615601699999999937e+03 -4.380806665893107521e+00
1.634599099999999908e+03 -4.376320813188814718e+00
1.638080899999999929e+03 -4.377149382927042254e+00
1.663488800000000083e+03 -4.380301740957525780e+00
1.696385500000000093e+03 -4.378804513629526163e+00
1.698219700000000103e+03 -4.379286934282395904e+00
1.715968699999999899e+03 -4.380032385624950564e+00
1.753978599999999915e+03 -4.382184418998274822e+00
1.754229499999999916e+03 -4.380043908144561904e+00
1.755320099999999911e+03 -4.382501506379055556e+00
1.793313400000000001e+03 -4.379104316508334982e+00
1.798367299999999886e+03 -4.377795442175473006e+00
1.803642299999999977e+03 -4.381761821444889016e+00
1.843680299999999988e+03 -4.379784027150683379e+00
1.845537299999999959e+03 -4.380239419199754458e+00
1.858530099999999948e+03 -4.379661669003961144e+00
1.884299800000000005e+03 -4.379347921841612035e+00
1.888477100000000064e+03 -4.380355172697615984e+00
1.915338199999999915e+03 -4.384649393418986740e+00
1.945552200000000084e+03 -4.379483415923867362e+00
1.965339300000000094e+03 -4.382533183926822673e+00
1.972692800000000034e+03 -4.384531401203238588e+00
1.995117700000000013e+03 -4.380170634239334504e+00
2.013537900000000036e+03 -4.384286530666281934e+00
2.013911200000000008e+03 -4.384308692570049182e+00
2.042098300000000108e+03 -4.380737945577788395e+00
2.043109200000000101e+03 -4.381032918607206561e+00
2.052352100000000064e+03 -4.380333291928081074e+00
2.090356299999999919e+03 -4.382175180864730457e+00
2.091011800000000221e+03 -4.382303016402918416e+00
2.108688400000000001e+03 -4.383857758231558321e+00
2.141056599999999889e+03 -4.383392435596541681e+00
2.149393300000000181e+03 -4.385560003675576191e+00
2.152585099999999784e+03 -4.381859908359713174e+00
2.198686799999999948e+03 -4.384183214366147219e+00
2.201036900000000060e+03 -4.384784706640965979e+00
2.207905400000000100e+03 -4.381526511840898586e+00
2.236032600000000002e+03 -4.383402166336945349e+00
2.236839399999999841e+03 -4.383541281620248142e+00
2.251256899999999860e+03 -4.386311287034756035e+00
2.291442599999999857e+03 -4.384506420686371975e+00
2.292123300000000199e+03 -4.384643671394412578e+00
2.311568200000000161e+03 -4.385672549703762968e+00
2.341246700000000146e+03 -4.387046081062384140e+00
2.344022199999999884e+03 -4.387726812921228792e+00
2.374456799999999930e+03 -4.391023879573030086e+00
2.396152099999999791e+03 -4.387979279711688996e+00
2.398186200000000099e+03 -4.388513225838149623e+00
2.408262099999999919e+03 -4.386577236493579335e+00
2.441666799999999967e+03 -4.393872542245766510e+00
2.442054099999999835e+03 -4.394010322207011043e+00
