1.214326800000000048e+02 -3.491984817082798287e+00
1.316682800000000100e+02 -3.491927890693157455e+00
1.692347699999999975e+02 -3.491457101203256030e+00
1.699801799999999901e+02 -3.491767044504198836e+00
1.791553499999999985e+02 -3.491261540675464126e+00
2.172335999999999956e+02 -3.490682821332157015e+00
2.185511600000000101e+02 -3.491127548364269195e+00
2.293915499999999952e+02 -3.491013151754104982e+00
2.671632599999999798e+02 -3.490063307028700379e+00
2.678362000000000194e+02 -3.490339962165703636e+00
2.773782100000000241e+02 -3.489850319630172670e+00
3.162946900000000028e+02 -3.488832284775189585e+00
3.173141699999999901e+02 -3.489191606986231875e+00
3.267209399999999846e+02 -3.488607873376359692e+00
3.638241600000000062e+02 -3.487065864045602037e+00
3.665953900000000090e+02 -3.487694504847557386e+00
3.728371300000000019e+02 -3.486340482022616261e+00
4.120536399999999730e+02 -3.484841238251925155e+00
4.145386199999999803e+02 -3.485556268529847124e+00
4.236854599999999778e+02 -3.484756599798099153e+00
4.644445999999999799e+02 -3.483326113850887307e+00
4.650955700000000093e+02 -3.483413392989593405e+00
4.734954000000000178e+02 -3.482538864984319193e+00
5.149570300000000316e+02 -3.481496886749043895e+00
5.166575199999999768e+02 -3.481841392445161887e+00
5.280897499999999809e+02 -3.481468996833148477e+00
5.632326500000000351e+02 -3.478499129019188452e+00
5.636673500000000558e+02 -3.478535942795622837e+00
5.767639799999999468e+02 -3.478718954933664786e+00
6.116261100000000397e+02 -3.475190648627739964e+00
6.162018500000000358e+02 -3.476447912094409620e+00
6.238902900000000500e+02 -3.475175807791002658e+00
6.629243199999999661e+02 -3.472393484564797461e+00
6.637098300000000108e+02 -3.472518801638047936e+00
6.754200100000000475e+02 -3.472377125872477599e+00
7.124011600000000044e+02 -3.468677363209386133e+00
7.130139799999999468e+02 -3.468765974602897373e+00
7.266139699999999948e+02 -3.468927476812257993e+00
7.621258299999999508e+02 -3.464756788555214406e+00
7.644773400000000265e+02 -3.465436347358167524e+00
7.750467599999999493e+02 -3.464724217947361407e+00
8.139882700000000568e+02 -3.461253616597583349e+00
8.174686599999999999e+02 -3.458720535439673949e+00
8.188156000000000176e+02 -3.462589151293735235e+00
8.605289199999999710e+02 -3.456454495175552477e+00
8.661039100000000417e+02 -3.457969168723980857e+00
8.685485700000000406e+02 -3.454890954392259683e+00
9.152251400000000103e+02 -3.449582242724328118e+00
9.160507900000000063e+02 -3.453027828909664976e+00
9.232563900000000103e+02 -3.454996156298135723e+00
9.635522399999999834e+02 -3.447810494596742714e+00
9.652186799999999494e+02 -3.444657646906324810e+00
9.700576999999999543e+02 -3.449399521428688331e+00
1.010845500000000015e+03 -3.443204716593678327e+00
1.015888500000000022e+03 -3.444426049022345282e+00
1.017747299999999996e+03 -3.441607786724777629e+00
1.056040899999999965e+03 -3.437407658430765345e+00
1.063656400000000076e+03 -3.439423994652425876e+00
1.067973700000000008e+03 -3.436971610898987617e+00
1.109038800000000037e+03 -3.434872969515061047e+00
1.110732899999999972e+03 -3.435252562532140619e+00
1.117548299999999927e+03 -3.433836583740334181e+00
1.153509999999999991e+03 -3.429246619180315481e+00
1.162648899999999912e+03 -3.431646658435539621e+00
1.173260899999999992e+03 -3.430815829902397862e+00
1.209352599999999939e+03 -3.426452888359004412e+00
1.213933399999999892e+03 -3.427705557229309363e+00
1.221912800000000061e+03 -3.426403186431851822e+00
1.250045000000000073e+03 -3.419392234077006432e+00
1.268227100000000064e+03 -3.424129306406802353e+00
1.271750099999999975e+03 -3.421305032355592246e+00
1.305944500000000062e+03 -3.417079170701859070e+00
1.308405600000000049e+03 -3.417662594998403414e+00
1.314011299999999892e+03 -3.415737059922017593e+00
1.361665799999999990e+03 -3.410907958883529378e+00
1.361848099999999931e+03 -3.414969742059886570e+00
1.368033400000000029e+03 -3.416644380966437744e+00
1.394708200000000033e+03 -3.408195192125688333e+00
1.403867600000000039e+03 -3.410554377975745677e+00
1.413037199999999984e+03 -3.409553642210658264e+00
1.451933899999999994e+03 -3.407038228413596492e+00
1.456511799999999994e+03 -3.405119376153409760e+00
1.457159900000000107e+03 -3.408356432371118405e+00
1.500058399999999892e+03 -3.402824678139828141e+00
1.501664600000000064e+03 -3.403251718231870893e+00
1.507158400000000029e+03 -3.400773084209787633e+00
1.557549899999999980e+03 -3.401236530790360924e+00
1.560339400000000069e+03 -3.401901494588220221e+00
1.565809400000000096e+03 -3.400041631464192804e+00
1.602223199999999906e+03 -3.397879860669342111e+00
1.603086399999999912e+03 -3.398116754114428595e+00
1.612723099999999931e+03 -3.397227053886276327e+00
1.654781199999999899e+03 -3.394909395110679906e+00
1.659616700000000037e+03 -3.392262002223870976e+00
1.659758299999999963e+03 -3.396230829282106178e+00
1.701664999999999964e+03 -3.391735571402383354e+00
1.704090699999999970e+03 -3.392337169557205545e+00
1.715052200000000084e+03 -3.391885926380335814e+00
1.743815100000000029e+03 -3.386818604661141929e+00
1.747940499999999929e+03 -3.387892073994361208e+00
1.771187599999999975e+03 -3.389954985649401564e+00
1.798056399999999940e+03 -3.385864009919319351e+00
1.799969599999999900e+03 -3.386357846928127024e+00
1.810857099999999946e+03 -3.385517841688331586e+00
1.839931100000000015e+03 -3.381245223957769497e+00
1.850391599999999926e+03 -3.383920008815751501e+00
1.852037000000000035e+03 -3.381230427341718414e+00
1.890896500000000060e+03 -3.377696796970417470e+00
1.898072499999999991e+03 -3.379511634595797620e+00
1.919423700000000053e+03 -3.380924689065725186e+00
1.940171599999999899e+03 -3.376937172327595604e+00
1.947530500000000075e+03 -3.378803109649786585e+00
1.967479900000000043e+03 -3.379949486360087185e+00
2.003329400000000078e+03 -3.376236784948305480e+00
2.008729199999999992e+03 -3.377672889338309670e+00
2.009451900000000023e+03 -3.373473348788288639e+00
2.030717799999999897e+03 -3.368823897612156060e+00
2.051851700000000164e+03 -3.374211968459776223e+00
2.069839199999999892e+03 -3.375202671345709948e+00
2.092967299999999796e+03 -3.370259702095145471e+00
2.097714300000000094e+03 -3.371455092724377600e+00
2.107774600000000191e+03 -3.371216983760493946e+00
2.142686799999999948e+03 -3.364227674874318730e+00
2.158541200000000117e+03 -3.371191608364306092e+00
2.160233900000000176e+03 -3.371579133774702086e+00
2.198160699999999906e+03 -3.366486755179615820e+00
2.207858200000000124e+03 -3.369004946786477994e+00
2.213572700000000168e+03 -3.365591458887874587e+00
2.237485200000000077e+03 -3.363474313565796514e+00
2.248262799999999970e+03 -3.366283945023825108e+00
2.256402300000000196e+03 -3.364214495932229099e+00
2.295307299999999941e+03 -3.358918203221875842e+00
2.300841199999999844e+03 -3.362240084433528509e+00
2.301435599999999795e+03 -3.362378788358054926e+00
2.351595499999999902e+03 -3.360255087150052944e+00
2.353712199999999939e+03 -3.360780110204388826e+00
2.360083299999999781e+03 -3.359079313760754637e+00
2.396653499999999894e+03 -3.360394724919931519e+00
2.399510999999999967e+03 -3.356582712810051827e+00
2.404169499999999971e+03 -3.362341576961430434e+00
2.445675400000000081e+03 -3.357058092048974540e+00
2.448572799999999916e+03 -3.357817813568584775e+00
