9.972841200000000583e+01 -6.227346506231469014e+00
1.278594499999999954e+02 -6.227383034872785217e+00
1.499828899999999976e+02 -6.227051600933098285e+00
1.763009900000000130e+02 -6.226889141659778915e+00
1.997571599999999989e+02 -6.226308921123691498e+00
2.232113099999999974e+02 -6.225986676240197859e+00
2.492723699999999951e+02 -6.226267129924185184e+00
2.722341000000000122e+02 -6.225048197327391897e+00
3.026109400000000278e+02 -6.225829670358971946e+00
3.214758400000000051e+02 -6.224214153630363455e+00
3.455829100000000267e+02 -6.223731981842671956e+00
3.704520899999999983e+02 -6.222900830255745142e+00
3.954816700000000083e+02 -6.221474059978281623e+00
4.182521300000000224e+02 -6.221138918625736203e+00
4.497727199999999925e+02 -6.221701622347912242e+00
4.665407200000000216e+02 -6.219050426783286234e+00
5.029955600000000118e+02 -6.220307112175115449e+00
5.190074100000000499e+02 -6.217724023184717730e+00
5.461381699999999455e+02 -6.216726975314121439e+00
5.751850500000000466e+02 -6.216420682570849010e+00
6.059055100000000493e+02 -6.215220461040751765e+00
6.184575999999999567e+02 -6.211020891297923896e+00
6.526613800000000083e+02 -6.211548065185808376e+00
6.725553999999999633e+02 -6.208628781688830145e+00
7.003224599999999782e+02 -6.206901664597696211e+00
7.175673500000000331e+02 -6.203434918850564195e+00
7.573130499999999756e+02 -6.204759739524837947e+00
7.653946899999999687e+02 -6.198272778023922847e+00
7.966159599999999728e+02 -6.197758203337747851e+00
8.147062399999999798e+02 -6.193455153268747182e+00
8.509775700000000143e+02 -6.193658902048220227e+00
8.687065800000000309e+02 -6.189828811061204306e+00
9.019163200000000415e+02 -6.189159152368717720e+00
9.132211700000000292e+02 -6.183136026775653882e+00
9.528660999999999603e+02 -6.182588165012578685e+00
9.690588800000000447e+02 -6.179748573009167245e+00
1.001768900000000031e+03 -6.178355894058969788e+00
1.012441299999999956e+03 -6.173149320470281864e+00
1.051607299999999896e+03 -6.173733497588886898e+00
1.068227300000000014e+03 -6.169026434727229891e+00
1.097347999999999956e+03 -6.165921700989791532e+00
1.107462399999999889e+03 -6.159983146851824465e+00
1.154694300000000112e+03 -6.161660763140214492e+00
1.156766399999999976e+03 -6.155201225471824245e+00
1.204353100000000040e+03 -6.159193239160870803e+00
1.221292500000000018e+03 -6.153976950285606762e+00
1.234256900000000087e+03 -6.149140535103840399e+00
1.260162900000000036e+03 -6.145186927522815701e+00
1.304567800000000034e+03 -6.138900856410307583e+00
1.308853100000000040e+03 -6.147689843821939171e+00
1.357408599999999979e+03 -6.142781080171998198e+00
1.359708900000000085e+03 -6.135279376559583220e+00
1.406252899999999954e+03 -6.133838489386045367e+00
1.409413600000000088e+03 -6.129664243781452804e+00
1.436065100000000029e+03 -6.127948956116422430e+00
1.480522099999999909e+03 -6.131166990976457676e+00
1.503345399999999927e+03 -6.120060348000311734e+00
1.510019199999999955e+03 -6.126558709257944102e+00
1.549729499999999916e+03 -6.120162695038206202e+00
1.580322400000000016e+03 -6.121131308228973111e+00
1.595023200000000088e+03 -6.118007271649801737e+00
1.624491299999999910e+03 -6.114889050354435973e+00
1.644857500000000073e+03 -6.110616666866247826e+00
1.671057999999999993e+03 -6.109035142920101080e+00
1.713057999999999993e+03 -6.107749176940560076e+00
1.724798800000000028e+03 -6.106899306735042998e+00
1.763690499999999929e+03 -6.097870540497199343e+00
1.766684700000000021e+03 -6.101416837731178155e+00
1.796211299999999937e+03 -6.096515958454193473e+00
1.809864399999999932e+03 -6.096236275125693993e+00
1.836365900000000011e+03 -6.090633746213578448e+00
1.856550300000000107e+03 -6.090890997227468517e+00
1.879656400000000076e+03 -6.088171630178636384e+00
1.919933299999999917e+03 -6.087604975488738468e+00
1.938171599999999899e+03 -6.084984807860704947e+00
1.978546199999999999e+03 -6.086381126828891652e+00
2.015447300000000041e+03 -6.080517274572791564e+00
2.025240600000000086e+03 -6.084279446716265305e+00
2.063351099999999860e+03 -6.081601747318631013e+00
2.069861800000000130e+03 -6.078207038218877756e+00
2.103072000000000116e+03 -6.071965037627311546e+00
2.119874099999999999e+03 -6.079163895124658268e+00
2.165347099999999955e+03 -6.072128099340671881e+00
2.166632000000000062e+03 -6.069713477352328468e+00
2.187009700000000066e+03 -6.066230755220866300e+00
2.205921400000000176e+03 -6.063708855644516227e+00
2.254250500000000102e+03 -6.066790616618624732e+00
2.269651499999999942e+03 -6.064592049170474120e+00
2.299257900000000063e+03 -6.060698976659899095e+00
2.321264700000000175e+03 -6.058805738235453653e+00
2.371484699999999975e+03 -6.062419078246587212e+00
2.376457399999999780e+03 -6.056649358647082870e+00
2.397562199999999848e+03 -6.049914244037363886e+00
2.420411399999999958e+03 -6.056057325426230875e+00
2.442343899999999849e+03 -6.046634701891335339e+00
