1.212652400000000057e+02 -3.492230966698936623e+00
1.324475600000000099e+02 -3.492362049049781092e+00
1.703207899999999881e+02 -3.492020272998491937e+00
1.703277999999999963e+02 -3.491900774414993691e+00
1.810196799999999939e+02 -3.491899012898346477e+00
2.184718699999999956e+02 -3.491126793858237320e+00
2.194920099999999934e+02 -3.491501704970457531e+00
2.278763199999999927e+02 -3.490750683563796475e+00
2.644297900000000254e+02 -3.489489207095847423e+00
2.667829699999999775e+02 -3.490185989811049883e+00
2.772981199999999831e+02 -3.489968277502189409e+00
3.145843699999999785e+02 -3.488621610716620580e+00
3.153907300000000191e+02 -3.488914489719105116e+00
3.258301200000000222e+02 -3.488658160800069741e+00
3.653185599999999909e+02 -3.487643169126576570e+00
3.655373700000000099e+02 -3.487789141526321579e+00
3.739419300000000135e+02 -3.487045950303526709e+00
4.155249800000000278e+02 -3.486092251439583123e+00
4.183992999999999824e+02 -3.486932409739192718e+00
4.263139499999999771e+02 -3.485832259679927159e+00
4.662235600000000204e+02 -3.483940498521017393e+00
4.662283199999999965e+02 -3.484033679004544748e+00
4.735928799999999796e+02 -3.482766131452535330e+00
5.123806100000000470e+02 -3.480734555696820998e+00
5.169971600000000080e+02 -3.482009188005389611e+00
5.240449999999999591e+02 -3.480717109880437032e+00
5.665887599999999793e+02 -3.479529329143361771e+00
5.670753700000000208e+02 -3.479556511599325219e+00
5.726580800000000409e+02 -3.477852999769405429e+00
6.157133000000000038e+02 -3.476166666131397687e+00
6.171860799999999472e+02 -3.476640376719856818e+00
6.275863399999999501e+02 -3.475930923571576514e+00
6.577702900000000454e+02 -3.471141616796015850e+00
6.602291800000000421e+02 -3.471723808253281973e+00
6.747593399999999519e+02 -3.472232433737510338e+00
7.097154900000000453e+02 -3.467285984867690463e+00
7.202466399999999567e+02 -3.470085995280792979e+00
7.211068000000000211e+02 -3.467190055196616605e+00
7.618108600000000479e+02 -3.464138877703327957e+00
7.623255000000000337e+02 -3.464336241542562700e+00
7.698747100000000501e+02 -3.462762419921751711e+00
8.144307999999999765e+02 -3.460608707383603377e+00
8.156185799999999517e+02 -3.460823974888573407e+00
8.239529499999999871e+02 -3.459486564471297765e+00
8.645365100000000211e+02 -3.456638104655251897e+00
8.712274800000000141e+02 -3.458464128799049409e+00
8.719517399999999725e+02 -3.455072695590564624e+00
9.167528399999999920e+02 -3.449117729080860340e+00
9.181038700000000290e+02 -3.452906850683547635e+00
9.183727199999999584e+02 -3.453082755145165272e+00
9.609246600000000171e+02 -3.448007663088325181e+00
9.623308399999999665e+02 -3.448435304225605513e+00
9.673938900000000558e+02 -3.446248477824977563e+00
1.003647100000000023e+03 -3.441265881324046205e+00
1.005427000000000021e+03 -3.441698186592957676e+00
1.021589699999999993e+03 -3.442210629016972057e+00
1.059886899999999969e+03 -3.438093356898398234e+00
1.062289800000000014e+03 -3.438653135702613106e+00
1.064292599999999993e+03 -3.435865892252401466e+00
1.110101599999999962e+03 -3.435326281364230017e+00
1.111813000000000102e+03 -3.435829011542680611e+00
1.119223700000000008e+03 -3.434243552897155105e+00
1.158267399999999952e+03 -3.430279575273917914e+00
1.158334399999999960e+03 -3.430341013754879764e+00
1.166598799999999983e+03 -3.428934069554039787e+00
1.210264400000000023e+03 -3.426087802822614492e+00
1.218126299999999901e+03 -3.428200964749201773e+00
1.218377600000000029e+03 -3.425062592719695598e+00
1.257438200000000052e+03 -3.422179871931485984e+00
1.261860899999999901e+03 -3.423374774849364588e+00
1.273991400000000112e+03 -3.423415442239928108e+00
1.292960399999999936e+03 -3.415178964443820409e+00
1.303787199999999984e+03 -3.417955721757537368e+00
1.319035399999999981e+03 -3.418525661830205564e+00
1.360053499999999985e+03 -3.415676319226920832e+00
1.365851699999999937e+03 -3.413515947156893215e+00
1.367773999999999887e+03 -3.417580374026406798e+00
1.403807399999999916e+03 -3.410299399241685236e+00
1.405348199999999906e+03 -3.410720676035608356e+00
1.423085000000000036e+03 -3.411428066046710672e+00
1.445555900000000065e+03 -3.404430910925344556e+00
1.458213700000000017e+03 -3.407708648967933573e+00
1.460081300000000056e+03 -3.404870577379332630e+00
1.499890100000000075e+03 -3.402925632906963482e+00
1.500553000000000111e+03 -3.403091052162130037e+00
1.513707799999999907e+03 -3.402939774090638192e+00
1.556227699999999913e+03 -3.401783429383615331e+00
1.561643199999999979e+03 -3.403236771856361642e+00
1.568585199999999986e+03 -3.401107846944550595e+00
1.615262899999999945e+03 -3.399479561741587830e+00
1.616431199999999990e+03 -3.395746734048117776e+00
1.617973199999999906e+03 -3.400082528271304749e+00
1.646929900000000089e+03 -3.393587137549677113e+00
1.647931399999999940e+03 -3.393848182425595716e+00
1.672839699999999993e+03 -3.396384614115119049e+00
1.697681199999999990e+03 -3.390841187625261099e+00
1.705193800000000010e+03 -3.392751591800229782e+00
1.718178499999999985e+03 -3.392635211871618761e+00
1.746041799999999967e+03 -3.384774212269603844e+00
1.756079999999999927e+03 -3.390727214766392272e+00
1.758389899999999898e+03 -3.391276384966271706e+00
1.801543200000000070e+03 -3.386339658945470177e+00
1.804657200000000103e+03 -3.387159395824449248e+00
1.805340699999999970e+03 -3.383226436132178883e+00
1.845998700000000099e+03 -3.382226907084057821e+00
1.854001299999999901e+03 -3.384305355849567487e+00
1.871265699999999924e+03 -3.384943694534184644e+00
1.890043899999999894e+03 -3.378017854501947692e+00
1.897917999999999893e+03 -3.380015047635824388e+00
1.907563799999999901e+03 -3.379220209607071368e+00
1.934377700000000004e+03 -3.374971544288880132e+00
1.942935600000000022e+03 -3.377123632611923831e+00
1.964622499999999945e+03 -3.378663264602845384e+00
1.999304300000000012e+03 -3.375440619067922476e+00
2.009847999999999956e+03 -3.378204488601589173e+00
2.010979700000000093e+03 -3.374235504595427759e+00
2.036072400000000016e+03 -3.372714274565615344e+00
2.046869999999999891e+03 -3.375520069704950110e+00
2.066170999999999822e+03 -3.376077694485656977e+00
2.093447099999999864e+03 -3.371079496104617768e+00
2.110629899999999907e+03 -3.375503476792423463e+00
2.120819500000000062e+03 -3.373204554680739875e+00
2.149087799999999788e+03 -3.363928206791880537e+00
2.152756199999999808e+03 -3.368660094708653130e+00
2.160167199999999866e+03 -3.370592625282035293e+00
2.190397500000000036e+03 -3.368132520525669804e+00
2.190465499999999793e+03 -3.368092243172784883e+00
2.208666799999999967e+03 -3.368505457590838859e+00
2.239504899999999907e+03 -3.362159075983789158e+00
2.249540399999999863e+03 -3.360413487132634103e+00
2.250133400000000165e+03 -3.364871796562628248e+00
2.302866500000000087e+03 -3.360696648725438607e+00
2.303088499999999840e+03 -3.360720811975075328e+00
2.318186099999999897e+03 -3.359386359963085766e+00
2.328867099999999937e+03 -3.360792176549747268e+00
2.335771600000000035e+03 -3.362480750302349275e+00
2.363788599999999860e+03 -3.365536240756856756e+00
2.397119400000000041e+03 -3.361003109504296926e+00
2.397869700000000194e+03 -3.361191886680601204e+00
2.404505500000000211e+03 -3.359272628537481431e+00
2.438624499999999898e+03 -3.353896549874427535e+00
2.454172599999999875e+03 -3.357877980987813871e+00
