1.219639700000000033e+02 -3.525963607199951166e+00
1.317713599999999872e+02 -3.525772114744632368e+00
1.686229899999999873e+02 -3.525254978902487402e+00
1.709118499999999869e+02 -3.525726656108492563e+00
1.800381999999999891e+02 -3.525321853137107997e+00
2.187028200000000027e+02 -3.524829436136859062e+00
2.189239900000000034e+02 -3.524997695826574073e+00
2.287558699999999874e+02 -3.524586806862520127e+00
2.668040500000000179e+02 -3.523746802732530270e+00
2.671633899999999926e+02 -3.523740167422366731e+00
2.770596800000000144e+02 -3.523480318083070273e+00
3.166886200000000144e+02 -3.522851383852679596e+00
3.169790100000000166e+02 -3.522828501042377436e+00
3.262694200000000251e+02 -3.522348819986282908e+00
3.653747900000000186e+02 -3.521260952189966265e+00
3.660916199999999776e+02 -3.521537657205628502e+00
3.730878099999999904e+02 -3.520395416024628243e+00
4.142479599999999778e+02 -3.519715098230187245e+00
4.148272099999999796e+02 -3.519781241165309549e+00
4.291371100000000069e+02 -3.520416926682714998e+00
4.644963399999999751e+02 -3.517794964940672120e+00
4.645762100000000032e+02 -3.517730786953892963e+00
4.740769099999999980e+02 -3.517233263658254838e+00
5.150724599999999782e+02 -3.515767059474986134e+00
5.156709399999999732e+02 -3.516011743868049155e+00
5.231986699999999928e+02 -3.514581870562612842e+00
5.622217900000000554e+02 -3.512579090002457605e+00
5.642889900000000125e+02 -3.513185199895489053e+00
5.755767600000000357e+02 -3.512949537471571571e+00
6.131634699999999611e+02 -3.509695200574808549e+00
6.152317900000000463e+02 -3.510309487248077343e+00
6.237468999999999824e+02 -3.509087649673561682e+00
6.601799200000000383e+02 -3.505631590558290434e+00
6.654468100000000277e+02 -3.507059795478343123e+00
6.734563600000000179e+02 -3.505729701042707980e+00
7.127792600000000220e+02 -3.502478854752865356e+00
7.160611000000000104e+02 -3.503242805956949368e+00
7.210288500000000340e+02 -3.501117644257680350e+00
7.649701800000000276e+02 -3.498609247863141203e+00
7.653203300000000127e+02 -3.498615451491426942e+00
7.705328299999999899e+02 -3.496724537504266372e+00
8.123405900000000202e+02 -3.493837479397293055e+00
8.166367199999999684e+02 -3.495022407226800798e+00
8.258978700000000117e+02 -3.493761907247597165e+00
8.625872000000000526e+02 -3.490270643870506895e+00
8.635371099999999842e+02 -3.490589642158217654e+00
8.689908299999999599e+02 -3.488966919811040679e+00
9.161132900000000063e+02 -3.483520477346375710e+00
9.224119600000000219e+02 -3.488422877738665218e+00
9.263512200000000121e+02 -3.489580375575576099e+00
9.583358899999999494e+02 -3.480366248820621067e+00
9.650900699999999688e+02 -3.482173961046336697e+00
9.754221199999999499e+02 -3.481193006964201864e+00
1.011338499999999954e+03 -3.477199203342765887e+00
1.011765200000000050e+03 -3.477376478982318719e+00
1.021828399999999988e+03 -3.476693261798224466e+00
1.052156500000000051e+03 -3.471356191154010951e+00
1.054009399999999914e+03 -3.471855505970417255e+00
1.074182099999999991e+03 -3.473903290208964378e+00
1.106004899999999907e+03 -3.468172810424778429e+00
1.108633599999999888e+03 -3.468808671145755973e+00
1.120291799999999967e+03 -3.468558859774628633e+00
1.169092799999999897e+03 -3.467370747781683527e+00
1.170044399999999996e+03 -3.463966643379194910e+00
1.170839400000000069e+03 -3.467698372690973585e+00
1.204249600000000100e+03 -3.458302193728266083e+00
1.206713700000000017e+03 -3.458905730038841941e+00
1.219467900000000100e+03 -3.459000726058505837e+00
1.254520700000000033e+03 -3.455476983471698293e+00
1.261144800000000032e+03 -3.457222317173223480e+00
1.264585299999999961e+03 -3.454762833690746771e+00
1.309665099999999939e+03 -3.452233468481024747e+00
1.310059899999999971e+03 -3.452392014941830567e+00
1.317470100000000002e+03 -3.451096219423894329e+00
1.358861699999999928e+03 -3.448208994763795499e+00
1.362616999999999962e+03 -3.449236958889074778e+00
1.363529399999999896e+03 -3.445617499663490513e+00
1.403759199999999964e+03 -3.443394764757524928e+00
1.405917999999999893e+03 -3.443975654198990988e+00
1.415102200000000039e+03 -3.443206710329154596e+00
1.467300099999999929e+03 -3.443642337584763791e+00
1.467848799999999983e+03 -3.443882345407132561e+00
1.475851200000000063e+03 -3.442311800885107242e+00
1.499952099999999973e+03 -3.435882939382721712e+00
1.500817299999999932e+03 -3.433037508426551643e+00
1.506221399999999903e+03 -3.437515381891610211e+00
1.551579099999999926e+03 -3.433374061277890910e+00
1.555506900000000087e+03 -3.434360369324191087e+00
1.566755499999999984e+03 -3.433897147335321254e+00
1.603295299999999997e+03 -3.429936635170111270e+00
1.610341499999999996e+03 -3.431786764865709660e+00
1.617329500000000053e+03 -3.430273181900242996e+00
1.656654700000000048e+03 -3.427862895604115945e+00
1.658834700000000112e+03 -3.428478880973983234e+00
1.664176200000000108e+03 -3.426615769545822143e+00
1.702144700000000057e+03 -3.424322182629271794e+00
1.705514400000000023e+03 -3.425210262006848971e+00
1.707875900000000001e+03 -3.421820960313576521e+00
1.752546900000000051e+03 -3.421630650614068347e+00
1.757648999999999887e+03 -3.420591666210106574e+00
1.759287800000000061e+03 -3.423324508364229857e+00
1.794846000000000004e+03 -3.417184474863795174e+00
1.799716200000000072e+03 -3.418419907696192528e+00
1.801161000000000058e+03 -3.415734288418867948e+00
1.845013699999999972e+03 -3.414435678366731786e+00
1.847107999999999947e+03 -3.414996280410237173e+00
1.855194700000000012e+03 -3.413309833207726740e+00
1.887346399999999903e+03 -3.410856778341945006e+00
1.898123800000000074e+03 -3.413599596443233075e+00
1.923612599999999929e+03 -3.416822431119862280e+00
1.941202299999999923e+03 -3.410342138873112106e+00
1.947653999999999996e+03 -3.412030589474058129e+00
1.953824599999999919e+03 -3.409453260012565323e+00
1.989176300000000083e+03 -3.408613546608483702e+00
1.995901699999999892e+03 -3.410374738639359471e+00
2.013836099999999988e+03 -3.411084565736281604e+00
2.037341499999999996e+03 -3.404652427315447039e+00
2.044586800000000039e+03 -3.406476122768240966e+00
2.068364999999999782e+03 -3.410119037379720996e+00
2.080154199999999946e+03 -3.401831191037901547e+00
2.088465999999999894e+03 -3.403889889648792355e+00
2.102481299999999919e+03 -3.403740734150730862e+00
2.142845200000000204e+03 -3.400672145698004023e+00
2.146018000000000029e+03 -3.401469784544985941e+00
2.152072900000000118e+03 -3.400041355646936214e+00
2.201530699999999797e+03 -3.400321431551390994e+00
2.202521000000000186e+03 -3.400554240072107604e+00
2.214198100000000068e+03 -3.399660016945863727e+00
2.233173800000000028e+03 -3.396037626209738924e+00
2.235831400000000031e+03 -3.396649561860544342e+00
2.266322599999999966e+03 -3.400236499900604503e+00
2.298945900000000165e+03 -3.391561326793497866e+00
2.306680600000000140e+03 -3.397259760900544379e+00
2.308693499999999858e+03 -3.397730267927426162e+00
2.326541200000000117e+03 -3.391337027979624441e+00
2.335889500000000226e+03 -3.393655082842567783e+00
2.361167500000000018e+03 -3.396428601656717117e+00
2.387896099999999933e+03 -3.389884629959716289e+00
2.395476500000000215e+03 -3.391797092621070764e+00
2.406275900000000092e+03 -3.391523870091967652e+00
2.442435399999999845e+03 -3.390525952636425089e+00
2.443531800000000203e+03 -3.390787614910856895e+00
