1.215386699999999962e+02 -4.240746646673697384e+00
1.313661800000000142e+02 -4.240579692093253250e+00
1.695638800000000117e+02 -4.240378484339194287e+00
1.701018200000000036e+02 -4.240635657566519612e+00
1.794055799999999863e+02 -4.240210058730244924e+00
2.170075999999999965e+02 -4.239745503099158874e+00
2.183366399999999885e+02 -4.240191722263050522e+00
2.271001699999999914e+02 -4.239647784201478586e+00
2.645947800000000143e+02 -4.238891671001922212e+00
2.669410599999999931e+02 -4.239587534981655637e+00
2.752726900000000114e+02 -4.238945019720746110e+00
3.136434499999999730e+02 -4.238259597626086617e+00
3.144363299999999981e+02 -4.238544310322839515e+00
3.249654100000000199e+02 -4.238466368542944451e+00
3.652841199999999731e+02 -4.238248554322933792e+00
3.667837400000000230e+02 -4.238727626138160787e+00
3.711658199999999965e+02 -4.236987389263719983e+00
4.132500900000000001e+02 -4.236985166827335725e+00
4.132810600000000250e+02 -4.236918066329564247e+00
4.245828900000000203e+02 -4.236928304113845911e+00
4.607594399999999837e+02 -4.235349510482186552e+00
4.623587600000000180e+02 -4.235827336581721170e+00
4.718351999999999862e+02 -4.235340435547904292e+00
5.099535399999999754e+02 -4.234019586882851627e+00
5.108278099999999995e+02 -4.234304986352572797e+00
5.234818400000000338e+02 -4.234356887165700023e+00
5.644562600000000430e+02 -4.233607589681262162e+00
5.663982899999999745e+02 -4.234020033900055324e+00
5.708739900000000489e+02 -4.232367453760858211e+00
6.100966899999999669e+02 -4.230755114523132576e+00
6.126980899999999792e+02 -4.231360713905428561e+00
6.224541299999999637e+02 -4.230865238127929473e+00
6.572970500000000129e+02 -4.228105474712156031e+00
6.583702299999999923e+02 -4.228337116242637528e+00
6.671827299999999923e+02 -4.227475235417800903e+00
7.066848199999999451e+02 -4.225803890595207335e+00
7.083886099999999715e+02 -4.226285113441220709e+00
7.165846099999999979e+02 -4.225529629568367085e+00
7.586793499999999995e+02 -4.224282098366266780e+00
7.611585000000000036e+02 -4.224976335904220726e+00
7.692322500000000218e+02 -4.223699984793171325e+00
8.093177299999999832e+02 -4.221654015197255916e+00
8.117341699999999491e+02 -4.222336111784201762e+00
8.194427500000000464e+02 -4.221381039840132132e+00
8.582046400000000403e+02 -4.218436871045785352e+00
8.598771100000000160e+02 -4.218919003765122078e+00
8.657089499999999589e+02 -4.217136807238275331e+00
9.111051700000000437e+02 -4.216025900744688748e+00
9.133871900000000323e+02 -4.216683475052086294e+00
9.157333099999999604e+02 -4.214166800212904462e+00
9.544338299999999435e+02 -4.210566169674783588e+00
9.584350200000000086e+02 -4.211558627374877517e+00
9.732403199999999970e+02 -4.212089023182984171e+00
1.011216300000000047e+03 -4.208582938894193326e+00
1.011509999999999991e+03 -4.208723846855012773e+00
1.024763300000000072e+03 -4.208644949338949282e+00
1.063219700000000103e+03 -4.206211007414435876e+00
1.064100300000000061e+03 -4.206359685896086553e+00
1.070815599999999904e+03 -4.204706502169998750e+00
1.115844800000000077e+03 -4.203104367271566666e+00
1.117677500000000009e+03 -4.203482543030793828e+00
1.122865399999999909e+03 -4.201236144682856555e+00
1.150909200000000055e+03 -4.195491673586943193e+00
1.151124199999999973e+03 -4.195539419014845173e+00
1.165529199999999946e+03 -4.195934983893242709e+00
1.207761299999999892e+03 -4.192994894595856614e+00
1.211292899999999918e+03 -4.190766574733836514e+00
1.212536800000000085e+03 -4.194281664847909319e+00
1.263419399999999996e+03 -4.190991396833016580e+00
1.265480900000000020e+03 -4.191442308350842083e+00
1.267370699999999943e+03 -4.188348272260825844e+00
1.312523500000000013e+03 -4.187573887288604801e+00
1.313864800000000059e+03 -4.187994169454311688e+00
1.314104100000000017e+03 -4.184465457245738484e+00
1.350431100000000015e+03 -4.179497255471534167e+00
1.352555399999999963e+03 -4.180033911504331456e+00
1.356467900000000100e+03 -4.177730949724214327e+00
1.408060899999999947e+03 -4.177626471439729983e+00
1.412132499999999936e+03 -4.178734017339765572e+00
1.418305699999999888e+03 -4.177008113134045963e+00
1.456916199999999890e+03 -4.174236642956126175e+00
1.458523500000000013e+03 -4.171238667196173644e+00
1.463035699999999906e+03 -4.175869184747474705e+00
1.501285499999999956e+03 -4.170466709467078203e+00
1.509597899999999981e+03 -4.168597566039497160e+00
1.510398799999999937e+03 -4.172779070160769876e+00
1.549016300000000001e+03 -4.165550270603283423e+00
1.550788600000000088e+03 -4.166010124656404301e+00
1.558004200000000083e+03 -4.164495183386851096e+00
1.603938900000000103e+03 -4.162179143151018224e+00
1.604385899999999992e+03 -4.162267579628908365e+00
1.608728800000000092e+03 -4.159282225139221190e+00
1.659723999999999933e+03 -4.161174282423743875e+00
1.661944099999999935e+03 -4.161682885612327354e+00
1.665393399999999929e+03 -4.158495573298821135e+00
1.706501899999999978e+03 -4.157022592957186902e+00
1.711925799999999981e+03 -4.158473832623058364e+00
1.714465999999999894e+03 -4.155321752251895262e+00
1.747915099999999939e+03 -4.151888815140067024e+00
1.755934899999999971e+03 -4.153940924777342225e+00
1.757135099999999966e+03 -4.150418155389425046e+00
1.790183800000000019e+03 -4.146181269291541405e+00
1.795177799999999934e+03 -4.147429065121931657e+00
1.821057499999999891e+03 -4.150552364960279128e+00
1.849752099999999928e+03 -4.144674489933986905e+00
1.854545800000000099e+03 -4.145923475934319313e+00
1.859019500000000107e+03 -4.143166979610177769e+00
1.908421499999999924e+03 -4.144353706838902696e+00
1.909259299999999939e+03 -4.144517933735822446e+00
1.921410200000000032e+03 -4.143842116332895564e+00
1.946629200000000083e+03 -4.138604555075711566e+00
1.954295399999999972e+03 -4.140585453579372022e+00
1.963094599999999900e+03 -4.138584982801235768e+00
1.993949399999999969e+03 -4.134274670970051524e+00
2.002174199999999928e+03 -4.136386799374709433e+00
2.007548000000000002e+03 -4.135252066635436208e+00
2.045865700000000061e+03 -4.132240491081163647e+00
2.053707600000000184e+03 -4.134265692053903152e+00
2.066653899999999794e+03 -4.133591756220708291e+00
2.107045000000000073e+03 -4.132203209890128903e+00
2.108511399999999867e+03 -4.132626828214993608e+00
2.119205699999999979e+03 -4.131232246356827176e+00
2.142084499999999935e+03 -4.127222894447518442e+00
2.145223800000000210e+03 -4.128058789221941360e+00
2.176742900000000191e+03 -4.131430338362112487e+00
2.212054000000000087e+03 -4.125561912074354076e+00
2.213269400000000132e+03 -4.128759793133487399e+00
2.213954200000000128e+03 -4.129019465466620353e+00
2.240732300000000123e+03 -4.121262359302184208e+00
2.259972999999999956e+03 -4.126224250817824846e+00
2.274885099999999966e+03 -4.125368405544682204e+00
2.301251999999999953e+03 -4.119486321049638633e+00
2.308561200000000099e+03 -4.124072210665101323e+00
2.311541400000000067e+03 -4.124782148950091987e+00
2.354966300000000047e+03 -4.119159479802440238e+00
2.355962199999999939e+03 -4.119381116453943115e+00
2.379843600000000151e+03 -4.123283663709001345e+00
2.393329900000000180e+03 -4.117110716780544521e+00
2.394061000000000149e+03 -4.117327147919883856e+00
2.404584100000000035e+03 -4.114843324754334120e+00
2.429398499999999785e+03 -4.113824441326702441e+00
2.439435500000000047e+03 -4.116330817703000022e+00
