9.988930999999999472e+01 -1.508792437004385034e+00
1.265871300000000019e+02 -1.508396268292551357e+00
1.491288000000000125e+02 -1.508158910762331884e+00
1.772609500000000082e+02 -1.508223764736528416e+00
2.007024299999999926e+02 -1.507624888004404973e+00
2.247957499999999982e+02 -1.507061968406963492e+00
2.476238600000000076e+02 -1.506094875445266767e+00
2.734382200000000012e+02 -1.505719958536785530e+00
2.972047600000000216e+02 -1.504819354022898681e+00
3.219736599999999953e+02 -1.503543694709202461e+00
3.486202700000000050e+02 -1.502852738241068131e+00
3.737766399999999862e+02 -1.502137709675999355e+00
4.004308800000000019e+02 -1.500816881627655031e+00
4.222860800000000268e+02 -1.499436710897035008e+00
4.503577000000000226e+02 -1.498469022706326426e+00
4.728136000000000081e+02 -1.495911914068840387e+00
4.979451199999999744e+02 -1.494246028147456551e+00
5.217730500000000120e+02 -1.491996445809293359e+00
5.472484799999999723e+02 -1.490747881880560399e+00
5.706532399999999825e+02 -1.487146687139633716e+00
6.011777100000000473e+02 -1.486128293712885462e+00
6.135045400000000200e+02 -1.481239205427706151e+00
6.450696299999999610e+02 -1.480726144814429768e+00
6.700884399999999914e+02 -1.478690595976711819e+00
6.973121200000000499e+02 -1.477547714290611935e+00
7.224684899999999743e+02 -1.475179673309503947e+00
7.448373299999999517e+02 -1.472571714757562322e+00
7.740456599999999980e+02 -1.471700046273829887e+00
8.015077999999999747e+02 -1.468796045114556748e+00
8.179359100000000353e+02 -1.466716405195263917e+00
8.504683700000000499e+02 -1.465271106576423898e+00
8.654361599999999726e+02 -1.462960443947683098e+00
8.955003799999999501e+02 -1.462559276787773754e+00
9.171147600000000466e+02 -1.459700199587803837e+00
9.520427799999999934e+02 -1.459726073505110966e+00
9.770194500000000062e+02 -1.458618466380336987e+00
1.004460199999999986e+03 -1.455719824957108166e+00
1.012071299999999951e+03 -1.452037435659416786e+00
1.053054100000000062e+03 -1.454897723664020148e+00
1.065727799999999888e+03 -1.449211324666547229e+00
1.106993099999999913e+03 -1.450465527916092068e+00
1.109941900000000032e+03 -1.445234466526539752e+00
1.153036800000000085e+03 -1.445807576792024651e+00
1.173736300000000028e+03 -1.445609705231516884e+00
1.203309299999999894e+03 -1.444635486452338080e+00
1.219234200000000101e+03 -1.442201657401324777e+00
1.239880000000000109e+03 -1.438662404848265908e+00
1.268866700000000037e+03 -1.439975655129973831e+00
1.300933099999999968e+03 -1.437771004449192702e+00
1.319373299999999972e+03 -1.436529360099885189e+00
1.338816700000000083e+03 -1.433022129074314366e+00
1.373179000000000087e+03 -1.436459355388368664e+00
1.384994500000000016e+03 -1.429267001382927837e+00
1.417071400000000040e+03 -1.430806160215129630e+00
1.460363000000000056e+03 -1.428572346056667719e+00
1.472925500000000056e+03 -1.429220623215434305e+00
1.497802200000000084e+03 -1.426501175519106823e+00
1.526126800000000003e+03 -1.427425724658135664e+00
1.553074900000000071e+03 -1.425623975386268727e+00
1.571551699999999983e+03 -1.425734709617106244e+00
1.602012799999999970e+03 -1.420987741640431512e+00
1.607748299999999972e+03 -1.416878074681086064e+00
1.662060199999999895e+03 -1.420358279378891142e+00
1.662990600000000086e+03 -1.416457293987956501e+00
1.702703999999999951e+03 -1.417492266402814449e+00
1.714111799999999903e+03 -1.413901770089379673e+00
1.753105499999999893e+03 -1.414587903311726791e+00
1.760046499999999924e+03 -1.412237266592809126e+00
1.790167200000000093e+03 -1.409713411811795325e+00
1.795401900000000069e+03 -1.406225499331767992e+00
1.851559500000000071e+03 -1.410227073643485651e+00
1.862800500000000056e+03 -1.405363352403001143e+00
1.889129799999999932e+03 -1.401120234715902857e+00
1.907340400000000045e+03 -1.401387827722865076e+00
1.958221299999999928e+03 -1.398737156861619146e+00
1.966348400000000083e+03 -1.405986962941388807e+00
2.004332000000000107e+03 -1.393724808680146143e+00
2.019558999999999969e+03 -1.404311861251037019e+00
2.050740299999999934e+03 -1.396573692787279164e+00
2.078740699999999833e+03 -1.397770271416426624e+00
2.107879399999999805e+03 -1.396815723298697076e+00
2.124177900000000136e+03 -1.389143295115932597e+00
2.156162699999999859e+03 -1.382377146198160878e+00
2.174060599999999795e+03 -1.386476936870613130e+00
2.178802299999999832e+03 -1.383592135850331806e+00
2.215075299999999970e+03 -1.382530541882173614e+00
2.249646400000000085e+03 -1.378441348211643103e+00
2.275327200000000175e+03 -1.377228677249371591e+00
2.296902500000000146e+03 -1.367030522941143911e+00
2.299575899999999820e+03 -1.378150919351433412e+00
2.356613400000000183e+03 -1.364201154014165862e+00
2.369991500000000087e+03 -1.378050560898154142e+00
2.395130599999999959e+03 -1.365054556397696572e+00
2.409098800000000210e+03 -1.360052546818312891e+00
2.437485400000000027e+03 -1.361275589080769510e+00
