9.981335199999999475e+01 -4.465267406496094438e+00
1.005869299999999953e+02 -4.465537410129004847e+00
1.268750299999999953e+02 -4.465406275250273893e+00
1.492650099999999895e+02 -4.465299151237256403e+00
1.499979800000000125e+02 -4.465198388218758474e+00
1.749176099999999963e+02 -4.465076493087028808e+00
1.992349299999999914e+02 -4.464958821660174770e+00
2.012591799999999864e+02 -4.465326115930969841e+00
2.233851799999999912e+02 -4.464705653185520262e+00
2.492474300000000085e+02 -4.464612605906004283e+00
2.493256399999999928e+02 -4.464742584568970329e+00
2.720260499999999979e+02 -4.464313718183386293e+00
3.017233600000000138e+02 -4.464779838741552709e+00
3.021345699999999965e+02 -4.464850270502057406e+00
3.218829000000000065e+02 -4.464280204981850630e+00
3.471988699999999994e+02 -4.464004054757253925e+00
3.523398500000000126e+02 -4.464560151120889664e+00
3.720387400000000184e+02 -4.464066150295373347e+00
3.947881399999999985e+02 -4.462595501415639987e+00
3.982441200000000094e+02 -4.463513925785124847e+00
4.216552399999999921e+02 -4.463512329637494780e+00
4.490457900000000109e+02 -4.462635007278522359e+00
4.529707700000000159e+02 -4.463011233561045010e+00
4.695020099999999843e+02 -4.462247080364795337e+00
4.961281999999999925e+02 -4.461255913106564108e+00
4.999784300000000030e+02 -4.461356505235537284e+00
5.206778399999999465e+02 -4.461655302856842198e+00
5.460916200000000345e+02 -4.460242368446226457e+00
5.472549400000000333e+02 -4.459103714345388880e+00
5.721295000000000073e+02 -4.460341936498076088e+00
5.996885700000000270e+02 -4.457957701591350741e+00
6.035161000000000513e+02 -4.460442258414257566e+00
6.158341100000000097e+02 -4.457201358129216473e+00
6.463275499999999738e+02 -4.456638000024888413e+00
6.482457600000000184e+02 -4.455441497779198734e+00
6.692587700000000268e+02 -4.455423748680970242e+00
7.027209699999999657e+02 -4.455277426350111369e+00
7.031564499999999498e+02 -4.452516609490373867e+00
7.211409300000000258e+02 -4.452046120492101799e+00
7.459974099999999453e+02 -4.449071699950244430e+00
7.478205000000000382e+02 -4.450109003382810791e+00
7.689933600000000524e+02 -4.446905019156111472e+00
7.953721900000000460e+02 -4.445086775978424498e+00
7.955974099999999680e+02 -4.442951024664407278e+00
8.213328400000000329e+02 -4.441122362661455547e+00
8.449529599999999618e+02 -4.438691691129620587e+00
8.525448300000000472e+02 -4.437240082580380829e+00
8.653958199999999579e+02 -4.434405185211810263e+00
9.013417600000000220e+02 -4.433893987819100602e+00
9.014956799999999930e+02 -4.432834145578416596e+00
9.180452999999999975e+02 -4.428693408745040472e+00
9.445621300000000247e+02 -4.425574946749356364e+00
9.464469100000000026e+02 -4.426086675783758473e+00
9.694203300000000354e+02 -4.422694345581873243e+00
9.992185500000000502e+02 -4.419966830200666053e+00
1.007482499999999959e+03 -4.422567962216242599e+00
1.016992799999999988e+03 -4.417235906667358769e+00
1.047581699999999955e+03 -4.415493125509815542e+00
1.055456799999999930e+03 -4.417706636597755754e+00
1.066689300000000003e+03 -4.412327436847061968e+00
1.096119400000000041e+03 -4.409608256032891305e+00
1.098658100000000104e+03 -4.408961843245186252e+00
1.113338600000000042e+03 -4.405361970476566746e+00
1.144020600000000059e+03 -4.405394326116078396e+00
1.145941800000000057e+03 -4.404737575065961863e+00
1.161409400000000005e+03 -4.400290145255434382e+00
1.195128400000000056e+03 -4.401095769558964754e+00
1.203049899999999980e+03 -4.399508534265004656e+00
1.208438400000000001e+03 -4.395217618051724173e+00
1.237551899999999932e+03 -4.394015053095101209e+00
1.251973899999999958e+03 -4.395690048431736052e+00
1.266343800000000101e+03 -4.390429734864828681e+00
1.297014400000000023e+03 -4.388124622717902490e+00
1.304994699999999966e+03 -4.383936111700107219e+00
1.308609999999999900e+03 -4.390476936569573496e+00
1.359802699999999959e+03 -4.385997906207405705e+00
1.360237499999999955e+03 -4.384076420983398670e+00
1.365224099999999908e+03 -4.380661556768701281e+00
1.403440800000000081e+03 -4.380933355743310997e+00
1.405886600000000044e+03 -4.371892786012337773e+00
1.407077299999999923e+03 -4.380278612995482490e+00
1.435752199999999903e+03 -4.371170019236489956e+00
1.456414399999999887e+03 -4.373368875736215244e+00
1.466340300000000070e+03 -4.370651028820518924e+00
1.493422000000000025e+03 -4.369864939322844144e+00
1.497663199999999961e+03 -4.368975316562156763e+00
1.509796499999999924e+03 -4.366779683587012961e+00
1.547046700000000101e+03 -4.363635991072829512e+00
1.558563100000000077e+03 -4.366669489011945515e+00
1.560402800000000070e+03 -4.361374530384483528e+00
1.598607199999999921e+03 -4.360450853614689315e+00
1.606900100000000066e+03 -4.362203577251610120e+00
1.616001999999999953e+03 -4.356241160979136495e+00
1.634636999999999944e+03 -4.356300283391351336e+00
1.650703199999999924e+03 -4.356431580801688241e+00
1.656720299999999952e+03 -4.352540703278719114e+00
1.688899699999999939e+03 -4.354172613200290698e+00
1.695182099999999991e+03 -4.352759287017727630e+00
1.710826199999999972e+03 -4.349645039400814817e+00
1.742955600000000004e+03 -4.347935965114031909e+00
1.759698799999999892e+03 -4.349903689010801600e+00
1.765133599999999888e+03 -4.348323398894587299e+00
1.778053599999999960e+03 -4.342080583792387927e+00
1.784193999999999960e+03 -4.343516462702347702e+00
1.812319600000000037e+03 -4.341862393572646361e+00
1.830338099999999940e+03 -4.340581088186181269e+00
1.837783699999999953e+03 -4.339932496379678817e+00
1.862262699999999995e+03 -4.340620463282161445e+00
1.898584100000000035e+03 -4.337358477138620216e+00
1.904465300000000070e+03 -4.339237168571537850e+00
1.924901100000000042e+03 -4.337657620324257834e+00
1.937870599999999968e+03 -4.333980166582017901e+00
1.948815499999999929e+03 -4.335157493769895787e+00
1.959067500000000109e+03 -4.330801937169860949e+00
1.999110300000000052e+03 -4.326712825253002492e+00
2.003530799999999999e+03 -4.329154716927590130e+00
2.007220100000000002e+03 -4.332707293886443267e+00
2.052500399999999900e+03 -4.327206507287903570e+00
2.062832300000000032e+03 -4.327198952245816521e+00
2.067041400000000067e+03 -4.328618403273681636e+00
2.089204299999999876e+03 -4.320722114555656468e+00
2.103371799999999894e+03 -4.326625179795479781e+00
2.124788799999999810e+03 -4.326225151246273271e+00
2.154473700000000008e+03 -4.324594536196020300e+00
2.163063900000000103e+03 -4.323439485194517928e+00
2.165875399999999900e+03 -4.322210991305197147e+00
2.192577900000000227e+03 -4.319623482089985700e+00
2.210747600000000148e+03 -4.315020996238816409e+00
2.218486699999999928e+03 -4.320500590223042003e+00
2.240347699999999804e+03 -4.318201656339198280e+00
2.245884599999999864e+03 -4.316840515023869784e+00
2.261295500000000175e+03 -4.316642624162794206e+00
2.293641299999999774e+03 -4.310470360671637913e+00
2.318538399999999911e+03 -4.312735934389839265e+00
2.321152700000000095e+03 -4.320708343134488594e+00
2.344862299999999777e+03 -4.310788693237467051e+00
2.354300099999999929e+03 -4.314979213944906355e+00
2.367602499999999964e+03 -4.311273787285379910e+00
2.403158600000000206e+03 -4.307867843500504890e+00
2.411529199999999946e+03 -4.310655156475083238e+00
2.420106600000000071e+03 -4.310964840383737062e+00
2.468723599999999806e+03 -4.312132885539259775e+00
