1.243675099999999958e+02 1.840717840423366525e+01
1.333182999999999936e+02 1.840590168939548121e+01
1.722420099999999934e+02 1.843584876857317312e+01
1.733841099999999926e+02 1.843412833299409570e+01
1.820138800000000003e+02 1.843582841441074649e+01
2.227501499999999908e+02 1.845635609607164795e+01
2.227983499999999992e+02 1.845748626094036382e+01
2.320221899999999948e+02 1.846561215143496781e+01
2.714107599999999820e+02 1.847286993690209655e+01
2.724148999999999887e+02 1.847308060248320771e+01
2.807604799999999727e+02 1.848442295949521608e+01
3.221224500000000148e+02 1.848913087726440097e+01
3.243091600000000199e+02 1.849142530022389508e+01
3.320787000000000262e+02 1.849834622430287112e+01
3.707496100000000183e+02 1.852145074292692684e+01
3.726369300000000067e+02 1.852267046611031986e+01
3.802971999999999753e+02 1.852559993893751411e+01
4.216832499999999868e+02 1.854656930592306097e+01
4.234812400000000139e+02 1.854668685121107075e+01
4.328354499999999803e+02 1.854750457968654587e+01
4.734544000000000210e+02 1.856696977406879867e+01
4.737176699999999983e+02 1.856765062080195250e+01
4.813498200000000224e+02 1.856164054549155296e+01
5.193559000000000196e+02 1.860032210462039615e+01
5.228768900000000031e+02 1.860030887441481795e+01
5.291695499999999583e+02 1.859905404030124032e+01
5.713839199999999892e+02 1.861112711174435219e+01
5.752912499999999909e+02 1.861158304498270155e+01
5.842289600000000291e+02 1.861059128841848320e+01
6.160451500000000351e+02 1.863421178506004594e+01
6.173363900000000513e+02 1.863382505597394712e+01
6.271027000000000271e+02 1.862106146957052744e+01
6.559133000000000493e+02 1.863810248320781682e+01
6.668248399999999947e+02 1.863787095461021792e+01
6.789499299999999948e+02 1.864475167921839827e+01
7.175664000000000442e+02 1.865309027071036141e+01
7.189767900000000509e+02 1.865208223081620176e+01
7.224570599999999558e+02 1.868412527986973259e+01
7.685641799999999648e+02 1.867048188479543924e+01
7.741796799999999621e+02 1.867168176267046675e+01
7.749681600000000117e+02 1.871014349684510591e+01
8.171629699999999730e+02 1.872287706085894499e+01
8.199270299999999452e+02 1.872232648076531447e+01
8.235652900000000045e+02 1.870835436596784263e+01
8.548074500000000171e+02 1.873193618970079299e+01
8.593104499999999462e+02 1.873187410950539444e+01
8.767254699999999730e+02 1.871094901282312151e+01
9.045977799999999434e+02 1.873484378180338084e+01
9.136253799999999501e+02 1.877256309790352162e+01
9.137995799999999917e+02 1.873417565642174054e+01
9.623882200000000466e+02 1.878743283126399533e+01
9.638994500000000016e+02 1.878720028495827421e+01
9.688038699999999608e+02 1.880214329330348022e+01
1.007956800000000044e+03 1.881233665784652942e+01
1.009097399999999993e+03 1.881140850803989295e+01
1.017576000000000022e+03 1.883167107673519070e+01
1.053096299999999928e+03 1.882666191736209882e+01
1.057527399999999943e+03 1.882711428862202396e+01
1.066167099999999891e+03 1.881721809485039643e+01
1.109033300000000054e+03 1.883483004274374295e+01
1.110336399999999912e+03 1.888481732139222302e+01
1.115451700000000073e+03 1.883447435375534340e+01
1.149931299999999965e+03 1.889253307551394201e+01
1.153012999999999920e+03 1.889261703643395052e+01
1.160911399999999958e+03 1.888682831263993478e+01
1.208005499999999984e+03 1.892980663545695208e+01
1.211197899999999890e+03 1.892983869326277357e+01
1.233947699999999941e+03 1.888992774272338693e+01
1.260526299999999992e+03 1.894946824750661563e+01
1.264450399999999945e+03 1.894915682882149355e+01
1.266251999999999953e+03 1.893294779157337615e+01
1.302495799999999917e+03 1.897909525748015369e+01
1.309144800000000032e+03 1.897878790962752049e+01
1.312052699999999959e+03 1.896872379401587594e+01
1.343234200000000101e+03 1.901099888052106834e+01
1.348381800000000112e+03 1.901135304294728101e+01
1.366656199999999899e+03 1.903110828414410705e+01
1.394881800000000112e+03 1.907194229594952262e+01
1.398824800000000096e+03 1.907278648483615058e+01
1.403249900000000025e+03 1.903595918990433589e+01
1.452631800000000112e+03 1.906434205169957252e+01
1.453789700000000039e+03 1.906431253816405302e+01
1.464608500000000049e+03 1.909376501119478675e+01
1.494776399999999967e+03 1.910105129248931277e+01
1.509379100000000108e+03 1.910027325463057224e+01
1.510810500000000047e+03 1.911391003460207472e+01
1.534239800000000059e+03 1.913929014858538480e+01
1.539346800000000030e+03 1.913882861795237034e+01
1.556137600000000020e+03 1.912626094036230384e+01
1.588275000000000091e+03 1.917805363321799206e+01
1.597100599999999986e+03 1.917830297170771559e+01
1.608997399999999971e+03 1.919987125992265220e+01
1.633798199999999952e+03 1.921999033177284844e+01
1.637155600000000049e+03 1.921954966415632171e+01
1.650990199999999959e+03 1.919279259108487778e+01
1.685443600000000060e+03 1.928668430694076719e+01
1.691662499999999909e+03 1.928586047221656585e+01
1.708748199999999997e+03 1.924579686545898838e+01
1.739863499999999931e+03 1.927671280276816645e+01
1.742140000000000100e+03 1.927610573987380604e+01
1.758388999999999896e+03 1.925292184001628115e+01
1.791038199999999961e+03 1.933978628129452204e+01
1.794376400000000103e+03 1.933928149806635588e+01
1.814471999999999980e+03 1.932735243232241018e+01
1.834628400000000056e+03 1.937654640749033419e+01
1.844878400000000056e+03 1.937570170974964157e+01
1.856238299999999981e+03 1.935110421331162200e+01
1.891049099999999953e+03 1.941667260329737488e+01
1.895143000000000029e+03 1.941601516385100723e+01
1.915203700000000026e+03 1.939123753307551112e+01
1.946490900000000011e+03 1.942564522694891238e+01
1.950892000000000053e+03 1.942527223692245286e+01
1.965479499999999916e+03 1.941462955424384162e+01
1.998124700000000075e+03 1.950545237125992415e+01
2.013072300000000041e+03 1.948766792184001773e+01
2.025585399999999936e+03 1.948773051088947739e+01
2.033998100000000022e+03 1.953466415631996611e+01
2.036341899999999896e+03 1.953400468145735758e+01
2.053197200000000066e+03 1.952318898839812888e+01
2.084744099999999889e+03 1.955222979849379072e+01
2.088208799999999883e+03 1.955213413393038735e+01
2.109335900000000038e+03 1.953485039690616887e+01
2.129133800000000065e+03 1.961071341339303942e+01
2.141591899999999896e+03 1.961007480154691507e+01
2.172935399999999845e+03 1.958749287604315015e+01
2.211316899999999805e+03 1.963272949318135829e+01
2.217606800000000021e+03 1.963635965805007189e+01
2.217656300000000101e+03 1.963289792387543287e+01
2.244417500000000018e+03 1.967244351719926598e+01
2.259939300000000003e+03 1.967315896600854686e+01
2.262021299999999883e+03 1.966006818644412490e+01
2.285552200000000084e+03 1.972776155098717510e+01
2.294797399999999925e+03 1.972744504376144903e+01
2.305579600000000028e+03 1.970960462039487027e+01
2.350680600000000140e+03 1.975308365560757196e+01
2.351656100000000151e+03 1.976725218807245810e+01
2.354003700000000208e+03 1.975263739059637658e+01
2.389466199999999844e+03 1.981078516181559124e+01
2.398491799999999785e+03 1.982675096682271487e+01
2.408177099999999882e+03 1.981062334622430399e+01
2.435909299999999803e+03 1.980765774475880292e+01
2.436730100000000220e+03 1.980685324648890955e+01
