1.212226100000000031e+02 -3.475765081350396191e+00
1.320676400000000115e+02 -3.475890994795711286e+00
1.699463399999999922e+02 -3.475630930019096176e+00
1.700728100000000040e+02 -3.475783663704895776e+00
1.787642800000000136e+02 -3.475221503781930288e+00
2.163779399999999953e+02 -3.474697775356371920e+00
2.187108000000000061e+02 -3.475402586038006447e+00
2.290985699999999952e+02 -3.475236871205861444e+00
2.643566700000000083e+02 -3.474078690035020678e+00
2.651550100000000043e+02 -3.474200098191042141e+00
2.777383399999999938e+02 -3.474706650610577707e+00
3.143756000000000199e+02 -3.473636894552874388e+00
3.143962999999999965e+02 -3.473559862442570090e+00
3.224984799999999723e+02 -3.472792234958496760e+00
3.658936600000000112e+02 -3.473109979484963805e+00
3.663646299999999769e+02 -3.473138461657187204e+00
3.731336900000000014e+02 -3.472081661204640124e+00
4.108162800000000061e+02 -3.470732479607091303e+00
4.146956799999999816e+02 -3.471659358945403895e+00
4.224553300000000036e+02 -3.470798753606572973e+00
4.638441000000000258e+02 -3.470192600713922992e+00
4.663201300000000060e+02 -3.470915138122030896e+00
4.712146299999999997e+02 -3.469259794164686994e+00
5.146200999999999794e+02 -3.469060404438057965e+00
5.178860899999999674e+02 -3.469808147374940699e+00
5.261078400000000101e+02 -3.469014439461592936e+00
5.607872800000000097e+02 -3.466095885631205853e+00
5.630850799999999481e+02 -3.466757692038985539e+00
5.704227600000000393e+02 -3.465796649573185118e+00
6.109857899999999518e+02 -3.464467510879943202e+00
6.127782799999999952e+02 -3.465000821779560702e+00
6.203995599999999513e+02 -3.463904363624272342e+00
6.587951299999999719e+02 -3.461514842483662591e+00
6.626194600000000037e+02 -3.462560550467448373e+00
6.714796400000000176e+02 -3.461638891251478611e+00
7.107386500000000069e+02 -3.459305835065419110e+00
7.142791499999999587e+02 -3.460145458204414215e+00
7.234587999999999965e+02 -3.459608444114178560e+00
7.615979300000000194e+02 -3.456919674739136639e+00
7.630126500000000078e+02 -3.457213099862777916e+00
7.702219800000000305e+02 -3.455986126519314805e+00
8.099728499999999940e+02 -3.452444585797287857e+00
8.115609500000000480e+02 -3.452915287814739997e+00
8.247942500000000337e+02 -3.453192862481405001e+00
8.594024299999999812e+02 -3.448778428757189207e+00
8.649856399999999894e+02 -3.450291105621378307e+00
8.711471099999999979e+02 -3.448721185871080674e+00
9.086584599999999909e+02 -3.444589133655273638e+00
9.151041900000000169e+02 -3.446312423957699433e+00
9.198810799999999972e+02 -3.443983636597408360e+00
9.633194200000000365e+02 -3.441414055228248170e+00
9.656946199999999862e+02 -3.442104521596015321e+00
9.682784900000000334e+02 -3.439377683567620636e+00
1.014245900000000006e+03 -3.433953622823526342e+00
1.014394499999999994e+03 -3.437112077554912215e+00
1.014830299999999966e+03 -3.437143069454519306e+00
1.066892599999999902e+03 -3.433858418532389933e+00
1.067001099999999951e+03 -3.433987271931932206e+00
1.072036399999999958e+03 -3.431735109584696630e+00
1.109649899999999889e+03 -3.427633943093327584e+00
1.112031199999999899e+03 -3.428185440940986872e+00
1.115710900000000038e+03 -3.425713757154917438e+00
1.158289299999999912e+03 -3.422770174779729668e+00
1.158920499999999947e+03 -3.419819776319952709e+00
1.160325499999999920e+03 -3.423350358892646828e+00
1.210501600000000053e+03 -3.418755067160458072e+00
1.215690399999999954e+03 -3.420167053322490158e+00
1.227803100000000086e+03 -3.419464568275038641e+00
1.251600200000000086e+03 -3.411856822403537493e+00
1.256444099999999935e+03 -3.409482820298293859e+00
1.257217799999999897e+03 -3.413272802549811136e+00
1.302974699999999984e+03 -3.408606095662636726e+00
1.314391200000000026e+03 -3.411606185537340075e+00
1.324363200000000006e+03 -3.410271465426696125e+00
1.346270299999999907e+03 -3.402292916642227549e+00
1.356199000000000069e+03 -3.404853220816145498e+00
1.359802200000000084e+03 -3.402437935709917927e+00
1.408828099999999949e+03 -3.401726242882365803e+00
1.409288500000000113e+03 -3.398254434998642104e+00
1.411011799999999994e+03 -3.402344456911047921e+00
1.464771500000000060e+03 -3.395315888189274212e+00
1.464867199999999912e+03 -3.398975932839293890e+00
1.467901000000000067e+03 -3.399659426549801911e+00
1.494855499999999893e+03 -3.389055240618705334e+00
1.506728000000000065e+03 -3.392112814594912873e+00
1.521006100000000060e+03 -3.392207407206893510e+00
1.548690700000000106e+03 -3.387962076573834302e+00
1.555500099999999975e+03 -3.386063781346067003e+00
1.556495699999999943e+03 -3.389959012332498745e+00
1.600701000000000022e+03 -3.384705352451568228e+00
1.607675600000000031e+03 -3.386477130884149478e+00
1.615897400000000061e+03 -3.384648782935267164e+00
1.652747900000000072e+03 -3.381435547923084428e+00
1.656672399999999925e+03 -3.382481454716091740e+00
1.668368500000000040e+03 -3.381357612631562759e+00
1.704428599999999960e+03 -3.377880202245773678e+00
1.710787600000000111e+03 -3.379471107753984072e+00
1.716304000000000087e+03 -3.377409063279604773e+00
1.740812699999999950e+03 -3.371023902198552413e+00
1.746552699999999959e+03 -3.372547649749161991e+00
1.757273699999999963e+03 -3.372724900150705363e+00
1.785439000000000078e+03 -3.366614831285613008e+00
1.796378999999999905e+03 -3.369383706706600812e+00
1.806916500000000042e+03 -3.368568627599612064e+00
1.855844299999999976e+03 -3.367297022778267923e+00
1.857344100000000026e+03 -3.363688312916210954e+00
1.866125500000000102e+03 -3.369863527477385379e+00
1.894250700000000052e+03 -3.360162438595327927e+00
1.915547900000000027e+03 -3.365692257598352111e+00
1.919537199999999984e+03 -3.362467159510161618e+00
1.945647699999999986e+03 -3.360343642942772657e+00
1.951525900000000092e+03 -3.361866124254595967e+00
1.956209700000000112e+03 -3.358493222425986691e+00
1.983102300000000014e+03 -3.353711014979610106e+00
1.996888500000000022e+03 -3.357204138778416169e+00
2.005636299999999892e+03 -3.355674707371889554e+00
2.037922800000000052e+03 -3.352399845178727578e+00
2.044106399999999894e+03 -3.354036898255005728e+00
2.057959100000000035e+03 -3.353497600356846853e+00
2.097288399999999911e+03 -3.350925846005372133e+00
2.103621000000000095e+03 -3.348399912340071616e+00
2.114647899999999936e+03 -3.355438250902193609e+00
2.141310100000000148e+03 -3.346419908109735886e+00
2.152567399999999907e+03 -3.349313199441101840e+00
2.161785300000000007e+03 -3.347109654034555959e+00
2.188222299999999905e+03 -3.344339931557166690e+00
2.188756400000000212e+03 -3.344417504292751531e+00
2.213796800000000076e+03 -3.346432214286394036e+00
2.242459499999999935e+03 -3.342462894836088161e+00
2.251015100000000075e+03 -3.344687663548075118e+00
2.260347299999999905e+03 -3.342592692002747334e+00
2.285810500000000047e+03 -3.337376687930585284e+00
2.293191100000000006e+03 -3.339329804440724914e+00
2.300056399999999940e+03 -3.336652555224496108e+00
2.332983000000000175e+03 -3.336641075146355107e+00
2.350303499999999985e+03 -3.341075313093409882e+00
2.352609100000000126e+03 -3.337546229382084562e+00
2.390862399999999980e+03 -3.334076268935617815e+00
2.401677700000000186e+03 -3.336866031287885281e+00
2.422570600000000013e+03 -3.338121576977066240e+00
2.438914400000000114e+03 -3.334010829214935523e+00
2.440548600000000079e+03 -3.334475537337258100e+00
