9.999427500000000180e+01 -1.490103716654103128e+00
1.010647699999999958e+02 -1.490298026566261758e+00
1.274246899999999982e+02 -1.490034379816786325e+00
1.494239399999999875e+02 -1.489637815661064568e+00
1.496645800000000008e+02 -1.489623138043401518e+00
1.750396399999999915e+02 -1.489279015235904335e+00
1.997855000000000132e+02 -1.489252131966268822e+00
2.006776199999999903e+02 -1.489480523789619149e+00
2.242455999999999960e+02 -1.488519631731133774e+00
2.497190400000000068e+02 -1.488168477223214436e+00
2.520451700000000130e+02 -1.488904165611149688e+00
2.720184600000000046e+02 -1.486600836009134952e+00
3.005002799999999752e+02 -1.486760768097269869e+00
3.013446400000000267e+02 -1.487123820947889419e+00
3.241660999999999717e+02 -1.484824559001808097e+00
3.487846900000000119e+02 -1.483249508281534457e+00
3.490505899999999997e+02 -1.483845930386237244e+00
3.719957999999999743e+02 -1.480706229991900935e+00
3.982347199999999816e+02 -1.479172446237364769e+00
3.997960600000000113e+02 -1.479940881188166912e+00
4.236122199999999793e+02 -1.476523132927991977e+00
4.430851400000000240e+02 -1.474308033715447497e+00
4.503164400000000001e+02 -1.475083127190553567e+00
4.700940699999999879e+02 -1.470671765959695954e+00
4.980995399999999904e+02 -1.470985470468987089e+00
5.012174099999999726e+02 -1.470612130881279844e+00
5.226245400000000245e+02 -1.467378642944926481e+00
5.489042200000000093e+02 -1.465668697907026807e+00
5.505940500000000384e+02 -1.465896718898359152e+00
5.693680600000000140e+02 -1.462568258928439890e+00
6.024505599999999959e+02 -1.461985795721046477e+00
6.037512900000000400e+02 -1.461449528264474385e+00
6.197771000000000186e+02 -1.458012883546833116e+00
6.507732899999999745e+02 -1.457431470680510044e+00
6.543341299999999592e+02 -1.457672545886080417e+00
6.638265000000000100e+02 -1.452996347645959307e+00
6.994937999999999647e+02 -1.452823049097069275e+00
7.026292099999999436e+02 -1.453604661208895754e+00
7.213567399999999452e+02 -1.450805351527113096e+00
7.523364400000000387e+02 -1.450057910961608520e+00
7.549079100000000153e+02 -1.449227470380174632e+00
7.727095299999999725e+02 -1.446636789644450971e+00
7.934988799999999856e+02 -1.445314273107740632e+00
7.950213800000000219e+02 -1.443837474798441933e+00
8.253019799999999577e+02 -1.444676196919369104e+00
8.443366499999999633e+02 -1.439914461238650745e+00
8.491260600000000522e+02 -1.442393103505080321e+00
8.621025899999999638e+02 -1.438324224739726542e+00
8.915826200000000199e+02 -1.436625940833364368e+00
9.090077400000000125e+02 -1.440532421550965836e+00
9.207253799999999728e+02 -1.436117078984666007e+00
9.433459800000000541e+02 -1.432822373530395765e+00
9.478298899999999776e+02 -1.434757505092653318e+00
9.753176300000000083e+02 -1.434302977732038853e+00
9.930484099999999899e+02 -1.429810968994506215e+00
1.003430899999999951e+03 -1.431104554758352743e+00
1.017889099999999985e+03 -1.430025169456056178e+00
1.051040600000000040e+03 -1.428256849841903486e+00
1.051917999999999893e+03 -1.429093384145537327e+00
1.067372200000000021e+03 -1.425300489354062172e+00
1.076756599999999935e+03 -1.423442195938987576e+00
1.087731500000000096e+03 -1.422665086580842120e+00
1.119540099999999939e+03 -1.423763268400962456e+00
1.146459299999999985e+03 -1.422160693537758203e+00
1.160729700000000093e+03 -1.422781078978151204e+00
1.166318999999999960e+03 -1.420121760108496334e+00
1.195067000000000007e+03 -1.420495782860325962e+00
1.198189100000000053e+03 -1.419868142958790935e+00
1.220483099999999922e+03 -1.417743126620132355e+00
1.255557700000000068e+03 -1.415845516408904992e+00
1.257661000000000058e+03 -1.417302043747508122e+00
1.274464500000000044e+03 -1.417318330137921745e+00
1.301761299999999892e+03 -1.414689873511834062e+00
1.303848199999999906e+03 -1.416056826297958038e+00
1.318529199999999946e+03 -1.412739649449175960e+00
1.349652499999999918e+03 -1.410799737390436182e+00
1.356546700000000101e+03 -1.410423873505012082e+00
1.359784799999999905e+03 -1.406911505853486899e+00
1.389721199999999953e+03 -1.408578505751473475e+00
1.394612900000000081e+03 -1.407484619904597167e+00
1.409485699999999952e+03 -1.404934613170697677e+00
1.442463999999999942e+03 -1.405990538873093332e+00
1.461492999999999938e+03 -1.402606382774273630e+00
1.470651299999999992e+03 -1.407373843177731398e+00
1.496166999999999916e+03 -1.402532392471420586e+00
1.506540500000000065e+03 -1.400794089720361235e+00
1.507000900000000001e+03 -1.405260354297455772e+00
1.547917799999999943e+03 -1.400473593627558522e+00
1.549904500000000098e+03 -1.402276834862093757e+00
1.567815299999999979e+03 -1.399526255983810419e+00
1.605485899999999901e+03 -1.398541520020564199e+00
1.618785699999999906e+03 -1.400338983187699116e+00
1.628185999999999922e+03 -1.398437934780191183e+00
1.660932999999999993e+03 -1.393078019641394771e+00
1.661016000000000076e+03 -1.399188984223111110e+00
1.662476499999999987e+03 -1.396416542373124070e+00
1.695632299999999987e+03 -1.392233397085400615e+00
1.700177100000000110e+03 -1.387707015701428404e+00
1.700976499999999987e+03 -1.395469141609294583e+00
1.734827399999999898e+03 -1.388038764953426707e+00
1.746330899999999929e+03 -1.384352257926689589e+00
1.753833200000000033e+03 -1.387934332747776223e+00
1.786657099999999900e+03 -1.387573434773494707e+00
1.791985300000000052e+03 -1.379671621444141127e+00
1.794025799999999890e+03 -1.386577209885522466e+00
1.849748900000000049e+03 -1.383472665316319405e+00
1.852868600000000015e+03 -1.378018280399528672e+00
1.861584800000000087e+03 -1.383692566594734830e+00
1.901547800000000052e+03 -1.381802598857934772e+00
1.908823100000000068e+03 -1.378774239201709495e+00
1.915971900000000005e+03 -1.381540115510966782e+00
1.945035499999999956e+03 -1.378253359956986390e+00
1.950207699999999932e+03 -1.378022442842406603e+00
1.964229199999999992e+03 -1.374486736290313260e+00
1.987819300000000112e+03 -1.377069421434327978e+00
2.003785699999999906e+03 -1.374383599608021811e+00
2.018785800000000108e+03 -1.373737457068755941e+00
2.030496799999999894e+03 -1.367561645640416712e+00
2.044331599999999980e+03 -1.371948668739855881e+00
2.065219200000000001e+03 -1.367286296339466078e+00
2.098490099999999984e+03 -1.370731878808065796e+00
2.102044800000000123e+03 -1.362533446896795120e+00
2.110189600000000155e+03 -1.369215113533686079e+00
2.122982500000000073e+03 -1.358354563693734196e+00
2.157837199999999939e+03 -1.360642472143607451e+00
2.158879300000000057e+03 -1.367844656119364011e+00
2.197250500000000102e+03 -1.360716085001228537e+00
2.203823300000000017e+03 -1.362107224410783024e+00
2.214116500000000087e+03 -1.356770969350029388e+00
2.217530200000000150e+03 -1.353261559365865896e+00
2.223692500000000109e+03 -1.352466533609034460e+00
2.248385200000000168e+03 -1.345086654418797600e+00
2.283990800000000036e+03 -1.351188724141247688e+00
2.296179999999999836e+03 -1.341870915113730467e+00
2.305311000000000149e+03 -1.350628671882557086e+00
2.333776699999999892e+03 -1.342316596206392099e+00
2.358776199999999790e+03 -1.339382405847908242e+00
2.363055400000000191e+03 -1.346695411647345519e+00
2.394781100000000151e+03 -1.345674156874927530e+00
2.411197200000000066e+03 -1.333573907551841131e+00
2.423542300000000068e+03 -1.345072760418478897e+00
2.437123900000000049e+03 -1.336942870954345608e+00
