9.946910900000000311e+01 -1.492787816450100946e+00
1.275657499999999942e+02 -1.492654146044879226e+00
1.502422200000000032e+02 -1.492265752610035578e+00
1.750861500000000035e+02 -1.491648458089076534e+00
1.983008199999999874e+02 -1.491260842650164564e+00
2.233028899999999908e+02 -1.490350011578951861e+00
2.488086199999999906e+02 -1.490207794949604647e+00
2.718109799999999723e+02 -1.488531322051723338e+00
3.012442599999999970e+02 -1.488614306705583257e+00
3.254559800000000109e+02 -1.487284672437726218e+00
3.478501899999999978e+02 -1.486041149596734723e+00
3.711429600000000164e+02 -1.483040862767478263e+00
3.991146899999999960e+02 -1.482921562299265528e+00
4.220683599999999842e+02 -1.479475530766384050e+00
4.495189199999999801e+02 -1.478179771444223745e+00
4.708456699999999842e+02 -1.475647414933436874e+00
5.007453600000000051e+02 -1.474879776997886305e+00
5.219338099999999940e+02 -1.471725111107966999e+00
5.536466900000000351e+02 -1.471188176956641946e+00
5.720004900000000134e+02 -1.467660508312965240e+00
6.001115499999999656e+02 -1.466379130537859732e+00
6.208311400000000049e+02 -1.463937521235851413e+00
6.445472399999999880e+02 -1.463179688091127417e+00
6.687553199999999833e+02 -1.459855880569808528e+00
7.077941499999999451e+02 -1.461828970842463216e+00
7.209855499999999893e+02 -1.456741907296567495e+00
7.486364200000000437e+02 -1.455888070505683585e+00
7.740818000000000438e+02 -1.454265770213261755e+00
8.040793999999999642e+02 -1.452867123994568299e+00
8.149828499999999849e+02 -1.448715752629714970e+00
8.505449599999999464e+02 -1.448915677631927190e+00
8.684850500000000011e+02 -1.446660000335667995e+00
9.002596700000000283e+02 -1.446103152992248120e+00
9.159868300000000545e+02 -1.444027679077038551e+00
9.483939599999999928e+02 -1.443150529720389486e+00
9.702291599999999789e+02 -1.442649831376038749e+00
1.000213300000000004e+03 -1.441946616531680103e+00
1.019344799999999964e+03 -1.440486628171935291e+00
1.053126600000000053e+03 -1.439545867945047242e+00
1.063880499999999984e+03 -1.436895881742376258e+00
1.098089899999999943e+03 -1.438089886081864055e+00
1.120877600000000029e+03 -1.436360463570620194e+00
1.148363399999999956e+03 -1.434253592629682661e+00
1.164579400000000078e+03 -1.432924888457539847e+00
1.193071999999999889e+03 -1.432607503584065078e+00
1.210270199999999932e+03 -1.429339047811056362e+00
1.252729399999999941e+03 -1.431657139176781168e+00
1.268092900000000100e+03 -1.429583520016492360e+00
1.306219399999999951e+03 -1.428588666483504133e+00
1.316106500000000096e+03 -1.427988714906187173e+00
1.364671900000000051e+03 -1.428324165396751111e+00
1.370458900000000085e+03 -1.427261294809909931e+00
1.403654999999999973e+03 -1.424599966205477575e+00
1.418699699999999893e+03 -1.425896403928934353e+00
1.454473600000000033e+03 -1.424305161872239989e+00
1.473096600000000080e+03 -1.424091438507993024e+00
1.498421800000000076e+03 -1.418216158037055585e+00
1.501382700000000114e+03 -1.418816537378337239e+00
1.542557099999999991e+03 -1.420284825129074280e+00
1.567804900000000089e+03 -1.419596079080400308e+00
1.597524799999999914e+03 -1.414930445465310216e+00
1.620187100000000100e+03 -1.417328282961711317e+00
1.650504400000000032e+03 -1.416858916944043534e+00
1.670073000000000093e+03 -1.417301720024065403e+00
1.692403000000000020e+03 -1.410902934888188520e+00
1.718117099999999937e+03 -1.415557309439212208e+00
1.745188499999999976e+03 -1.414326973632638040e+00
1.761165299999999888e+03 -1.411534945644405070e+00
1.792025399999999991e+03 -1.410736639018606242e+00
1.807975899999999911e+03 -1.408485949550904781e+00
1.857208300000000008e+03 -1.411654986901780928e+00
1.870740399999999909e+03 -1.413029143771560081e+00
1.891644600000000082e+03 -1.405249039597914695e+00
1.907242700000000013e+03 -1.405804052110780411e+00
1.962026399999999967e+03 -1.409582544433668705e+00
1.963844700000000103e+03 -1.405206386881333813e+00
1.995625000000000000e+03 -1.400661948293301151e+00
2.017765200000000050e+03 -1.403650743748144247e+00
2.053893900000000031e+03 -1.400354308210771226e+00
2.067343899999999849e+03 -1.400580739476542158e+00
2.086567500000000109e+03 -1.395096881174932246e+00
2.109363899999999830e+03 -1.397055185092005658e+00
2.152086800000000039e+03 -1.391020167880917091e+00
2.154085700000000088e+03 -1.396649532730640297e+00
2.176958299999999781e+03 -1.395089422695636294e+00
2.196531700000000001e+03 -1.387995811470732921e+00
2.243667699999999968e+03 -1.392524627965268991e+00
2.272286500000000160e+03 -1.390838331565046992e+00
2.302379600000000210e+03 -1.389674988693368363e+00
2.313798200000000179e+03 -1.385371530273232787e+00
2.314313900000000103e+03 -1.379216277852506334e+00
2.360340999999999894e+03 -1.381433131573137629e+00
2.390347400000000107e+03 -1.376789915224819527e+00
2.399376400000000103e+03 -1.375391392521242873e+00
2.455338600000000042e+03 -1.379378478910235906e+00
