9.960057399999999461e+01 -2.792272291269835893e+00
1.267599600000000066e+02 -2.791666523293512281e+00
1.488794000000000040e+02 -2.791639113283552742e+00
1.756580500000000029e+02 -2.790976897931160217e+00
2.010627900000000068e+02 -2.791153830856357487e+00
2.247009400000000028e+02 -2.790111038431562385e+00
2.488531000000000120e+02 -2.789773792185053392e+00
2.730770600000000172e+02 -2.788628067163227087e+00
3.020799799999999777e+02 -2.788972886986321953e+00
3.213668700000000058e+02 -2.786901736837597898e+00
3.511459899999999834e+02 -2.787173151016989703e+00
3.749244899999999916e+02 -2.786056474957289808e+00
4.002653799999999933e+02 -2.784849610525316876e+00
4.194856899999999769e+02 -2.782616224713764463e+00
4.492569599999999923e+02 -2.782252747716633223e+00
4.674459899999999948e+02 -2.779388823069146586e+00
5.016148099999999772e+02 -2.779911437016747477e+00
5.195958699999999908e+02 -2.776982196996609531e+00
5.453587899999999991e+02 -2.775343422084542322e+00
5.693668000000000120e+02 -2.772817475224700345e+00
6.009799299999999675e+02 -2.772352199265067707e+00
6.236310499999999593e+02 -2.770304850559364152e+00
6.550299899999999980e+02 -2.769816921536523147e+00
6.717618499999999813e+02 -2.765414473841950382e+00
7.034154200000000401e+02 -2.765093328389172100e+00
7.121719900000000507e+02 -2.759277185981201530e+00
7.588182199999999966e+02 -2.762019657890267155e+00
7.701743500000000040e+02 -2.756789760702309522e+00
8.042174899999999980e+02 -2.756420378473894761e+00
8.208261899999999969e+02 -2.752205661994501895e+00
8.454337699999999813e+02 -2.749326421595310155e+00
8.656551299999999856e+02 -2.746603811669499073e+00
9.034204499999999598e+02 -2.746240804723024453e+00
9.181930099999999584e+02 -2.742201012591752640e+00
9.511656799999999521e+02 -2.740866311241471731e+00
9.662865799999999581e+02 -2.738431990213339606e+00
1.002492700000000013e+03 -2.737836517791290447e+00
1.008439100000000053e+03 -2.733388435575114794e+00
1.048097600000000057e+03 -2.732033324752362713e+00
1.061713099999999940e+03 -2.728945732595741802e+00
1.091654399999999896e+03 -2.728467551042625949e+00
1.125983300000000099e+03 -2.728449063614027725e+00
1.167613100000000031e+03 -2.722270528105187992e+00
1.175361699999999928e+03 -2.729598446133575607e+00
1.197980299999999943e+03 -2.720715191886994067e+00
1.214416500000000042e+03 -2.717850293505712944e+00
1.242116199999999935e+03 -2.716214351970053897e+00
1.268626600000000053e+03 -2.716020189425529807e+00
1.300525300000000016e+03 -2.716275696049028188e+00
1.310196099999999888e+03 -2.709136873226426268e+00
1.334207100000000082e+03 -2.708210518799691435e+00
1.364976699999999937e+03 -2.708152453410953342e+00
1.395308600000000069e+03 -2.704599593312554617e+00
1.412155600000000049e+03 -2.702435694421390977e+00
1.448157999999999902e+03 -2.702008449871210694e+00
1.461326999999999998e+03 -2.700043368733983762e+00
1.506596099999999979e+03 -2.696913134707578763e+00
1.506881200000000035e+03 -2.701272611174098337e+00
1.558335499999999911e+03 -2.697525823908746290e+00
1.576451999999999998e+03 -2.696273924305848002e+00
1.606362900000000081e+03 -2.689662705648577123e+00
1.607074200000000019e+03 -2.693395339078859863e+00
1.645489700000000084e+03 -2.689261173781661185e+00
1.667595900000000029e+03 -2.689262958513394697e+00
1.695175899999999956e+03 -2.685767352421444709e+00
1.711749000000000024e+03 -2.686264529722646621e+00
1.753641800000000103e+03 -2.685896657451400937e+00
1.769339400000000069e+03 -2.684066035072578682e+00
1.797970800000000054e+03 -2.681624141962554386e+00
1.818750199999999950e+03 -2.681839201738134726e+00
1.852232299999999896e+03 -2.673573863562665132e+00
1.860380799999999908e+03 -2.680407158410579971e+00
1.885875500000000102e+03 -2.673797455663851963e+00
1.908018000000000029e+03 -2.670672455321650762e+00
1.929306700000000092e+03 -2.671299557874306174e+00
1.949759499999999889e+03 -2.666852025063890519e+00
1.998705999999999904e+03 -2.671383341273577461e+00
2.011240700000000061e+03 -2.664040918450439221e+00
2.041062699999999950e+03 -2.668174527265381180e+00
2.045633000000000038e+03 -2.662688017194655199e+00
2.101780699999999797e+03 -2.665776030734482660e+00
2.115886599999999817e+03 -2.662903146722916503e+00
2.138467700000000150e+03 -2.659208549292590540e+00
2.175311799999999948e+03 -2.661790881409819676e+00
2.192550699999999779e+03 -2.658432754032564294e+00
2.201572900000000118e+03 -2.649922662687316688e+00
2.242070000000000164e+03 -2.652764399581074350e+00
2.273334600000000137e+03 -2.652796849888427566e+00
2.294601900000000114e+03 -2.645319702427262776e+00
2.307687600000000202e+03 -2.654635905633112358e+00
2.358752500000000055e+03 -2.650291758266590136e+00
2.363547300000000178e+03 -2.646165799654494499e+00
2.392297099999999773e+03 -2.645375673453537857e+00
2.409490200000000186e+03 -2.641570075903123538e+00
2.449282700000000204e+03 -2.637309244444086431e+00
