9.965498100000000647e+01 -1.529054369996272200e+00
1.003206799999999959e+02 -1.529311495954709166e+00
1.271953699999999969e+02 -1.529013310971209849e+00
1.480682199999999966e+02 -1.528562930409286036e+00
1.497669999999999959e+02 -1.528788532811039991e+00
1.751372000000000071e+02 -1.528190863753512652e+00
1.981884400000000142e+02 -1.527785728713220381e+00
1.986833399999999870e+02 -1.527937942554877804e+00
2.247396799999999928e+02 -1.527388405416304940e+00
2.501060400000000072e+02 -1.527192247204305131e+00
2.508185100000000034e+02 -1.527037639850286288e+00
2.740163099999999758e+02 -1.526183114839373633e+00
3.015427000000000248e+02 -1.525839790345906222e+00
3.038636700000000133e+02 -1.526143756006608676e+00
3.239601999999999862e+02 -1.523879206813404164e+00
3.484454999999999814e+02 -1.522867041756263085e+00
3.509388599999999769e+02 -1.523149677063223129e+00
3.735298399999999788e+02 -1.520580674721464964e+00
4.002804899999999861e+02 -1.519705796427333500e+00
4.016691299999999956e+02 -1.520062141472652062e+00
4.215622999999999934e+02 -1.516021123884064847e+00
4.484129899999999793e+02 -1.516060210913691808e+00
4.507941200000000208e+02 -1.515619959134155037e+00
4.721487399999999752e+02 -1.511435688908464581e+00
5.008907699999999750e+02 -1.510865770576103717e+00
5.041878300000000195e+02 -1.510593100784568099e+00
5.184511199999999462e+02 -1.505694754193594331e+00
5.414908299999999599e+02 -1.505169703755612876e+00
5.519375000000000000e+02 -1.506220874610345373e+00
5.716172599999999875e+02 -1.503188903670433119e+00
5.977618599999999560e+02 -1.501490089055715016e+00
6.005636899999999514e+02 -1.502580792816020416e+00
6.214686799999999494e+02 -1.499538273292398749e+00
6.448965899999999465e+02 -1.497108084659235949e+00
6.462738299999999754e+02 -1.498035724385041290e+00
6.704696800000000394e+02 -1.494849758625443004e+00
6.986221000000000458e+02 -1.493750251739778490e+00
7.023485899999999447e+02 -1.495703141201818465e+00
7.219891999999999825e+02 -1.491530680797129138e+00
7.471564300000000003e+02 -1.489911630936777920e+00
7.501830200000000559e+02 -1.489529501304941883e+00
7.654104099999999562e+02 -1.486838311527418854e+00
7.951748499999999922e+02 -1.486119873235808964e+00
7.995811599999999544e+02 -1.485269932458338715e+00
8.168804000000000087e+02 -1.483661477040294052e+00
8.486436200000000554e+02 -1.484084228875631073e+00
8.486531099999999697e+02 -1.482873625034371035e+00
8.776869100000000117e+02 -1.483544716167196187e+00
9.025845399999999472e+02 -1.480774145606424952e+00
9.037674100000000408e+02 -1.479753918254522294e+00
9.049863299999999526e+02 -1.474505935438479076e+00
9.487786200000000463e+02 -1.476514321673095820e+00
9.539591299999999592e+02 -1.477298121554257992e+00
9.702377000000000180e+02 -1.475851001073777979e+00
9.988798000000000457e+02 -1.474533592018089090e+00
1.003715799999999945e+03 -1.475441488171409965e+00
1.016307099999999991e+03 -1.472843394298100961e+00
1.046486100000000079e+03 -1.472054079984142616e+00
1.050433899999999994e+03 -1.471602295656386117e+00
1.068908699999999953e+03 -1.470659744681315662e+00
1.096820799999999963e+03 -1.470078661888922111e+00
1.097855399999999918e+03 -1.468380067152619262e+00
1.116355700000000070e+03 -1.467762091337731833e+00
1.161442099999999982e+03 -1.467279669485401561e+00
1.161901699999999892e+03 -1.467789030727131072e+00
1.169066700000000083e+03 -1.465646210874098188e+00
1.200985599999999977e+03 -1.466137399603828939e+00
1.203082200000000057e+03 -1.465074893820979884e+00
1.217411299999999983e+03 -1.463619471273985839e+00
1.250473199999999906e+03 -1.463551375208614447e+00
1.252172299999999950e+03 -1.462861784537838217e+00
1.271035100000000057e+03 -1.462764247205229129e+00
1.297518199999999979e+03 -1.459292062279890612e+00
1.301052200000000084e+03 -1.460737627673306172e+00
1.317617299999999886e+03 -1.459989860772084924e+00
1.353138400000000047e+03 -1.460635066225770107e+00
1.354859600000000000e+03 -1.459780570078445194e+00
1.370130100000000084e+03 -1.458768090736373146e+00
1.395272200000000112e+03 -1.457086875636472989e+00
1.398950900000000047e+03 -1.458549087615045758e+00
1.418581699999999955e+03 -1.456407879039676390e+00
1.443177699999999959e+03 -1.454495419048735361e+00
1.445580099999999902e+03 -1.455288479950618497e+00
1.469754500000000007e+03 -1.456021454996370590e+00
1.493414500000000089e+03 -1.454168567286949987e+00
1.509250700000000052e+03 -1.450910362374476348e+00
1.510335000000000036e+03 -1.452899814530734357e+00
1.554319300000000112e+03 -1.453191403186919084e+00
1.561131000000000085e+03 -1.453736100275275778e+00
1.562431199999999990e+03 -1.449937025337041163e+00
1.593291199999999890e+03 -1.449537837984429700e+00
1.596083699999999908e+03 -1.449899079072119346e+00
1.614321599999999989e+03 -1.448695763053423846e+00
1.626005799999999908e+03 -1.445092150097955885e+00
1.648622200000000021e+03 -1.446288318965909481e+00
1.658571200000000090e+03 -1.445714597737578933e+00
1.699392299999999977e+03 -1.447188945071675281e+00
1.700024799999999914e+03 -1.447177107804816121e+00
1.710151000000000067e+03 -1.444430541714496474e+00
1.737011500000000069e+03 -1.445268368773138246e+00
1.748927599999999984e+03 -1.444123902595151332e+00
1.761963600000000042e+03 -1.442616143988838751e+00
1.799012999999999920e+03 -1.437511320241349644e+00
1.799083800000000110e+03 -1.442545499697599265e+00
1.819665199999999913e+03 -1.445180978474613465e+00
1.840656199999999899e+03 -1.437168377944680664e+00
1.845484300000000076e+03 -1.438765153834278721e+00
1.864162299999999959e+03 -1.441120096449516552e+00
1.899768800000000056e+03 -1.434244330449899074e+00
1.908737399999999980e+03 -1.440519028885727915e+00
1.909690599999999904e+03 -1.441923296592602100e+00
1.936949399999999969e+03 -1.437848063228087891e+00
1.938232500000000073e+03 -1.438233199799694884e+00
1.951383299999999963e+03 -1.432013159173093575e+00
1.985865999999999985e+03 -1.436381317919648293e+00
2.004007700000000114e+03 -1.439845275579010542e+00
2.012066299999999956e+03 -1.432321215910879575e+00
2.035556199999999990e+03 -1.430609322415986373e+00
2.043393700000000081e+03 -1.426756833896239973e+00
2.045587999999999965e+03 -1.428382367922503837e+00
2.073514700000000175e+03 -1.428074599516711007e+00
2.093544800000000123e+03 -1.430595950324477617e+00
2.115862299999999777e+03 -1.430026520703782555e+00
2.139487900000000081e+03 -1.428184534332451738e+00
2.163228300000000218e+03 -1.432529309295198727e+00
2.163981000000000222e+03 -1.425778039302756817e+00
2.193861499999999978e+03 -1.425989564123460118e+00
2.195622299999999996e+03 -1.429831240638295142e+00
2.207722800000000007e+03 -1.423135371645918301e+00
2.249741100000000188e+03 -1.425977788117450906e+00
2.264233499999999822e+03 -1.420803030884419726e+00
2.275197799999999916e+03 -1.427986492837466148e+00
2.308096700000000055e+03 -1.421889844430347161e+00
2.308797199999999975e+03 -1.416685735102685584e+00
2.313634000000000015e+03 -1.418912736911746686e+00
2.353505099999999857e+03 -1.420560480765836964e+00
2.375914099999999962e+03 -1.417074496068942313e+00
2.377418799999999919e+03 -1.423111160424416877e+00
2.411622100000000046e+03 -1.409062238311490578e+00
2.417278200000000197e+03 -1.415062565937928785e+00
2.418392400000000180e+03 -1.412591703874475080e+00
2.466066200000000208e+03 -1.411027718466036696e+00
