1.025369000000000028e+02 -6.163351917172956718e+00
1.266085800000000035e+02 -6.163059049449342908e+00
1.495654700000000048e+02 -6.162783807606825981e+00
1.753304899999999975e+02 -6.162824895757543331e+00
1.987850899999999967e+02 -6.162554670322197836e+00
2.241340999999999894e+02 -6.162406794955866296e+00
2.482385500000000036e+02 -6.162156492151732223e+00
2.730250199999999836e+02 -6.161930357731799646e+00
2.977104699999999866e+02 -6.161580916505073446e+00
3.246850999999999772e+02 -6.161707764011864263e+00
3.493839100000000144e+02 -6.161074274066852041e+00
3.705593400000000202e+02 -6.159861184238355492e+00
3.974869499999999789e+02 -6.159827290753312035e+00
4.215363800000000083e+02 -6.159342430375521538e+00
4.484574600000000260e+02 -6.158889588425736861e+00
4.658974699999999984e+02 -6.156843120214532838e+00
4.996973100000000159e+02 -6.158124304370702795e+00
5.139832400000000234e+02 -6.155003945822107525e+00
5.480187899999999672e+02 -6.155908451213864652e+00
5.673702899999999545e+02 -6.154055408473666944e+00
5.974649100000000317e+02 -6.153816944609649120e+00
6.175754399999999578e+02 -6.152551943862684780e+00
6.466081199999999853e+02 -6.152011469247228526e+00
6.751143499999999449e+02 -6.152382118482507600e+00
6.933092199999999821e+02 -6.148952840167718037e+00
7.169146200000000135e+02 -6.147790905457710231e+00
7.556197700000000168e+02 -6.148932719576924555e+00
7.654455199999999877e+02 -6.145258745784057730e+00
7.977032000000000380e+02 -6.144652852749947769e+00
8.210614600000000110e+02 -6.144251879861951871e+00
8.430390899999999874e+02 -6.140882547592709351e+00
8.670284199999999828e+02 -6.140380114752145957e+00
8.990936500000000251e+02 -6.139742788307732013e+00
9.169500699999999824e+02 -6.136928741387507102e+00
9.501619600000000219e+02 -6.136269815594038057e+00
9.662427300000000514e+02 -6.133360049596705998e+00
9.926577800000000025e+02 -6.130687034044318473e+00
1.022335799999999949e+03 -6.130735232683218072e+00
1.056723300000000108e+03 -6.129320791325683970e+00
1.065793699999999944e+03 -6.124327994753627102e+00
1.102799500000000080e+03 -6.124544537437556890e+00
1.117107400000000098e+03 -6.121014124803805245e+00
1.156572599999999966e+03 -6.120894560096077797e+00
1.169235300000000052e+03 -6.117358126254020867e+00
1.197426699999999983e+03 -6.114466030079130476e+00
1.222081300000000056e+03 -6.113747327130147902e+00
1.248748700000000099e+03 -6.109200306251638679e+00
1.267715999999999894e+03 -6.107913012419680321e+00
1.308796499999999924e+03 -6.109435846644957202e+00
1.314110899999999901e+03 -6.102543390633999643e+00
1.357169100000000071e+03 -6.103440210857741022e+00
1.368482199999999921e+03 -6.097627848218795776e+00
1.396490299999999934e+03 -6.093965792578456053e+00
1.410895700000000033e+03 -6.091733738495593187e+00
1.455877400000000080e+03 -6.091651127280274913e+00
1.464226400000000012e+03 -6.086981197360580964e+00
1.505231600000000071e+03 -6.087114729905425570e+00
1.512463700000000017e+03 -6.082979384969510406e+00
1.541852499999999964e+03 -6.080396840533657254e+00
1.557362599999999929e+03 -6.076649030019546593e+00
1.594289299999999912e+03 -6.074757804421865970e+00
1.601886700000000019e+03 -6.070083882357252492e+00
1.647869699999999966e+03 -6.073421128551606429e+00
1.656039099999999962e+03 -6.067669250442823348e+00
1.705088400000000092e+03 -6.069613159189567675e+00
1.708859500000000025e+03 -6.065614524029552257e+00
1.760013599999999997e+03 -6.061149583595964785e+00
1.765695899999999938e+03 -6.068448512247805127e+00
1.780083399999999983e+03 -6.056493735808173184e+00
1.819179599999999937e+03 -6.058915658996340881e+00
1.853128099999999904e+03 -6.050474944984752135e+00
1.859062899999999900e+03 -6.056313096585708600e+00
1.886822100000000091e+03 -6.048688364381337834e+00
1.894073900000000094e+03 -6.043106351652579811e+00
1.955851400000000012e+03 -6.048722394050550122e+00
1.967672399999999925e+03 -6.046287313726306678e+00
1.971953500000000076e+03 -6.038046414214487179e+00
2.011718299999999999e+03 -6.041741326292948244e+00
2.049307699999999841e+03 -6.038345765417223454e+00
2.074198699999999917e+03 -6.042637291168661662e+00
2.093856200000000172e+03 -6.037062724541584657e+00
2.132560800000000199e+03 -6.040182312208616011e+00
2.150900900000000092e+03 -6.032765034266366122e+00
2.160662899999999809e+03 -6.030358927478394193e+00
2.208010000000000218e+03 -6.026205853043734351e+00
2.217913000000000011e+03 -6.027952318059573322e+00
2.259445999999999913e+03 -6.028663473882976298e+00
2.266757000000000062e+03 -6.023285550389334553e+00
2.302713699999999790e+03 -6.018511258424153354e+00
2.310100300000000061e+03 -6.023754344535325878e+00
2.362562100000000100e+03 -6.018411309381771268e+00
2.367179900000000089e+03 -6.020696594577657379e+00
2.387638899999999921e+03 -6.015473746210870054e+00
2.404392199999999775e+03 -6.011143093981843322e+00
2.465050000000000182e+03 -6.014923773001434881e+00
