1.002176199999999966e+02 -4.415349273816966402e+00
1.266868099999999941e+02 -4.413909163549345926e+00
1.510977800000000002e+02 -4.414328271207267562e+00
1.749337800000000129e+02 -4.412029889718704467e+00
2.006672199999999862e+02 -4.412365836403815855e+00
2.251025899999999922e+02 -4.410104553392661941e+00
2.529145599999999945e+02 -4.410200261574138914e+00
2.701555399999999736e+02 -4.406688997991976109e+00
2.996640800000000127e+02 -4.407233531262085613e+00
3.236714400000000182e+02 -4.403998379116185191e+00
3.515252899999999840e+02 -4.404039373708439342e+00
3.713612800000000220e+02 -4.401153785634743798e+00
3.987503800000000069e+02 -4.401010059518992712e+00
4.217657600000000002e+02 -4.397411601441024942e+00
4.528972499999999854e+02 -4.398144985166344334e+00
4.713341100000000097e+02 -4.394490559998439849e+00
5.014839299999999866e+02 -4.394793132156989302e+00
5.159458799999999883e+02 -4.391301832119535398e+00
5.458100299999999834e+02 -4.392071617418375595e+00
5.688156900000000178e+02 -4.389893911334545429e+00
5.919835699999999861e+02 -4.388071596451717404e+00
6.165852899999999863e+02 -4.387463993985617705e+00
6.490356299999999692e+02 -4.388138112974216298e+00
6.680511800000000449e+02 -4.386822126434360314e+00
7.063381200000000035e+02 -4.387913579878315318e+00
7.174454399999999623e+02 -4.385800665053611880e+00
7.456111100000000533e+02 -4.384807677389430225e+00
7.639233799999999519e+02 -4.382170402069947457e+00
8.046461299999999710e+02 -4.384216057127924948e+00
8.138754199999999628e+02 -4.381214927054918995e+00
8.530273300000000063e+02 -4.383679493787582260e+00
8.641415899999999510e+02 -4.381756140239429165e+00
9.025783300000000509e+02 -4.382349326275543078e+00
9.042694699999999557e+02 -4.378461158348065929e+00
9.539296500000000378e+02 -4.382325865744556737e+00
9.593637700000000450e+02 -4.378071524402278314e+00
1.006028400000000033e+03 -4.381469475650435541e+00
1.011515400000000000e+03 -4.378548314305630740e+00
1.057399899999999889e+03 -4.377038449637208117e+00
1.059093100000000049e+03 -4.380707144405258546e+00
1.103473300000000108e+03 -4.380248089031539394e+00
1.110344599999999900e+03 -4.376699502679117337e+00
1.132861200000000053e+03 -4.376383305007354174e+00
1.166224999999999909e+03 -4.379149972976110305e+00
1.216959800000000087e+03 -4.379457919492328877e+00
1.220798600000000079e+03 -4.382195898688670432e+00
1.247709900000000061e+03 -4.378635042967400359e+00
1.259163299999999936e+03 -4.377827808803176346e+00
1.295312100000000100e+03 -4.377962480364741005e+00
1.313133100000000013e+03 -4.377113172456029488e+00
1.352402499999999918e+03 -4.377556006036990688e+00
1.366149300000000039e+03 -4.377679387872122518e+00
1.414565800000000081e+03 -4.378616992010601727e+00
1.415501500000000078e+03 -4.379497450050169327e+00
1.447571899999999914e+03 -4.376556910998383287e+00
1.455799899999999980e+03 -4.376169052500252121e+00
1.495152900000000045e+03 -4.378529030606952865e+00
1.517029399999999896e+03 -4.379717973107976725e+00
1.554210100000000011e+03 -4.379531226954927803e+00
1.560157400000000052e+03 -4.378413318379600128e+00
1.602746499999999969e+03 -4.380064401210793434e+00
1.621978399999999965e+03 -4.381591033831022663e+00
1.643394099999999980e+03 -4.379484430655150362e+00
1.652370799999999917e+03 -4.377811904966683265e+00
1.696614800000000059e+03 -4.378798353612459948e+00
1.719629699999999957e+03 -4.380162726869319734e+00
1.756675600000000031e+03 -4.377365872716966422e+00
1.770261999999999944e+03 -4.382758697789756575e+00
1.793643299999999954e+03 -4.380663040044347589e+00
1.803706500000000005e+03 -4.379879018870838081e+00
1.849606600000000071e+03 -4.380954145794046184e+00
1.854535699999999906e+03 -4.379451548783095838e+00
1.898035000000000082e+03 -4.383060407430779293e+00
1.905339300000000094e+03 -4.381468305283423348e+00
1.949108500000000049e+03 -4.383289875560183901e+00
1.967412399999999934e+03 -4.384459565270911519e+00
1.989273899999999912e+03 -4.382729964799271016e+00
2.003758700000000090e+03 -4.382358555251325782e+00
2.042467900000000100e+03 -4.382594791096301456e+00
2.053452900000000227e+03 -4.381285232744458469e+00
2.081837500000000091e+03 -4.384415299184275305e+00
2.099659999999999854e+03 -4.380578744209100428e+00
2.148370600000000195e+03 -4.383082252857009031e+00
2.169147800000000188e+03 -4.384448585940488918e+00
2.178368800000000192e+03 -4.382548203028502343e+00
2.208317199999999957e+03 -4.385870452529532670e+00
2.249354600000000119e+03 -4.385338942836982667e+00
2.254941899999999805e+03 -4.383175595834491567e+00
2.294353599999999915e+03 -4.382895243258913887e+00
2.301064600000000155e+03 -4.386059541424595309e+00
2.333317100000000210e+03 -4.385702309257355935e+00
2.353818200000000161e+03 -4.387719685103873779e+00
2.397022599999999784e+03 -4.389142699065727626e+00
2.399585199999999986e+03 -4.386572127024750856e+00
2.471289800000000014e+03 -4.389670815918377933e+00
