1.009207200000000029e+02 -2.801065997438951793e+00
1.273242900000000049e+02 -2.800198125211735167e+00
1.492585699999999918e+02 -2.800226297685956656e+00
1.759679099999999892e+02 -2.799339671340856928e+00
1.984110200000000077e+02 -2.798712749008007261e+00
2.252127199999999903e+02 -2.798441491521808988e+00
2.497676899999999875e+02 -2.797828672779783421e+00
2.737649700000000053e+02 -2.797091118294824152e+00
2.990565199999999777e+02 -2.796687395091395967e+00
3.225631200000000263e+02 -2.795468980287491245e+00
3.472072200000000066e+02 -2.794591599109872426e+00
3.742317899999999895e+02 -2.793786109797844475e+00
3.999654899999999884e+02 -2.792477609144905504e+00
4.243836800000000267e+02 -2.791723893717546812e+00
4.552479700000000093e+02 -2.791055970106979256e+00
4.724925900000000070e+02 -2.788694640006245340e+00
5.016152099999999905e+02 -2.788259545716793575e+00
5.202924799999999550e+02 -2.784967088132750401e+00
5.527540000000000191e+02 -2.784551078851642991e+00
5.711714399999999614e+02 -2.781442467747766045e+00
5.977360800000000154e+02 -2.779976911080484392e+00
6.242641099999999597e+02 -2.778505808175601999e+00
6.519520300000000361e+02 -2.776542375926340789e+00
6.672170200000000477e+02 -2.773230436316244329e+00
7.004707799999999907e+02 -2.772626859481671868e+00
7.254371800000000121e+02 -2.770543464851834781e+00
7.484989799999999605e+02 -2.768131442440036061e+00
7.678635199999999941e+02 -2.764089169537494062e+00
7.985890299999999797e+02 -2.763440680970348673e+00
8.097311600000000453e+02 -2.757747410450626102e+00
8.497749599999999646e+02 -2.758426468716611346e+00
8.626405499999999620e+02 -2.755018712317177432e+00
9.057457900000000564e+02 -2.756486160649007644e+00
9.171157699999999977e+02 -2.751697509339360082e+00
9.560648800000000165e+02 -2.751611327452879063e+00
9.701614799999999832e+02 -2.748611268190486179e+00
9.981118300000000545e+02 -2.746157161103969013e+00
1.014586400000000026e+03 -2.741793480727159338e+00
1.043315399999999954e+03 -2.739851987082093210e+00
1.068331100000000106e+03 -2.737937199482549211e+00
1.096989900000000034e+03 -2.736700741130874803e+00
1.115739800000000059e+03 -2.733288498887105789e+00
1.150328600000000051e+03 -2.734121395775732655e+00
1.169534200000000055e+03 -2.729350673653721859e+00
1.197096900000000005e+03 -2.729242158367020110e+00
1.217893299999999954e+03 -2.726890627839592351e+00
1.260004899999999907e+03 -2.721504619948331705e+00
1.272012899999999945e+03 -2.728546795934797764e+00
1.297420900000000074e+03 -2.720861198950184523e+00
1.313420299999999997e+03 -2.719707519109289873e+00
1.348023699999999963e+03 -2.718199339991681729e+00
1.375000099999999975e+03 -2.719492785929515044e+00
1.396404999999999973e+03 -2.714104386057167417e+00
1.425129500000000007e+03 -2.714551867480815783e+00
1.437952500000000100e+03 -2.709757006682227409e+00
1.469443299999999908e+03 -2.709133961060490314e+00
1.505117099999999937e+03 -2.704587215677494161e+00
1.519161800000000085e+03 -2.711016747577030817e+00
1.549560099999999920e+03 -2.705220876119376783e+00
1.562117899999999963e+03 -2.702735534407988638e+00
1.606044900000000098e+03 -2.703529254713607610e+00
1.614710199999999986e+03 -2.699629217987354224e+00
1.644395700000000033e+03 -2.699830123813346194e+00
1.654383599999999888e+03 -2.695204684126512262e+00
1.695729599999999891e+03 -2.695048547001714034e+00
1.706478200000000015e+03 -2.692835466645967735e+00
1.743769299999999930e+03 -2.692722294675241379e+00
1.759077900000000000e+03 -2.690466764473556260e+00
1.800070400000000063e+03 -2.692192271295711148e+00
1.806968100000000049e+03 -2.686027214529989049e+00
1.858706699999999955e+03 -2.690187427426119271e+00
1.862449299999999994e+03 -2.683013604379492545e+00
1.881679000000000087e+03 -2.682023181384357358e+00
1.911005699999999933e+03 -2.683153058335389751e+00
1.950495499999999993e+03 -2.681436657613922137e+00
1.965740000000000009e+03 -2.680203941590364902e+00
2.005951900000000023e+03 -2.681057537859078188e+00
2.011778000000000020e+03 -2.675149900578777995e+00
2.055950299999999970e+03 -2.672420886825605635e+00
2.067349000000000160e+03 -2.679290179238886349e+00
2.109371099999999842e+03 -2.670828367420491567e+00
2.136692100000000210e+03 -2.681039059302682936e+00
2.152226299999999810e+03 -2.673350450826093461e+00
2.156499499999999898e+03 -2.664090971250021145e+00
2.214115299999999934e+03 -2.664524017562938774e+00
2.214344900000000052e+03 -2.666601488938604270e+00
2.261049599999999828e+03 -2.663443648051630142e+00
2.265531100000000151e+03 -2.663313939198451941e+00
2.316713600000000042e+03 -2.662479636069178035e+00
2.316854400000000169e+03 -2.663546210718161777e+00
2.336747800000000097e+03 -2.656487595353248743e+00
2.365345899999999801e+03 -2.658346222372103274e+00
2.381959699999999884e+03 -2.651496451455991554e+00
2.418137999999999920e+03 -2.647399893258801207e+00
2.441878799999999956e+03 -2.652824763487846571e+00
