9.877066800000000057e+01 -3.396270139731154547e+00
1.009176199999999994e+02 -3.396503777342112507e+00
1.268784399999999977e+02 -3.396122147643789724e+00
1.502665000000000077e+02 -3.396066655974545156e+00
1.511650899999999922e+02 -3.396181770289405044e+00
1.758861899999999991e+02 -3.395617954823182849e+00
2.003345199999999977e+02 -3.395350303117492086e+00
2.012811299999999903e+02 -3.395673638600921862e+00
2.263281000000000063e+02 -3.395199053787240295e+00
2.472924899999999866e+02 -3.394169142534285477e+00
2.485119200000000035e+02 -3.394231794311207917e+00
2.736438099999999736e+02 -3.393264151813409235e+00
3.009279900000000225e+02 -3.392846354913169993e+00
3.013226199999999722e+02 -3.392521395182562571e+00
3.245326400000000149e+02 -3.391231447970059154e+00
3.479365500000000111e+02 -3.388045970796389472e+00
3.493015500000000202e+02 -3.390181620673680563e+00
3.723178700000000276e+02 -3.386723900210574012e+00
3.975092099999999959e+02 -3.382353653995943343e+00
4.005289700000000153e+02 -3.386268354235921763e+00
4.195258000000000038e+02 -3.379274365166528682e+00
4.474937100000000214e+02 -3.378360061276016513e+00
4.525940100000000257e+02 -3.375776544774565568e+00
4.728192199999999730e+02 -3.371662094815577770e+00
4.982273299999999949e+02 -3.368407525657529433e+00
5.020306899999999928e+02 -3.370592988542328250e+00
5.213278400000000374e+02 -3.364334891784869885e+00
5.516368599999999560e+02 -3.363629668552296170e+00
5.537346300000000383e+02 -3.364309985083048904e+00
5.743973899999999730e+02 -3.358915357206763375e+00
6.000884800000000041e+02 -3.357494070208371095e+00
6.038982700000000250e+02 -3.357179414386972205e+00
6.215644399999999905e+02 -3.353300053380337875e+00
6.471855000000000473e+02 -3.350754006421605258e+00
6.489631900000000542e+02 -3.352311834397747603e+00
6.749729899999999816e+02 -3.349388877588732605e+00
6.965963799999999537e+02 -3.345633544267431425e+00
7.033997299999999768e+02 -3.347284417744061269e+00
7.194903900000000476e+02 -3.343271265093200828e+00
7.494821100000000342e+02 -3.341787086972027865e+00
7.529990099999999984e+02 -3.342910248772495763e+00
7.678946399999999812e+02 -3.337667232995808586e+00
7.900395399999999881e+02 -3.335414876305133891e+00
7.944560599999999795e+02 -3.334854365164520384e+00
8.211658899999999903e+02 -3.334066176098694712e+00
8.487546300000000201e+02 -3.332890557946222909e+00
8.598073299999999790e+02 -3.335290339373085722e+00
8.679280700000000479e+02 -3.329154519992063133e+00
9.028927300000000287e+02 -3.328445158161067230e+00
9.092264900000000125e+02 -3.328529793053804919e+00
9.170633800000000520e+02 -3.325589522167669898e+00
9.451290800000000445e+02 -3.324084581984041886e+00
9.486448599999999942e+02 -3.324576984061059282e+00
9.687216499999999542e+02 -3.321955408216501926e+00
1.006891899999999964e+03 -3.320899862079949916e+00
1.008240999999999985e+03 -3.323515728785619405e+00
1.018004699999999957e+03 -3.318082176278969175e+00
1.049187500000000000e+03 -3.317261554154000702e+00
1.049424800000000005e+03 -3.315209375587473861e+00
1.065048299999999927e+03 -3.314196509156954740e+00
1.097635500000000093e+03 -3.312970175677347751e+00
1.109496000000000095e+03 -3.310123466873226228e+00
1.115452600000000075e+03 -3.316874540998347332e+00
1.144076900000000023e+03 -3.311071510544740804e+00
1.156673299999999927e+03 -3.311210792521705137e+00
1.174392399999999952e+03 -3.310402819024332643e+00
1.198534100000000080e+03 -3.308550045537247186e+00
1.200953500000000076e+03 -3.307821651491301918e+00
1.215571099999999888e+03 -3.306524925514280788e+00
1.246105499999999893e+03 -3.305210452742030292e+00
1.252073699999999917e+03 -3.305939032109657560e+00
1.275757700000000114e+03 -3.306067364143674414e+00
1.302497499999999945e+03 -3.302999827458500182e+00
1.304130000000000109e+03 -3.302882323249429319e+00
1.317297900000000027e+03 -3.300820886093651207e+00
1.355610100000000102e+03 -3.299139763298238659e+00
1.357383399999999938e+03 -3.301526651771940379e+00
1.375828700000000026e+03 -3.300890335644166118e+00
1.403443899999999985e+03 -3.299918280908336055e+00
1.406098500000000058e+03 -3.297906756285390983e+00
1.422036200000000008e+03 -3.297780225705048363e+00
1.449389100000000099e+03 -3.293612028202989706e+00
1.459062899999999900e+03 -3.293823563679785238e+00
1.465276100000000042e+03 -3.293140007190840990e+00
1.497331100000000106e+03 -3.292053211337096830e+00
1.510112100000000055e+03 -3.292444266567585931e+00
1.531342900000000100e+03 -3.295157204806925755e+00
1.544935799999999972e+03 -3.288638164564029243e+00
1.556209000000000060e+03 -3.291154994409984269e+00
1.564962500000000091e+03 -3.290864009902986442e+00
1.596047100000000000e+03 -3.289247443418902961e+00
1.598324900000000071e+03 -3.287759921073118541e+00
1.612308199999999943e+03 -3.287443781356451211e+00
1.631589600000000019e+03 -3.284942349731105882e+00
1.649221800000000030e+03 -3.286473858746985499e+00
1.668794799999999896e+03 -3.287742448205305035e+00
1.691528299999999945e+03 -3.281884267324314930e+00
1.702181000000000040e+03 -3.285162881780861355e+00
1.716134499999999889e+03 -3.283880611547660866e+00
1.752204099999999926e+03 -3.282919396160645320e+00
1.754635700000000043e+03 -3.281124493936686370e+00
1.760757800000000088e+03 -3.281107036192437931e+00
1.801062200000000075e+03 -3.278504136434068794e+00
1.807493199999999888e+03 -3.281632839173814542e+00
1.828281199999999899e+03 -3.283432607463844466e+00
1.854475899999999911e+03 -3.280565999734222693e+00
1.863636099999999942e+03 -3.278162671048690857e+00
1.865711600000000089e+03 -3.282202638442026643e+00
1.896130499999999984e+03 -3.277836985635145250e+00
1.902596900000000005e+03 -3.281203315452903446e+00
1.919138400000000047e+03 -3.276838059327952912e+00
1.942999199999999973e+03 -3.277639565624074880e+00
1.946330699999999979e+03 -3.278931162580005054e+00
1.972196099999999888e+03 -3.278794608449519199e+00
1.982984400000000051e+03 -3.269912165850748842e+00
2.009463600000000042e+03 -3.274524867263204353e+00
2.013520400000000109e+03 -3.276879503005895256e+00
2.046113499999999931e+03 -3.269005804095602929e+00
2.053143399999999929e+03 -3.276104518614018524e+00
2.055365800000000036e+03 -3.275917654928821587e+00
2.078557699999999841e+03 -3.271804633349814750e+00
2.100424700000000030e+03 -3.275693440286219449e+00
2.116419100000000071e+03 -3.273043658157198443e+00
2.134468800000000101e+03 -3.267198415742311290e+00
2.140159700000000157e+03 -3.269131971491950672e+00
2.159969200000000001e+03 -3.271358759732278187e+00
2.192915300000000116e+03 -3.267183991869097692e+00
2.200316499999999905e+03 -3.269367296498765896e+00
2.214139500000000226e+03 -3.270737631774453646e+00
2.233255000000000109e+03 -3.269350089632292899e+00
2.258036900000000060e+03 -3.270463197142953859e+00
2.272976799999999912e+03 -3.273317520608077125e+00
2.302581499999999778e+03 -3.263806208898615058e+00
2.306966800000000148e+03 -3.266457960574705943e+00
2.314659799999999905e+03 -3.271514584480928356e+00
2.344694899999999961e+03 -3.265154942752716227e+00
2.345148999999999887e+03 -3.262162475051697541e+00
2.350404899999999998e+03 -3.263102799147334032e+00
2.398336200000000190e+03 -3.268070119029059306e+00
2.424972600000000057e+03 -3.269426696083035377e+00
2.430359399999999823e+03 -3.265214416306934986e+00
2.465934600000000046e+03 -3.270124065656351942e+00
