1.012995499999999964e+02 -3.534220364451404972e+00
1.262519700000000000e+02 -3.533773850319386511e+00
1.496809000000000083e+02 -3.533876084953164742e+00
1.762239700000000084e+02 -3.533699731168784108e+00
1.994092599999999891e+02 -3.533032639690337096e+00
2.245225700000000018e+02 -3.533181708242313590e+00
2.498519599999999912e+02 -3.532802117116752072e+00
2.736395699999999920e+02 -3.532613249053538240e+00
2.978786900000000060e+02 -3.532148320865017066e+00
3.215399800000000141e+02 -3.531511368111777571e+00
3.508129299999999944e+02 -3.531724235430850900e+00
3.707034899999999880e+02 -3.530595376404711327e+00
4.036686100000000010e+02 -3.530856016125514252e+00
4.205220400000000041e+02 -3.529435892279424891e+00
4.535869900000000143e+02 -3.530073144032159327e+00
4.689205799999999726e+02 -3.527783620345177784e+00
4.985104400000000169e+02 -3.527542540997335774e+00
5.267858899999999949e+02 -3.527385586813836404e+00
5.542848500000000058e+02 -3.526224973683889541e+00
5.728099200000000337e+02 -3.523610450053596743e+00
6.046446799999999939e+02 -3.522743839696527157e+00
6.197929400000000442e+02 -3.519480900749291319e+00
6.485360200000000077e+02 -3.518565385757806752e+00
6.675758200000000215e+02 -3.514201424482878977e+00
7.016999200000000201e+02 -3.514475504084102475e+00
7.095180000000000291e+02 -3.506608377765977114e+00
7.403000600000000304e+02 -3.506554551243426410e+00
7.699616700000000264e+02 -3.504490223426512507e+00
8.049748200000000224e+02 -3.504438166206160332e+00
8.124473799999999528e+02 -3.497245506034120766e+00
8.527717199999999593e+02 -3.497953938651033656e+00
8.705523399999999583e+02 -3.494707615278515700e+00
8.978170900000000074e+02 -3.493266476590260794e+00
9.232913700000000290e+02 -3.489957468813662977e+00
9.572772400000000061e+02 -3.488492271583603088e+00
9.689304200000000264e+02 -3.483404860793845259e+00
9.994827000000000226e+02 -3.481000770585533921e+00
1.014181299999999965e+03 -3.477767982889267362e+00
1.049008299999999963e+03 -3.476941362130863133e+00
1.069897200000000112e+03 -3.474636897554777448e+00
1.104910800000000108e+03 -3.472605209059998366e+00
1.112537399999999934e+03 -3.467097954441495489e+00
1.165769600000000082e+03 -3.464134013821682512e+00
1.166433199999999943e+03 -3.469391106000890623e+00
1.195109500000000025e+03 -3.461848567229000473e+00
1.212131900000000087e+03 -3.459482353458554371e+00
1.250580799999999954e+03 -3.459803749247789995e+00
1.263371599999999944e+03 -3.453692707401434969e+00
1.297881499999999960e+03 -3.452551054820106824e+00
1.317700299999999970e+03 -3.451702952363774557e+00
1.355901900000000069e+03 -3.450679172540190187e+00
1.363894299999999930e+03 -3.448812535796888401e+00
1.402988000000000056e+03 -3.447598915473803594e+00
1.412278299999999945e+03 -3.444355314264663015e+00
1.444883700000000090e+03 -3.442300640864700778e+00
1.469031799999999976e+03 -3.441404183008228035e+00
1.497977200000000039e+03 -3.433668694133957366e+00
1.516166300000000092e+03 -3.440353942885123306e+00
1.534454099999999926e+03 -3.432474742153384106e+00
1.571804300000000012e+03 -3.435050164402337902e+00
1.589732400000000098e+03 -3.432277699278138083e+00
1.609213700000000017e+03 -3.429017290378571836e+00
1.641274100000000089e+03 -3.425090398572230743e+00
1.666553000000000111e+03 -3.428784870591647937e+00
1.712433899999999994e+03 -3.428647879444510327e+00
1.718622299999999996e+03 -3.423830087521785970e+00
1.750887799999999970e+03 -3.423218786844078210e+00
1.758734899999999925e+03 -3.420543011745826867e+00
1.808291500000000042e+03 -3.420205437884622945e+00
1.815658699999999953e+03 -3.421057746446178438e+00
1.847023899999999912e+03 -3.418158744055847631e+00
1.856047399999999925e+03 -3.414046454693259847e+00
1.901600100000000111e+03 -3.410585150591044279e+00
1.907096700000000055e+03 -3.416555744393766858e+00
1.923257299999999987e+03 -3.407836522411622937e+00
1.945908599999999979e+03 -3.407979582543594788e+00
1.993068500000000085e+03 -3.410364974570123664e+00
2.010457400000000007e+03 -3.406503034094341409e+00
2.050864199999999983e+03 -3.405719961140621699e+00
2.067551599999999780e+03 -3.409284495124128789e+00
2.106660800000000108e+03 -3.405669070746260907e+00
2.112345600000000104e+03 -3.403913231490667712e+00
2.156835999999999785e+03 -3.404819577284480481e+00
2.157641200000000026e+03 -3.401632510566295675e+00
2.196386199999999917e+03 -3.398301876856540282e+00
2.196982500000000073e+03 -3.400519995233701298e+00
2.256186000000000149e+03 -3.396532891122930220e+00
2.261484300000000076e+03 -3.402981123338344460e+00
2.302283600000000206e+03 -3.393493341960610366e+00
2.308519600000000082e+03 -3.398904780071611675e+00
2.344583299999999781e+03 -3.389054190852101467e+00
2.359081499999999778e+03 -3.391917824953940119e+00
2.389444899999999961e+03 -3.391589880062513274e+00
2.411689499999999953e+03 -3.393669678836687353e+00
2.463100899999999911e+03 -3.396315729420587459e+00
