9.930390900000000443e+01 -4.555264394530033734e+00
1.276463899999999967e+02 -4.555216210269254162e+00
1.500961000000000070e+02 -4.554906381914598512e+00
1.502828100000000120e+02 -4.554954650166807895e+00
1.754600499999999954e+02 -4.554285572580874408e+00
1.995160899999999913e+02 -4.553844503250497944e+00
1.998579599999999914e+02 -4.553932934337193927e+00
2.271008500000000083e+02 -4.553959785763386670e+00
2.508603400000000079e+02 -4.553115571588680410e+00
2.510658500000000117e+02 -4.553168649129772483e+00
2.713513300000000186e+02 -4.550902468950556390e+00
2.986676499999999805e+02 -4.550562337688659476e+00
2.988533199999999965e+02 -4.550610387965569714e+00
3.231445800000000190e+02 -4.549170235565250131e+00
3.484858300000000213e+02 -4.548181253738404983e+00
3.485780300000000125e+02 -4.548205191044825568e+00
3.738442499999999882e+02 -4.545616617069248910e+00
4.016895099999999843e+02 -4.544976986741819047e+00
4.018201199999999744e+02 -4.545010904683351782e+00
4.240856499999999869e+02 -4.540171170253167077e+00
4.507765499999999861e+02 -4.538432992758608897e+00
4.517331399999999917e+02 -4.538680493859984288e+00
4.717643699999999853e+02 -4.531479614914522891e+00
5.052678500000000099e+02 -4.531364827301994858e+00
5.056994700000000194e+02 -4.531476816748365444e+00
5.217189899999999625e+02 -4.522282694118799462e+00
5.470878199999999651e+02 -4.520695509480488816e+00
5.478138199999999642e+02 -4.520883398476046366e+00
5.688781000000000176e+02 -4.512223601434240727e+00
5.953367399999999634e+02 -4.510702196714615475e+00
5.963867599999999811e+02 -4.510974105758117858e+00
6.183266899999999850e+02 -4.503152680453379908e+00
6.516583500000000413e+02 -4.502275480870502555e+00
6.520592000000000326e+02 -4.502379261232242413e+00
6.695351200000000063e+02 -4.495622098860549976e+00
7.091057600000000321e+02 -4.496032285876923495e+00
7.096734900000000152e+02 -4.496179716895139400e+00
7.182668899999999894e+02 -4.487976948479959205e+00
7.496989399999999932e+02 -4.487565154870560846e+00
7.498184899999999971e+02 -4.487596264467305751e+00
7.748915700000000015e+02 -4.484367998100204922e+00
7.956799999999999500e+02 -4.480809084555627209e+00
7.961031199999999899e+02 -4.480918265957899216e+00
8.265659900000000562e+02 -4.479811639542738533e+00
8.472046500000000151e+02 -4.476149840974341210e+00
8.476043100000000550e+02 -4.476253415468202768e+00
8.668351999999999862e+02 -4.473316882444346554e+00
8.974979399999999714e+02 -4.472342681542822440e+00
8.976095100000000002e+02 -4.472371982577723060e+00
9.169534099999999626e+02 -4.467972908324565395e+00
9.495326099999999769e+02 -4.466866275462400893e+00
9.497755300000000034e+02 -4.466929126004101747e+00
9.646872100000000501e+02 -4.464800324605272763e+00
9.970842499999999973e+02 -4.464047983839530609e+00
9.979746000000000095e+02 -4.464278157040508788e+00
1.016982399999999984e+03 -4.461998534567531038e+00
1.052639400000000023e+03 -4.461325626387943721e+00
1.053561999999999898e+03 -4.461564442168422850e+00
1.066679100000000062e+03 -4.458503662146311441e+00
1.091350300000000061e+03 -4.455495641834818166e+00
1.092086600000000089e+03 -4.455686549783282047e+00
1.117109600000000000e+03 -4.457243525218681945e+00
1.151408400000000029e+03 -4.456802082312734115e+00
1.152064300000000003e+03 -4.456971645521046632e+00
1.166945400000000063e+03 -4.456146967893396038e+00
1.194404099999999971e+03 -4.455706304985171506e+00
1.194784300000000030e+03 -4.455804238056730426e+00
1.218148899999999912e+03 -4.454044431968390505e+00
1.258513500000000022e+03 -4.454913384544732402e+00
1.259819300000000112e+03 -4.455250756300280557e+00
1.261661599999999908e+03 -4.451152378637933005e+00
1.291171299999999974e+03 -4.452003287508619067e+00
1.292508399999999938e+03 -4.452349107135162853e+00
1.304357600000000048e+03 -4.450487061016989543e+00
1.352069099999999935e+03 -4.447941675869775402e+00
1.353337700000000041e+03 -4.453672443100747280e+00
1.353626800000000003e+03 -4.453747791831311531e+00
1.386594800000000077e+03 -4.448443788342659744e+00
1.387670000000000073e+03 -4.448722970198562443e+00
1.407082300000000032e+03 -4.450180017542922251e+00
1.440323300000000017e+03 -4.449862221986168542e+00
1.441420100000000048e+03 -4.450145359539110501e+00
1.455494999999999891e+03 -4.449832800510711728e+00
1.492883199999999988e+03 -4.450447407395508037e+00
1.494042099999999891e+03 -4.450747464086703076e+00
1.523333399999999983e+03 -4.453137118804013639e+00
1.535656600000000026e+03 -4.450517751566428259e+00
1.536911200000000008e+03 -4.450841785331821399e+00
1.558563499999999976e+03 -4.450779046928357019e+00
1.582482799999999997e+03 -4.448715664426658556e+00
1.584014300000000048e+03 -4.449112808917037754e+00
1.623395999999999958e+03 -4.454367495370691543e+00
1.642693800000000010e+03 -4.451403582527420966e+00
1.643733600000000024e+03 -4.451672951268265344e+00
1.666614100000000008e+03 -4.453280261110255545e+00
1.697745499999999993e+03 -4.453271407035911622e+00
1.699361400000000003e+03 -4.453689098471458330e+00
1.704719399999999951e+03 -4.451483621235676758e+00
1.756035399999999981e+03 -4.452118188340429938e+00
1.756882299999999987e+03 -4.452336772653519681e+00
1.757198699999999917e+03 -4.453632388829014133e+00
1.810582599999999957e+03 -4.454755447075691599e+00
1.820289099999999962e+03 -4.457131756120945809e+00
1.820313400000000001e+03 -4.457137223988237196e+00
1.839413099999999986e+03 -4.453121793038556930e+00
1.839711399999999912e+03 -4.453198197131726488e+00
1.872659599999999955e+03 -4.459724918628908519e+00
1.894815200000000004e+03 -4.454139535306632425e+00
1.899560199999999895e+03 -4.457181040282165441e+00
1.900903800000000047e+03 -4.457528642058927737e+00
1.951196699999999964e+03 -4.457772165439898515e+00
1.952035200000000032e+03 -4.457989036154406115e+00
1.962987100000000055e+03 -4.458616931377739512e+00
2.002651599999999917e+03 -4.458623029724512854e+00
2.002655799999999999e+03 -4.458624115508130537e+00
2.004793400000000020e+03 -4.459034502955655732e+00
2.031112300000000005e+03 -4.457055794157941619e+00
2.031962099999999964e+03 -4.457274466668488699e+00
2.055832399999999780e+03 -4.460039857765949023e+00
2.075538500000000113e+03 -4.459766731656682026e+00
2.075864599999999882e+03 -4.459849355780606928e+00
2.105751999999999953e+03 -4.461865025471524859e+00
2.130233999999999924e+03 -4.461126737606031512e+00
2.130636700000000019e+03 -4.461229876750670620e+00
2.153787100000000009e+03 -4.464542519837857881e+00
2.191891200000000026e+03 -4.461490175886346776e+00
2.192368300000000090e+03 -4.463083340689133038e+00
2.193367699999999786e+03 -4.463341349288345583e+00
2.246707699999999932e+03 -4.464275570214661926e+00
2.249369099999999889e+03 -4.464964714579408245e+00
2.250839100000000144e+03 -4.465651883156649404e+00
2.300925299999999879e+03 -4.469356218386127289e+00
2.302338000000000193e+03 -4.469722243628068803e+00
2.317603399999999965e+03 -4.470006176345349580e+00
2.350230599999999868e+03 -4.469052955899024404e+00
2.357996399999999994e+03 -4.470584231522158447e+00
2.359273099999999886e+03 -4.470915352483505245e+00
2.383859699999999975e+03 -4.468034708283702194e+00
2.385945299999999861e+03 -4.468573114124821721e+00
2.398491799999999785e+03 -4.469382581649350428e+00
2.434562399999999798e+03 -4.469619314584808656e+00
2.436730100000000220e+03 -4.470180166160202084e+00
