1.228212599999999952e+02 -3.825245532938925663e+00
1.335393300000000067e+02 -3.825231307375201784e+00
1.699147299999999916e+02 -3.824363955029523421e+00
1.705853899999999896e+02 -3.824416074069039162e+00
1.807662200000000041e+02 -3.824231056119801408e+00
2.181977899999999977e+02 -3.823312044970307078e+00
2.185623400000000061e+02 -3.823298665769303994e+00
2.287159100000000080e+02 -3.823025947198733121e+00
2.694193300000000022e+02 -3.822457404985452278e+00
2.700566799999999716e+02 -3.822501625122484814e+00
2.780322600000000079e+02 -3.821627230752106641e+00
3.181439300000000117e+02 -3.820580042783855657e+00
3.194805499999999938e+02 -3.821036363193628382e+00
3.277688999999999737e+02 -3.820039844210392666e+00
3.684499700000000075e+02 -3.818550248278244741e+00
3.688149199999999723e+02 -3.818751505357178999e+00
3.754944100000000162e+02 -3.817202436717863634e+00
4.170891500000000178e+02 -3.815880092945753255e+00
4.177660799999999881e+02 -3.816155693275544269e+00
4.273150099999999725e+02 -3.815380642465949546e+00
4.643224399999999719e+02 -3.812148135745554001e+00
4.684729300000000194e+02 -3.813309915076243506e+00
4.737398499999999899e+02 -3.811368241735203277e+00
5.147652299999999741e+02 -3.808980886998499571e+00
5.164474199999999655e+02 -3.809328803445255485e+00
5.248701899999999796e+02 -3.808207610730983905e+00
5.638171399999999949e+02 -3.804771847441296373e+00
5.682830800000000409e+02 -3.806005661306345544e+00
5.746673100000000431e+02 -3.804270756684846599e+00
6.131009199999999737e+02 -3.800721723010189290e+00
6.159893899999999576e+02 -3.801383166071173214e+00
6.241760699999999815e+02 -3.800099270350267400e+00
6.596511299999999665e+02 -3.795629835912496031e+00
6.697051699999999528e+02 -3.798137920541520884e+00
6.753746700000000374e+02 -3.796164814309093583e+00
7.116103299999999763e+02 -3.792231670199595062e+00
7.184065900000000511e+02 -3.794070818647131471e+00
7.259332500000000437e+02 -3.792392449714605096e+00
7.613338599999999587e+02 -3.788094436086136163e+00
7.624358700000000226e+02 -3.788306408824161586e+00
7.732687399999999798e+02 -3.787821352491930416e+00
8.079632100000000037e+02 -3.783654852341156616e+00
8.089576200000000199e+02 -3.783858497447497360e+00
8.241936699999999973e+02 -3.784527169086214560e+00
8.628464400000000296e+02 -3.780982838635220666e+00
8.643693399999999656e+02 -3.781458362337590362e+00
8.699068700000000263e+02 -3.779780571351640805e+00
9.101172599999999875e+02 -3.777038418004323717e+00
9.193063100000000532e+02 -3.779489586087533048e+00
9.232268500000000131e+02 -3.777420536717519983e+00
9.660038200000000188e+02 -3.775642780804310927e+00
9.665078300000000127e+02 -3.775674003538036061e+00
9.692279200000000401e+02 -3.773122621270762256e+00
1.008387500000000045e+03 -3.771342580173334458e+00
1.009436599999999999e+03 -3.771671446574938358e+00
1.010945500000000038e+03 -3.769523261440267614e+00
1.059723099999999931e+03 -3.768741882495455719e+00
1.062063799999999901e+03 -3.769281306987221747e+00
1.068682800000000043e+03 -3.767685000641444404e+00
1.106112599999999929e+03 -3.765724263847392450e+00
1.118311899999999923e+03 -3.765233612990841472e+00
1.120172499999999900e+03 -3.769425789568698448e+00
1.161747399999999971e+03 -3.765159888102933117e+00
1.161996900000000096e+03 -3.765295526617908450e+00
1.167578999999999951e+03 -3.763373202500980952e+00
1.207296900000000051e+03 -3.761457984703628465e+00
1.213325000000000045e+03 -3.763065218556894020e+00
1.216559799999999996e+03 -3.760681450262699954e+00
1.254319700000000012e+03 -3.758461607576950581e+00
1.256672199999999975e+03 -3.756181418243780712e+00
1.257120300000000043e+03 -3.759222052384838975e+00
1.300743500000000040e+03 -3.755437844966976524e+00
1.302021600000000035e+03 -3.752821485397413781e+00
1.308309299999999894e+03 -3.757418637858054744e+00
1.353820500000000038e+03 -3.754655845969356420e+00
1.353862300000000005e+03 -3.754690008502937104e+00
1.366987800000000107e+03 -3.754503270595587416e+00
1.402219599999999900e+03 -3.753723696416680244e+00
1.408720100000000002e+03 -3.755433922162277227e+00
1.414650100000000066e+03 -3.753513047400542479e+00
1.444821200000000090e+03 -3.749872464237475445e+00
1.458317700000000059e+03 -3.753355370169753957e+00
1.464420800000000099e+03 -3.751575825704979383e+00
1.498898699999999963e+03 -3.749626185444837390e+00
1.500973500000000058e+03 -3.750156914271956854e+00
1.513612300000000005e+03 -3.749987240945129585e+00
1.543735599999999977e+03 -3.747162256972504490e+00
1.544766800000000103e+03 -3.747466599673965781e+00
1.563365000000000009e+03 -3.749021297094135452e+00
1.591857199999999921e+03 -3.745071150559084128e+00
1.599102799999999888e+03 -3.746923928249308311e+00
1.618839199999999892e+03 -3.748842687807023566e+00
1.653110799999999927e+03 -3.748205835386296148e+00
1.654545499999999947e+03 -3.748554293435663709e+00
1.660344599999999900e+03 -3.746733661462823495e+00
1.701481800000000021e+03 -3.746479580390185582e+00
1.703179900000000089e+03 -3.746941522365793364e+00
1.706840200000000095e+03 -3.744794102756139775e+00
1.741529600000000073e+03 -3.741885298626301370e+00
1.743915500000000065e+03 -3.742531513041890356e+00
1.772853299999999990e+03 -3.746481368596038752e+00
1.794425799999999981e+03 -3.741746870647820078e+00
1.800148999999999887e+03 -3.743227653040753999e+00
1.807921900000000051e+03 -3.741329459453428985e+00
1.832855499999999893e+03 -3.738736822089486100e+00
1.854602599999999939e+03 -3.744371754410234843e+00
1.863579899999999952e+03 -3.743463428205787036e+00
1.896583399999999983e+03 -3.740269049965477155e+00
1.900089199999999892e+03 -3.741171908854836303e+00
1.902277199999999993e+03 -3.740339117686235504e+00
1.946488599999999906e+03 -3.738760096042779146e+00
1.952959599999999909e+03 -3.740435675300439744e+00
1.964347299999999905e+03 -3.739765181189917520e+00
1.996856999999999971e+03 -3.739579467821392722e+00
2.006145999999999958e+03 -3.741986405765354906e+00
2.008859799999999950e+03 -3.738590124458534447e+00
2.044869999999999891e+03 -3.737405279021898341e+00
2.054005400000000009e+03 -3.739742078835011085e+00
2.061230900000000020e+03 -3.738083503140930297e+00
2.098920500000000175e+03 -3.740691303725199646e+00
2.099396099999999933e+03 -3.740821328865363338e+00
2.112449799999999868e+03 -3.740448310930155174e+00
2.139117000000000189e+03 -3.736071755343389977e+00
2.145717900000000100e+03 -3.737741174835092384e+00
2.162448300000000017e+03 -3.737980218213563077e+00
2.188224900000000162e+03 -3.735363349485441464e+00
2.191677999999999884e+03 -3.736204192354428244e+00
2.228206900000000132e+03 -3.741509079297581586e+00
2.246852800000000116e+03 -3.733230647095632015e+00
2.248581499999999778e+03 -3.734197090458248880e+00
2.250264200000000073e+03 -3.734125079723086493e+00
2.295149699999999939e+03 -3.734497906240374476e+00
2.297050900000000183e+03 -3.734969660753812093e+00
2.322530299999999897e+03 -3.736809086308083394e+00
2.331525200000000041e+03 -3.731342975431604536e+00
2.337203799999999774e+03 -3.732711525617993686e+00
2.375453500000000076e+03 -3.738566250213267494e+00
2.376104400000000169e+03 -3.729231213270641554e+00
2.389946300000000065e+03 -3.732898669459643326e+00
2.413686900000000151e+03 -3.734781202212266393e+00
2.431745699999999943e+03 -3.729937549047459555e+00
2.450960700000000088e+03 -3.734917068940132534e+00
