1.003471200000000039e+02 -3.469330492833152757e+00
1.278737699999999933e+02 -3.469366993340329053e+00
1.507617799999999875e+02 -3.469176885822951917e+00
1.750548799999999972e+02 -3.468585112620534705e+00
1.976007899999999893e+02 -3.468101446370439156e+00
2.249338400000000036e+02 -3.468230427445622599e+00
2.505863400000000070e+02 -3.468126662637379454e+00
2.721793999999999869e+02 -3.467151550690975359e+00
2.994624200000000087e+02 -3.467500042550018424e+00
3.238792399999999816e+02 -3.466672494424026141e+00
3.488691900000000032e+02 -3.465530258159906563e+00
3.727217600000000175e+02 -3.465258193727061897e+00
4.010803799999999910e+02 -3.464472832238124855e+00
4.239949700000000234e+02 -3.464076233672297001e+00
4.485354300000000194e+02 -3.462119851064685783e+00
4.721475399999999922e+02 -3.461800481473094493e+00
5.011526900000000069e+02 -3.460787237453636589e+00
5.183293999999999642e+02 -3.458526354522548640e+00
5.496102899999999636e+02 -3.457955088172953939e+00
5.715334699999999657e+02 -3.456041300907245706e+00
5.967251300000000356e+02 -3.454072470616624813e+00
6.268458299999999781e+02 -3.453814644738521622e+00
6.513067600000000539e+02 -3.450783254658058130e+00
6.697193099999999504e+02 -3.448211696102593038e+00
6.991875300000000379e+02 -3.446560074117831274e+00
7.116447799999999688e+02 -3.441052198437205334e+00
7.523043599999999742e+02 -3.443496187966558875e+00
7.726217900000000327e+02 -3.439142755591250378e+00
8.034410299999999552e+02 -3.436512340961041634e+00
8.164694100000000390e+02 -3.433008057171471616e+00
8.520981500000000324e+02 -3.432754619119926076e+00
8.611772999999999456e+02 -3.428049806152130508e+00
9.065708600000000388e+02 -3.429906306845982744e+00
9.096644000000000005e+02 -3.422355855160727600e+00
9.513062800000000152e+02 -3.423727257145969372e+00
9.631329799999999750e+02 -3.419065480224408926e+00
1.001906299999999987e+03 -3.419749851494791937e+00
1.017480000000000018e+03 -3.414733371916708560e+00
1.049885899999999992e+03 -3.414177500346905703e+00
1.062800600000000031e+03 -3.408304218813998698e+00
1.087818400000000111e+03 -3.407003550332601272e+00
1.107413099999999986e+03 -3.403314387165313537e+00
1.146474600000000009e+03 -3.402546900062730195e+00
1.165475200000000086e+03 -3.399975827400488981e+00
1.208329199999999901e+03 -3.400156006851281720e+00
1.217902199999999993e+03 -3.396970427140220572e+00
1.248432499999999891e+03 -3.395306940029666709e+00
1.264485699999999952e+03 -3.392459149019880105e+00
1.306420200000000023e+03 -3.393418615139973227e+00
1.314319799999999987e+03 -3.388212294689886050e+00
1.339563699999999926e+03 -3.385217635060422392e+00
1.354121300000000019e+03 -3.380653922212085494e+00
1.402374700000000075e+03 -3.381962805677688699e+00
1.422277700000000095e+03 -3.383175041735491551e+00
1.461036800000000085e+03 -3.377526253848494697e+00
1.467659100000000080e+03 -3.384446117125643028e+00
1.502939100000000053e+03 -3.378688010323223079e+00
1.511784900000000107e+03 -3.373897683458660257e+00
1.543194500000000062e+03 -3.370914036820230830e+00
1.559194700000000012e+03 -3.369687594122965368e+00
1.588530999999999949e+03 -3.368618701084135303e+00
1.620891800000000103e+03 -3.368704742421941845e+00
1.653531899999999951e+03 -3.366754551570006804e+00
1.659933099999999968e+03 -3.363495334662341740e+00
1.708138300000000072e+03 -3.364521861274559988e+00
1.710477900000000091e+03 -3.359658294290823299e+00
1.749292599999999993e+03 -3.355462257884020527e+00
1.773346999999999980e+03 -3.365170672987263245e+00
1.778397400000000061e+03 -3.354669971791162109e+00
1.823279299999999921e+03 -3.357931955159676018e+00
1.850015499999999975e+03 -3.350647937222735795e+00
1.870425400000000081e+03 -3.359282332430512330e+00
1.902958599999999933e+03 -3.351808678403602304e+00
1.923442000000000007e+03 -3.353101653493527845e+00
1.957815900000000056e+03 -3.346232291828023175e+00
1.959487300000000005e+03 -3.351687738405309869e+00
1.993831699999999955e+03 -3.346931654127302203e+00
2.002643499999999904e+03 -3.343310025882189507e+00
2.051627199999999903e+03 -3.344437362451990747e+00
2.078320299999999861e+03 -3.347344929764736854e+00
2.087692599999999857e+03 -3.340591792402871185e+00
2.101128499999999804e+03 -3.335958177153842463e+00
2.134857899999999972e+03 -3.341727053874726128e+00
2.155199000000000069e+03 -3.337733852206473895e+00
2.198006300000000010e+03 -3.339752610110713782e+00
2.220458399999999983e+03 -3.340827584434435948e+00
2.256060899999999947e+03 -3.334069957976187215e+00
2.262602199999999812e+03 -3.337789611855138006e+00
2.281856099999999969e+03 -3.333717413289306819e+00
2.311331999999999880e+03 -3.329438578691446438e+00
2.348932800000000043e+03 -3.334864405813842136e+00
2.363830699999999979e+03 -3.332674846814250635e+00
2.406674799999999777e+03 -3.329273187455294103e+00
2.409739399999999932e+03 -3.326511101954737537e+00
2.432034999999999854e+03 -3.325702650275818684e+00
