1.027594600000000042e+02 -1.487824423850368838e+00
1.290186300000000017e+02 -1.487866453182202786e+00
1.519625200000000120e+02 -1.487244882943988600e+00
1.768153000000000077e+02 -1.486643513613049583e+00
2.005095699999999965e+02 -1.485950309724488827e+00
2.261146899999999960e+02 -1.485312975257816248e+00
2.493376399999999933e+02 -1.484280695967251429e+00
2.757576500000000124e+02 -1.483582502262458025e+00
2.979613200000000006e+02 -1.482192682568638675e+00
3.254120500000000220e+02 -1.481662080160464523e+00
3.493890999999999849e+02 -1.480305923133032442e+00
3.750076799999999935e+02 -1.479057118212032895e+00
3.982951899999999910e+02 -1.477292597560320830e+00
4.227827899999999772e+02 -1.475517389810145019e+00
4.524869100000000230e+02 -1.474671307933467457e+00
4.704916799999999739e+02 -1.471780509653223046e+00
5.014631200000000035e+02 -1.471733813827253323e+00
5.243005900000000565e+02 -1.469567736174697270e+00
5.459835500000000366e+02 -1.467628382978004131e+00
5.704995400000000245e+02 -1.466020803637151371e+00
6.000248800000000529e+02 -1.465014418490744097e+00
6.237558999999999969e+02 -1.463793467091598854e+00
6.432922600000000557e+02 -1.460570852241230178e+00
6.721780199999999468e+02 -1.460386554236126511e+00
6.984666600000000471e+02 -1.458827002068262102e+00
7.223761500000000524e+02 -1.456721749067367844e+00
7.449353499999999713e+02 -1.454142953515313419e+00
7.728115000000000236e+02 -1.453739784341106400e+00
7.941017000000000507e+02 -1.451322546401693669e+00
8.191626800000000230e+02 -1.449924400468017405e+00
8.504458799999999883e+02 -1.450282135533078609e+00
8.726029399999999896e+02 -1.448586199464647839e+00
8.965207100000000082e+02 -1.446540078663393292e+00
9.169424900000000207e+02 -1.444245985958846568e+00
9.521728100000000268e+02 -1.444503175516901994e+00
9.643726500000000215e+02 -1.441262613375696500e+00
9.946682399999999689e+02 -1.440786362755652750e+00
1.011048199999999952e+03 -1.437687914426983626e+00
1.035232700000000023e+03 -1.435526339929475093e+00
1.064275499999999965e+03 -1.437403808219803958e+00
1.100592399999999998e+03 -1.437829850676424215e+00
1.111521300000000110e+03 -1.434186127236782404e+00
1.153638599999999997e+03 -1.437020909009145253e+00
1.174018700000000081e+03 -1.434110453977205601e+00
1.197139400000000023e+03 -1.431098962682774367e+00
1.213332000000000107e+03 -1.431357532979484981e+00
1.242131900000000087e+03 -1.430398137986848894e+00
1.276561799999999948e+03 -1.432104061496496827e+00
1.298974200000000110e+03 -1.429297360000958861e+00
1.316529500000000098e+03 -1.428960627345911227e+00
1.343742299999999886e+03 -1.427406984662774381e+00
1.367205600000000004e+03 -1.426849521275529220e+00
1.408805699999999888e+03 -1.422216940943385577e+00
1.411404700000000048e+03 -1.428114663618995417e+00
1.460664199999999937e+03 -1.422223029269338523e+00
1.469270500000000084e+03 -1.427379335634788804e+00
1.497596299999999928e+03 -1.423435072262108969e+00
1.511988100000000031e+03 -1.419532801718213166e+00
1.547025200000000041e+03 -1.421543367965008020e+00
1.549741800000000012e+03 -1.416298991055354284e+00
1.588633800000000065e+03 -1.418940514056772351e+00
1.621424899999999980e+03 -1.418695856759742746e+00
1.664477599999999939e+03 -1.417346648977027890e+00
1.671381800000000112e+03 -1.418923095509501131e+00
1.704941000000000031e+03 -1.418984579102996690e+00
1.709204400000000078e+03 -1.413165828804053392e+00
1.751845000000000027e+03 -1.416265550059450984e+00
1.766691299999999956e+03 -1.412276726335872645e+00
1.797568999999999960e+03 -1.405682542223061215e+00
1.798792899999999918e+03 -1.413155570019556162e+00
1.860196099999999888e+03 -1.409522701051451943e+00
1.874413500000000113e+03 -1.413657524566222401e+00
1.905273200000000088e+03 -1.413008514084668210e+00
1.921755499999999984e+03 -1.407744888244243153e+00
1.958872200000000021e+03 -1.408887668463670639e+00
1.964469100000000026e+03 -1.402120758066065065e+00
2.000839400000000069e+03 -1.407074802514118428e+00
2.020459000000000060e+03 -1.401908207166287390e+00
2.038738900000000058e+03 -1.394895832435835814e+00
2.049296400000000176e+03 -1.404162150065312975e+00
2.104615400000000136e+03 -1.396785928156551559e+00
2.122458500000000186e+03 -1.406187601195063586e+00
2.158171800000000076e+03 -1.400200935046416850e+00
2.164362500000000182e+03 -1.395844657727625115e+00
2.206200299999999970e+03 -1.389368428860162874e+00
2.225036500000000160e+03 -1.399182750904487627e+00
2.253483799999999974e+03 -1.391565898107834487e+00
2.256894499999999880e+03 -1.387612297135488948e+00
2.301251699999999801e+03 -1.381565675612533850e+00
2.312068699999999808e+03 -1.391560436781030363e+00
2.356977199999999812e+03 -1.379384049476050311e+00
2.385872600000000148e+03 -1.395062461392407416e+00
2.414392699999999877e+03 -1.376348104806863759e+00
2.414523400000000038e+03 -1.383868663153392964e+00
2.456968800000000101e+03 -1.380769743020090923e+00
