1.038996999999999957e+02 1.701920567881131774e+01
1.289909199999999885e+02 1.706153623040911782e+01
1.521059799999999882e+02 1.709990942397720204e+01
1.777197099999999921e+02 1.713591746387136183e+01
2.012520199999999875e+02 1.719033024628536666e+01
2.265214400000000126e+02 1.723912120903725054e+01
2.517875699999999881e+02 1.727372379401587565e+01
2.759749199999999973e+02 1.733316659881946009e+01
2.996543399999999906e+02 1.737425859963362385e+01
3.247331199999999853e+02 1.745385914919600978e+01
3.464455500000000256e+02 1.750536739263179342e+01
3.763917000000000144e+02 1.756136983513128413e+01
3.988674500000000194e+02 1.761786942804803502e+01
4.253053300000000263e+02 1.767520557704050432e+01
4.470311199999999872e+02 1.775635406065540423e+01
4.754334600000000250e+02 1.783955831467535091e+01
5.022786600000000021e+02 1.788709240789741628e+01
5.241234399999999596e+02 1.798554447384490018e+01
5.501068800000000465e+02 1.804672603297374422e+01
5.720930899999999610e+02 1.813721707714227804e+01
6.029564900000000307e+02 1.821105231019743442e+01
6.201056999999999562e+02 1.827617494402605303e+01
6.485583100000000059e+02 1.835681202930999589e+01
6.692376600000000053e+02 1.843217840423366383e+01
7.005145300000000361e+02 1.851552768166090246e+01
7.187806100000000242e+02 1.857021829839202098e+01
7.458211099999999760e+02 1.868105790759210549e+01
7.725575800000000299e+02 1.870896448198656614e+01
8.039446199999999862e+02 1.881120191329126712e+01
8.194477600000000166e+02 1.887065336861388332e+01
8.441915099999999939e+02 1.896299613270914008e+01
8.800327800000000025e+02 1.899827091390189437e+01
8.976161100000000488e+02 1.908916293507022033e+01
9.153656799999999976e+02 1.913311927539181667e+01
9.562610700000000179e+02 1.925252900468145967e+01
9.759783400000000029e+02 1.930054040301241614e+01
9.959985199999999850e+02 1.936253612863830753e+01
1.018073600000000056e+03 1.942458426623244350e+01
1.046789999999999964e+03 1.949725880317524940e+01
1.066768199999999979e+03 1.955010126195807274e+01
1.097684700000000021e+03 1.963018318746183510e+01
1.115724099999999908e+03 1.967806635456950914e+01
1.147188599999999951e+03 1.974208273967026273e+01
1.164083800000000110e+03 1.979788622023203715e+01
1.196900599999999940e+03 1.987340270710360102e+01
1.216950700000000097e+03 1.994110981070629052e+01
1.244542300000000068e+03 2.003690922043557876e+01
1.267850400000000036e+03 2.006596580500712435e+01
1.292509900000000016e+03 2.014934357826175670e+01
1.317745699999999943e+03 2.019402859759820856e+01
1.345922700000000077e+03 2.025444687563607005e+01
1.357080999999999904e+03 2.031711377976796129e+01
1.405018900000000031e+03 2.035122074089151312e+01
1.421992099999999937e+03 2.040020455933238352e+01
1.447532699999999977e+03 2.047986769794422912e+01
1.461884399999999914e+03 2.054205322613474394e+01
1.502700000000000045e+03 2.066274221453287296e+01
1.502888999999999896e+03 2.059448096885813229e+01
1.542216499999999996e+03 2.073057195196417624e+01
1.570904299999999921e+03 2.077147923875432411e+01
1.594098899999999958e+03 2.085526307754935971e+01
1.605716400000000021e+03 2.091999898229187949e+01
1.641858199999999897e+03 2.094660848768573302e+01
1.662430299999999988e+03 2.102273712599226485e+01
1.690625800000000027e+03 2.104821188683085964e+01
1.720207699999999932e+03 2.111783838795033574e+01
1.755525599999999940e+03 2.117517809892122926e+01
1.759227599999999939e+03 2.123652249134948278e+01
1.805860400000000027e+03 2.129860930185223111e+01
1.812399899999999889e+03 2.134733564013841089e+01
1.852645500000000084e+03 2.139571290453897845e+01
1.861869999999999891e+03 2.143628638306533674e+01
1.907595600000000104e+03 2.153276358640341925e+01
1.912319199999999910e+03 2.155561164258090656e+01
1.949356600000000071e+03 2.168218603704457692e+01
1.965484500000000025e+03 2.168003918176266964e+01
1.991109999999999900e+03 2.175609861591695449e+01
2.013728399999999965e+03 2.180156777936087664e+01
2.062188500000000204e+03 2.186687665377569800e+01
2.062455699999999979e+03 2.190885100753104098e+01
2.100664499999999862e+03 2.202042998168125365e+01
2.124504899999999907e+03 2.204688428658660726e+01
2.163124699999999848e+03 2.216597750865051708e+01
2.167827499999999873e+03 2.202060553633218021e+01
2.204450699999999870e+03 2.224469112558518091e+01
2.214292300000000068e+03 2.218498320781599631e+01
2.245304999999999836e+03 2.227754019947079200e+01
2.276736100000000079e+03 2.237773559943008550e+01
2.290982300000000123e+03 2.247223336047221665e+01
2.311295599999999922e+03 2.234913749236718772e+01
2.363918700000000172e+03 2.257684306940769403e+01
2.377345400000000154e+03 2.248721504172603147e+01
2.400791400000000067e+03 2.261313199674333418e+01
2.420943499999999858e+03 2.271456340321595491e+01
2.457127599999999802e+03 2.267988398127416971e+01
