1.001281699999999972e+02 -4.409270887660118987e+00
1.261716700000000060e+02 -4.407521766114720130e+00
1.500460400000000050e+02 -4.407684250503618451e+00
1.777449799999999982e+02 -4.406276537080656475e+00
2.022457200000000057e+02 -4.405831257932806722e+00
2.245762499999999875e+02 -4.403551274579427854e+00
2.489661000000000115e+02 -4.403522422805724368e+00
2.718010100000000193e+02 -4.400613316153111576e+00
2.991785199999999918e+02 -4.400955755200122610e+00
3.235136800000000221e+02 -4.398300715308441688e+00
3.492436599999999771e+02 -4.398368975330664732e+00
3.688714299999999753e+02 -4.394914547046729680e+00
4.009343799999999760e+02 -4.396009686336703304e+00
4.204788599999999974e+02 -4.392347027374691848e+00
4.506074399999999969e+02 -4.392336557176114376e+00
4.703099799999999959e+02 -4.390235317574970431e+00
4.981913299999999936e+02 -4.389977549288861525e+00
5.177275399999999763e+02 -4.387351476161219566e+00
5.489047500000000355e+02 -4.388526508441813689e+00
5.694505299999999579e+02 -4.385851638906572703e+00
5.986999799999999823e+02 -4.385827258608028245e+00
6.170291300000000092e+02 -4.384552325936279971e+00
6.498115299999999479e+02 -4.384205277036904214e+00
6.627734000000000378e+02 -4.381854977594191070e+00
6.969669400000000223e+02 -4.382808061128094401e+00
7.158394799999999805e+02 -4.381548681917806221e+00
7.487269000000000005e+02 -4.382031805372394118e+00
7.683018799999999828e+02 -4.380904254959853361e+00
8.035036800000000312e+02 -4.382596163938002221e+00
8.105372700000000350e+02 -4.378970155618980620e+00
8.486934700000000475e+02 -4.379946597061952218e+00
8.673790699999999561e+02 -4.379528825006557824e+00
8.973585100000000239e+02 -4.378316304339062270e+00
9.101896199999999908e+02 -4.377002880662073103e+00
9.466113800000000538e+02 -4.379575866647635429e+00
9.662199699999999893e+02 -4.377299209445027373e+00
1.005646700000000010e+03 -4.378934303587939780e+00
1.016734299999999962e+03 -4.377856999075483202e+00
1.047510500000000093e+03 -4.378454415615274264e+00
1.065764200000000073e+03 -4.378087923881404109e+00
1.104106299999999919e+03 -4.378704374104220420e+00
1.108600699999999961e+03 -4.376516021733280581e+00
1.139092399999999998e+03 -4.375758645719637130e+00
1.149095299999999952e+03 -4.373557041087695829e+00
1.200669900000000098e+03 -4.378499912692698004e+00
1.208381300000000010e+03 -4.375216188541309670e+00
1.262093299999999999e+03 -4.376231567678984469e+00
1.268640599999999949e+03 -4.379090723013232100e+00
1.304124099999999999e+03 -4.378747274676450196e+00
1.306321400000000040e+03 -4.374579313959165106e+00
1.360771099999999933e+03 -4.377735230223327889e+00
1.363390100000000075e+03 -4.377755770355940435e+00
1.408266800000000103e+03 -4.376370419190926064e+00
1.412523200000000088e+03 -4.378072910341567869e+00
1.444873399999999947e+03 -4.378319349980185571e+00
1.463869500000000016e+03 -4.377773167306259872e+00
1.496529099999999971e+03 -4.378506879794869633e+00
1.514103499999999940e+03 -4.377834050878632866e+00
1.556698900000000094e+03 -4.377375628658406015e+00
1.559661499999999933e+03 -4.379728482899776232e+00
1.597178699999999935e+03 -4.379317767979639342e+00
1.627904299999999921e+03 -4.381638109925367175e+00
1.657946699999999964e+03 -4.378357446782679574e+00
1.660219000000000051e+03 -4.381147710800478379e+00
1.691100300000000061e+03 -4.376265275596668225e+00
1.718624900000000025e+03 -4.380195200951790824e+00
1.733062400000000025e+03 -4.377182161824524798e+00
1.758770999999999958e+03 -4.378707392146823807e+00
1.812810400000000072e+03 -4.381375190063584668e+00
1.815279700000000048e+03 -4.381481241042027186e+00
1.851849999999999909e+03 -4.383521998631254135e+00
1.859332200000000057e+03 -4.381274737165531619e+00
1.906040099999999939e+03 -4.382143369786922094e+00
1.909630699999999933e+03 -4.379280852161919313e+00
1.966915600000000040e+03 -4.383332659142301857e+00
1.967470399999999927e+03 -4.384285469256694157e+00
1.998902199999999993e+03 -4.382925463246098552e+00
2.000855999999999995e+03 -4.381312098218981710e+00
2.049199799999999868e+03 -4.384560594505974684e+00
2.069686400000000049e+03 -4.386061347806077926e+00
2.071919499999999971e+03 -4.380665821421704464e+00
2.093801300000000083e+03 -4.383114428399434992e+00
2.137114300000000185e+03 -4.385559971114146194e+00
2.160364399999999932e+03 -4.384218152527976642e+00
2.208503099999999904e+03 -4.385852258581918406e+00
2.210396999999999935e+03 -4.387042307052065659e+00
2.256013600000000224e+03 -4.389749008225892091e+00
2.261256300000000010e+03 -4.386930882203529336e+00
2.302902799999999843e+03 -4.384299763916107651e+00
2.312581900000000132e+03 -4.387515315589535447e+00
2.343887400000000071e+03 -4.385850116279547350e+00
2.357270100000000184e+03 -4.388969336413737210e+00
2.402809499999999844e+03 -4.389459356870738738e+00
2.418571300000000065e+03 -4.389398333709032762e+00
2.437095299999999952e+03 -4.390861235477498958e+00
