1.036242100000000050e+02 2.379379859556279087e+01
1.278108699999999942e+02 2.383405353144718219e+01
1.520723999999999876e+02 2.389741553022593124e+01
1.784714899999999886e+02 2.395552768166090019e+01
2.018090599999999881e+02 2.401080246285365405e+01
2.256161099999999919e+02 2.410797119886016660e+01
2.506873500000000092e+02 2.417371463464278492e+01
2.731560799999999745e+02 2.423488449012823054e+01
2.974793000000000234e+02 2.429963108080602296e+01
3.244929099999999949e+02 2.436657439446366524e+01
3.495707699999999818e+02 2.443503256665988133e+01
3.760642599999999902e+02 2.452060451862405799e+01
3.970931299999999737e+02 2.459058111133726854e+01
4.215224099999999794e+02 2.467423213922247172e+01
4.489890399999999886e+02 2.476313759413800142e+01
4.710029900000000112e+02 2.484759719112558329e+01
4.995088400000000206e+02 2.492415886423773586e+01
5.218326700000000073e+02 2.500534602076124457e+01
5.460417400000000043e+02 2.508139324241807344e+01
5.678700900000000047e+02 2.517528343171178307e+01
5.980624699999999621e+02 2.525619631589660230e+01
6.249448999999999614e+02 2.536260940362303984e+01
6.522434299999999894e+02 2.542924944026053424e+01
6.720241200000000390e+02 2.554633217993079697e+01
7.041411200000000008e+02 2.562202218603704296e+01
7.138704800000000432e+02 2.567698096885813186e+01
7.457475399999999581e+02 2.573651842051699390e+01
7.698830000000000382e+02 2.580827091390189310e+01
8.005288600000000088e+02 2.590325513942601532e+01
8.200232200000000375e+02 2.602094850396906267e+01
8.544203300000000354e+02 2.609064726236515597e+01
8.626455099999999447e+02 2.618779869733360499e+01
8.977508000000000266e+02 2.628887339710970750e+01
9.198406800000000203e+02 2.635732851618155692e+01
9.485224299999999857e+02 2.645899603093832653e+01
9.784343499999999949e+02 2.651483309586810577e+01
1.000739900000000034e+03 2.659459189904335474e+01
1.024599300000000085e+03 2.666303582332587041e+01
1.057498199999999997e+03 2.676527274577651028e+01
1.072621699999999919e+03 2.683201811520455848e+01
1.096159300000000030e+03 2.693259515570934326e+01
1.111463400000000092e+03 2.702601160187258600e+01
1.147456400000000031e+03 2.709468858131487679e+01
1.168921399999999949e+03 2.720752340728678931e+01
1.192866800000000012e+03 2.729822002849582674e+01
1.219033799999999928e+03 2.737921483818440649e+01
1.243129899999999907e+03 2.745139426012619666e+01
1.274624099999999999e+03 2.754648839812741556e+01
1.298853000000000065e+03 2.763018064319153666e+01
1.312679599999999937e+03 2.776271219214329022e+01
1.346207100000000082e+03 2.781040097699979796e+01
1.352080600000000004e+03 2.797831162222674806e+01
1.398996499999999969e+03 2.804009820883370807e+01
1.414575399999999945e+03 2.812244555261551326e+01
1.447459599999999909e+03 2.819584113576226514e+01
1.468641300000000001e+03 2.836130622837370296e+01
1.508350300000000061e+03 2.842218501933645669e+01
1.510737800000000107e+03 2.846757887237940210e+01
1.548551899999999932e+03 2.872050071239568680e+01
1.555802200000000084e+03 2.858307246081824005e+01
1.597180800000000090e+03 2.877154488092815043e+01
1.614528999999999996e+03 2.891879808670872976e+01
1.637288500000000113e+03 2.898616934663138522e+01
1.653654199999999946e+03 2.912140087522898568e+01
1.701963500000000067e+03 2.940931508243435744e+01
1.705652100000000019e+03 2.911560095664563619e+01
1.740947599999999966e+03 2.929458223081620361e+01
1.749788900000000012e+03 2.960427997150417667e+01
1.812251600000000053e+03 2.958096631386118602e+01
1.814796199999999999e+03 2.976824648890697844e+01
1.850874499999999898e+03 2.982364848361489607e+01
1.876620799999999917e+03 3.011145634032159535e+01
1.890443299999999908e+03 2.993307754935884191e+01
1.893765599999999949e+03 3.034585436596783836e+01
1.957033200000000079e+03 3.056832230816202056e+01
1.963255499999999984e+03 3.019631182576837247e+01
2.002928200000000061e+03 3.039170059027070891e+01
2.004451600000000099e+03 3.077892784449419850e+01
2.033662499999999909e+03 3.069966873600651525e+01
2.050608099999999922e+03 3.110298137594138268e+01
2.111141900000000078e+03 3.097218552819051496e+01
2.111302999999999884e+03 3.138622837370242280e+01
2.154491899999999987e+03 3.133763891715856076e+01
2.156540599999999813e+03 3.158103042947282901e+01
2.205857800000000225e+03 3.160097903521269913e+01
2.214081400000000031e+03 3.208828159983716688e+01
2.237811599999999999e+03 3.199272542234887240e+01
2.265596100000000206e+03 3.226211327091390757e+01
2.289952999999999975e+03 3.227265367392631390e+01
2.298211600000000089e+03 3.274550071239568183e+01
2.339310300000000097e+03 3.272535670669651608e+01
2.351170999999999822e+03 3.300691888866273160e+01
2.381623599999999897e+03 3.302846275188275627e+01
2.403436999999999898e+03 3.335977610421331008e+01
2.472805899999999838e+03 3.351972878078566964e+01
