9.968277799999999900e+01 -3.307481157132599492e+00
9.996751999999999327e+01 -3.307576649333135776e+00
1.273565899999999971e+02 -3.307493316438787634e+00
1.489271799999999928e+02 -3.307189120565293461e+00
1.499938300000000027e+02 -3.307013924357675272e+00
1.760656500000000051e+02 -3.307059931952805787e+00
1.985634799999999984e+02 -3.306623371990581983e+00
2.009011000000000138e+02 -3.306878873841679223e+00
2.233586200000000019e+02 -3.306087958482326616e+00
2.481552599999999984e+02 -3.305942409651960290e+00
2.489777699999999925e+02 -3.305727454795142961e+00
2.729766000000000190e+02 -3.305202645815553897e+00
3.000291300000000092e+02 -3.304900263002291450e+00
3.019641199999999799e+02 -3.305297707920754391e+00
3.218847000000000094e+02 -3.303353232906736103e+00
3.442380800000000249e+02 -3.302497282114916999e+00
3.475537800000000175e+02 -3.303108629180485867e+00
3.723732999999999720e+02 -3.300060029277088525e+00
3.973766499999999837e+02 -3.298978554146978937e+00
4.025119900000000257e+02 -3.299570644117192142e+00
4.172093399999999974e+02 -3.293204875017426314e+00
4.510008000000000266e+02 -3.295049076981929392e+00
4.544202199999999721e+02 -3.294758222873920950e+00
4.683152099999999791e+02 -3.289586920677075366e+00
4.963808999999999969e+02 -3.289415175547165227e+00
4.964966000000000008e+02 -3.289290954405664102e+00
5.187752000000000407e+02 -3.285435822115851945e+00
5.523253799999999956e+02 -3.285350459306541904e+00
5.542692700000000059e+02 -3.285905354655289656e+00
5.715270400000000564e+02 -3.282055413100111174e+00
6.053653299999999717e+02 -3.281241153670820587e+00
6.067358500000000276e+02 -3.281791572731480144e+00
6.199795599999999922e+02 -3.277310542030251295e+00
6.480353199999999561e+02 -3.275432281090134179e+00
6.507314800000000332e+02 -3.275890232490287435e+00
6.637621299999999565e+02 -3.272492122758496436e+00
6.979907799999999725e+02 -3.271757407290335706e+00
6.986076299999999719e+02 -3.272605507496487931e+00
7.237754999999999654e+02 -3.270820533123480534e+00
7.447327800000000479e+02 -3.267751535676732821e+00
7.447962800000000243e+02 -3.268567208764025622e+00
7.655997300000000223e+02 -3.265057313543661799e+00
8.010433600000000069e+02 -3.265693431822301207e+00
8.014903100000000222e+02 -3.265617902595852495e+00
8.197525799999999663e+02 -3.263052527252830792e+00
8.428395299999999679e+02 -3.260581160901293796e+00
8.581132099999999809e+02 -3.263473126693444470e+00
8.642228099999999813e+02 -3.258930709381943736e+00
8.927613700000000563e+02 -3.256327373801785274e+00
9.000405899999999519e+02 -3.257110275864384619e+00
9.223899099999999862e+02 -3.257207631272494464e+00
9.402273000000000138e+02 -3.253800225882659714e+00
9.456480500000000120e+02 -3.254398422430032856e+00
9.640588299999999435e+02 -3.252586074521481407e+00
9.955363200000000461e+02 -3.252235234244412965e+00
1.000160399999999981e+03 -3.252580152308242045e+00
1.011761700000000019e+03 -3.249567768341346419e+00
1.043544300000000021e+03 -3.249837836419123160e+00
1.050533100000000104e+03 -3.249385319215238432e+00
1.060238100000000031e+03 -3.246741496943074790e+00
1.101469000000000051e+03 -3.247569445007200351e+00
1.105845000000000027e+03 -3.249534943476022786e+00
1.118982299999999896e+03 -3.246731878940969818e+00
1.147240299999999934e+03 -3.244917095856583167e+00
1.154623499999999922e+03 -3.246508020687832730e+00
1.167166300000000092e+03 -3.244525416280597874e+00
1.198218900000000076e+03 -3.241748073597448432e+00
1.206664099999999962e+03 -3.243670945310098030e+00
1.213617899999999963e+03 -3.241186125278826324e+00
1.250881499999999960e+03 -3.241573171509074758e+00
1.261376299999999901e+03 -3.244165942264703340e+00
1.266706899999999905e+03 -3.240273450787568343e+00
1.298030299999999897e+03 -3.238108248411998513e+00
1.303025599999999940e+03 -3.239768704763619667e+00
1.307896400000000085e+03 -3.234795509886875031e+00
1.344421000000000049e+03 -3.239100302902541362e+00
1.346141499999999951e+03 -3.235538318646969724e+00
1.375781799999999976e+03 -3.238916782198232092e+00
1.396950000000000045e+03 -3.235702433895665475e+00
1.401840999999999894e+03 -3.237546541316482784e+00
1.416006699999999910e+03 -3.235281982661544653e+00
1.453363700000000108e+03 -3.234360943835092428e+00
1.453673000000000002e+03 -3.234404419206796888e+00
1.466946099999999888e+03 -3.233814204398773207e+00
1.504813799999999901e+03 -3.233947591445597514e+00
1.515502400000000080e+03 -3.233681599121853267e+00
1.522894399999999905e+03 -3.233830060479289337e+00
1.548130599999999959e+03 -3.229471106155339832e+00
1.551598799999999983e+03 -3.229887906409941500e+00
1.564437899999999900e+03 -3.230998235667090324e+00
1.594781400000000076e+03 -3.229290578755426910e+00
1.598825499999999920e+03 -3.227254896896738945e+00
1.610621399999999994e+03 -3.227210997171181983e+00
1.656713600000000042e+03 -3.229347540297710317e+00
1.659797600000000102e+03 -3.226558972017033788e+00
1.664934999999999945e+03 -3.233576792991342597e+00
1.699595299999999952e+03 -3.222951428684034614e+00
1.700155700000000024e+03 -3.225547555022027169e+00
1.715988200000000006e+03 -3.226946901625784569e+00
1.746155799999999999e+03 -3.226289791823373498e+00
1.754107099999999946e+03 -3.223050632903873502e+00
1.754339899999999943e+03 -3.228043342290245921e+00
1.792240199999999959e+03 -3.223118700745782217e+00
1.805124299999999948e+03 -3.222666014508138055e+00
1.814288299999999936e+03 -3.223225402372899229e+00
1.845003899999999931e+03 -3.224838396245529815e+00
1.852971700000000055e+03 -3.220351925456940378e+00
1.854365600000000086e+03 -3.221614932576291945e+00
1.889635500000000093e+03 -3.220752240369035846e+00
1.892258299999999963e+03 -3.221659932223934764e+00
1.917002999999999929e+03 -3.221225767593492328e+00
1.956559500000000071e+03 -3.220197839541365958e+00
1.971960299999999961e+03 -3.222788096839467098e+00
1.975861499999999978e+03 -3.224739999251506894e+00
2.004616899999999987e+03 -3.221347768960697522e+00
2.013574299999999994e+03 -3.219409822329743598e+00
2.014338799999999992e+03 -3.219105018300682630e+00
2.050847200000000157e+03 -3.218569525186760316e+00
2.051403699999999844e+03 -3.214498756873334084e+00
2.058895700000000033e+03 -3.220822113576036649e+00
2.102657200000000103e+03 -3.215673089545040497e+00
2.112526600000000144e+03 -3.220791236702277072e+00
2.112864300000000185e+03 -3.218471659168646415e+00
2.142273000000000138e+03 -3.214433644583277072e+00
2.142343199999999797e+03 -3.210748098400408423e+00
2.153486100000000079e+03 -3.216554823399391694e+00
2.195141700000000128e+03 -3.210473431956189394e+00
2.213906199999999899e+03 -3.217266979165171126e+00
2.214262799999999970e+03 -3.214063879353322051e+00
2.225150799999999890e+03 -3.211110885115797675e+00
2.257561599999999999e+03 -3.215696876670507187e+00
2.267116899999999987e+03 -3.213123096080728214e+00
2.280305499999999938e+03 -3.210714018225190092e+00
2.303839199999999892e+03 -3.209801510186047313e+00
2.305860299999999825e+03 -3.211661832984996856e+00
2.339656100000000151e+03 -3.208697875427838131e+00
2.350997600000000148e+03 -3.207773579362490857e+00
2.367808899999999994e+03 -3.211573990899422082e+00
2.402634199999999964e+03 -3.206262348935209783e+00
2.406112000000000080e+03 -3.216504855080266623e+00
2.424188599999999951e+03 -3.213055433124083926e+00
2.458890600000000177e+03 -3.206631771140539655e+00
