1.224663500000000056e+02 1.747126501119478803e+01
1.332743800000000078e+02 1.748866476694484007e+01
1.720051100000000019e+02 1.753790860981070665e+01
1.722854199999999878e+02 1.753745267657236084e+01
1.821330199999999877e+02 1.755312334622430015e+01
2.199196399999999869e+02 1.760615764298799135e+01
2.200439800000000048e+02 1.760583910034602084e+01
2.294665599999999870e+02 1.762180948503969091e+01
2.688670799999999872e+02 1.767270659474862882e+01
2.691563699999999812e+02 1.767345766334215185e+01
2.792979100000000017e+02 1.769215041726032922e+01
3.175303700000000049e+02 1.775199318135558713e+01
3.175511500000000069e+02 1.775216619173621169e+01
3.267139999999999986e+02 1.777004223488703261e+01
3.674956599999999867e+02 1.782877620598412349e+01
3.684554400000000101e+02 1.782911408508039841e+01
3.762561400000000162e+02 1.784843832688784815e+01
4.177798999999999978e+02 1.791866018725829335e+01
4.178165300000000002e+02 1.791863881538774805e+01
4.241715699999999742e+02 1.794640240179116830e+01
4.679414100000000190e+02 1.800794982698961988e+01
4.690915200000000027e+02 1.800822257276613314e+01
4.746232800000000225e+02 1.802511500101770636e+01
5.130992499999999836e+02 1.810198758396091989e+01
5.145890200000000050e+02 1.810169295745980023e+01
5.314926100000000133e+02 1.809924129859556174e+01
5.655137300000000096e+02 1.818006258904946293e+01
5.661729500000000144e+02 1.818155556686342322e+01
5.726236699999999473e+02 1.820778088744147993e+01
6.122830500000000029e+02 1.830545695094647130e+01
6.140926200000000108e+02 1.830524374109505459e+01
6.233926999999999907e+02 1.831725625890494413e+01
6.663698200000000043e+02 1.840634998982292103e+01
6.682043300000000272e+02 1.840645379605129150e+01
6.722442399999999907e+02 1.842125941380012222e+01
7.129277200000000221e+02 1.852333044982698951e+01
7.145603099999999586e+02 1.852266334215347143e+01
7.207211899999999787e+02 1.853279869733360385e+01
7.593366099999999506e+02 1.863170567881131845e+01
7.606871200000000499e+02 1.863151842051699347e+01
7.661259900000000016e+02 1.864884032159576677e+01
8.115832900000000336e+02 1.875886678200691904e+01
8.168466100000000552e+02 1.875805668634235701e+01
8.242561500000000478e+02 1.876599175656421892e+01
8.618616399999999658e+02 1.886892733564013724e+01
8.626325699999999870e+02 1.886801852228780874e+01
8.755290499999999838e+02 1.886913443924282419e+01
9.151183499999999640e+02 1.898512823122328541e+01
9.165789200000000392e+02 1.898404793405251567e+01
9.167939900000000080e+02 1.899594545084469743e+01
9.629467899999999645e+02 1.910569713006309556e+01
9.652300699999999551e+02 1.910610065133320035e+01
9.752743600000000015e+02 1.912604365967840536e+01
1.010994900000000030e+03 1.922919346631385906e+01
1.012583099999999945e+03 1.922851465499694612e+01
1.021874199999999973e+03 1.923466619173620984e+01
1.064896999999999935e+03 1.937136678200691975e+01
1.066098999999999933e+03 1.936899755750050645e+01
1.071196799999999939e+03 1.935345461021779201e+01
1.106439200000000028e+03 1.946617799715041741e+01
1.111419499999999971e+03 1.946633421534703956e+01
1.113228200000000015e+03 1.950332536128638239e+01
1.163131100000000060e+03 1.959962497455729746e+01
1.165550099999999929e+03 1.962491298595562839e+01
1.166472700000000032e+03 1.959986973336047456e+01
1.211802100000000110e+03 1.971793150824343499e+01
1.215146500000000060e+03 1.971755902707103303e+01
1.218466200000000072e+03 1.975657897415021225e+01
1.246964899999999943e+03 1.982704152249134921e+01
1.250919399999999996e+03 1.982648839812741670e+01
1.264741800000000012e+03 1.985919448402198384e+01
1.307366099999999960e+03 1.996649196010584149e+01
1.314404899999999998e+03 1.996743791980460259e+01
1.319922100000000000e+03 1.999102127009973628e+01
1.354456500000000005e+03 2.008579737431304935e+01
1.364007700000000114e+03 2.008582027274577442e+01
1.381090500000000020e+03 2.011452116832892401e+01
1.400106999999999971e+03 2.021085436596784035e+01
1.407068899999999985e+03 2.021080348056177556e+01
1.407495899999999892e+03 2.026017708121310790e+01
1.452905899999999974e+03 2.033818135558721707e+01
1.455768399999999929e+03 2.033824750661510095e+01
1.460745899999999892e+03 2.039447130063097902e+01
1.503255000000000109e+03 2.049142530022389508e+01
1.509071599999999989e+03 2.049246081823732979e+01
1.521437699999999950e+03 2.048487329533889678e+01
1.547534400000000005e+03 2.061299053531447001e+01
1.547556700000000092e+03 2.061335080398941599e+01
1.560127600000000029e+03 2.063513891715856019e+01
1.598159300000000030e+03 2.075465448809281455e+01
1.599037900000000036e+03 2.075394921636474521e+01
1.601034000000000106e+03 2.075691888866273160e+01
1.651668599999999969e+03 2.089253358436800312e+01
1.654220700000000079e+03 2.089167667412985807e+01
1.661939100000000053e+03 2.088825310400977031e+01
1.694737399999999980e+03 2.101935833502951212e+01
1.697443099999999959e+03 2.105748727864848391e+01
1.698383299999999963e+03 2.101910696112354771e+01
1.746929799999999886e+03 2.118245471198860130e+01
1.756593200000000024e+03 2.118117189090169106e+01
1.761067099999999982e+03 2.114287146346427804e+01
1.794212700000000041e+03 2.132322867901486063e+01
1.798909300000000030e+03 2.132296916344392557e+01
1.806461600000000089e+03 2.134172501526562371e+01
1.846285800000000108e+03 2.145673468349277258e+01
1.854419799999999896e+03 2.145609098310604423e+01
1.861393499999999904e+03 2.144333299409729321e+01
1.893036800000000085e+03 2.159108080602483071e+01
1.893409699999999930e+03 2.159111286383065220e+01
1.918498299999999972e+03 2.163543252595155764e+01
1.944050099999999929e+03 2.168833859149195931e+01
1.944796100000000024e+03 2.168814980663545811e+01
1.965727599999999939e+03 2.168553327905556571e+01
1.999060600000000022e+03 2.185623549765927010e+01
2.003605399999999918e+03 2.185608080602483128e+01
2.018612599999999929e+03 2.185518522287807741e+01
2.029893499999999904e+03 2.201903826582536183e+01
2.042699499999999944e+03 2.201923163036840947e+01
2.051247600000000148e+03 2.202460512924892910e+01
2.081652399999999943e+03 2.223935222878078477e+01
2.096852800000000116e+03 2.219182780378587339e+01
2.099332399999999780e+03 2.219242061876653693e+01
2.134112099999999828e+03 2.232407897415021480e+01
2.139982800000000225e+03 2.232456645634032100e+01
2.167124499999999898e+03 2.233187309179727009e+01
2.181995800000000145e+03 2.252515367392631873e+01
2.192811499999999796e+03 2.252506716873600467e+01
2.217135600000000068e+03 2.252802106655811087e+01
2.244122499999999945e+03 2.270495471198860216e+01
2.245157000000000153e+03 2.270391563199674323e+01
2.251677000000000135e+03 2.269566812538164058e+01
2.287243500000000040e+03 2.285069560350091677e+01
2.291932600000000093e+03 2.285032006920415171e+01
2.311525099999999838e+03 2.286741247710156699e+01
2.339269999999999982e+03 2.301736820679829165e+01
2.350176899999999932e+03 2.301697588031752417e+01
2.367831299999999828e+03 2.302409016893954785e+01
2.401500900000000001e+03 2.323980510889477102e+01
2.402869200000000092e+03 2.322838489721147681e+01
2.410194100000000162e+03 2.322775391817626911e+01
2.424501999999999953e+03 2.328421941787095406e+01
2.425213900000000194e+03 2.328402859759820842e+01
