1.005359899999999982e+02 -3.318949999317390542e+00
1.008624700000000018e+02 -3.318891107593800793e+00
1.272313800000000015e+02 -3.318603731610401120e+00
1.498002500000000055e+02 -3.318447800285374782e+00
1.498704099999999926e+02 -3.318212681376201623e+00
1.746555500000000052e+02 -3.318000959892548618e+00
1.989824700000000064e+02 -3.318021583405609487e+00
2.005511600000000101e+02 -3.317993017602513195e+00
2.222658099999999877e+02 -3.316972705670309107e+00
2.487903100000000052e+02 -3.316655330939180857e+00
2.509430199999999900e+02 -3.317669207362201611e+00
2.743259499999999775e+02 -3.316580229909190436e+00
2.955749099999999885e+02 -3.315594015933379435e+00
2.994692699999999945e+02 -3.315875566718946565e+00
3.243327899999999886e+02 -3.315031553578376755e+00
3.503008500000000254e+02 -3.314353403543027099e+00
3.508515400000000000e+02 -3.314188369133671763e+00
3.722440599999999904e+02 -3.311663143708523105e+00
3.994732500000000073e+02 -3.311238102099118841e+00
4.037910800000000222e+02 -3.311623632686695018e+00
4.209019099999999867e+02 -3.307231633383603153e+00
4.478654599999999846e+02 -3.306124393204640022e+00
4.535946900000000142e+02 -3.307160520346836385e+00
4.736877299999999877e+02 -3.303226994422915563e+00
4.990487100000000282e+02 -3.301942176902402881e+00
5.022469300000000203e+02 -3.302389426201921996e+00
5.181971600000000535e+02 -3.297295953723994089e+00
5.440492900000000418e+02 -3.296450188452186403e+00
5.541524299999999812e+02 -3.297755059630807395e+00
5.702121799999999894e+02 -3.293630873182276542e+00
5.994623400000000402e+02 -3.292476969532806219e+00
6.037469999999999573e+02 -3.293578940280622813e+00
6.179879799999999932e+02 -3.289164954341702529e+00
6.509986099999999851e+02 -3.288151281550664162e+00
6.552309500000000071e+02 -3.289019850697232794e+00
6.742302200000000312e+02 -3.285899787755313994e+00
6.937223599999999806e+02 -3.282005808323305907e+00
6.943970500000000357e+02 -3.283194477034407033e+00
7.180529199999999719e+02 -3.281297574355042990e+00
7.480298800000000483e+02 -3.280349779950805456e+00
7.493393200000000434e+02 -3.280948066258410734e+00
7.673691400000000158e+02 -3.277216603661707417e+00
7.944108700000000454e+02 -3.275494422930720351e+00
8.041614799999999832e+02 -3.278736653913217225e+00
8.175472200000000385e+02 -3.274444182846363738e+00
8.519923499999999876e+02 -3.273591149252328414e+00
8.575898499999999558e+02 -3.274672755456593531e+00
8.655357699999999568e+02 -3.270753648810098557e+00
8.897508199999999761e+02 -3.268251610605885649e+00
8.912613999999999805e+02 -3.270017507250568833e+00
9.179106900000000451e+02 -3.268018114773942440e+00
9.517544199999999819e+02 -3.267772837512212369e+00
9.528800800000000208e+02 -3.268477846696726363e+00
9.569437900000000354e+02 -3.263125893074150241e+00
9.909663699999999835e+02 -3.263606782893992531e+00
1.002230800000000045e+03 -3.265429812851914360e+00
1.011195900000000051e+03 -3.261476708442415440e+00
1.049992899999999963e+03 -3.262069806797034399e+00
1.053432299999999941e+03 -3.262542157810965904e+00
1.060774200000000064e+03 -3.259957995022976007e+00
1.087441000000000031e+03 -3.256841411338647241e+00
1.114648200000000088e+03 -3.261417808833293908e+00
1.116442199999999957e+03 -3.257097500327975403e+00
1.154209900000000061e+03 -3.258095784417077034e+00
1.157495699999999943e+03 -3.258540435728817908e+00
1.169452700000000050e+03 -3.256847261517042735e+00
1.193736699999999928e+03 -3.253992856931427813e+00
1.208983999999999924e+03 -3.256711353263514130e+00
1.217308199999999943e+03 -3.253985398779163596e+00
1.248095800000000054e+03 -3.253612375513290189e+00
1.251722600000000057e+03 -3.253066411505410649e+00
1.271572300000000041e+03 -3.253221259659065723e+00
1.293808800000000019e+03 -3.249426432364170392e+00
1.308613299999999981e+03 -3.251947716410288791e+00
1.310722500000000082e+03 -3.249346945486943472e+00
1.344852599999999939e+03 -3.248633567455331050e+00
1.351246799999999894e+03 -3.249670474960817401e+00
1.361733400000000074e+03 -3.246692481440409228e+00
1.378248000000000047e+03 -3.246243993906213987e+00
1.398300999999999931e+03 -3.248257678416477834e+00
1.418823000000000093e+03 -3.248524758163614301e+00
1.442740099999999984e+03 -3.245938875308102212e+00
1.456126199999999926e+03 -3.247364693929624124e+00
1.460596900000000005e+03 -3.245063406169509612e+00
1.498411399999999958e+03 -3.244823127480072955e+00
1.512514400000000023e+03 -3.243875709921976380e+00
1.515799400000000105e+03 -3.246045678537472057e+00
1.540261999999999944e+03 -3.240634097347886211e+00
1.543376199999999926e+03 -3.243035251695145504e+00
1.568747100000000046e+03 -3.241929571051177739e+00
1.600682000000000016e+03 -3.240257432228091261e+00
1.601879500000000007e+03 -3.238210659320441387e+00
1.617143600000000106e+03 -3.244956600761352838e+00
1.648418300000000045e+03 -3.241861955219724756e+00
1.654269600000000082e+03 -3.240460425557883717e+00
1.665364000000000033e+03 -3.239733138699919746e+00
1.678325199999999995e+03 -3.239045601119089568e+00
1.692740700000000061e+03 -3.237756520391398940e+00
1.722882599999999911e+03 -3.239914616820691151e+00
1.746286499999999933e+03 -3.238063505065079006e+00
1.757797499999999900e+03 -3.238306934088076794e+00
1.769823300000000017e+03 -3.237863685268511649e+00
1.784928400000000011e+03 -3.234103327661640659e+00
1.791905099999999948e+03 -3.230369593622708813e+00
1.817933399999999892e+03 -3.239200757921731011e+00
1.838309099999999944e+03 -3.236206934585990069e+00
1.857636799999999994e+03 -3.234959076340430340e+00
1.860141900000000078e+03 -3.233541866557138711e+00
1.893042699999999968e+03 -3.233449423972490244e+00
1.910599099999999908e+03 -3.231592061787449399e+00
1.916329199999999901e+03 -3.237226470019455515e+00
1.949818999999999960e+03 -3.236317081331877343e+00
1.966330200000000104e+03 -3.235266300215702717e+00
1.967274899999999889e+03 -3.234298433601253908e+00
1.992563000000000102e+03 -3.233325784716230000e+00
2.009127500000000055e+03 -3.229824148068421330e+00
2.010236900000000105e+03 -3.231203714150722828e+00
2.049808899999999994e+03 -3.229155419047680109e+00
2.052644200000000183e+03 -3.224844486440233471e+00
2.057665899999999965e+03 -3.232829954161579700e+00
2.090823100000000068e+03 -3.231011001455097009e+00
2.119202600000000075e+03 -3.227507549158420641e+00
2.119656800000000203e+03 -3.228151378426836526e+00
2.147254100000000108e+03 -3.229767104082050366e+00
2.155326100000000224e+03 -3.229830876583956734e+00
2.177073699999999917e+03 -3.230628415266227016e+00
2.187050499999999829e+03 -3.228621315045650420e+00
2.212916400000000067e+03 -3.225511503242491695e+00
2.219598800000000210e+03 -3.224468936946997211e+00
2.245949200000000019e+03 -3.219915784512372703e+00
2.247243199999999888e+03 -3.227776973227396873e+00
2.250298099999999977e+03 -3.226697602961801525e+00
2.276087399999999889e+03 -3.222087579414948610e+00
2.293773200000000088e+03 -3.223083840681097101e+00
2.303169100000000071e+03 -3.222505998364251223e+00
2.334148499999999785e+03 -3.220901417348411844e+00
2.359773700000000190e+03 -3.223230550167496045e+00
2.373963900000000194e+03 -3.222268071230381281e+00
2.393273599999999988e+03 -3.224956685211641805e+00
2.401431399999999940e+03 -3.221213053946653915e+00
2.416942000000000007e+03 -3.221803658872021359e+00
2.454589300000000094e+03 -3.216496646596198161e+00
