9.928042200000000150e+01 -4.412783918032181951e+00
1.273399699999999939e+02 -4.411687778233991608e+00
1.497429199999999980e+02 -4.411622629247397676e+00
1.746910499999999900e+02 -4.409605343944067002e+00
1.977269799999999975e+02 -4.409557435576220819e+00
2.251755799999999965e+02 -4.407563530637879978e+00
2.495529500000000098e+02 -4.407212197498058259e+00
2.735951900000000023e+02 -4.404857475105456110e+00
2.977579000000000065e+02 -4.404211079590211853e+00
3.232196000000000140e+02 -4.402404722340262033e+00
3.519539599999999950e+02 -4.402456320040720072e+00
3.719853299999999763e+02 -4.398967211462685434e+00
3.978902699999999868e+02 -4.399014042246242262e+00
4.209267500000000268e+02 -4.396127430145356563e+00
4.508544800000000237e+02 -4.396882357615279346e+00
4.683002200000000244e+02 -4.393591797753482631e+00
4.982118600000000015e+02 -4.393734841233428945e+00
5.167692500000000564e+02 -4.391349210316483287e+00
5.537634699999999839e+02 -4.392244216697895887e+00
5.663952000000000453e+02 -4.388611897397981743e+00
6.008897399999999607e+02 -4.390142286570433150e+00
6.159113300000000208e+02 -4.387438957918332605e+00
6.435974300000000312e+02 -4.387271513538574474e+00
6.670187700000000177e+02 -4.385700047760772158e+00
7.044376200000000381e+02 -4.386848886035714656e+00
7.180395899999999756e+02 -4.385698361950440827e+00
7.469423100000000204e+02 -4.385539565886510616e+00
7.711675800000000436e+02 -4.384916212906592392e+00
8.054205100000000357e+02 -4.384907701026836691e+00
8.151364600000000564e+02 -4.382060114799051220e+00
8.507685800000000427e+02 -4.382298798254955052e+00
8.620370599999999968e+02 -4.380344481161923653e+00
9.060240599999999631e+02 -4.383358831733932703e+00
9.146179499999999507e+02 -4.379835306622858582e+00
9.448431000000000495e+02 -4.379889186996186901e+00
9.615415900000000420e+02 -4.378859702152337441e+00
9.946299599999999828e+02 -4.380042495516446976e+00
1.009151500000000055e+03 -4.378137331394801990e+00
1.051908599999999979e+03 -4.380898098369405247e+00
1.058686099999999897e+03 -4.378082234150148189e+00
1.101436599999999999e+03 -4.379727515125389381e+00
1.107899499999999989e+03 -4.376915604483327726e+00
1.147196899999999914e+03 -4.378325629807167552e+00
1.171316700000000083e+03 -4.379874786836658984e+00
1.193209200000000010e+03 -4.377245455723395295e+00
1.208889200000000073e+03 -4.376836448669974011e+00
1.266108999999999924e+03 -4.380248944831881097e+00
1.267853100000000040e+03 -4.378058317090898655e+00
1.296075000000000045e+03 -4.376993666123325966e+00
1.308309700000000021e+03 -4.376750514113565416e+00
1.353445799999999963e+03 -4.380297020489028803e+00
1.360732700000000023e+03 -4.377394853231832528e+00
1.412916300000000092e+03 -4.377969415445945423e+00
1.413798600000000079e+03 -4.378568462171874565e+00
1.442879400000000032e+03 -4.376477431401728957e+00
1.465303000000000111e+03 -4.377512623904380007e+00
1.495908200000000079e+03 -4.379968693299553628e+00
1.501914199999999937e+03 -4.374715186384711352e+00
1.554107600000000048e+03 -4.378494806010072793e+00
1.554707699999999932e+03 -4.378938820257697984e+00
1.585712399999999889e+03 -4.378358538802272548e+00
1.602767399999999952e+03 -4.376916130350573475e+00
1.653267599999999902e+03 -4.378256395733021833e+00
1.668993600000000015e+03 -4.381259697855743873e+00
1.681373199999999997e+03 -4.378062147045768349e+00
1.717220700000000079e+03 -4.380367654423600321e+00
1.749260199999999941e+03 -4.377192941476665489e+00
1.756724600000000009e+03 -4.379152151020922368e+00
1.795599500000000035e+03 -4.376864919930715914e+00
1.828458000000000084e+03 -4.383260778672825708e+00
1.857134199999999964e+03 -4.381598073605223576e+00
1.861879400000000032e+03 -4.382072563319542979e+00
1.904830099999999902e+03 -4.381988661653678285e+00
1.906974400000000060e+03 -4.380607325047813916e+00
1.954207900000000109e+03 -4.381610258285787651e+00
1.955674199999999928e+03 -4.382566773616385802e+00
1.986869200000000092e+03 -4.380704678933187601e+00
2.004721600000000080e+03 -4.382130789587679764e+00
2.044915899999999965e+03 -4.380277057562822485e+00
2.067139400000000023e+03 -4.384756652940822619e+00
2.095704200000000128e+03 -4.383726964346646326e+00
2.110397899999999936e+03 -4.384239704122242287e+00
2.137415700000000015e+03 -4.382710909572422153e+00
2.140448600000000170e+03 -4.380539295793111521e+00
2.193336200000000190e+03 -4.384367909758148940e+00
2.212966100000000097e+03 -4.387316484798191141e+00
2.230508600000000115e+03 -4.383626555036202355e+00
2.268688500000000204e+03 -4.382611922098351265e+00
2.268952800000000025e+03 -4.384404297353206914e+00
2.315108000000000175e+03 -4.389451845328851576e+00
2.348807200000000194e+03 -4.390055831499959815e+00
2.366607899999999972e+03 -4.387733079015885274e+00
2.408146099999999933e+03 -4.391419271387880130e+00
2.417107399999999870e+03 -4.390301791563850031e+00
2.459149499999999989e+03 -4.387286275728818907e+00
