1.018945300000000032e+02 1.116635558721758592e+01
1.276514700000000033e+02 1.117663596580500673e+01
1.505112900000000025e+02 1.118930083452065993e+01
1.757690499999999929e+02 1.120136271117443449e+01
2.009438700000000040e+02 1.121403572155505834e+01
2.235093899999999962e+02 1.122453287197231830e+01
2.500802099999999939e+02 1.122795186240586141e+01
2.747624999999999886e+02 1.124227254223488792e+01
2.980613700000000108e+02 1.125843476490942408e+01
3.223558699999999817e+02 1.126245064115611605e+01
3.489726499999999874e+02 1.127719316100142422e+01
3.717439299999999776e+02 1.128375330755139494e+01
3.980452900000000227e+02 1.130426979442295909e+01
4.206695599999999899e+02 1.131481426826786141e+01
4.468492600000000152e+02 1.131835436596784028e+01
4.716851199999999835e+02 1.134755139426012605e+01
4.941422499999999900e+02 1.134146244657032376e+01
5.224778000000000020e+02 1.135972572766130639e+01
5.457957499999999982e+02 1.137408609810706395e+01
5.712648100000000113e+02 1.137675859963362512e+01
6.007881399999999985e+02 1.139626806431915362e+01
6.182679600000000164e+02 1.140202523916140898e+01
6.459097600000000057e+02 1.141796865458986510e+01
6.670593099999999822e+02 1.143302869936902155e+01
6.936161799999999857e+02 1.145118562996132816e+01
7.163199100000000499e+02 1.145586403419499355e+01
7.473588999999999487e+02 1.146833502951353623e+01
7.730902800000000070e+02 1.148358335029513633e+01
8.026463300000000345e+02 1.150847547323427555e+01
8.186421100000000024e+02 1.151901282312232944e+01
8.459533400000000256e+02 1.153804243842865773e+01
8.690086300000000392e+02 1.155867850600447788e+01
8.940139900000000353e+02 1.157137899450437502e+01
9.220210499999999456e+02 1.158785212700997391e+01
9.487930400000000191e+02 1.160377518827600341e+01
9.606372499999999945e+02 1.162174689599022948e+01
1.004366800000000012e+03 1.164074445349073983e+01
1.015507600000000025e+03 1.165880979035212661e+01
1.045588199999999915e+03 1.167427335640138431e+01
1.065333200000000033e+03 1.170243588438835758e+01
1.103178699999999935e+03 1.170207663342153381e+01
1.113066800000000057e+03 1.173819509464685495e+01
1.159499299999999948e+03 1.174234785263586467e+01
1.163540999999999940e+03 1.177924994911459500e+01
1.190735699999999952e+03 1.178210462039487183e+01
1.207230800000000045e+03 1.180289690616731058e+01
1.253701099999999997e+03 1.182367392631793201e+01
1.269309500000000071e+03 1.184583299409729307e+01
1.295563499999999976e+03 1.186570781599837154e+01
1.314932499999999891e+03 1.188269539995929236e+01
1.352368999999999915e+03 1.190701709749643911e+01
1.356179399999999987e+03 1.192399959291675238e+01
1.405314599999999928e+03 1.195132352941176457e+01
1.420780199999999923e+03 1.196033584368003133e+01
1.446035000000000082e+03 1.198815998371667035e+01
1.466876600000000053e+03 1.198699776104213299e+01
1.499387099999999919e+03 1.204342357012008868e+01
1.507013500000000022e+03 1.202727203338082695e+01
1.539410399999999981e+03 1.207830398941583461e+01
1.566464500000000044e+03 1.208130368410339983e+01
1.595561999999999898e+03 1.210774170567881036e+01
1.610665299999999888e+03 1.211805159780175067e+01
1.640537900000000036e+03 1.215154335436596789e+01
1.666178799999999910e+03 1.215666089965398022e+01
1.687677200000000084e+03 1.218902147364135935e+01
1.724827099999999973e+03 1.220141410543456217e+01
1.742692099999999982e+03 1.224169041318949702e+01
1.764399899999999889e+03 1.223912731528597497e+01
1.783392000000000053e+03 1.227893293303480604e+01
1.818499099999999999e+03 1.229481223285161740e+01
1.854299700000000030e+03 1.232662426216161222e+01
1.864783100000000104e+03 1.231733462243028754e+01
1.900137300000000096e+03 1.234379605129248958e+01
1.904965200000000095e+03 1.236253714634642797e+01
1.940700900000000047e+03 1.238900468145735800e+01
1.969851400000000012e+03 1.241634948096885793e+01
1.993247000000000071e+03 1.244069356808467397e+01
2.019738599999999906e+03 1.244331721962141302e+01
2.037197100000000091e+03 1.246264298799104431e+01
2.061844999999999800e+03 1.248218705475269630e+01
2.113141700000000128e+03 1.252402503561978442e+01
2.117320099999999911e+03 1.253206747404844279e+01
2.164087100000000191e+03 1.255055617748829633e+01
2.179025200000000041e+03 1.255902605332790678e+01
2.195088600000000042e+03 1.257438326887848490e+01
2.199273900000000140e+03 1.259268471402401879e+01
2.248300299999999879e+03 1.261212548341135786e+01
2.267135800000000017e+03 1.260947079177691954e+01
2.294112299999999777e+03 1.265582994097292868e+01
2.332625199999999950e+03 1.265361897007938197e+01
2.341018999999999778e+03 1.270435324648890685e+01
2.353987299999999777e+03 1.269180388764502254e+01
2.385183399999999892e+03 1.273741196824750688e+01
2.400482800000000225e+03 1.274719366985548596e+01
2.438040399999999863e+03 1.278287960512924926e+01
