1.035704999999999956e+02 -3.295670110527777474e+00
1.283024800000000027e+02 -3.295151393530606043e+00
1.522703500000000076e+02 -3.294572376825927407e+00
1.777666600000000017e+02 -3.293906861922550444e+00
2.014542500000000018e+02 -3.293049504904836056e+00
2.260643300000000124e+02 -3.291856744308367944e+00
2.492759900000000073e+02 -3.290590679240711580e+00
2.765534200000000169e+02 -3.289998635804524341e+00
3.013244100000000003e+02 -3.288814805215918735e+00
3.244485999999999990e+02 -3.287089327086155421e+00
3.471459800000000087e+02 -3.285225217788259489e+00
3.745961500000000228e+02 -3.284246780806371113e+00
3.981492900000000077e+02 -3.282362349483208153e+00
4.197107599999999934e+02 -3.280051521534034897e+00
4.500721899999999778e+02 -3.279671571327449353e+00
4.727635799999999904e+02 -3.277246784653450096e+00
5.016070900000000279e+02 -3.275651045151049878e+00
5.194329099999999926e+02 -3.272618523711310345e+00
5.502342399999999998e+02 -3.272143818904043933e+00
5.730703999999999496e+02 -3.270405094428388448e+00
5.987263699999999744e+02 -3.268198471341261957e+00
6.213378900000000158e+02 -3.266112287648953227e+00
6.487432700000000523e+02 -3.264673665820467807e+00
6.693609599999999773e+02 -3.262437699905984978e+00
6.976762700000000450e+02 -3.260966350549954207e+00
7.181559399999999869e+02 -3.258856926392168063e+00
7.522137300000000550e+02 -3.258833332294586604e+00
7.672486999999999853e+02 -3.255557948696267356e+00
7.951844300000000203e+02 -3.254047242997184064e+00
8.213470600000000559e+02 -3.253475926866667756e+00
8.501750899999999547e+02 -3.251808965854662947e+00
8.615662499999999682e+02 -3.248188521525285033e+00
9.035724500000000035e+02 -3.249220920021937964e+00
9.153011999999999944e+02 -3.246496064103990609e+00
9.415225799999999481e+02 -3.244269927876462845e+00
9.657389399999999569e+02 -3.243648138775015788e+00
1.005073899999999981e+03 -3.244983353447162600e+00
1.012770700000000033e+03 -3.240229235731481694e+00
1.041084800000000087e+03 -3.239661349263491363e+00
1.067525000000000091e+03 -3.239836429217732405e+00
1.089170900000000074e+03 -3.237369023870810381e+00
1.120424999999999955e+03 -3.237671098412381543e+00
1.142649899999999889e+03 -3.236511782361851886e+00
1.156818500000000085e+03 -3.233247668102213979e+00
1.202002400000000080e+03 -3.235103091875877190e+00
1.224820300000000088e+03 -3.233642824111437442e+00
1.241179300000000012e+03 -3.231854599379300641e+00
1.265243500000000040e+03 -3.231021328559780414e+00
1.290245400000000018e+03 -3.229714819508023638e+00
1.311443999999999960e+03 -3.228171570593349138e+00
1.348267100000000028e+03 -3.229652707458273486e+00
1.356384600000000091e+03 -3.223836984728801092e+00
1.391474699999999984e+03 -3.225472386257620450e+00
1.399325100000000020e+03 -3.221869263583027720e+00
1.449211099999999988e+03 -3.225678824604435224e+00
1.460105600000000095e+03 -3.221483667880452373e+00
1.488236699999999928e+03 -3.222081529464312144e+00
1.508170499999999947e+03 -3.219239189771257337e+00
1.538439000000000078e+03 -3.222675282478265402e+00
1.561266599999999926e+03 -3.219615700659405721e+00
1.595784900000000107e+03 -3.219816083272424745e+00
1.617577600000000075e+03 -3.218109201414274256e+00
1.638839699999999993e+03 -3.216905847040179900e+00
1.655088299999999890e+03 -3.213102871655132642e+00
1.692368500000000040e+03 -3.216656839073656737e+00
1.715672100000000000e+03 -3.214973213199626922e+00
1.763907999999999902e+03 -3.218477094244005965e+00
1.765759900000000016e+03 -3.213362167230916278e+00
1.807556900000000041e+03 -3.211338651487987583e+00
1.832144099999999980e+03 -3.216631630749406945e+00
1.838086499999999887e+03 -3.211645622534197830e+00
1.860129599999999982e+03 -3.209177247722974968e+00
1.915165799999999990e+03 -3.213403369264062004e+00
1.926015100000000075e+03 -3.212225735663274850e+00
1.954759000000000015e+03 -3.212894037380281453e+00
1.973504899999999907e+03 -3.209830292911140415e+00
1.994365399999999909e+03 -3.210880281606765418e+00
2.020614100000000008e+03 -3.207971965317994112e+00
2.043197100000000091e+03 -3.208660669985326397e+00
2.063525200000000041e+03 -3.205605792882906258e+00
2.121752100000000155e+03 -3.207442291911073440e+00
2.125819399999999860e+03 -3.211909351048285899e+00
2.154441200000000208e+03 -3.202095191901257465e+00
2.164333599999999933e+03 -3.209135324096393127e+00
2.204433500000000095e+03 -3.206263548467885194e+00
2.210926599999999780e+03 -3.204578211664832033e+00
2.263580399999999827e+03 -3.203896047831465310e+00
2.264154100000000199e+03 -3.206466760459008913e+00
2.306252199999999903e+03 -3.201910154875456715e+00
2.318149199999999837e+03 -3.204552069916933199e+00
2.356740400000000136e+03 -3.204316318629622629e+00
2.368893599999999878e+03 -3.202506249496413382e+00
2.415565300000000207e+03 -3.206361351093801826e+00
2.429246999999999844e+03 -3.202292806600587127e+00
2.451580199999999877e+03 -3.202676143253149199e+00
