1.005023999999999944e+02 -1.463778380563425685e+00
1.012460599999999999e+02 -1.463911502637104345e+00
1.276140999999999934e+02 -1.463434455374602372e+00
1.499557100000000105e+02 -1.462891154862684839e+00
1.513025599999999997e+02 -1.463396018567397316e+00
1.756666800000000137e+02 -1.462553625192454909e+00
1.992300799999999867e+02 -1.462234842416266778e+00
2.000296099999999910e+02 -1.462060354262272543e+00
2.238298800000000028e+02 -1.461090207870387569e+00
2.508316900000000089e+02 -1.460280310322007002e+00
2.513725399999999865e+02 -1.461608152390201587e+00
2.736973100000000159e+02 -1.458955725351927857e+00
2.981922299999999950e+02 -1.456557384524782783e+00
3.025433800000000133e+02 -1.458849249329535303e+00
3.239302400000000262e+02 -1.455382605460858958e+00
3.465815999999999804e+02 -1.452313743387761980e+00
3.494060099999999807e+02 -1.454717377953218316e+00
3.717249499999999784e+02 -1.450538204582466184e+00
3.999134300000000053e+02 -1.450277095845746267e+00
4.055113799999999742e+02 -1.448717865809168392e+00
4.223068599999999719e+02 -1.445157073781370816e+00
4.522112200000000257e+02 -1.443957862755208321e+00
4.536799399999999878e+02 -1.444702658904475134e+00
4.708493500000000154e+02 -1.440627147072372383e+00
4.996414599999999950e+02 -1.438831726404231182e+00
5.002857799999999884e+02 -1.439698224712429253e+00
5.179933099999999513e+02 -1.436843549575899104e+00
5.461675599999999804e+02 -1.435359598656949842e+00
5.500884700000000294e+02 -1.436572600974311831e+00
5.701901199999999790e+02 -1.433856851486900563e+00
5.980165399999999636e+02 -1.431680343723969351e+00
6.034348800000000210e+02 -1.434113048522709599e+00
6.240895500000000311e+02 -1.430927758082562562e+00
6.464537500000000136e+02 -1.427622385872454380e+00
6.523284800000000132e+02 -1.428687731569409758e+00
6.709121499999999969e+02 -1.426096040902100182e+00
6.978569300000000339e+02 -1.424871288015415516e+00
6.983637199999999439e+02 -1.424689154531170399e+00
7.205824300000000449e+02 -1.424026457253192213e+00
7.448162800000000061e+02 -1.420558131248507383e+00
7.576405700000000252e+02 -1.423550037891344155e+00
7.722747299999999768e+02 -1.420978181239310301e+00
7.905394499999999880e+02 -1.417593064753477350e+00
8.028425899999999729e+02 -1.420200854370611721e+00
8.181385099999999966e+02 -1.417450136916044823e+00
8.457858099999999695e+02 -1.415553244092863316e+00
8.478581500000000233e+02 -1.416388496741182390e+00
8.684678599999999733e+02 -1.414809484731780476e+00
8.967653400000000374e+02 -1.413347265025410193e+00
9.041675500000000056e+02 -1.414237578165031151e+00
9.265800400000000536e+02 -1.414299819130259817e+00
9.351225299999999834e+02 -1.409464614074695143e+00
9.573731599999999844e+02 -1.412820803802079528e+00
9.727880099999999857e+02 -1.410911131326478163e+00
9.969336399999999685e+02 -1.405705364052636686e+00
1.000467099999999959e+03 -1.409487600348048764e+00
1.019873000000000047e+03 -1.407805551683207756e+00
1.048850699999999961e+03 -1.407117798306292578e+00
1.055594700000000103e+03 -1.407806096792413530e+00
1.059062200000000075e+03 -1.403510931023034036e+00
1.100408400000000029e+03 -1.405326604201851293e+00
1.104960100000000011e+03 -1.405971912976104354e+00
1.123644999999999982e+03 -1.405222136223819085e+00
1.144771199999999908e+03 -1.402467111237119646e+00
1.149605999999999995e+03 -1.401095183631032137e+00
1.176171299999999974e+03 -1.403011997871849159e+00
1.199518000000000029e+03 -1.399988150477014859e+00
1.213429900000000089e+03 -1.402822949955636833e+00
1.215074399999999969e+03 -1.399782230053457477e+00
1.245448699999999917e+03 -1.397418379235023655e+00
1.248442299999999932e+03 -1.399737318018974053e+00
1.269658100000000104e+03 -1.399518737507104538e+00
1.295079400000000078e+03 -1.398214657404347916e+00
1.304898699999999963e+03 -1.399692944511415904e+00
1.318407099999999900e+03 -1.396166154593689424e+00
1.340277700000000095e+03 -1.396789659757231572e+00
1.360308399999999892e+03 -1.396554601459561118e+00
1.369174999999999955e+03 -1.396470598277657960e+00
1.395312500000000000e+03 -1.392797477176267451e+00
1.398374199999999973e+03 -1.394748309788043983e+00
1.407017200000000003e+03 -1.391002186472054092e+00
1.461753999999999905e+03 -1.396345798257617954e+00
1.463131100000000060e+03 -1.394622017707590977e+00
1.475480499999999893e+03 -1.394475177813338407e+00
1.485122800000000097e+03 -1.388580004881451613e+00
1.489636700000000019e+03 -1.389780420495877911e+00
1.511026699999999892e+03 -1.388968974701718428e+00
1.544728699999999890e+03 -1.387536487496737303e+00
1.552234799999999950e+03 -1.384547694500113391e+00
1.567260199999999941e+03 -1.391029861291260161e+00
1.592718299999999999e+03 -1.392290352730517489e+00
1.601522500000000036e+03 -1.387493087843195028e+00
1.618806000000000040e+03 -1.388386669570510490e+00
1.638038199999999961e+03 -1.383725765254549156e+00
1.642205999999999904e+03 -1.383808363957292009e+00
1.672865099999999984e+03 -1.387863855057750673e+00
1.696471399999999903e+03 -1.384810793357610592e+00
1.706772999999999911e+03 -1.382695059141519911e+00
1.707964999999999918e+03 -1.388027283670117074e+00
1.743549999999999955e+03 -1.382245338690502034e+00
1.755831500000000005e+03 -1.383980802815291344e+00
1.757643399999999929e+03 -1.381386218905699126e+00
1.793421299999999974e+03 -1.381034968795524787e+00
1.801867700000000013e+03 -1.380985374424310130e+00
1.811461900000000014e+03 -1.380972790092087177e+00
1.833064800000000105e+03 -1.378827873111243330e+00
1.844398699999999963e+03 -1.378542157786140532e+00
1.872048299999999927e+03 -1.379494424590298918e+00
1.894222600000000057e+03 -1.381485166044220225e+00
1.901624499999999898e+03 -1.380198979339840148e+00
1.910595900000000029e+03 -1.376372732590095183e+00
1.940228299999999990e+03 -1.377959564988157748e+00
1.954751999999999953e+03 -1.376394263157161069e+00
1.963170800000000099e+03 -1.374977519388544289e+00
2.001407099999999900e+03 -1.370568704506636815e+00
2.004768199999999979e+03 -1.375220284203470644e+00
2.015928900000000112e+03 -1.375761969090092407e+00
2.034906799999999976e+03 -1.372764307488567592e+00
2.042185999999999922e+03 -1.369442176902649466e+00
2.069796100000000024e+03 -1.371712086841682776e+00
2.102283399999999801e+03 -1.367409347129536989e+00
2.107233000000000175e+03 -1.367460645339513503e+00
2.121403099999999995e+03 -1.369062021648258742e+00
2.141558500000000095e+03 -1.360236516069216695e+00
2.142544699999999921e+03 -1.365233326738501951e+00
2.150173499999999876e+03 -1.362829480269456939e+00
2.185825299999999970e+03 -1.363222396522348223e+00
2.207666099999999915e+03 -1.364896512467953071e+00
2.216373799999999846e+03 -1.361223292878371627e+00
2.247802799999999934e+03 -1.362126098530044516e+00
2.254136800000000221e+03 -1.357149173240815410e+00
2.261566899999999805e+03 -1.364032550357812124e+00
2.294841899999999896e+03 -1.357426729904385176e+00
2.297870800000000145e+03 -1.360423225135200198e+00
2.301385200000000168e+03 -1.351832988753135290e+00
2.330210700000000088e+03 -1.352174176861010046e+00
2.348312300000000050e+03 -1.356944631295591508e+00
2.359981499999999869e+03 -1.347114160692109097e+00
2.392601400000000012e+03 -1.349908849508824282e+00
2.398145700000000033e+03 -1.346786798118493556e+00
2.427218400000000202e+03 -1.348150878710584477e+00
2.483313999999999851e+03 -1.347946622223319402e+00
