9.989071199999999351e+01 -3.304939552960390436e+00
1.262307299999999941e+02 -3.304363057097207790e+00
1.499205399999999884e+02 -3.304348529234887977e+00
1.500019200000000126e+02 -3.304369567585082379e+00
1.762215400000000045e+02 -3.303837511269903882e+00
2.005236800000000130e+02 -3.303361753084613994e+00
2.006935599999999909e+02 -3.303405619561349038e+00
2.241579800000000091e+02 -3.302482579646790484e+00
2.497792100000000062e+02 -3.302125208836727221e+00
2.501029800000000023e+02 -3.302208960713070240e+00
2.759985899999999788e+02 -3.300954478630647504e+00
3.014963300000000004e+02 -3.300427792600644672e+00
3.016672100000000114e+02 -3.300472070253507084e+00
3.222059899999999857e+02 -3.297368157209576989e+00
3.492016499999999724e+02 -3.296997693578125777e+00
3.493981099999999742e+02 -3.297048533284854255e+00
3.721616999999999962e+02 -3.293630199250829005e+00
4.021663100000000099e+02 -3.293590937005120178e+00
4.024512799999999970e+02 -3.293664760079805909e+00
4.228599300000000198e+02 -3.288080940828923548e+00
4.511040499999999724e+02 -3.287373448788016628e+00
4.511625599999999849e+02 -3.287388625673298481e+00
4.709110099999999761e+02 -3.281281292172835151e+00
5.022105500000000120e+02 -3.280806033867213589e+00
5.025123100000000136e+02 -3.280883943064141217e+00
5.179694700000000012e+02 -3.275247879031998988e+00
5.524495699999999943e+02 -3.275178209103281723e+00
5.525916200000000345e+02 -3.275215135397979260e+00
5.699863900000000285e+02 -3.270586749885721733e+00
5.936297499999999445e+02 -3.268606214180712399e+00
5.939712700000000041e+02 -3.268694249473003577e+00
6.191830300000000307e+02 -3.265374773787937723e+00
6.435887500000000045e+02 -3.263365951857288838e+00
6.442574100000000499e+02 -3.263538610238016613e+00
6.736758099999999558e+02 -3.261315488803601337e+00
7.019589700000000221e+02 -3.259581808085417531e+00
7.023550699999999551e+02 -3.259684106050560359e+00
7.183501499999999851e+02 -3.255357571158187024e+00
7.547281299999999646e+02 -3.254246076105292484e+00
7.548176700000000210e+02 -3.254268969550913937e+00
7.673828300000000127e+02 -3.251639896513896399e+00
8.024881599999999935e+02 -3.251932400373187093e+00
8.027278900000000021e+02 -3.251994477121783689e+00
8.248350799999999481e+02 -3.250238274352444279e+00
8.508521799999999757e+02 -3.247447420492886483e+00
8.511042200000000548e+02 -3.247512679621562981e+00
8.584317899999999781e+02 -3.242006330663794067e+00
8.921291599999999562e+02 -3.241400806495351450e+00
8.924610599999999749e+02 -3.241487016336396909e+00
9.246251499999999623e+02 -3.242165446640978388e+00
9.511714500000000498e+02 -3.239726137930860617e+00
9.512157099999999446e+02 -3.239737529136626382e+00
9.661188200000000279e+02 -3.236201871473145530e+00
1.006376700000000028e+03 -3.237584960837772918e+00
1.006842899999999986e+03 -3.237705177506912335e+00
1.020930899999999951e+03 -3.235365117647839295e+00
1.045849300000000085e+03 -3.234193851005175091e+00
1.046222199999999930e+03 -3.234290558391677894e+00
1.061836000000000013e+03 -3.229230252504485144e+00
1.109305900000000065e+03 -3.230087298017072062e+00
1.110444400000000087e+03 -3.230382233558341198e+00
1.111207000000000107e+03 -3.226596834535225167e+00
1.147834599999999909e+03 -3.225863070896348272e+00
1.147879300000000057e+03 -3.225874474080062448e+00
1.174269800000000032e+03 -3.227682797595640807e+00
1.207067800000000034e+03 -3.227119142486146064e+00
1.207285900000000083e+03 -3.227175220365862351e+00
1.208653299999999945e+03 -3.222343548496756860e+00
1.250817000000000007e+03 -3.222875446700163682e+00
1.251521500000000060e+03 -3.223057726632271969e+00
1.257238200000000006e+03 -3.219302196038429820e+00
1.290129799999999932e+03 -3.217845630718898065e+00
1.290780400000000100e+03 -3.218013416688445094e+00
1.322568099999999959e+03 -3.220388558560725034e+00
1.344871499999999969e+03 -3.218222668828649713e+00
1.345005699999999933e+03 -3.218257158658813122e+00
1.364438599999999951e+03 -3.216759171244623516e+00
1.390547600000000102e+03 -3.213401143144063443e+00
1.390747100000000046e+03 -3.213453226719969802e+00
1.411277199999999993e+03 -3.213067861500147782e+00
1.437090500000000020e+03 -3.210954883058018794e+00
1.438768600000000106e+03 -3.211389417712997130e+00
1.473786800000000085e+03 -3.214720052136646355e+00
1.495841200000000072e+03 -3.211351331757325678e+00
1.496366400000000112e+03 -3.211486750215690300e+00
1.505036900000000060e+03 -3.207874797056143201e+00
1.540124600000000100e+03 -3.210655466596370911e+00
1.540336800000000039e+03 -3.210709917437811978e+00
1.568262699999999995e+03 -3.209128738470925946e+00
1.607898300000000063e+03 -3.207243282547346475e+00
1.619932800000000043e+03 -3.210400033716041879e+00
1.620173299999999927e+03 -3.210463378118495470e+00
1.645458399999999983e+03 -3.204822846000225045e+00
1.645556599999999889e+03 -3.204848283540695064e+00
1.658263599999999997e+03 -3.204671205651876686e+00
1.700831899999999905e+03 -3.205268112164546324e+00
1.700889100000000099e+03 -3.205283052159559443e+00
1.722049999999999955e+03 -3.205986926574133644e+00
1.758083399999999983e+03 -3.202079908638588268e+00
1.758183299999999917e+03 -3.202105938319121492e+00
1.760397600000000011e+03 -3.201572740850628040e+00
1.783561899999999923e+03 -3.200670577201718103e+00
1.785094800000000077e+03 -3.201066200859945088e+00
1.822544799999999896e+03 -3.204556696752219214e+00
1.847409000000000106e+03 -3.198681564880456740e+00
1.847547100000000000e+03 -3.198717368250701298e+00
1.855740800000000036e+03 -3.198900023753153743e+00
1.881301200000000108e+03 -3.198241663590622341e+00
1.883097899999999981e+03 -3.198707164019244154e+00
1.903450199999999995e+03 -3.196129334875539740e+00
1.944341699999999946e+03 -3.196104886285604074e+00
1.944809899999999971e+03 -3.196225925306997784e+00
1.962466899999999896e+03 -3.196415229699665517e+00
2.002100400000000036e+03 -3.197478701676053525e+00
2.002275200000000041e+03 -3.197523789185334753e+00
2.017258599999999888e+03 -3.198324886457013960e+00
2.044211800000000039e+03 -3.192247791683904712e+00
2.045162499999999909e+03 -3.192493668332203161e+00
2.063078199999999924e+03 -3.194965097092986372e+00
2.100813799999999901e+03 -3.194136132967789976e+00
2.101917300000000068e+03 -3.194421460572777427e+00
2.114724000000000160e+03 -3.194556947267472413e+00
2.134859699999999975e+03 -3.189472278013737672e+00
2.137083099999999831e+03 -3.190048139772935443e+00
2.150068800000000010e+03 -3.188577601510987236e+00
2.177452299999999923e+03 -3.190450084919650209e+00
2.179795399999999972e+03 -3.191055263178961265e+00
2.222577699999999822e+03 -3.194345392402594630e+00
2.249348599999999806e+03 -3.186860849889724179e+00
2.275127599999999802e+03 -3.195572252739039776e+00
2.275879500000000007e+03 -3.195765259952653370e+00
2.296149699999999939e+03 -3.191077360405429886e+00
2.297407600000000002e+03 -3.191402349057336441e+00
2.314003099999999904e+03 -3.188703861881886592e+00
2.342490499999999884e+03 -3.189861674532688873e+00
2.343530999999999949e+03 -3.190130206529348644e+00
2.360291000000000167e+03 -3.188920307348499961e+00
2.400588400000000092e+03 -3.185977566198274324e+00
2.406538599999999860e+03 -3.190205766581648561e+00
2.406641200000000026e+03 -3.190232494265936580e+00
2.462085000000000036e+03 -3.190261678324496586e+00
2.462530099999999948e+03 -3.190377356160865485e+00
