1.033894099999999980e+02 -1.480900569735107641e+00
1.279682200000000023e+02 -1.480574699778381964e+00
1.508838700000000017e+02 -1.480011165799325790e+00
1.767903300000000115e+02 -1.479826250310673608e+00
1.996375500000000045e+02 -1.478977979203212501e+00
2.259770000000000039e+02 -1.478766490174647785e+00
2.505730700000000013e+02 -1.478139464522722157e+00
2.721421399999999835e+02 -1.476463463120094133e+00
2.966250699999999938e+02 -1.475725263021898437e+00
3.250673499999999763e+02 -1.475618001932200274e+00
3.505870300000000270e+02 -1.474815387991834204e+00
3.737800899999999729e+02 -1.473445084370418101e+00
4.017020999999999731e+02 -1.472694519952415293e+00
4.231021200000000135e+02 -1.470569971468513204e+00
4.487689100000000053e+02 -1.469192219248870446e+00
4.735615599999999858e+02 -1.467591842872774999e+00
4.971754399999999805e+02 -1.465445076190142082e+00
5.228912100000000009e+02 -1.464500554156773493e+00
5.432627999999999702e+02 -1.461475238831379198e+00
5.681522400000000061e+02 -1.460094266848445788e+00
5.969132299999999987e+02 -1.458908600755777885e+00
6.227503000000000384e+02 -1.457202337248433732e+00
6.501939300000000230e+02 -1.455889266334454257e+00
6.690723900000000413e+02 -1.453436577342203551e+00
6.920851900000000114e+02 -1.449820710984274674e+00
7.256365500000000566e+02 -1.451704358703727493e+00
7.443595400000000382e+02 -1.447717125901297530e+00
7.677741700000000264e+02 -1.445640974101353615e+00
7.934665999999999713e+02 -1.444188637224097072e+00
8.170747900000000072e+02 -1.441652958081399039e+00
8.529534200000000510e+02 -1.441329377014652247e+00
8.735664900000000443e+02 -1.440596440226893149e+00
8.980677399999999579e+02 -1.438158976620513618e+00
9.272191199999999753e+02 -1.436966357054261234e+00
9.444303099999999631e+02 -1.433937520395232923e+00
9.751256100000000515e+02 -1.433781069285418486e+00
9.907761400000000549e+02 -1.429452220975741650e+00
1.018692699999999945e+03 -1.427735969179292574e+00
1.049033899999999903e+03 -1.430054076312180067e+00
1.064397699999999986e+03 -1.425272057199213460e+00
1.093529099999999971e+03 -1.424454742586331424e+00
1.125848899999999958e+03 -1.424242122324132165e+00
1.160465300000000070e+03 -1.423648050963102207e+00
1.170685400000000072e+03 -1.420557400437729267e+00
1.198727300000000014e+03 -1.420034654722277967e+00
1.216901299999999992e+03 -1.416986557526868529e+00
1.258748399999999947e+03 -1.417970192695089171e+00
1.272753200000000106e+03 -1.415912918707859625e+00
1.302750099999999975e+03 -1.409144765248005804e+00
1.304730600000000095e+03 -1.415952153709990835e+00
1.352712199999999939e+03 -1.411577653206644412e+00
1.360071699999999964e+03 -1.408695831942429644e+00
1.394170399999999972e+03 -1.408757920753677784e+00
1.426285000000000082e+03 -1.410033418499658797e+00
1.445746900000000096e+03 -1.404389610434354729e+00
1.463396300000000110e+03 -1.404144678551186853e+00
1.495918799999999919e+03 -1.404108671550747811e+00
1.509744899999999916e+03 -1.398978434332189158e+00
1.551087099999999964e+03 -1.402471782977472659e+00
1.571698100000000068e+03 -1.399130433992643141e+00
1.604881200000000035e+03 -1.396586292156362985e+00
1.618620499999999993e+03 -1.397673234786865670e+00
1.640344200000000001e+03 -1.393937269380253641e+00
1.659058500000000095e+03 -1.392921584055690776e+00
1.697694799999999987e+03 -1.393210009826168161e+00
1.710749700000000075e+03 -1.388238584427084144e+00
1.756957900000000109e+03 -1.386839626345449883e+00
1.765501899999999978e+03 -1.391924565369582423e+00
1.796314599999999928e+03 -1.387122960731564492e+00
1.807610899999999901e+03 -1.381286562306000665e+00
1.853540500000000065e+03 -1.384111021245335582e+00
1.871710000000000036e+03 -1.385294968526334047e+00
1.899915299999999888e+03 -1.384096726311458747e+00
1.902735699999999952e+03 -1.375458412345603065e+00
1.942728699999999890e+03 -1.370316277551890227e+00
1.951610799999999927e+03 -1.380906594882677974e+00
1.999637899999999945e+03 -1.374359753636045900e+00
2.016477599999999939e+03 -1.372755030036825197e+00
2.062904700000000048e+03 -1.373089743176379107e+00
2.067042800000000170e+03 -1.370594645519078725e+00
2.091008299999999963e+03 -1.366351114229278352e+00
2.125069300000000112e+03 -1.365523648169084225e+00
2.164798699999999826e+03 -1.368985767283109167e+00
2.168278600000000097e+03 -1.358522781310815386e+00
2.194987500000000182e+03 -1.358363041013414207e+00
2.200349099999999908e+03 -1.352025937966505165e+00
2.261193699999999808e+03 -1.356313080701312845e+00
2.261308500000000095e+03 -1.349266125365331304e+00
2.308255000000000109e+03 -1.351528366340775555e+00
2.319207399999999780e+03 -1.346980530860700576e+00
2.354338299999999890e+03 -1.344305087777097230e+00
2.372058899999999994e+03 -1.341616726565999507e+00
2.379598899999999958e+03 -1.326466078627752676e+00
2.394854499999999916e+03 -1.335949238484975821e+00
2.449357800000000225e+03 -1.341610767980479402e+00
