9.952695900000000506e+01 -4.416619533479595461e+00
1.003145700000000033e+02 -4.416718729750395589e+00
1.264225399999999979e+02 -4.415601683084487306e+00
1.492716700000000003e+02 -4.415765507622634978e+00
1.523449599999999862e+02 -4.415788744174030001e+00
1.758387299999999982e+02 -4.414013277570886906e+00
1.987993400000000008e+02 -4.413657479001916073e+00
2.025114700000000028e+02 -4.414405658764103180e+00
2.248232700000000079e+02 -4.411717566489758546e+00
2.507018899999999917e+02 -4.411737238866884070e+00
2.513568899999999928e+02 -4.411274216466103404e+00
2.722475600000000213e+02 -4.407703417286254144e+00
2.988231299999999919e+02 -4.408210358539563778e+00
3.014625599999999963e+02 -4.407404967125837736e+00
3.223936499999999796e+02 -4.403215266618492052e+00
3.500411500000000160e+02 -4.402876027778958701e+00
3.542897199999999884e+02 -4.403735816925103741e+00
3.704338300000000004e+02 -4.398607945627658111e+00
3.988217300000000023e+02 -4.398614806563187152e+00
4.015806200000000104e+02 -4.399470768118941777e+00
4.188641299999999887e+02 -4.394695412883319996e+00
4.521644400000000132e+02 -4.396512327304998635e+00
4.522355400000000145e+02 -4.395892706849279463e+00
4.663336100000000215e+02 -4.391871604855199784e+00
4.973994000000000142e+02 -4.392848079132898320e+00
4.993109400000000164e+02 -4.392933742239852890e+00
5.173658799999999474e+02 -4.389895981072180042e+00
5.507672199999999521e+02 -4.390752803705309404e+00
5.539269199999999955e+02 -4.391373231394362975e+00
5.667624399999999696e+02 -4.388219252288443784e+00
5.936281999999999925e+02 -4.387829454834512255e+00
6.009245799999999917e+02 -4.388866742213343386e+00
6.184207000000000107e+02 -4.386703698748209312e+00
6.481095500000000129e+02 -4.386175621236697353e+00
6.571340199999999641e+02 -4.387236745675262561e+00
6.655044900000000325e+02 -4.383783489727782090e+00
7.011199500000000171e+02 -4.385315291440454288e+00
7.025370000000000346e+02 -4.385479866442453023e+00
7.148786300000000438e+02 -4.383081170504726565e+00
7.452502500000000509e+02 -4.383182686287089957e+00
7.512813300000000254e+02 -4.384292522404303227e+00
7.661081799999999475e+02 -4.382072484838533732e+00
8.002589500000000271e+02 -4.383132362076374910e+00
8.025490999999999531e+02 -4.383233469048250619e+00
8.113506999999999607e+02 -4.380053993234485965e+00
8.414303599999999506e+02 -4.380481670054293453e+00
8.483224599999999782e+02 -4.381573154585833407e+00
8.616592699999999923e+02 -4.379760299558109971e+00
8.967623499999999694e+02 -4.381905824434354280e+00
8.991779900000000225e+02 -4.379618092792794570e+00
9.089318399999999656e+02 -4.377769974732128588e+00
9.526706900000000360e+02 -4.380310749611515675e+00
9.578059200000000146e+02 -4.380313201944456836e+00
9.619890599999999949e+02 -4.378405007539428517e+00
9.961221199999999953e+02 -4.378228777792084081e+00
1.006962200000000053e+03 -4.380137097702664128e+00
1.014179600000000050e+03 -4.378987368359625876e+00
1.048644700000000057e+03 -4.378854640905018414e+00
1.052663700000000063e+03 -4.374849463886824275e+00
1.054777299999999968e+03 -4.377617986363962821e+00
1.098024599999999964e+03 -4.377033822969136345e+00
1.098473899999999958e+03 -4.378363084044852194e+00
1.117012500000000045e+03 -4.378561085259963015e+00
1.146743999999999915e+03 -4.379657508078097727e+00
1.157183199999999943e+03 -4.375569662505168544e+00
1.157790999999999940e+03 -4.380606955774575262e+00
1.190667599999999993e+03 -4.377459508789117493e+00
1.192807499999999891e+03 -4.377120032863778043e+00
1.213959900000000061e+03 -4.378666153172784625e+00
1.247088899999999967e+03 -4.377519688344497339e+00
1.252940000000000055e+03 -4.380047834232897230e+00
1.267417200000000093e+03 -4.378508878822305661e+00
1.292134999999999991e+03 -4.377315215736008014e+00
1.307542799999999943e+03 -4.377265515932174722e+00
1.320611599999999953e+03 -4.381675609870673505e+00
1.344941299999999956e+03 -4.377971122636962420e+00
1.353314499999999953e+03 -4.380007428544903547e+00
1.363271300000000110e+03 -4.378269684691871610e+00
1.396823499999999967e+03 -4.377798929173176923e+00
1.406080899999999929e+03 -4.380323181299373481e+00
1.408611900000000105e+03 -4.377906153849747461e+00
1.444136500000000069e+03 -4.373990183927714881e+00
1.452084299999999985e+03 -4.378988467430544596e+00
1.452097600000000057e+03 -4.376503405847103956e+00
1.488594499999999925e+03 -4.376480103605236316e+00
1.505122499999999945e+03 -4.378838509914189991e+00
1.507371699999999919e+03 -4.378446178877637429e+00
1.545762199999999893e+03 -4.376808858134107361e+00
1.549722800000000007e+03 -4.375360128434156337e+00
1.560056000000000040e+03 -4.380830265462252626e+00
1.597922700000000077e+03 -4.378707898365312268e+00
1.604978800000000092e+03 -4.377845850994413368e+00
1.606888200000000097e+03 -4.376809039435830329e+00
1.652219200000000001e+03 -4.377085505939563248e+00
1.659001600000000053e+03 -4.381008085345532876e+00
1.661954500000000053e+03 -4.380434352969635015e+00
1.690792799999999943e+03 -4.378915630103849210e+00
1.692030899999999974e+03 -4.376671486220726770e+00
1.704059899999999971e+03 -4.378085720475985099e+00
1.735184099999999944e+03 -4.378284958243721547e+00
1.744242700000000013e+03 -4.378882943825522567e+00
1.762071999999999889e+03 -4.380296518452734489e+00
1.796471999999999980e+03 -4.377035064344113380e+00
1.803430399999999963e+03 -4.379719660656876457e+00
1.816728200000000015e+03 -4.382443484455676774e+00
1.850496499999999969e+03 -4.382451452813721282e+00
1.853122699999999895e+03 -4.378053184637736628e+00
1.855121000000000095e+03 -4.380366497774658363e+00
1.900720499999999902e+03 -4.378583738567424888e+00
1.901497399999999971e+03 -4.381959272283749485e+00
1.907262199999999893e+03 -4.383525050912348675e+00
1.955066800000000057e+03 -4.380531619171186719e+00
1.957933399999999892e+03 -4.382679368507600870e+00
1.966005499999999984e+03 -4.383089798247617352e+00
1.992244999999999891e+03 -4.382931698731391990e+00
2.001935400000000072e+03 -4.382931211777491676e+00
2.010312300000000050e+03 -4.383519766698411146e+00
2.036455400000000054e+03 -4.383375673198599110e+00
2.053927299999999832e+03 -4.382846099706323884e+00
2.068108099999999922e+03 -4.385839159336654802e+00
2.096263199999999870e+03 -4.381616591976794872e+00
2.099115099999999984e+03 -4.385396964844209933e+00
2.105537600000000111e+03 -4.384745483191392346e+00
2.157212799999999788e+03 -4.386443295341127424e+00
2.158466399999999794e+03 -4.385231807000208981e+00
2.159924700000000030e+03 -4.385932234224457105e+00
2.180096900000000005e+03 -4.383354761989534332e+00
2.209380799999999908e+03 -4.387488738139468936e+00
2.217201300000000174e+03 -4.387120507335717789e+00
2.247413799999999810e+03 -4.383067667401665979e+00
2.249098800000000210e+03 -4.386796933126735354e+00
2.273660600000000159e+03 -4.390304544842632772e+00
2.297482300000000123e+03 -4.387401611644548893e+00
2.305923699999999826e+03 -4.385499920684373443e+00
2.313792300000000068e+03 -4.384507700914583417e+00
2.336890100000000075e+03 -4.387553692730193688e+00
2.340040300000000116e+03 -4.387218580824504777e+00
2.351227600000000166e+03 -4.389735440732727589e+00
2.391362700000000132e+03 -4.389049795332718773e+00
2.413561599999999999e+03 -4.390068268246948513e+00
2.418999400000000151e+03 -4.390313657008189985e+00
2.458110400000000027e+03 -4.388358732568233833e+00
