1.034450099999999964e+02 -1.505536813989575062e+00
1.269567700000000059e+02 -1.504889547925522431e+00
1.515756700000000023e+02 -1.504811422451244551e+00
1.753160900000000026e+02 -1.504065830103217039e+00
2.007541600000000130e+02 -1.504019850899383171e+00
2.240072199999999896e+02 -1.503048530892616919e+00
2.495137699999999938e+02 -1.502690365044628606e+00
2.735650400000000104e+02 -1.501600342240478669e+00
2.986922900000000141e+02 -1.500929027179567665e+00
3.239172300000000178e+02 -1.500416693775706856e+00
3.509740400000000022e+02 -1.499767819218820186e+00
3.744566899999999805e+02 -1.498389691592995066e+00
4.005676700000000210e+02 -1.497337233371217824e+00
4.198691099999999778e+02 -1.494862761438644938e+00
4.504615099999999757e+02 -1.494884929472856561e+00
4.741967799999999897e+02 -1.492995730151938538e+00
4.987797800000000166e+02 -1.491439007712785036e+00
5.232083000000000084e+02 -1.489277724652385837e+00
5.514133100000000240e+02 -1.488176293279885876e+00
5.729871399999999539e+02 -1.486035310341652149e+00
5.981843199999999570e+02 -1.483797400262284238e+00
6.161020600000000513e+02 -1.481088967639179410e+00
6.462956900000000360e+02 -1.480355135044052250e+00
6.761140599999999949e+02 -1.479594970096898665e+00
6.919552999999999656e+02 -1.475100280622221982e+00
7.210006799999999885e+02 -1.474093162484594099e+00
7.537754400000000032e+02 -1.473232231308094775e+00
7.721961300000000392e+02 -1.471399750440736121e+00
8.009436200000000099e+02 -1.470252473018488715e+00
8.231801299999999628e+02 -1.468178033002462080e+00
8.506026399999999512e+02 -1.466445447598849317e+00
8.654562499999999545e+02 -1.462771408017702779e+00
9.000225000000000364e+02 -1.462468666611508539e+00
9.223153899999999794e+02 -1.460509758593585339e+00
9.471457500000000209e+02 -1.459258994630370010e+00
9.681523700000000190e+02 -1.456250432181415810e+00
1.005718200000000024e+03 -1.457215051144295170e+00
1.024738599999999906e+03 -1.454548038759806428e+00
1.051820899999999938e+03 -1.452304339261111465e+00
1.063426200000000108e+03 -1.449277978179063009e+00
1.098913199999999961e+03 -1.449396507326322414e+00
1.119546000000000049e+03 -1.447921520719107846e+00
1.147319700000000012e+03 -1.447779317839088087e+00
1.169638799999999947e+03 -1.445027419700847693e+00
1.198095499999999902e+03 -1.443445919849063674e+00
1.212280700000000024e+03 -1.438898645361050388e+00
1.249293799999999919e+03 -1.441075858061402037e+00
1.273171199999999999e+03 -1.439714955197743285e+00
1.285433700000000044e+03 -1.434319209866406819e+00
1.313801200000000108e+03 -1.434973911182644057e+00
1.356323000000000093e+03 -1.437776128088851024e+00
1.365675899999999956e+03 -1.433014617003949942e+00
1.392493099999999913e+03 -1.431939560755050689e+00
1.419869200000000092e+03 -1.430422384322167950e+00
1.450690499999999929e+03 -1.424208948406212150e+00
1.453997100000000046e+03 -1.433778608521720344e+00
1.493841400000000021e+03 -1.427340399006629124e+00
1.514610899999999901e+03 -1.424722754920557666e+00
1.546713199999999915e+03 -1.426177344396184488e+00
1.571779700000000048e+03 -1.423909670882187894e+00
1.605585299999999961e+03 -1.424315181483276183e+00
1.613162700000000086e+03 -1.418463027754454320e+00
1.646419900000000098e+03 -1.418956513645832862e+00
1.655804000000000087e+03 -1.412863153869574617e+00
1.691219399999999951e+03 -1.415171141645939601e+00
1.712930000000000064e+03 -1.412879733858114717e+00
1.757240700000000061e+03 -1.417168485826600710e+00
1.763044799999999896e+03 -1.411063221356623210e+00
1.802396400000000085e+03 -1.404839385469504265e+00
1.802580799999999954e+03 -1.412508621775814488e+00
1.856502999999999929e+03 -1.405620220487553418e+00
1.869043799999999919e+03 -1.411370917481371556e+00
1.904733600000000024e+03 -1.408924329178165014e+00
1.916943600000000060e+03 -1.403234785620403269e+00
1.954524200000000064e+03 -1.396729835989710899e+00
1.971375099999999975e+03 -1.408101954485565521e+00
1.990491999999999962e+03 -1.400747951556032156e+00
2.009473099999999931e+03 -1.394745468938142663e+00
2.049450800000000072e+03 -1.386343628738937017e+00
2.063673999999999978e+03 -1.399251883279193587e+00
2.092319599999999809e+03 -1.391140549000442261e+00
2.120467000000000098e+03 -1.390832131888087186e+00
2.150655600000000049e+03 -1.388205995477610255e+00
2.156871099999999842e+03 -1.383874804396587610e+00
2.172601400000000012e+03 -1.381477376103218635e+00
2.206107300000000123e+03 -1.378502080382022932e+00
2.249092099999999846e+03 -1.371521437558712364e+00
2.259876200000000154e+03 -1.381626205532929141e+00
2.307353900000000067e+03 -1.369020836399646113e+00
2.319111399999999776e+03 -1.377589999536043663e+00
2.360512099999999919e+03 -1.371271431091220183e+00
2.363006400000000212e+03 -1.365505459417072132e+00
2.391099600000000009e+03 -1.352558513937006879e+00
2.409668700000000172e+03 -1.364218450487665546e+00
2.423066100000000006e+03 -1.349008018798570241e+00
