1.244782900000000012e+02 3.808186037044575301e+01
1.347804399999999987e+02 3.810597140240179215e+01
1.725214599999999905e+02 3.817216670059027450e+01
1.733613599999999906e+02 3.817214380215754232e+01
1.835064500000000010e+02 3.820031498066354203e+01
2.202618799999999908e+02 3.828222318339100383e+01
2.211424000000000092e+02 3.828195705271728144e+01
2.322421300000000031e+02 3.829131284347649000e+01
2.717988700000000222e+02 3.837430083452066043e+01
2.728754000000000133e+02 3.837367647058823650e+01
2.779034100000000080e+02 3.839568695298188317e+01
3.192235800000000268e+02 3.847017606350498653e+01
3.195030300000000238e+02 3.847017962548341075e+01
3.292316000000000145e+02 3.851299460614695391e+01
3.660677200000000084e+02 3.857705017301037742e+01
3.682638499999999908e+02 3.857755342967636381e+01
3.771337700000000268e+02 3.858605841644616419e+01
4.142361200000000281e+02 3.866830398941583269e+01
4.148153399999999920e+02 3.866743791980459832e+01
4.233285799999999881e+02 3.869830449826989138e+01
4.652953400000000101e+02 3.877392530022390105e+01
4.654680099999999925e+02 3.877425910848768353e+01
4.728694699999999784e+02 3.878596529615306565e+01
5.148972599999999602e+02 3.885633472420109769e+01
5.150019600000000537e+02 3.885832281701608082e+01
5.218688799999999901e+02 3.892308823529411654e+01
5.651456299999999828e+02 3.896384591899043670e+01
5.653772900000000163e+02 3.896438784856503190e+01
5.677690199999999550e+02 3.901718654589863888e+01
6.106008000000000493e+02 3.908837166700590871e+01
6.135388599999999997e+02 3.908724760838591550e+01
6.192026499999999487e+02 3.907224964380215937e+01
6.626173300000000381e+02 3.920219265214736026e+01
6.641958300000000008e+02 3.920051801343374365e+01
6.714866299999999910e+02 3.917336250763280958e+01
7.071820300000000543e+02 3.927540860981070381e+01
7.094617500000000518e+02 3.927546356604926103e+01
7.160711499999999887e+02 3.929911255851821750e+01
7.602193700000000263e+02 3.936596682271524372e+01
7.617995300000000043e+02 3.936589507429268764e+01
7.679815700000000334e+02 3.939508955831468029e+01
8.078998900000000276e+02 3.946911662935070098e+01
8.085105899999999792e+02 3.946940006106248688e+01
8.095335400000000163e+02 3.948677793608793252e+01
8.570541399999999612e+02 3.955887237940158485e+01
8.584763299999999617e+02 3.955933696315896242e+01
8.638259100000000217e+02 3.958224506411561094e+01
9.040169499999999516e+02 3.964153063301444746e+01
9.058331500000000460e+02 3.964107419092204765e+01
9.124252400000000307e+02 3.966540759210258216e+01
9.561730999999999767e+02 3.974522440464075146e+01
9.620107299999999668e+02 3.974531498066355084e+01
9.628137199999999893e+02 3.977505495623854870e+01
9.997427500000000009e+02 3.987502849582740083e+01
1.001591099999999983e+03 3.987673926317932427e+01
1.015273400000000038e+03 3.980802310197435645e+01
1.048646799999999985e+03 3.989085436596784007e+01
1.052408500000000004e+03 3.989215194382251184e+01
1.063947799999999916e+03 3.996422908609810776e+01
1.100766399999999976e+03 4.003208681050274720e+01
1.101944500000000062e+03 4.003107317321392600e+01
1.114067000000000007e+03 4.001208121310808252e+01
1.164301699999999983e+03 4.012415174028088671e+01
1.165001500000000078e+03 4.012731783024629095e+01
1.169344200000000001e+03 4.012317881131691166e+01
1.204699000000000069e+03 4.017902859759821155e+01
1.206065200000000004e+03 4.017998219010787864e+01
1.208723300000000108e+03 4.022924435171992741e+01
1.251856399999999894e+03 4.028777478119275202e+01
1.252596000000000004e+03 4.028788978221046335e+01
1.262326199999999972e+03 4.034483767555465050e+01
1.299639899999999898e+03 4.040434001628332794e+01
1.303755900000000111e+03 4.040543405251374054e+01
1.310929399999999987e+03 4.038164919601058500e+01
1.350813400000000001e+03 4.043880877264400198e+01
1.354384900000000016e+03 4.043996387136169801e+01
1.355144399999999905e+03 4.053519997964583865e+01
1.398649699999999939e+03 4.059516741298595122e+01
1.401804100000000062e+03 4.059375788723794187e+01
1.411887500000000045e+03 4.055023254630572183e+01
1.449596900000000005e+03 4.064800987176877101e+01
1.450780700000000024e+03 4.069829533889680562e+01
1.451656899999999951e+03 4.064824954203134411e+01
1.489964600000000019e+03 4.078377417056788090e+01
1.490451999999999998e+03 4.078532312232852064e+01
1.510043200000000070e+03 4.070826226338286347e+01
1.557537199999999984e+03 4.080516385100752785e+01
1.559021999999999935e+03 4.080522135151637997e+01
1.568397400000000061e+03 4.089762110726643840e+01
1.592079300000000103e+03 4.094910746997761208e+01
1.593997900000000072e+03 4.095020863016486601e+01
1.615966400000000021e+03 4.091254121717891223e+01
1.646923900000000003e+03 4.099751780989212335e+01
1.648254300000000057e+03 4.099716568288215512e+01
1.661441600000000108e+03 4.105180592306126641e+01
1.698563300000000027e+03 4.110950234072867460e+01
1.702600400000000036e+03 4.110873346224302338e+01
1.717595900000000029e+03 4.112125076328108975e+01
1.742679000000000087e+03 4.121402656218197080e+01
1.744222500000000082e+03 4.121386932627721933e+01
1.770758499999999913e+03 4.117355383675962344e+01
1.790627300000000105e+03 4.131113474455526102e+01
1.792236100000000079e+03 4.131161103195603346e+01
1.820366299999999910e+03 4.125776918379808933e+01
1.844662900000000036e+03 4.137204152249135092e+01
1.845227599999999939e+03 4.137242010991248264e+01
1.853283500000000004e+03 4.143136627315286091e+01
1.895146400000000085e+03 4.151531396295542464e+01
1.897500999999999976e+03 4.151477661306737588e+01
1.911343399999999974e+03 4.152051038062283794e+01
1.932891399999999976e+03 4.158523356401384063e+01
1.937009900000000016e+03 4.158486057398738467e+01
1.948276100000000042e+03 4.154893242418074806e+01
1.996672600000000102e+03 4.169770812131081072e+01
1.997300199999999904e+03 4.169781854264196852e+01
2.003023799999999937e+03 4.162856910238144081e+01
2.038705600000000004e+03 4.177638408304498085e+01
2.043540199999999913e+03 4.177608843883574252e+01
2.049132500000000164e+03 4.177190871158152419e+01
2.097145500000000084e+03 4.187219621412579329e+01
2.101077699999999822e+03 4.191698860166903984e+01
2.102070000000000164e+03 4.187221860370445370e+01
2.138766299999999774e+03 4.198674231630368325e+01
2.140715400000000045e+03 4.198776765723590643e+01
2.166651100000000042e+03 4.198400264604111243e+01
2.183957300000000032e+03 4.206212853653571671e+01
2.185052700000000186e+03 4.206195908813351991e+01
2.210523900000000140e+03 4.203744707917769574e+01
2.236184200000000146e+03 4.215459800529208678e+01
2.239621900000000096e+03 4.215474353755342918e+01
2.262308700000000044e+03 4.217059128841847837e+01
2.279143300000000181e+03 4.226062283737024217e+01
2.287150900000000092e+03 4.226081263993486914e+01
2.302556500000000142e+03 4.228371768776715101e+01
2.348849799999999959e+03 4.236528139629554346e+01
2.349573199999999815e+03 4.236658355383676167e+01
2.362019699999999830e+03 4.232311978424587551e+01
2.393531700000000001e+03 4.242270201506207883e+01
2.429812399999999798e+03 4.244835080398941329e+01
2.430706799999999930e+03 4.241944484021982475e+01
2.436437199999999848e+03 4.244858538571137530e+01
2.440149699999999939e+03 4.242167565642174054e+01
