1.238785799999999995e+02 1.708103348259718857e+01
1.337846000000000117e+02 1.710806330144514575e+01
1.700263799999999890e+02 1.716236617138204679e+01
1.726485600000000034e+02 1.716370801953999603e+01
1.811711300000000051e+02 1.717834978628129505e+01
2.193470499999999959e+02 1.723509719112558614e+01
2.218277500000000089e+02 1.723658050071239600e+01
2.309217299999999966e+02 1.725531141868512108e+01
2.693279200000000060e+02 1.732647058823529207e+01
2.705536599999999794e+02 1.732693975167921963e+01
2.776652199999999766e+02 1.734861286383065249e+01
3.211603600000000256e+02 1.741453490738856047e+01
3.218482000000000198e+02 1.741348717687766978e+01
3.313580299999999852e+02 1.743980968858131675e+01
3.678115599999999858e+02 1.752564929778139557e+01
3.732991900000000101e+02 1.752585741909220474e+01
3.800287700000000086e+02 1.754408508039893988e+01
4.161461699999999837e+02 1.762867647058823550e+01
4.178045999999999935e+02 1.762946672094443556e+01
4.282331100000000106e+02 1.766338896804396441e+01
4.682068499999999744e+02 1.775153368613881710e+01
4.713486700000000269e+02 1.775212243028699532e+01
4.767905200000000150e+02 1.777340677793608847e+01
5.121020899999999756e+02 1.787605688988398356e+01
5.189457999999999629e+02 1.787637848565031717e+01
5.253646199999999453e+02 1.789935070221860158e+01
5.639735699999999952e+02 1.800947842458782944e+01
5.700105300000000170e+02 1.800885456950946661e+01
5.761983999999999924e+02 1.802420974964380207e+01
6.172848599999999806e+02 1.812285110930185184e+01
6.178608900000000403e+02 1.812398381844087325e+01
6.280852200000000494e+02 1.816531752493385099e+01
6.705949900000000525e+02 1.826753053124364001e+01
6.731355099999999538e+02 1.830896702625686956e+01
6.733187799999999470e+02 1.826712700997353878e+01
7.144189699999999448e+02 1.839770608589456558e+01
7.145931199999999990e+02 1.839782668430694201e+01
7.211265799999999899e+02 1.842236311825768524e+01
7.673892299999999977e+02 1.853408355383675854e+01
7.700521400000000085e+02 1.853440565845715682e+01
7.732199200000000019e+02 1.857606299613270906e+01
8.125598899999999958e+02 1.865309128841848008e+01
8.187662100000000009e+02 1.865334724201099093e+01
8.255809100000000171e+02 1.870710869122735431e+01
8.685583800000000565e+02 1.878077040504783213e+01
8.688389399999999796e+02 1.878135202523916192e+01
8.719071000000000140e+02 1.883719010787706338e+01
9.076737500000000409e+02 1.895362863830653311e+01
9.115855900000000247e+02 1.895466161204966582e+01
9.196917799999999943e+02 1.894600651333197661e+01
9.605915499999999838e+02 1.905499134948096795e+01
9.614951899999999796e+02 1.905476898025646193e+01
9.629158499999999776e+02 1.908224251984530895e+01
1.003830400000000054e+03 1.919859861591695349e+01
1.005812900000000013e+03 1.919862711174435077e+01
1.023707800000000020e+03 1.921799562385507798e+01
1.054943199999999933e+03 1.930593069407693818e+01
1.057466599999999971e+03 1.930654284551190614e+01
1.064778399999999920e+03 1.935080704254020034e+01
1.102967200000000048e+03 1.945647720333808195e+01
1.109360400000000027e+03 1.945641257887237785e+01
1.109997100000000046e+03 1.947545491553022501e+01
1.154321500000000015e+03 1.957655302259312080e+01
1.159836999999999989e+03 1.957634133930388742e+01
1.174918499999999995e+03 1.960166191736210095e+01
1.207146999999999935e+03 1.969093323834724174e+01
1.211502999999999929e+03 1.969135253409322317e+01
1.217661399999999958e+03 1.972600600447791308e+01
1.257195600000000013e+03 1.983866120496641372e+01
1.264418200000000070e+03 1.980263993486667928e+01
1.266418300000000045e+03 1.980282922857724515e+01
1.297594700000000103e+03 1.994022287807856841e+01
1.303338799999999992e+03 1.994055108894768935e+01
1.315354800000000068e+03 1.995772694891105203e+01
1.357643700000000081e+03 2.005821493995522076e+01
1.357816199999999981e+03 2.005769641766741174e+01
1.370614399999999932e+03 2.007945654386321976e+01
1.397375900000000001e+03 2.019449776104213257e+01
1.405021300000000110e+03 2.019429778139629761e+01
1.407675799999999981e+03 2.018873855078363633e+01
1.443966100000000097e+03 2.030888815387746860e+01
1.452712600000000066e+03 2.030891461428862144e+01
1.470093399999999974e+03 2.032596122532057592e+01
1.494556000000000040e+03 2.046045847750864866e+01
1.501502799999999979e+03 2.046048493791980505e+01
1.507108199999999897e+03 2.048211530633014732e+01
1.551208900000000085e+03 2.053756055363322020e+01
1.556945799999999963e+03 2.053791013637288998e+01
1.563476300000000037e+03 2.057917667412985807e+01
1.599606800000000021e+03 2.068778190514960258e+01
1.600077800000000025e+03 2.068838286179523678e+01
1.626875999999999976e+03 2.068204355790759408e+01
1.638856399999999894e+03 2.079081314878892783e+01
1.644483600000000024e+03 2.079090830449827010e+01
1.665223400000000083e+03 2.080651943822511640e+01
1.696847299999999905e+03 2.092358691227356005e+01
1.696884399999999914e+03 2.092459393445959748e+01
1.723840300000000070e+03 2.091864034194992783e+01
1.752504400000000032e+03 2.104218959902300057e+01
1.756201099999999997e+03 2.104213464278445045e+01
1.765426200000000108e+03 2.107255241196824613e+01
1.795655500000000075e+03 2.116148890698147866e+01
1.800723500000000058e+03 2.116176725015265703e+01
1.819242999999999938e+03 2.117389069814776903e+01
1.851232500000000073e+03 2.129490738856096144e+01
1.853161900000000060e+03 2.129882251170364427e+01
1.854062500000000000e+03 2.129404640749033106e+01
1.888458699999999908e+03 2.142475371463464384e+01
1.890245799999999917e+03 2.142408406269082022e+01
1.916180900000000065e+03 2.138703948707510705e+01
1.947286599999999908e+03 2.155115153673926187e+01
1.956107799999999997e+03 2.155062283737024487e+01
1.966418599999999969e+03 2.157111693466314151e+01
1.989962199999999939e+03 2.166629401587624670e+01
1.996693600000000060e+03 2.166589965397923834e+01
2.006991199999999935e+03 2.167826073682067900e+01
2.032587899999999991e+03 2.177263179320171105e+01
2.040683199999999943e+03 2.177236260940362200e+01
2.059755500000000211e+03 2.176044626501119339e+01
2.087037299999999959e+03 2.190831620191329066e+01
2.087741300000000138e+03 2.190878841848158132e+01
2.108866599999999835e+03 2.189374007734581795e+01
2.147165300000000116e+03 2.206350549562385410e+01
2.154216600000000199e+03 2.206262212497455977e+01
2.168517699999999877e+03 2.209324190922043485e+01
2.189366399999999885e+03 2.216399857520863037e+01
2.202386599999999817e+03 2.216332332587014164e+01
2.221360299999999825e+03 2.215941736210054813e+01
2.247255299999999806e+03 2.231824648890698271e+01
2.255162699999999859e+03 2.231732597191125578e+01
2.261340700000000197e+03 2.230329584775086360e+01
2.286049100000000180e+03 2.241422196214125506e+01
2.290138500000000022e+03 2.241395226948910846e+01
2.308064899999999852e+03 2.242867036433950645e+01
2.337375399999999900e+03 2.254609963362507585e+01
2.344052299999999832e+03 2.254642631793201701e+01
2.350371700000000146e+03 2.253320832485243130e+01
2.379670300000000225e+03 2.267080806024831929e+01
2.394904700000000048e+03 2.267070272745776549e+01
2.416639500000000226e+03 2.268990484429065901e+01
2.449590999999999894e+03 2.268210004070832397e+01
2.452056599999999889e+03 2.268098768573173274e+01
