1.021770300000000020e+02 -4.921385893586844418e+00
1.268741600000000034e+02 -4.921264792450714687e+00
1.511776000000000124e+02 -4.921329264499662237e+00
1.744959399999999903e+02 -4.920756664759672105e+00
2.001520700000000090e+02 -4.921166356188590996e+00
2.256551900000000046e+02 -4.921030130810475356e+00
2.470869199999999921e+02 -4.920206727275606262e+00
2.735129900000000021e+02 -4.920370419761812109e+00
2.975511200000000258e+02 -4.920007256468504231e+00
3.205314599999999814e+02 -4.919342290229477221e+00
3.461050200000000245e+02 -4.919149524332242507e+00
3.687593899999999962e+02 -4.918548212233910810e+00
3.977331800000000044e+02 -4.919116724657218498e+00
4.209944100000000162e+02 -4.918577752866392316e+00
4.502111800000000130e+02 -4.918795840074531078e+00
4.695387099999999805e+02 -4.917371467292352527e+00
4.961406600000000253e+02 -4.917342840757607192e+00
5.212369499999999789e+02 -4.916874543699267797e+00
5.460827100000000200e+02 -4.916073669756002573e+00
5.656066200000000208e+02 -4.915152029290227986e+00
5.974024200000000064e+02 -4.915656987542994294e+00
6.180178300000000036e+02 -4.914797442176659814e+00
6.462007700000000341e+02 -4.913858532422220371e+00
6.689337600000000066e+02 -4.913217245952946399e+00
7.024639399999999796e+02 -4.912842619523392962e+00
7.178655400000000100e+02 -4.911290400958813862e+00
7.542050100000000157e+02 -4.912635620363250410e+00
7.659016100000000051e+02 -4.909860879653473731e+00
7.995143799999999601e+02 -4.909941097157475731e+00
8.178126300000000128e+02 -4.909398304451764616e+00
8.450902200000000448e+02 -4.908035642903898932e+00
8.635945699999999761e+02 -4.907288956309176164e+00
8.976740399999999909e+02 -4.907450032667165729e+00
9.157721400000000358e+02 -4.907298098463624747e+00
9.469772699999999759e+02 -4.907260269238845396e+00
9.641956599999999753e+02 -4.906481004079889630e+00
1.002154700000000048e+03 -4.906996899104181686e+00
1.014668599999999969e+03 -4.906248274723357561e+00
1.041649200000000064e+03 -4.905194037871634549e+00
1.061599999999999909e+03 -4.905791010582676748e+00
1.104087500000000091e+03 -4.907482284131436501e+00
1.108403000000000020e+03 -4.905041647539617244e+00
1.147344100000000026e+03 -4.906551807283996425e+00
1.161272099999999909e+03 -4.906086016236226754e+00
1.205706100000000106e+03 -4.907696283440817986e+00
1.214144600000000082e+03 -4.905620425309034971e+00
1.253789800000000014e+03 -4.907238265343078609e+00
1.261958800000000110e+03 -4.905375506297326105e+00
1.293213400000000092e+03 -4.906245845657573490e+00
1.318014899999999898e+03 -4.907312167929670288e+00
1.336240500000000111e+03 -4.905034890516256851e+00
1.365981399999999894e+03 -4.907091152336658268e+00
1.401179799999999886e+03 -4.905617822485524471e+00
1.414229900000000043e+03 -4.906124089632766250e+00
1.447632399999999961e+03 -4.904335171033582519e+00
1.460781700000000001e+03 -4.904722670573382182e+00
1.495246200000000044e+03 -4.901759236409028553e+00
1.499113299999999981e+03 -4.904534452337561135e+00
1.559769999999999982e+03 -4.902827720992988247e+00
1.561808099999999968e+03 -4.907309373293528232e+00
1.604336900000000014e+03 -4.905096454998878919e+00
1.611402399999999943e+03 -4.904635728413271778e+00
1.655772300000000087e+03 -4.903779750158294704e+00
1.663396700000000010e+03 -4.904327798971850783e+00
1.700541899999999941e+03 -4.903293232984667682e+00
1.709009000000000015e+03 -4.902089057144304540e+00
1.767047399999999925e+03 -4.904049072269157428e+00
1.769362200000000030e+03 -4.905942476853473622e+00
1.798669599999999946e+03 -4.902119267484447818e+00
1.818832300000000032e+03 -4.902599740287389984e+00
1.859525399999999991e+03 -4.901464516307818542e+00
1.859623100000000022e+03 -4.899822615144001858e+00
1.892905999999999949e+03 -4.898984000848863651e+00
1.913231999999999971e+03 -4.900305947026017073e+00
1.946915999999999940e+03 -4.898006705913110714e+00
1.957020800000000008e+03 -4.897514021296861308e+00
1.999976499999999987e+03 -4.896938536187390056e+00
2.020732199999999921e+03 -4.899066764787107786e+00
2.031923800000000028e+03 -4.893523572072846939e+00
2.064093600000000151e+03 -4.897345805006874997e+00
2.099117299999999886e+03 -4.893930710872763434e+00
2.104351999999999862e+03 -4.893954807348568359e+00
2.147591399999999794e+03 -4.892572906551813539e+00
2.160018500000000131e+03 -4.894828150397824373e+00
2.204201900000000023e+03 -4.893694363227650612e+00
2.221896000000000186e+03 -4.893219128849385591e+00
2.269048099999999977e+03 -4.891794647713927802e+00
2.273550200000000132e+03 -4.891096531417486126e+00
2.316458399999999983e+03 -4.886770826453575189e+00
2.321244099999999889e+03 -4.888854554797382512e+00
2.351405499999999847e+03 -4.892710548053888608e+00
2.356925200000000132e+03 -4.884605391704369026e+00
2.407246399999999994e+03 -4.882984258880423312e+00
2.422809299999999894e+03 -4.887226487389094487e+00
2.438668299999999817e+03 -4.879630293156353993e+00
