1.005648099999999943e+02 -3.309234470011789053e+00
1.283092300000000137e+02 -3.309134463595965858e+00
1.513455800000000124e+02 -3.308940622691074029e+00
1.750595199999999920e+02 -3.307732200612103046e+00
1.991436799999999891e+02 -3.307820688669424136e+00
2.252781600000000140e+02 -3.306478305258425898e+00
2.506693199999999990e+02 -3.306084660518064933e+00
2.734684799999999996e+02 -3.303429236671845182e+00
3.034102599999999939e+02 -3.303264277111806813e+00
3.243057999999999765e+02 -3.299237836862853435e+00
3.510870699999999829e+02 -3.298571922687700386e+00
3.750258600000000229e+02 -3.291763069884968029e+00
4.017235999999999763e+02 -3.290777983687144914e+00
4.230275899999999751e+02 -3.284422828954252971e+00
4.564786599999999908e+02 -3.284422367338736493e+00
4.687353100000000268e+02 -3.278345178870085252e+00
4.935134400000000028e+02 -3.277215606081877564e+00
5.249885600000000068e+02 -3.275264214175111821e+00
5.489300399999999627e+02 -3.272744831470356441e+00
5.692621599999999944e+02 -3.269795257814998468e+00
6.051064199999999573e+02 -3.270305962597485294e+00
6.200548800000000256e+02 -3.266387005404590482e+00
6.503307800000000043e+02 -3.265413093796824207e+00
6.685154300000000376e+02 -3.262280176054606962e+00
6.981229299999999967e+02 -3.261368305888657115e+00
7.158624600000000555e+02 -3.257688960177328230e+00
7.585499999999999545e+02 -3.258400806180173248e+00
7.623151699999999664e+02 -3.254430762157487500e+00
7.994604600000000119e+02 -3.255045008364430448e+00
8.166284900000000562e+02 -3.252812412724171764e+00
8.485886400000000549e+02 -3.252304749829214803e+00
8.739003800000000410e+02 -3.250600068654452723e+00
9.039640100000000302e+02 -3.247654631320738172e+00
9.202027600000000120e+02 -3.247463245480392224e+00
9.480825999999999567e+02 -3.245781567594537620e+00
9.735050999999999704e+02 -3.244731970318968983e+00
1.000490099999999984e+03 -3.242295296763924473e+00
1.020055399999999963e+03 -3.242207733192728814e+00
1.055448499999999967e+03 -3.240005783371825210e+00
1.067339600000000019e+03 -3.239156095800021617e+00
1.095395500000000084e+03 -3.237775326782388774e+00
1.123690800000000081e+03 -3.238888057445217683e+00
1.142311500000000024e+03 -3.235252560979175129e+00
1.172362599999999929e+03 -3.236467837169343831e+00
1.201497000000000071e+03 -3.234380333328890078e+00
1.226103299999999990e+03 -3.234759463428652282e+00
1.255528399999999920e+03 -3.233134705463745373e+00
1.278501299999999901e+03 -3.233123270752125578e+00
1.311916500000000042e+03 -3.234484337981472724e+00
1.319258599999999888e+03 -3.229281918328362089e+00
1.348986400000000003e+03 -3.226170942530424579e+00
1.353923199999999952e+03 -3.224793275263827752e+00
1.386820500000000038e+03 -3.224925044895931681e+00
1.411153900000000021e+03 -3.225467545124210300e+00
1.461496499999999969e+03 -3.225040424170384945e+00
1.465594700000000103e+03 -3.224333658016913962e+00
1.487175899999999956e+03 -3.220223025312400011e+00
1.518051600000000008e+03 -3.221755130591685834e+00
1.556889200000000073e+03 -3.221816133769733081e+00
1.557978200000000015e+03 -3.218472789164149361e+00
1.589630300000000034e+03 -3.214878670566811536e+00
1.625824900000000071e+03 -3.221136265181650860e+00
1.643450299999999970e+03 -3.216131515956836218e+00
1.665438599999999951e+03 -3.214521760739436296e+00
1.695933399999999892e+03 -3.218976055260247104e+00
1.708078899999999976e+03 -3.213661909222089719e+00
1.765831599999999980e+03 -3.214869406548244601e+00
1.768648799999999937e+03 -3.216693576940907295e+00
1.794937899999999900e+03 -3.210855800521022374e+00
1.814929000000000087e+03 -3.214505935325491226e+00
1.847132299999999987e+03 -3.208710989067270258e+00
1.857891100000000051e+03 -3.215827077265318579e+00
1.898399699999999939e+03 -3.211723334054374046e+00
1.918215899999999920e+03 -3.211006861502048615e+00
1.947400799999999890e+03 -3.210264541962389195e+00
1.966506200000000035e+03 -3.209378917570287371e+00
2.005819400000000087e+03 -3.209448227997188763e+00
2.015089099999999917e+03 -3.209157727901167600e+00
2.043281799999999976e+03 -3.203007266397722486e+00
2.053070499999999811e+03 -3.204862132923806506e+00
2.099151499999999942e+03 -3.206455682927374262e+00
2.119148700000000190e+03 -3.206286358676420534e+00
2.144679999999999836e+03 -3.205994534204525070e+00
2.169519200000000183e+03 -3.199051418879104602e+00
2.193946800000000167e+03 -3.207481695252931253e+00
2.213340900000000147e+03 -3.203142260616567150e+00
2.247478900000000067e+03 -3.197805543251690530e+00
2.252500599999999849e+03 -3.206759818219119040e+00
2.297441800000000057e+03 -3.205071581238143175e+00
2.328147699999999986e+03 -3.205047831766455246e+00
2.359965900000000147e+03 -3.199998688742244912e+00
2.371178399999999783e+03 -3.203331497506458625e+00
2.401125500000000102e+03 -3.202161552596578531e+00
2.406341499999999996e+03 -3.199459615889917341e+00
2.460084299999999985e+03 -3.198520561755872293e+00
