1.241492800000000045e+02 -3.381827810415359625e+00
1.326774599999999964e+02 -3.381170210641708529e+00
1.714912999999999954e+02 -3.380468405398522780e+00
1.719682799999999929e+02 -3.380720606958282470e+00
1.819754200000000139e+02 -3.380281903864962967e+00
2.204951700000000017e+02 -3.379142580577050303e+00
2.215780599999999936e+02 -3.379297809071040604e+00
2.288993600000000015e+02 -3.378175347029794384e+00
2.672600199999999973e+02 -3.376529548771090017e+00
2.701265000000000214e+02 -3.377375821939583744e+00
2.798269500000000107e+02 -3.376714896269735089e+00
3.183241899999999873e+02 -3.374690504767264176e+00
3.188455700000000093e+02 -3.374933423365308105e+00
3.280027999999999793e+02 -3.374059247494413327e+00
3.671899199999999723e+02 -3.371806273114457131e+00
3.727246099999999842e+02 -3.373115077465855371e+00
3.815974100000000249e+02 -3.372085038190229422e+00
4.172232700000000136e+02 -3.368102074815675806e+00
4.187387200000000007e+02 -3.368596128477961305e+00
4.295384500000000116e+02 -3.367991116642068405e+00
4.664524900000000116e+02 -3.363803925326650734e+00
4.703215400000000272e+02 -3.364904650457546609e+00
4.767510100000000079e+02 -3.363110863218516933e+00
5.161947000000000116e+02 -3.359815169866414930e+00
5.187396099999999706e+02 -3.360566912456813160e+00
5.251623499999999467e+02 -3.358641373166299182e+00
5.645083100000000513e+02 -3.354903714073219412e+00
5.688673999999999751e+02 -3.356119115344490034e+00
5.727903999999999769e+02 -3.353619193690017042e+00
6.164068899999999758e+02 -3.351061879733017612e+00
6.173430499999999483e+02 -3.351400578002551089e+00
6.217243099999999458e+02 -3.349038869219129744e+00
6.677898400000000265e+02 -3.347384119085185183e+00
6.699349600000000464e+02 -3.348047773622983669e+00
6.760901900000000069e+02 -3.345899912599355819e+00
7.109790600000000040e+02 -3.341918260617934955e+00
7.134042500000000473e+02 -3.342473828291332438e+00
7.165551799999999503e+02 -3.339968082797015736e+00
7.689435300000000097e+02 -3.339220907717635356e+00
7.700351799999999685e+02 -3.339614305588548326e+00
7.736312799999999470e+02 -3.336906934634768618e+00
8.088845000000000027e+02 -3.332674318672850244e+00
8.141630499999999984e+02 -3.333966824318107314e+00
8.184856300000000147e+02 -3.331863047560779112e+00
8.621071799999999712e+02 -3.330082382646739614e+00
8.633677999999999884e+02 -3.330332611415603772e+00
8.656302899999999454e+02 -3.328084770454255104e+00
9.098583999999999605e+02 -3.325688574682955423e+00
9.116593000000000302e+02 -3.326219225621431352e+00
9.206838900000000194e+02 -3.325149809130421907e+00
9.610409200000000283e+02 -3.322830716781071114e+00
9.660064099999999598e+02 -3.324181258227581814e+00
9.661959399999999505e+02 -3.320875228027814874e+00
1.011410899999999970e+03 -3.319446548313630174e+00
1.015628299999999967e+03 -3.320457957798445214e+00
1.019572000000000003e+03 -3.318388840386202077e+00
1.066138500000000022e+03 -3.317557474368178827e+00
1.066350100000000111e+03 -3.317511780274755573e+00
1.068967100000000073e+03 -3.314674944014813551e+00
1.106865000000000009e+03 -3.312035301806814047e+00
1.109691900000000032e+03 -3.312711155499015181e+00
1.125729700000000093e+03 -3.313312924906892221e+00
1.152956599999999980e+03 -3.308663599041832271e+00
1.160605199999999968e+03 -3.310594405156665587e+00
1.173704799999999977e+03 -3.310734474535026894e+00
1.201995499999999993e+03 -3.305692545621580436e+00
1.209501800000000003e+03 -3.304571247846137982e+00
1.211029299999999921e+03 -3.307982674764106790e+00
1.254858300000000099e+03 -3.303021465166475767e+00
1.258318099999999959e+03 -3.303949324059418657e+00
1.262551200000000108e+03 -3.301420267576498091e+00
1.299456200000000081e+03 -3.300127543637601413e+00
1.306254899999999907e+03 -3.301865348519960275e+00
1.308590699999999970e+03 -3.299237060100931540e+00
1.345107299999999896e+03 -3.296665013941653122e+00
1.353245400000000018e+03 -3.298760631377303465e+00
1.368517900000000054e+03 -3.299483403453229435e+00
1.397901499999999942e+03 -3.294253371827629451e+00
1.409218900000000076e+03 -3.297190950459953473e+00
1.411182700000000068e+03 -3.294297196888796186e+00
1.446781400000000076e+03 -3.293002103218745091e+00
1.451490099999999984e+03 -3.294214103832022733e+00
1.474933700000000044e+03 -3.296586058084963966e+00
1.491241999999999962e+03 -3.289470966979640476e+00
1.494972800000000007e+03 -3.290468274143050209e+00
1.513344100000000026e+03 -3.291719096624037721e+00
1.550967499999999973e+03 -3.289887027236738870e+00
1.553655600000000049e+03 -3.290540890081426806e+00
1.560242799999999988e+03 -3.288984602167493776e+00
1.590891200000000026e+03 -3.285081241210360492e+00
1.598727599999999939e+03 -3.287074489079960138e+00
1.608799899999999980e+03 -3.286228653940574063e+00
1.640415500000000065e+03 -3.284715624503947939e+00
1.641397799999999961e+03 -3.284915884507159767e+00
1.665102200000000039e+03 -3.287629838403498095e+00
1.695305299999999988e+03 -3.283693996430337769e+00
1.705345299999999952e+03 -3.286266943196404444e+00
1.718538399999999911e+03 -3.286063588012839709e+00
1.736479800000000068e+03 -3.279516574230093351e+00
1.744875000000000000e+03 -3.281618103501129813e+00
1.759514799999999923e+03 -3.281458350128331425e+00
1.782987699999999904e+03 -3.277544422877826769e+00
1.797054300000000012e+03 -3.281210432565284663e+00
1.805039500000000089e+03 -3.279579772866587639e+00
1.841301200000000108e+03 -3.278292277774078389e+00
1.843521199999999908e+03 -3.278887258530169824e+00
1.868454799999999977e+03 -3.282113876203881730e+00
1.896387899999999945e+03 -3.277806490190354527e+00
1.900102100000000064e+03 -3.278780373010594218e+00
1.910994500000000016e+03 -3.278572817095189329e+00
1.945732899999999972e+03 -3.275558829840444108e+00
1.946193299999999908e+03 -3.275652307932703344e+00
1.964816399999999931e+03 -3.276591622836485307e+00
1.990439499999999953e+03 -3.272271372951019330e+00
2.004951900000000023e+03 -3.276015026498826366e+00
2.016566900000000032e+03 -3.274596302308826257e+00
2.048183899999999994e+03 -3.272845541985093032e+00
2.057649899999999889e+03 -3.275262821710326566e+00
2.064136899999999969e+03 -3.272741896130414663e+00
2.088259799999999814e+03 -3.269909654286666800e+00
2.089498700000000099e+03 -3.270278988133373588e+00
2.113756100000000060e+03 -3.272782249967233437e+00
2.144667100000000119e+03 -3.269205375971829142e+00
2.156639599999999973e+03 -3.270100882134336473e+00
2.157325299999999970e+03 -3.272480774922890578e+00
2.176203399999999874e+03 -3.266086256653417674e+00
2.186358200000000124e+03 -3.268592148348107518e+00
2.206967099999999846e+03 -3.270117954415697969e+00
2.230528899999999794e+03 -3.262616486483128853e+00
2.248835700000000088e+03 -3.262956781387039040e+00
2.258904599999999846e+03 -3.269939448513423663e+00
2.283723199999999906e+03 -3.266532835481663621e+00
2.289939899999999852e+03 -3.268090668241466545e+00
2.319466600000000199e+03 -3.271615013269556727e+00
2.341806700000000092e+03 -3.264514127196158633e+00
2.350389500000000226e+03 -3.266719263696892472e+00
2.351214899999999943e+03 -3.262678982280544204e+00
2.399827299999999923e+03 -3.265509689252017012e+00
2.405416299999999865e+03 -3.266913034532068494e+00
2.417643500000000131e+03 -3.265030705682831602e+00
2.453129399999999805e+03 -3.267971207734804207e+00
2.461811499999999796e+03 -3.270153725012145074e+00
