9.996371299999999849e+01 1.856809841237533121e+01
1.003498100000000051e+02 1.857961428862202524e+01
1.270140899999999959e+02 1.858308976185630002e+01
1.486619900000000030e+02 1.860272338693262739e+01
1.490540200000000084e+02 1.860910441685324557e+01
1.766934300000000064e+02 1.861851567270506891e+01
1.987550500000000113e+02 1.861332536128638182e+01
2.001029599999999959e+02 1.862237940158762584e+01
2.231401500000000055e+02 1.862965245267657366e+01
2.481490200000000073e+02 1.865120700183187452e+01
2.495780699999999968e+02 1.865573224099328442e+01
2.715718100000000277e+02 1.864842611439039288e+01
2.979195399999999836e+02 1.867205882352941160e+01
2.996546399999999721e+02 1.866305312436393393e+01
3.242868399999999838e+02 1.867396753511092911e+01
3.492137299999999982e+02 1.871073529411764724e+01
3.505184800000000109e+02 1.870024832078160060e+01
3.727991999999999848e+02 1.869532719316100255e+01
3.981518199999999865e+02 1.872779615306330214e+01
4.029319899999999848e+02 1.871075463057195165e+01
4.213614699999999971e+02 1.873585029513535360e+01
4.452187599999999748e+02 1.876119733360471997e+01
4.510441700000000083e+02 1.875162120903724627e+01
4.744702300000000150e+02 1.873749084062690784e+01
4.952167099999999778e+02 1.873727712192143002e+01
5.034390799999999899e+02 1.873840219824954190e+01
5.237852599999999939e+02 1.873130521066558174e+01
5.392970299999999497e+02 1.876788164054548957e+01
5.500735799999999927e+02 1.874961428862202339e+01
5.708385500000000548e+02 1.873004732342764100e+01
5.895846400000000358e+02 1.876190006106248731e+01
6.037822300000000268e+02 1.876942143293303289e+01
6.223021800000000212e+02 1.877075208630164838e+01
6.447322000000000344e+02 1.875180948503968992e+01
6.493551700000000437e+02 1.875820476287400851e+01
6.737681000000000040e+02 1.873206391207001786e+01
7.011213599999999815e+02 1.875297170771422728e+01
7.023019199999999955e+02 1.879056533686138764e+01
7.172616000000000440e+02 1.875538774679422005e+01
7.489316199999999526e+02 1.877710105841644861e+01
7.504355900000000474e+02 1.878066151027885056e+01
7.645658300000000054e+02 1.880448911052310379e+01
7.937989900000000034e+02 1.880986922450641075e+01
8.021038899999999785e+02 1.882428862202320374e+01
8.166691399999999703e+02 1.882423519234683340e+01
8.451253500000000258e+02 1.882144667209444222e+01
8.456561100000000124e+02 1.880607826175452857e+01
8.732893500000000131e+02 1.882823224099328385e+01
8.980842300000000478e+02 1.884806431915326641e+01
9.038881499999999960e+02 1.886155658457154516e+01
9.276572899999999890e+02 1.884610573987380278e+01
9.476892900000000282e+02 1.888860370445756232e+01
9.541455700000000206e+02 1.884166039079991961e+01
9.695224399999999605e+02 1.890566608996540054e+01
9.921633100000000240e+02 1.887138510075310549e+01
9.947246999999999844e+02 1.888435884388357167e+01
1.014098100000000045e+03 1.890542336657846434e+01
1.037183700000000044e+03 1.892788978221046392e+01
1.049413999999999987e+03 1.891093934459597037e+01
1.061455500000000029e+03 1.891781090983106139e+01
1.101571999999999889e+03 1.897236871565235106e+01
1.111723600000000033e+03 1.896391156116425591e+01
1.121912700000000086e+03 1.894549969468756601e+01
1.136636700000000019e+03 1.895626806431915412e+01
1.149163800000000037e+03 1.896551496030938111e+01
1.169618999999999915e+03 1.900541064522694867e+01
1.196835800000000063e+03 1.898034500305312378e+01
1.197695799999999963e+03 1.898037756971300638e+01
1.222580300000000079e+03 1.899912070018318744e+01
1.251974600000000009e+03 1.901837014044372154e+01
1.257837299999999914e+03 1.901329330348056246e+01
1.260098300000000108e+03 1.900507174842255154e+01
1.294700100000000020e+03 1.905244911459393364e+01
1.300598899999999958e+03 1.903185222878078520e+01
1.307088799999999992e+03 1.909643242418074749e+01
1.344540400000000091e+03 1.915496641563199631e+01
1.351227300000000014e+03 1.910833502951353680e+01
1.360485599999999977e+03 1.911450946468552914e+01
1.385575000000000045e+03 1.911872379401587452e+01
1.406849300000000085e+03 1.911970944433136665e+01
1.409992700000000013e+03 1.910398483614899234e+01
1.442857099999999946e+03 1.912690922043557862e+01
1.454887799999999970e+03 1.917548595562792713e+01
1.471394700000000057e+03 1.915281243639324416e+01
1.505460600000000113e+03 1.921777274577651085e+01
1.507418899999999894e+03 1.917983614899246803e+01
1.515990000000000009e+03 1.918417463871361761e+01
1.550302200000000084e+03 1.924572359047425252e+01
1.553592799999999897e+03 1.924035467128027577e+01
1.558804399999999987e+03 1.918530124160390571e+01
1.599218499999999949e+03 1.924923366578465433e+01
1.609774200000000064e+03 1.928780073274984730e+01
1.616991500000000087e+03 1.926873295338896952e+01
1.640825599999999895e+03 1.929343934459597065e+01
1.654332599999999957e+03 1.925631894972521962e+01
1.658234600000000000e+03 1.931072715245267446e+01
1.682126899999999978e+03 1.934525951557093393e+01
1.694963799999999992e+03 1.931224455526155026e+01
1.699038700000000063e+03 1.935521880724608224e+01
1.752804399999999987e+03 1.936514298799104239e+01
1.760487300000000005e+03 1.942330144514552970e+01
1.764220199999999977e+03 1.938922908609810847e+01
1.788603499999999940e+03 1.939236464481986744e+01
1.797823399999999992e+03 1.939299765927131958e+01
1.814223999999999933e+03 1.936176267046610988e+01
1.839421599999999899e+03 1.945806838998575472e+01
1.850286000000000058e+03 1.942796967229798710e+01
1.861125099999999975e+03 1.945398788927335687e+01
1.891019000000000005e+03 1.946082027274577442e+01
1.896644500000000107e+03 1.946149755750050758e+01
1.907315800000000081e+03 1.945820221860370580e+01
1.944845800000000054e+03 1.953683645430490401e+01
1.954727499999999964e+03 1.953186952981884872e+01
1.964901299999999992e+03 1.951411510278851935e+01
2.002097199999999930e+03 1.958201455322613427e+01
2.008149699999999939e+03 1.954012365153673869e+01
2.021613100000000031e+03 1.957497455729696867e+01
2.024988200000000006e+03 1.959793914105434709e+01
2.047368799999999965e+03 1.958034398534500298e+01
2.048503499999999804e+03 1.964066151027885354e+01
2.099444599999999809e+03 1.965288672908609868e+01
2.105329799999999977e+03 1.964586708731935616e+01
2.112023499999999785e+03 1.963043099938937530e+01
2.143008800000000065e+03 1.967285823325870098e+01
2.160206000000000131e+03 1.970019285568898937e+01
2.172182999999999993e+03 1.966156116425809230e+01
2.193636500000000069e+03 1.970854060655403828e+01
2.195928100000000086e+03 1.975514095257480207e+01
2.205059999999999945e+03 1.967618970079381313e+01
2.252699500000000171e+03 1.976341135762263335e+01
2.257515400000000227e+03 1.975833452065947426e+01
2.257896699999999782e+03 1.975187716262975712e+01
2.280805299999999988e+03 1.981103450030531477e+01
2.296653699999999844e+03 1.980580653368614108e+01
2.296971000000000004e+03 1.982434815794830030e+01
2.323306399999999940e+03 1.986854823936495151e+01
2.331676599999999780e+03 1.983769590881335176e+01
2.369729299999999967e+03 1.984008650519031036e+01
2.388316699999999855e+03 1.989496336250763164e+01
2.400553100000000086e+03 1.986195145532261463e+01
2.400906500000000051e+03 1.990061469570527208e+01
2.432487099999999828e+03 1.995102330551597802e+01
