9.979046300000000258e+01 -3.888984672624900440e+00
1.007671600000000041e+02 -3.889224955747005108e+00
1.270266299999999973e+02 -3.888966686082807378e+00
1.499409300000000087e+02 -3.888812888589356032e+00
1.502584899999999948e+02 -3.888926991092073404e+00
1.759595600000000104e+02 -3.888673509035867504e+00
1.994168500000000108e+02 -3.888367392412115375e+00
2.016865899999999954e+02 -3.888630686864010144e+00
2.249407199999999989e+02 -3.888186968936604426e+00
2.506028499999999894e+02 -3.887456495629084241e+00
2.509443200000000047e+02 -3.887762612845777177e+00
2.733430999999999926e+02 -3.887358150537044921e+00
2.978031500000000165e+02 -3.886847752173390624e+00
3.020850800000000049e+02 -3.887592564892366376e+00
3.224765199999999936e+02 -3.886314239522195457e+00
3.499488000000000056e+02 -3.885931483813418907e+00
3.508313600000000179e+02 -3.886110945810701267e+00
3.683797799999999825e+02 -3.884094793586105432e+00
3.974352499999999964e+02 -3.884042146320221267e+00
4.003808599999999842e+02 -3.884058072179698229e+00
4.237901800000000208e+02 -3.883542271636595711e+00
4.453965999999999781e+02 -3.882199200937302752e+00
4.457341200000000185e+02 -3.880883953015009880e+00
4.713685800000000086e+02 -3.879464767332766684e+00
5.034080599999999777e+02 -3.878148893099006678e+00
5.055502099999999928e+02 -3.879228836620788989e+00
5.219063800000000128e+02 -3.875047655567356308e+00
5.489290999999999485e+02 -3.872904317751281411e+00
5.535424400000000560e+02 -3.873070752004144079e+00
5.703244700000000194e+02 -3.869136037127413719e+00
6.006581700000000410e+02 -3.867559573567781683e+00
6.009755800000000363e+02 -3.868535483415045384e+00
6.216401799999999866e+02 -3.863222544323472452e+00
6.435928699999999480e+02 -3.860961307616753491e+00
6.500678900000000340e+02 -3.862294958487566543e+00
6.728046699999999873e+02 -3.857719276274451214e+00
6.888337500000000091e+02 -3.856077798105594923e+00
7.051649099999999635e+02 -3.857067029140722081e+00
7.174918800000000374e+02 -3.851257968906665052e+00
7.390919699999999466e+02 -3.849725901711215759e+00
7.517366700000000037e+02 -3.850445653102288368e+00
7.716148200000000088e+02 -3.847171615561155278e+00
7.941101099999999633e+02 -3.844401761058911404e+00
7.956415899999999510e+02 -3.844716364250253982e+00
8.164199599999999464e+02 -3.840159633223563240e+00
8.423627999999999929e+02 -3.839911000360684223e+00
8.557590699999999515e+02 -3.840490425129477359e+00
8.675773699999999735e+02 -3.835879651890020003e+00
8.919756999999999607e+02 -3.833473489006708590e+00
8.930611099999999851e+02 -3.835157508600424148e+00
9.262952299999999468e+02 -3.833521121888533223e+00
9.443502499999999600e+02 -3.829270222436443660e+00
9.620665800000000445e+02 -3.826056434121234862e+00
9.630237399999999752e+02 -3.832989508998660533e+00
1.002927500000000009e+03 -3.826433860167527623e+00
1.011270700000000033e+03 -3.828331584099204932e+00
1.015716800000000035e+03 -3.823672827447476941e+00
1.055908400000000029e+03 -3.822425969167288162e+00
1.066726899999999887e+03 -3.824212029982124950e+00
1.068471999999999980e+03 -3.820808247368013610e+00
1.098533500000000004e+03 -3.819696474733932146e+00
1.099860100000000102e+03 -3.821539071047368896e+00
1.109656899999999951e+03 -3.816343466960250730e+00
1.142090099999999893e+03 -3.814644999004724202e+00
1.148345800000000054e+03 -3.817487949660761881e+00
1.162073300000000017e+03 -3.813177988713391198e+00
1.197840699999999970e+03 -3.812819902426280549e+00
1.201113599999999906e+03 -3.813353016103737669e+00
1.217204899999999952e+03 -3.812174346023469607e+00
1.251648699999999963e+03 -3.810128163794373801e+00
1.257572499999999991e+03 -3.812663858405417106e+00
1.263777900000000045e+03 -3.808464393745326859e+00
1.280824800000000096e+03 -3.806413947866935210e+00
1.304693099999999959e+03 -3.809589416266121020e+00
1.317395700000000033e+03 -3.806823881532894305e+00
1.341708699999999908e+03 -3.803923086379617402e+00
1.363296499999999924e+03 -3.804902140773591235e+00
1.363872000000000071e+03 -3.804188309577597238e+00
1.393348899999999958e+03 -3.801011656967994146e+00
1.394528399999999920e+03 -3.803095484111305602e+00
1.414819600000000037e+03 -3.801598541672685627e+00
1.442543699999999944e+03 -3.801147668454314843e+00
1.448678599999999960e+03 -3.799877260859955808e+00
1.467653999999999996e+03 -3.800866435148765987e+00
1.500794200000000046e+03 -3.798677883044498049e+00
1.512609899999999925e+03 -3.797978762098626504e+00
1.516185799999999972e+03 -3.800934905049198953e+00
1.558794000000000096e+03 -3.797871049771044838e+00
1.559520999999999958e+03 -3.796818560201227655e+00
1.572337899999999991e+03 -3.799037388053013942e+00
1.596202399999999898e+03 -3.795263522763701936e+00
1.607043699999999944e+03 -3.795740751595948037e+00
1.626962500000000091e+03 -3.798132423377615918e+00
1.647367500000000064e+03 -3.792744179967290297e+00
1.662348999999999933e+03 -3.793303487455579770e+00
1.665243600000000015e+03 -3.795752287684068804e+00
1.696790999999999940e+03 -3.792075942272084443e+00
1.701459399999999960e+03 -3.792749639330504685e+00
1.708559299999999894e+03 -3.791739338498198553e+00
1.740871499999999969e+03 -3.789922677360124226e+00
1.746112599999999929e+03 -3.791587701719747017e+00
1.760297499999999900e+03 -3.790271674731735096e+00
1.791985500000000002e+03 -3.789621907220990682e+00
1.807579799999999977e+03 -3.789977229847516060e+00
1.821383599999999888e+03 -3.790584256334356361e+00
1.858166699999999992e+03 -3.786630210147679865e+00
1.862967799999999897e+03 -3.787196191629695896e+00
1.866053599999999960e+03 -3.791264591839750508e+00
1.891308600000000069e+03 -3.784969931844374802e+00
1.899627600000000029e+03 -3.788878191778255911e+00
1.909877400000000080e+03 -3.785181439526217773e+00
1.954413000000000011e+03 -3.786061459021586195e+00
1.956601100000000088e+03 -3.784230576465000162e+00
1.960961900000000014e+03 -3.787869481071344691e+00
1.998417099999999891e+03 -3.780897399020045846e+00
2.012028099999999995e+03 -3.785090090704782639e+00
2.014101799999999912e+03 -3.783572397565864609e+00
2.056626499999999851e+03 -3.784457391454385089e+00
2.059204699999999775e+03 -3.782997355478884050e+00
2.062782400000000052e+03 -3.785078480353934793e+00
2.091109899999999925e+03 -3.782432081663552825e+00
2.101106299999999919e+03 -3.782194856086358747e+00
2.110823899999999867e+03 -3.783242872479927410e+00
2.146570799999999963e+03 -3.780552446029899372e+00
2.154087100000000191e+03 -3.783657527469422632e+00
2.155841600000000199e+03 -3.781734192447035792e+00
2.196080699999999979e+03 -3.778587187646364143e+00
2.201169899999999870e+03 -3.782733195223423550e+00
2.219562699999999950e+03 -3.780797381703745685e+00
2.244400799999999890e+03 -3.782270377284258966e+00
2.252868500000000040e+03 -3.777522035367159248e+00
2.260617600000000039e+03 -3.781034745794113583e+00
2.293616899999999987e+03 -3.779812617817407183e+00
2.301857199999999921e+03 -3.776402343754905466e+00
2.322234100000000126e+03 -3.782691295532124798e+00
2.339549799999999777e+03 -3.777761326982150614e+00
2.358901899999999841e+03 -3.781346664470935703e+00
2.373145399999999881e+03 -3.779837970751219078e+00
2.379397599999999784e+03 -3.775712125278802844e+00
2.389436999999999898e+03 -3.776245226316193637e+00
2.420930699999999888e+03 -3.780059476300829058e+00
2.455127899999999954e+03 -3.775281926534593158e+00
