9.979046300000000258e+01 1.763965550580093833e+01
1.007671600000000041e+02 1.763529157337675457e+01
1.270266299999999973e+02 1.767052513739059449e+01
1.499409300000000087e+02 1.769970842662324273e+01
1.502584899999999948e+02 1.768581518420517185e+01
1.759595600000000104e+02 1.772092051699572579e+01
1.994168500000000108e+02 1.774161154081009784e+01
2.016865899999999954e+02 1.775295695094646931e+01
2.249407199999999989e+02 1.777925300223895988e+01
2.506028499999999894e+02 1.781435986159169360e+01
2.509443200000000047e+02 1.779622124974557451e+01
2.733430999999999926e+02 1.784390545491552871e+01
2.978031500000000165e+02 1.786037706085894428e+01
3.020850800000000049e+02 1.785440667616527577e+01
3.224765199999999936e+02 1.788951760635049837e+01
3.499488000000000056e+02 1.791942448605740168e+01
3.508313600000000179e+02 1.793250407083248632e+01
3.683797799999999825e+02 1.795661408508039969e+01
3.974352499999999964e+02 1.800076989619377343e+01
4.003808599999999842e+02 1.800076175452879923e+01
4.237901800000000208e+02 1.801937105638102921e+01
4.453965999999999781e+02 1.805227763077549241e+01
4.457341200000000185e+02 1.806698707510685864e+01
4.713685800000000086e+02 1.811846631386118389e+01
5.034080599999999777e+02 1.817495216771829547e+01
5.055502099999999928e+02 1.817351719926725195e+01
5.219063800000000128e+02 1.821396651740280959e+01
5.489290999999999485e+02 1.828027274577651085e+01
5.535424400000000560e+02 1.827924638713616901e+01
5.703244700000000194e+02 1.833645074292692811e+01
6.006581700000000410e+02 1.839233971097089437e+01
6.009755800000000363e+02 1.836990840626908295e+01
6.216401799999999866e+02 1.843996692448605756e+01
6.435928699999999480e+02 1.850175351109302113e+01
6.500678900000000340e+02 1.849461886830857082e+01
6.728046699999999873e+02 1.855564828007327449e+01
6.888337500000000091e+02 1.861154844290657451e+01
7.051649099999999635e+02 1.860874465703236424e+01
7.174918800000000374e+02 1.868056279259108265e+01
7.390919699999999466e+02 1.870116527579889976e+01
7.517366700000000037e+02 1.871908915123142592e+01
7.716148200000000088e+02 1.876284093222063731e+01
7.941101099999999633e+02 1.881769947079177641e+01
7.956415899999999510e+02 1.885889476898025663e+01
8.164199599999999464e+02 1.891729951150010436e+01
8.423627999999999929e+02 1.893314166497048490e+01
8.557590699999999515e+02 1.892300987176877669e+01
8.675773699999999735e+02 1.899435070221860400e+01
8.919756999999999607e+02 1.907051597801750731e+01
8.930611099999999851e+02 1.905059383268878648e+01
9.262952299999999468e+02 1.910213616934663250e+01
9.443502499999999600e+02 1.916646702625686771e+01
9.620665800000000445e+02 1.919014095257480434e+01
9.630237399999999752e+02 1.914950437614492174e+01
1.002927500000000009e+03 1.928570170974964171e+01
1.011270700000000033e+03 1.924058416446163378e+01
1.015716800000000035e+03 1.930814471809484800e+01
1.055908400000000029e+03 1.938328719723183369e+01
1.066726899999999887e+03 1.937053327905556444e+01
1.068471999999999980e+03 1.940686444127824117e+01
1.098533500000000004e+03 1.943473336047221522e+01
1.099860100000000102e+03 1.945584876857317624e+01
1.109656899999999951e+03 1.946743893751272125e+01
1.142090099999999893e+03 1.954434815794830271e+01
1.148345800000000054e+03 1.953543710563810265e+01
1.162073300000000017e+03 1.959834062690820389e+01
1.197840699999999970e+03 1.967054498269896001e+01
1.201113599999999906e+03 1.965718349277426924e+01
1.217204899999999952e+03 1.967302259312029378e+01
1.251648699999999963e+03 1.971401434968451127e+01
1.257572499999999991e+03 1.970745674740484432e+01
1.263777900000000045e+03 1.977385813148788785e+01
1.280824800000000096e+03 1.981876297577854729e+01
1.304693099999999959e+03 1.980586148992468765e+01
1.317395700000000033e+03 1.984217993079584730e+01
1.341708699999999908e+03 1.990460767351923366e+01
1.363296499999999924e+03 1.994290046814573714e+01
1.363872000000000071e+03 1.995610116018725932e+01
1.393348899999999958e+03 2.001324190922043300e+01
1.394528399999999920e+03 1.997339660085487623e+01
1.414819600000000037e+03 2.006371921432933192e+01
1.442543699999999944e+03 2.008346224302869842e+01
1.448678599999999960e+03 2.011570374516588799e+01
1.467653999999999996e+03 2.010691685324648859e+01
1.500794200000000046e+03 2.018832281701607911e+01
1.512609899999999925e+03 2.019911917362100695e+01
1.516185799999999972e+03 2.017605231019743783e+01
1.558794000000000096e+03 2.029082536128638381e+01
1.559520999999999958e+03 2.028986769794422784e+01
1.572337899999999991e+03 2.027011856299613157e+01
1.596202399999999898e+03 2.036471962141257919e+01
1.607043699999999944e+03 2.033732648076531646e+01
1.626962500000000091e+03 2.031898992468959619e+01
1.647367500000000064e+03 2.043296916344392500e+01
1.662348999999999933e+03 2.045669092204355977e+01
1.665243600000000015e+03 2.040713922247099532e+01
1.696790999999999940e+03 2.053591339303887864e+01
1.701459399999999960e+03 2.054556584571545130e+01
1.708559299999999894e+03 2.050379248931406551e+01
1.740871499999999969e+03 2.058341237533075230e+01
1.746112599999999929e+03 2.054115001017708053e+01
1.760297499999999900e+03 2.060758141664970466e+01
1.791985500000000002e+03 2.065681253816405416e+01
1.807579799999999977e+03 2.070591339303887679e+01
1.821383599999999888e+03 2.068073376755546633e+01
1.858166699999999992e+03 2.079381080806024684e+01
1.862967799999999897e+03 2.079378078567066979e+01
1.866053599999999960e+03 2.073484225524119751e+01
1.891308600000000069e+03 2.084875076328109245e+01
1.899627600000000029e+03 2.082913545695094726e+01
1.909877400000000080e+03 2.089259566456340167e+01
1.954413000000000011e+03 2.092872074089151013e+01
1.956601100000000088e+03 2.097481884795440621e+01
1.960961900000000014e+03 2.089496438021575386e+01
1.998417099999999891e+03 2.105859403623041004e+01
2.012028099999999995e+03 2.103755546509260910e+01
2.014101799999999912e+03 2.104619631589659789e+01
2.056626499999999851e+03 2.107662375330755111e+01
2.059204699999999775e+03 2.110043456136779838e+01
2.062782400000000052e+03 2.112359810706289664e+01
2.091109899999999925e+03 2.116842865866069801e+01
2.101106299999999919e+03 2.116961479747608621e+01
2.110823899999999867e+03 2.117415835538367475e+01
2.146570799999999963e+03 2.126863220028495860e+01
2.154087100000000191e+03 2.124095969875839884e+01
2.155841600000000199e+03 2.122856859352737757e+01
2.196080699999999979e+03 2.136665479340525309e+01
2.201169899999999870e+03 2.132192957459800553e+01
2.219562699999999950e+03 2.137405098717687579e+01
2.244400799999999890e+03 2.139378943618969942e+01
2.252868500000000040e+03 2.145370700183187296e+01
2.260617600000000039e+03 2.138091542845511839e+01
2.293616899999999987e+03 2.150400976999796399e+01
2.301857199999999921e+03 2.155748269896193747e+01
2.322234100000000126e+03 2.149428709546102212e+01
2.339549799999999777e+03 2.161126552004884971e+01
2.358901899999999841e+03 2.158820578058212902e+01
2.373145399999999881e+03 2.162702727457765306e+01
2.379397599999999784e+03 2.162191990637085226e+01
2.389436999999999898e+03 2.164918736006513456e+01
2.420930699999999888e+03 2.169891664970486289e+01
2.455127899999999954e+03 2.181662375330754955e+01
