1.039456600000000037e+02 1.745457154488092755e+01
1.275361400000000032e+02 1.748678658660696073e+01
1.513623499999999922e+02 1.752060604518624132e+01
1.756707499999999982e+02 1.755655404030124345e+01
1.991250400000000127e+02 1.757815591288418489e+01
2.251263500000000022e+02 1.763579890087522628e+01
2.510767899999999884e+02 1.767794422959495293e+01
2.734574600000000260e+02 1.771164817830246108e+01
3.014640200000000050e+02 1.772854976592713427e+01
3.226788300000000049e+02 1.778254986769794499e+01
3.489296400000000062e+02 1.780633217993079498e+01
3.742339999999999804e+02 1.784942855688988317e+01
3.991839200000000005e+02 1.788742367189090388e+01
4.209248900000000049e+02 1.794688326887848717e+01
4.466028499999999894e+02 1.799127417056788047e+01
4.669901899999999841e+02 1.803735904742519836e+01
4.987239999999999895e+02 1.806272084266232625e+01
5.219616200000000390e+02 1.810882505597394854e+01
5.488225999999999658e+02 1.816101007531040068e+01
5.673718699999999444e+02 1.822666751475676605e+01
5.989360599999999977e+02 1.826795593323834765e+01
6.190032999999999674e+02 1.831373397109708989e+01
6.526286499999999933e+02 1.837436037044575698e+01
6.674904800000000478e+02 1.844458731935680973e+01
7.010138200000000097e+02 1.850085792794626371e+01
7.137433899999999767e+02 1.855457408915123096e+01
7.486933099999999968e+02 1.859842967636881994e+01
7.699727900000000318e+02 1.866578719723183255e+01
8.036698900000000094e+02 1.869756767759006522e+01
8.132520399999999654e+02 1.880802361082841756e+01
8.551593599999999924e+02 1.879780480358233419e+01
8.700287700000000086e+02 1.891999134948096639e+01
9.034552300000000287e+02 1.892797018115204466e+01
9.171573799999999892e+02 1.903310858945654616e+01
9.566108500000000276e+02 1.908723336047221508e+01
9.708524599999999509e+02 1.914578058212904565e+01
9.938373100000000022e+02 1.918084418888662768e+01
1.010929099999999949e+03 1.925607215550580165e+01
1.045017900000000054e+03 1.932097343781803644e+01
1.064132700000000114e+03 1.936823834724200921e+01
1.099775900000000092e+03 1.943519845308365745e+01
1.117113599999999906e+03 1.949103907999186092e+01
1.138944600000000037e+03 1.957487278648483908e+01
1.166019999999999982e+03 1.959825717484225649e+01
1.191774400000000014e+03 1.968530327702015015e+01
1.211636400000000094e+03 1.975459749643801999e+01
1.250247900000000072e+03 1.984250966822715156e+01
1.264221700000000055e+03 1.991627569713006451e+01
1.296653900000000021e+03 1.996106503154895151e+01
1.311945799999999963e+03 1.999553785874211087e+01
1.345348099999999931e+03 2.005563097903521452e+01
1.364965899999999920e+03 2.013349684510482263e+01
1.398292099999999891e+03 2.018920873193568255e+01
1.417609799999999950e+03 2.023768318746183681e+01
1.438835499999999911e+03 2.031909169550172933e+01
1.468489000000000033e+03 2.037500865051903176e+01
1.500396099999999933e+03 2.041518013433747214e+01
1.502389100000000099e+03 2.051552513739059691e+01
1.555419200000000046e+03 2.054808976185629987e+01
1.568347099999999955e+03 2.063263789945043669e+01
1.598200800000000072e+03 2.068304396499084064e+01
1.620397899999999936e+03 2.075401638510075131e+01
1.646729000000000042e+03 2.086306279259108365e+01
1.657264100000000099e+03 2.098504019947079158e+01
1.699613000000000056e+03 2.103282312232851581e+01
1.711954999999999927e+03 2.102232393649501319e+01
1.736964699999999993e+03 2.109436851211072650e+01
1.772538600000000088e+03 2.118964227559535729e+01
1.798297199999999975e+03 2.135425859963362427e+01
1.805355999999999995e+03 2.124410441685324713e+01
1.851076600000000099e+03 2.141106045186240436e+01
1.887550300000000107e+03 2.150928811316914491e+01
1.902256900000000087e+03 2.154279157337675699e+01
1.915376700000000028e+03 2.162336454304905331e+01
1.940337199999999939e+03 2.172588998575208663e+01
1.975186599999999999e+03 2.184748727864848306e+01
1.987571500000000015e+03 2.184793303480561732e+01
2.013999399999999923e+03 2.197487278648483766e+01
2.047550199999999904e+03 2.204453846936698724e+01
2.073911799999999857e+03 2.204942295949521736e+01
2.098683599999999842e+03 2.217334062690820318e+01
2.109863899999999830e+03 2.226327854671280448e+01
2.144503900000000158e+03 2.227608233258701276e+01
2.164022599999999784e+03 2.241373091797272465e+01
2.208094799999999850e+03 2.247752747811927421e+01
2.215237700000000132e+03 2.252863372684713994e+01
2.260166799999999967e+03 2.269032770201506111e+01
2.261968800000000101e+03 2.264658253612864058e+01
2.301673800000000028e+03 2.278222521880724472e+01
2.315439600000000155e+03 2.294583146753511116e+01
2.372260699999999815e+03 2.297749033177284872e+01
2.375842500000000200e+03 2.307395583146753637e+01
2.399553399999999783e+03 2.315038520252391763e+01
2.416305699999999888e+03 2.328968909016893818e+01
2.445599400000000060e+03 2.340566100142478945e+01
