1.244690899999999942e+02 1.706546153063301574e+01
1.339125999999999976e+02 1.708686189700793889e+01
1.710799900000000093e+02 1.714888866273152956e+01
1.718751900000000035e+02 1.714950234072868085e+01
1.833027199999999937e+02 1.716936087929981980e+01
2.188573399999999936e+02 1.724877518827600298e+01
2.205754900000000021e+02 1.724820628943619027e+01
2.331092899999999872e+02 1.726427132098514150e+01
2.715687500000000227e+02 1.734373498880521325e+01
2.717242899999999963e+02 1.734388255648280008e+01
2.793523900000000140e+02 1.737582485243232355e+01
3.198930899999999724e+02 1.744712446570323650e+01
3.214315900000000283e+02 1.744835182169753907e+01
3.299670600000000036e+02 1.747194229594952120e+01
3.697209899999999720e+02 1.756811876653775784e+01
3.725070299999999861e+02 1.756919092204355692e+01
3.805896099999999933e+02 1.760246794219417765e+01
4.215569300000000226e+02 1.769538571137797689e+01
4.215573600000000170e+02 1.769496692448605657e+01
4.279397299999999973e+02 1.772721656828821679e+01
4.672551799999999957e+02 1.783189802564624671e+01
4.705355700000000070e+02 1.783100396906167262e+01
4.803795499999999947e+02 1.787419143089761775e+01
5.161551899999999478e+02 1.796855281905149582e+01
5.200677500000000464e+02 1.796706289436189508e+01
5.269700800000000527e+02 1.802116629350702226e+01
5.625658799999999928e+02 1.813858996539792301e+01
5.677765100000000302e+02 1.813805312436393180e+01
5.811706699999999728e+02 1.815013128434764766e+01
6.127811500000000251e+02 1.827690871158151964e+01
6.141843400000000202e+02 1.827722216568287905e+01
6.288006299999999555e+02 1.829271677182983780e+01
6.595268499999999676e+02 1.843235294117646816e+01
6.702285100000000284e+02 1.843226643598616121e+01
6.711042300000000296e+02 1.845788774679421707e+01
7.158078900000000431e+02 1.857780429472827066e+01
7.187115900000000011e+02 1.857819356808467148e+01
7.239962699999999813e+02 1.862465448809281554e+01
7.641692299999999705e+02 1.873305617748829732e+01
7.662408000000000357e+02 1.873389985752086062e+01
7.719812500000000455e+02 1.875422705068186602e+01
8.057511899999999514e+02 1.887875992265418290e+01
8.173773200000000543e+02 1.887846784042336878e+01
8.191385699999999588e+02 1.890399603093832681e+01
8.602467799999999443e+02 1.901308925300223862e+01
8.637797600000000102e+02 1.901351567270506848e+01
8.723497800000000097e+02 1.904279513535518120e+01
9.147132100000000037e+02 1.912830297170771132e+01
9.166765799999999444e+02 1.912934866680236112e+01
9.186884099999999762e+02 1.921849023000203616e+01
9.600932500000000118e+02 1.928902198249542010e+01
9.609815300000000207e+02 1.928873753307551553e+01
9.791924900000000207e+02 1.932206136779971573e+01
1.008367700000000013e+03 1.941547425198453070e+01
1.010420100000000048e+03 1.941539283533482418e+01
1.014778900000000021e+03 1.945931864441278236e+01
1.060387400000000071e+03 1.955487685731732128e+01
1.060754599999999982e+03 1.955477610421331391e+01
1.066884099999999989e+03 1.961521422755953736e+01
1.105275000000000091e+03 1.970945094646855367e+01
1.107157500000000027e+03 1.971024170567881129e+01
1.120511199999999917e+03 1.972296254834113327e+01
1.153125500000000102e+03 1.985265469163443797e+01
1.155045900000000074e+03 1.985244148178302481e+01
1.167142299999999977e+03 1.985305770405047809e+01
1.210616400000000112e+03 1.996158050071239387e+01
1.212261999999999944e+03 1.996133116222267390e+01
1.218692000000000007e+03 2.000592051699572593e+01
1.254983600000000024e+03 2.009348717687767305e+01
1.263167300000000068e+03 2.009300376552004863e+01
1.265449599999999919e+03 2.011275137390596157e+01
1.303116500000000087e+03 2.020221453287197022e+01
1.310416500000000042e+03 2.020207917769183936e+01
1.315916699999999992e+03 2.025618512110726499e+01
1.346144600000000082e+03 2.035773814370038792e+01
1.346413399999999911e+03 2.035717585996336254e+01
1.356724099999999908e+03 2.033956187665377513e+01
1.396204500000000053e+03 2.046139069814777045e+01
1.405535499999999956e+03 2.046096733156930725e+01
1.416952800000000025e+03 2.044868715652350843e+01
1.443291999999999916e+03 2.057005546509261151e+01
1.447513699999999972e+03 2.056993283126399419e+01
1.457801300000000083e+03 2.057305312436393407e+01
1.495530899999999974e+03 2.066135558721758869e+01
1.496274300000000039e+03 2.066095918990433589e+01
1.516366800000000012e+03 2.069882302055770396e+01
1.540150599999999940e+03 2.083331162222674493e+01
1.548594299999999976e+03 2.083437818033787892e+01
1.559076800000000048e+03 2.079976389171585538e+01
1.588604199999999992e+03 2.092025595359250900e+01
1.599106399999999894e+03 2.092050529208223253e+01
1.619895199999999932e+03 2.094924689599022827e+01
1.640022300000000087e+03 2.104199572562588827e+01
1.651185500000000047e+03 2.104293252595155650e+01
1.660255300000000034e+03 2.103831874618359521e+01
1.690827999999999975e+03 2.117457663342153751e+01
1.697954300000000103e+03 2.117350600447791464e+01
1.716233400000000074e+03 2.114746539792387381e+01
1.738842499999999973e+03 2.128343171178505955e+01
1.747843100000000049e+03 2.128386118461225252e+01
1.751571200000000090e+03 2.127714583757378364e+01
1.797654399999999896e+03 2.139434815794830058e+01
1.798311500000000024e+03 2.139352279666191947e+01
1.814441900000000032e+03 2.138128740077345924e+01
1.847295100000000048e+03 2.150813708528393775e+01
1.848848899999999958e+03 2.152689599023000255e+01
1.851482299999999896e+03 2.150843578261754629e+01
1.885664299999999912e+03 2.161072053734988785e+01
1.890669300000000021e+03 2.161108792998167871e+01
1.913978499999999940e+03 2.159073580297170736e+01
1.950594700000000103e+03 2.170884846326073614e+01
1.953221500000000106e+03 2.170853907999185850e+01
1.972114199999999983e+03 2.171334978628129520e+01
1.995953400000000101e+03 2.182425809077956558e+01
2.005833000000000084e+03 2.182468858131488076e+01
2.007846299999999928e+03 2.183434459596987409e+01
2.040942099999999982e+03 2.193182678607775316e+01
2.043923600000000079e+03 2.193121717891309075e+01
2.060839399999999841e+03 2.190466975371463576e+01
2.082054200000000037e+03 2.205485650315489465e+01
2.090021299999999883e+03 2.205509464685528087e+01
2.107659900000000107e+03 2.201385100753104140e+01
2.148725300000000061e+03 2.216941176470588459e+01
2.151937199999999848e+03 2.217803785874211187e+01
2.152925099999999929e+03 2.216890952574801332e+01
2.188968600000000151e+03 2.227368359454508351e+01
2.197756699999999910e+03 2.229163749236719028e+01
2.197925000000000182e+03 2.227325157744758855e+01
2.229723300000000108e+03 2.235371921432932751e+01
2.232086099999999988e+03 2.235357724404640578e+01
2.260148299999999836e+03 2.236404335436596824e+01
2.291487399999999980e+03 2.248792234887034525e+01
2.294459899999999834e+03 2.248746692448605700e+01
2.313370300000000043e+03 2.246686851211072877e+01
2.335737099999999828e+03 2.260551241603907968e+01
2.346810100000000148e+03 2.260550020354162370e+01
2.358920399999999972e+03 2.260275900671687310e+01
2.382454499999999825e+03 2.270620547526969091e+01
2.388946399999999812e+03 2.270610726643598554e+01
2.412512099999999919e+03 2.267277376348463136e+01
2.451032799999999952e+03 2.291593730917972849e+01
2.459643999999999778e+03 2.291648687156523323e+01
