9.986074499999999432e+01 -2.815326931072376304e+00
1.269468999999999994e+02 -2.815087942802573462e+00
1.496876499999999908e+02 -2.815047431020967217e+00
1.762791899999999998e+02 -2.814843662652814160e+00
2.001196999999999946e+02 -2.814550059952871219e+00
2.246830699999999865e+02 -2.814019302865604200e+00
2.487085199999999929e+02 -2.813633830397981761e+00
2.738071699999999851e+02 -2.812878691787762619e+00
2.985665099999999939e+02 -2.812049879159295163e+00
3.223776700000000233e+02 -2.811543671598984773e+00
3.479495699999999943e+02 -2.810985170228556207e+00
3.731120099999999979e+02 -2.810335673834758907e+00
4.007465100000000007e+02 -2.809676058156620471e+00
4.205811199999999985e+02 -2.807246606303265057e+00
4.556265300000000025e+02 -2.808064429745273483e+00
4.696753100000000245e+02 -2.804364902422729511e+00
4.991296399999999949e+02 -2.803943050068648191e+00
5.233573099999999840e+02 -2.801362094454891150e+00
5.515689899999999852e+02 -2.800248343038109766e+00
5.673986200000000508e+02 -2.794953226948836633e+00
6.054144499999999880e+02 -2.796793746327105978e+00
6.183691000000000031e+02 -2.790151279129046369e+00
6.517161499999999705e+02 -2.789460838546155230e+00
6.678604199999999764e+02 -2.783968007594186833e+00
7.039067800000000261e+02 -2.785072481741631911e+00
7.187699400000000196e+02 -2.780206172576603851e+00
7.429843700000000126e+02 -2.777784932771097282e+00
7.637044100000000526e+02 -2.774425314421407052e+00
8.003901799999999866e+02 -2.774885756400394143e+00
8.178643200000000206e+02 -2.770622332926971243e+00
8.478664099999999735e+02 -2.770018303599449006e+00
8.685944200000000137e+02 -2.766087674210323755e+00
9.062056099999999788e+02 -2.765892484932428896e+00
9.211066899999999578e+02 -2.762703188286680600e+00
9.411303199999999833e+02 -2.760606847744806913e+00
9.684258099999999558e+02 -2.756693501266919810e+00
1.017066400000000044e+03 -2.757971756447907374e+00
1.020942699999999945e+03 -2.753973806285757941e+00
1.048686599999999999e+03 -2.752602293569034408e+00
1.070096700000000055e+03 -2.748539072724415000e+00
1.104075599999999895e+03 -2.747166313382622072e+00
1.113335299999999961e+03 -2.743742249052298465e+00
1.148035300000000007e+03 -2.743710701822137388e+00
1.163106399999999894e+03 -2.740023836239968702e+00
1.189166999999999916e+03 -2.738845693496146705e+00
1.221501800000000003e+03 -2.739271084962971337e+00
1.250462700000000041e+03 -2.736321457411487579e+00
1.269297399999999925e+03 -2.734246474517389558e+00
1.296279899999999998e+03 -2.730976923846370141e+00
1.310052899999999909e+03 -2.726870817962756544e+00
1.353767499999999927e+03 -2.728841513435144694e+00
1.367758100000000013e+03 -2.726268203311533078e+00
1.402761700000000019e+03 -2.724791938980578809e+00
1.411877199999999903e+03 -2.722383923984933229e+00
1.437342699999999923e+03 -2.721282039849494794e+00
1.454946999999999889e+03 -2.716944948006035698e+00
1.509996399999999994e+03 -2.717147563630112561e+00
1.513238100000000031e+03 -2.716117553477046087e+00
1.556501299999999901e+03 -2.711819761896217873e+00
1.558550400000000081e+03 -2.715998691052333935e+00
1.604201299999999947e+03 -2.712736649037707615e+00
1.606121900000000096e+03 -2.709546056736830355e+00
1.645888699999999972e+03 -2.707809265215989303e+00
1.657563900000000103e+03 -2.705883917887466517e+00
1.704032500000000027e+03 -2.706682087061009323e+00
1.720880200000000059e+03 -2.706835436098976366e+00
1.733730800000000045e+03 -2.700014838477557966e+00
1.768116299999999910e+03 -2.700625068356207858e+00
1.818617400000000089e+03 -2.703016248271016053e+00
1.822212899999999991e+03 -2.700320273192467813e+00
1.855677200000000084e+03 -2.699290156281405118e+00
1.860474200000000110e+03 -2.694849073353878577e+00
1.890108099999999922e+03 -2.692515064140394543e+00
1.907998800000000074e+03 -2.691910164240924441e+00
1.948842200000000048e+03 -2.693153506774568662e+00
1.959167599999999993e+03 -2.689510748047557076e+00
1.988603200000000015e+03 -2.687657939225188031e+00
2.014631300000000010e+03 -2.687499279786847772e+00
2.049350100000000111e+03 -2.683438194196475557e+00
2.056395899999999983e+03 -2.683750717939840325e+00
2.105185300000000097e+03 -2.686826501070765261e+00
2.110539800000000014e+03 -2.679975553576670944e+00
2.122897100000000137e+03 -2.672901893787378746e+00
2.162360799999999927e+03 -2.677620380135529388e+00
2.179989799999999832e+03 -2.675136813974001271e+00
2.205842900000000100e+03 -2.672785294988590188e+00
2.276065599999999904e+03 -2.673377842317202990e+00
2.276375799999999799e+03 -2.681818049440888529e+00
2.310974400000000060e+03 -2.668475838872049088e+00
2.324619099999999889e+03 -2.679462506264122634e+00
2.343891799999999876e+03 -2.662156210005697243e+00
2.358960799999999836e+03 -2.672800828806296991e+00
2.396235200000000077e+03 -2.657957917204219367e+00
2.400278200000000197e+03 -2.671327049691319733e+00
2.423443999999999960e+03 -2.663737811986327308e+00
