9.919308999999999799e+01 -1.527323675593919017e+00
1.268357500000000044e+02 -1.527091367891321383e+00
1.498095299999999952e+02 -1.527032124853895612e+00
1.761127299999999991e+02 -1.526551647136883183e+00
2.007006399999999928e+02 -1.526334785522442727e+00
2.244127000000000010e+02 -1.525501309951994511e+00
2.466439900000000023e+02 -1.524906845518017029e+00
2.749258399999999938e+02 -1.524186412542171576e+00
3.009969600000000014e+02 -1.523566505405810512e+00
3.219888500000000136e+02 -1.521683638317033349e+00
3.477859300000000076e+02 -1.521156788277746585e+00
3.714317800000000034e+02 -1.519034518921139387e+00
3.993343499999999722e+02 -1.518404615829087367e+00
4.229388200000000211e+02 -1.515533861416101580e+00
4.516346700000000283e+02 -1.514933431461128910e+00
4.731578000000000088e+02 -1.511993009383578057e+00
4.961268600000000220e+02 -1.509893567911135603e+00
5.181309400000000096e+02 -1.506092492178607634e+00
5.516328300000000127e+02 -1.506401270722762087e+00
5.680314899999999625e+02 -1.501723848452601207e+00
6.064711300000000165e+02 -1.503747358794456979e+00
6.165079700000000003e+02 -1.497714155847055695e+00
6.512345599999999877e+02 -1.497927728132474101e+00
6.795177599999999529e+02 -1.497624650061212925e+00
6.922159799999999450e+02 -1.493645892638304051e+00
7.221591899999999669e+02 -1.491569639826665350e+00
7.591280199999999923e+02 -1.491830919757830776e+00
7.643462299999999914e+02 -1.485998982428204718e+00
7.994227700000000141e+02 -1.486220080543890765e+00
8.155933199999999488e+02 -1.482346652898753225e+00
8.565846000000000231e+02 -1.484108380048174913e+00
8.755584999999999809e+02 -1.482682297841469321e+00
8.992045000000000528e+02 -1.481190639214812421e+00
9.141252399999999625e+02 -1.476407452955678323e+00
9.525235900000000129e+02 -1.477275723571859212e+00
9.634726799999999685e+02 -1.473890679856792563e+00
1.004327099999999973e+03 -1.476372318053698951e+00
1.015534300000000030e+03 -1.472600764600518364e+00
1.055656500000000051e+03 -1.473877945498649478e+00
1.072991099999999960e+03 -1.470530259677581331e+00
1.088552100000000110e+03 -1.466219635915582797e+00
1.122029199999999946e+03 -1.469640924945168514e+00
1.157853699999999890e+03 -1.467573449931143248e+00
1.164274200000000064e+03 -1.464336828808221247e+00
1.215946099999999888e+03 -1.468532566592510857e+00
1.216314399999999978e+03 -1.463510081530766005e+00
1.248872800000000097e+03 -1.463418272960702371e+00
1.263311699999999973e+03 -1.461088935879362394e+00
1.294865900000000011e+03 -1.461887633564574296e+00
1.310870699999999943e+03 -1.458768119932694285e+00
1.338633499999999913e+03 -1.457144521941620141e+00
1.365646199999999908e+03 -1.457894431329841867e+00
1.402254300000000057e+03 -1.458032483870061125e+00
1.417760800000000017e+03 -1.456703089315663835e+00
1.444135600000000068e+03 -1.455000688080476223e+00
1.453967200000000048e+03 -1.453013195080125053e+00
1.509491400000000112e+03 -1.456833212989359083e+00
1.522160699999999906e+03 -1.454137941922564625e+00
1.554379400000000032e+03 -1.452366923950120015e+00
1.572087700000000041e+03 -1.452756799593846404e+00
1.608793599999999969e+03 -1.451414385330280554e+00
1.609491700000000037e+03 -1.447835291622413090e+00
1.653209900000000061e+03 -1.451959014245203017e+00
1.664518800000000056e+03 -1.448197265395202438e+00
1.694480299999999943e+03 -1.448050277855504220e+00
1.706667099999999891e+03 -1.443047897637278698e+00
1.738976400000000012e+03 -1.443913368940866970e+00
1.757094000000000051e+03 -1.442917554646160117e+00
1.797706899999999905e+03 -1.442415780150264837e+00
1.823317299999999932e+03 -1.442991290416320016e+00
1.854048099999999977e+03 -1.437982781265615628e+00
1.858424099999999953e+03 -1.440320455594401583e+00
1.888924500000000080e+03 -1.435688929355299903e+00
1.910748599999999897e+03 -1.437053568238249479e+00
1.941047100000000000e+03 -1.433404347134833223e+00
1.957524300000000039e+03 -1.434022671721358222e+00
1.995125500000000102e+03 -1.435973688756907451e+00
2.025690800000000081e+03 -1.435637436287296786e+00
2.057561700000000201e+03 -1.432291770712321499e+00
2.072014900000000125e+03 -1.432469997756541380e+00
2.112254699999999957e+03 -1.431607368912681588e+00
2.126469900000000052e+03 -1.430794900703802774e+00
2.140830699999999979e+03 -1.420570246004054793e+00
2.177123900000000049e+03 -1.428581602613531398e+00
2.179787899999999809e+03 -1.423933387377547266e+00
2.202603000000000065e+03 -1.422847268543847576e+00
2.254061799999999948e+03 -1.418715271729830363e+00
2.264742600000000039e+03 -1.427510208198099040e+00
2.318866300000000138e+03 -1.418476819493809771e+00
2.320874499999999898e+03 -1.423909168672315761e+00
2.358257700000000114e+03 -1.420087361850300267e+00
2.365684000000000196e+03 -1.414704134771980870e+00
2.389670799999999872e+03 -1.412070933892737301e+00
2.432055899999999838e+03 -1.413181847357792842e+00
2.454688700000000154e+03 -1.405460008852722487e+00
