9.957717700000000605e+01 -4.296359820941280105e+00
1.274835700000000003e+02 -4.296171726443586358e+00
1.503859500000000082e+02 -4.296075808109286243e+00
1.765632799999999918e+02 -4.295472163583125003e+00
2.009218899999999906e+02 -4.294995433082839931e+00
2.233009099999999876e+02 -4.294311691852825241e+00
2.499681600000000117e+02 -4.294374086704776161e+00
2.725507299999999873e+02 -4.293646437586931874e+00
2.988422299999999723e+02 -4.293544677503287943e+00
3.194271299999999769e+02 -4.291554712636722613e+00
3.464689500000000066e+02 -4.291792304816328674e+00
3.741617699999999900e+02 -4.291275895471756030e+00
4.010571299999999724e+02 -4.290465905712931516e+00
4.225550000000000068e+02 -4.288754756394187240e+00
4.493473500000000058e+02 -4.287908773584821809e+00
4.687763600000000110e+02 -4.283940362657230772e+00
4.994886700000000133e+02 -4.283862957861765963e+00
5.203754800000000387e+02 -4.280109041926761115e+00
5.495583699999999681e+02 -4.278279290488523401e+00
5.725174100000000408e+02 -4.274311036379138784e+00
6.005895500000000311e+02 -4.272977158580516743e+00
6.203809099999999717e+02 -4.265546193968250854e+00
6.476127900000000182e+02 -4.264752114416929807e+00
6.638756399999999758e+02 -4.256096574212719474e+00
6.970157400000000507e+02 -4.255810448933033285e+00
7.159076300000000401e+02 -4.249436491378730807e+00
7.498405900000000202e+02 -4.249310658807569752e+00
7.689727000000000317e+02 -4.244934534637946122e+00
8.031495599999999513e+02 -4.243450016827118532e+00
8.157464099999999689e+02 -4.238285985461672567e+00
8.466541600000000471e+02 -4.236980457313608284e+00
8.680222099999999728e+02 -4.232542026199386243e+00
9.014380999999999631e+02 -4.231689705758214792e+00
9.139398200000000543e+02 -4.227101630956211054e+00
9.508531400000000531e+02 -4.227367286276660252e+00
9.653221099999999524e+02 -4.221264581020472306e+00
9.953288499999999885e+02 -4.218924017193388387e+00
1.011711800000000039e+03 -4.214367151934911959e+00
1.043874199999999973e+03 -4.214097150225846633e+00
1.071029899999999998e+03 -4.210451400238685693e+00
1.102303599999999960e+03 -4.209203839958952642e+00
1.115613000000000056e+03 -4.206257855749699459e+00
1.158350699999999961e+03 -4.205863342833955798e+00
1.164137500000000045e+03 -4.199827033610505467e+00
1.213517800000000079e+03 -4.196709708050630816e+00
1.219011500000000069e+03 -4.200627038406558711e+00
1.259759299999999939e+03 -4.198029108325768810e+00
1.267744400000000041e+03 -4.191497445775285158e+00
1.309105900000000020e+03 -4.191843840032300150e+00
1.313646799999999985e+03 -4.188027217772607003e+00
1.342506100000000060e+03 -4.185880909373453918e+00
1.363640000000000100e+03 -4.183348717652378923e+00
1.388393100000000004e+03 -4.180767172380745578e+00
1.404538999999999987e+03 -4.177121699514783515e+00
1.441187300000000050e+03 -4.175864282556565499e+00
1.475731500000000096e+03 -4.177536351675855464e+00
1.505623700000000099e+03 -4.174382083756331241e+00
1.516935099999999920e+03 -4.170507150552733577e+00
1.551050600000000031e+03 -4.169365512073050617e+00
1.566381000000000085e+03 -4.165757282575868636e+00
1.607871900000000096e+03 -4.166032050945584153e+00
1.613467900000000100e+03 -4.162678860658402868e+00
1.668319700000000012e+03 -4.160354003576877346e+00
1.679773799999999937e+03 -4.165863152289879245e+00
1.691865099999999984e+03 -4.157006803957694174e+00
1.708706200000000081e+03 -4.155062069805174119e+00
1.741507100000000037e+03 -4.154661845046606850e+00
1.746792699999999968e+03 -4.148957445392373877e+00
1.810414600000000064e+03 -4.147868997208692399e+00
1.815979399999999941e+03 -4.156039391822924145e+00
1.854854399999999941e+03 -4.142831313391140746e+00
1.857525599999999940e+03 -4.150825606760867537e+00
1.894663600000000088e+03 -4.143128025349327892e+00
1.906599300000000085e+03 -4.140740610692394519e+00
1.938172299999999950e+03 -4.132170517015156364e+00
1.942478599999999915e+03 -4.142392218099608669e+00
2.001358400000000074e+03 -4.134773904125028210e+00
2.004768199999999979e+03 -4.138639681720262864e+00
2.035915600000000040e+03 -4.134605196001913896e+00
2.081984599999999773e+03 -4.138251108859185123e+00
2.092349499999999807e+03 -4.129374820573525007e+00
2.123093199999999797e+03 -4.131325783109618399e+00
2.154062699999999950e+03 -4.127766220601350788e+00
2.169205100000000130e+03 -4.133879438211266688e+00
2.199875100000000202e+03 -4.127247537530860377e+00
2.224272100000000137e+03 -4.127563450925983091e+00
2.237655600000000049e+03 -4.122992261144978521e+00
2.263169499999999971e+03 -4.124123681150052789e+00
2.313720600000000104e+03 -4.123494253577714375e+00
2.319206400000000031e+03 -4.124305073887708062e+00
2.361032400000000052e+03 -4.116613195258778113e+00
2.366129899999999907e+03 -4.118913037946564160e+00
2.401739700000000084e+03 -4.112438084354321788e+00
2.411159099999999853e+03 -4.115185063438931756e+00
2.437410800000000108e+03 -4.113370032378115049e+00
