1.000218600000000038e+02 -3.387571513506903997e+00
1.268831799999999959e+02 -3.386991121857794607e+00
1.493720800000000111e+02 -3.386674123860310193e+00
1.493746199999999931e+02 -3.386674831386285334e+00
1.751053699999999935e+02 -3.386135820491228632e+00
1.991970900000000029e+02 -3.385883091780556686e+00
1.994623799999999960e+02 -3.385951674527215349e+00
2.239629899999999907e+02 -3.385030634110471670e+00
2.486914600000000064e+02 -3.384408373844385309e+00
2.488188299999999913e+02 -3.384441250639788734e+00
2.734521799999999985e+02 -3.383642608793665296e+00
2.959688199999999938e+02 -3.382859802289076789e+00
2.961133800000000065e+02 -3.382897377468746303e+00
3.231406700000000001e+02 -3.381435915165595496e+00
3.523883200000000215e+02 -3.381371735112325361e+00
3.523883900000000153e+02 -3.381371854979531300e+00
3.737373600000000238e+02 -3.378698285728404915e+00
4.009080299999999966e+02 -3.377973259030770947e+00
4.010323700000000144e+02 -3.378005454281661990e+00
4.212678500000000099e+02 -3.374127121565168252e+00
4.496543800000000033e+02 -3.373241556274687802e+00
4.497926100000000247e+02 -3.373277291481708851e+00
4.734535599999999818e+02 -3.369766548409556250e+00
4.972286700000000224e+02 -3.368561015100277611e+00
4.975289399999999773e+02 -3.368638793529571185e+00
5.219007100000000037e+02 -3.364200983164723269e+00
5.474700299999999515e+02 -3.362901890123330073e+00
5.475711400000000140e+02 -3.362927927300516817e+00
5.712503900000000385e+02 -3.359023889496453918e+00
5.950749399999999696e+02 -3.357004096906693658e+00
5.950992099999999709e+02 -3.357010116757854767e+00
6.261697199999999839e+02 -3.353955041048017893e+00
6.496604800000000068e+02 -3.350690703484968225e+00
6.499147699999999759e+02 -3.350756442512627942e+00
6.695673500000000331e+02 -3.348263547179484600e+00
6.917629100000000335e+02 -3.345906843590200630e+00
6.920474699999999757e+02 -3.345980865984159891e+00
7.186607999999999947e+02 -3.342901039333926683e+00
7.543619700000000421e+02 -3.343162356817717562e+00
7.546072100000000091e+02 -3.343226010667230685e+00
7.697051000000000158e+02 -3.338486636679139252e+00
7.958296599999999899e+02 -3.335264119037637087e+00
7.958669800000000123e+02 -3.335273919656858599e+00
8.221235299999999597e+02 -3.334401217117376248e+00
8.540063199999999597e+02 -3.332609052781529968e+00
8.548377400000000534e+02 -3.332824296716706769e+00
8.638420999999999594e+02 -3.329115974406203549e+00
8.983397800000000188e+02 -3.328289807124369837e+00
8.986567900000000009e+02 -3.328371811406128256e+00
9.172927700000000186e+02 -3.325758024131011847e+00
9.533328800000000456e+02 -3.326077247275617044e+00
9.535962899999999536e+02 -3.326145547546470738e+00
9.725795799999999645e+02 -3.322905640043013697e+00
1.006154499999999985e+03 -3.320753041833675479e+00
1.006399300000000039e+03 -3.320815971309556414e+00
1.014480599999999981e+03 -3.317402146011200426e+00
1.053327299999999923e+03 -3.317626961113865125e+00
1.053993199999999888e+03 -3.317798956865049664e+00
1.072795000000000073e+03 -3.315427609923833341e+00
1.107994999999999891e+03 -3.315870020388860695e+00
1.108448000000000093e+03 -3.315986671938983221e+00
1.119062899999999900e+03 -3.312655677176268298e+00
1.146651200000000017e+03 -3.309872831495268564e+00
1.147065299999999979e+03 -3.309980139016615919e+00
1.157337099999999964e+03 -3.306850747314727279e+00
1.199193700000000035e+03 -3.309736594172133728e+00
1.199706200000000081e+03 -3.309869340052526976e+00
1.210616400000000112e+03 -3.304974242498198933e+00
1.249160499999999956e+03 -3.303957131125087709e+00
1.249183299999999917e+03 -3.303963025379012652e+00
1.270387500000000045e+03 -3.304128785747169950e+00
1.305347800000000007e+03 -3.303258160396482346e+00
1.305721700000000055e+03 -3.303355228073705963e+00
1.319955999999999904e+03 -3.302189362565575603e+00
1.343461900000000014e+03 -3.298942932480616097e+00
1.343499900000000025e+03 -3.298952501810128002e+00
1.356006100000000060e+03 -3.296193490734004250e+00
1.407587600000000066e+03 -3.297656617528778256e+00
1.409146099999999933e+03 -3.298059368150736859e+00
1.411217900000000100e+03 -3.295191804625945853e+00
1.439323499999999967e+03 -3.291087979305270306e+00
1.439898100000000113e+03 -3.291235965105514971e+00
1.466233400000000074e+03 -3.293518772647375581e+00
1.513116999999999962e+03 -3.295585890518223593e+00
1.513336199999999963e+03 -3.295642100113622242e+00
1.522438000000000102e+03 -3.293191056320116328e+00
1.542338199999999915e+03 -3.290065147394553691e+00
1.544263300000000072e+03 -3.290562671415151463e+00
1.566739000000000033e+03 -3.289207607993337668e+00
1.594538099999999986e+03 -3.285381253017073178e+00
1.595679000000000087e+03 -3.285676045725032690e+00
1.614720000000000027e+03 -3.287784916554719938e+00
1.646621000000000095e+03 -3.286362104686282315e+00
1.647437400000000025e+03 -3.286573567423238362e+00
1.658691399999999931e+03 -3.284102429412565805e+00
1.704904600000000073e+03 -3.286739060694165104e+00
1.705973400000000083e+03 -3.287014959689655846e+00
1.713071200000000090e+03 -3.283890743280826641e+00
1.755707000000000107e+03 -3.282808427792910155e+00
1.756300099999999929e+03 -3.282961959492562087e+00
1.759191600000000108e+03 -3.281664588881286537e+00
1.805615900000000011e+03 -3.285268627015084597e+00
1.807113399999999956e+03 -3.285656371203685033e+00
1.828279500000000098e+03 -3.284647260591438300e+00
1.855182499999999891e+03 -3.279797316350120617e+00
1.856624099999999999e+03 -3.280169947765529059e+00
1.857754599999999982e+03 -3.279851884962303288e+00
1.897936699999999973e+03 -3.274308860179169223e+00
1.902495300000000043e+03 -3.281792203504075633e+00
1.904111699999999928e+03 -3.282210278626607192e+00
1.943595700000000079e+03 -3.278114859662067282e+00
1.944216599999999971e+03 -3.278275018475722558e+00
1.949755400000000009e+03 -3.270393810644170784e+00
1.999166300000000092e+03 -3.277187357324144124e+00
1.999367299999999886e+03 -3.272306030593205239e+00
2.000077199999999948e+03 -3.277423046650876692e+00
2.053690500000000156e+03 -3.275382073317457898e+00
2.053945200000000114e+03 -3.275448376306934861e+00
2.072270700000000033e+03 -3.274495775022253419e+00
2.091245899999999892e+03 -3.273301761030651846e+00
2.091341600000000199e+03 -3.273327213781628053e+00
2.119638399999999820e+03 -3.273417688218621890e+00
2.146527500000000146e+03 -3.274497236241593168e+00
2.147114000000000033e+03 -3.274649367022282043e+00
2.157467700000000150e+03 -3.270894038392005321e+00
2.193551199999999881e+03 -3.267710688770417704e+00
2.193755099999999857e+03 -3.267763655406892731e+00
2.235556700000000092e+03 -3.270665967569162724e+00
2.253424500000000080e+03 -3.268706531646822011e+00
2.265968299999999999e+03 -3.276711413522573668e+00
2.267431799999999839e+03 -3.277090571575891786e+00
2.299369400000000041e+03 -3.270697728354768241e+00
2.300637799999999970e+03 -3.271026092975998445e+00
2.332723199999999906e+03 -3.270412299624332775e+00
2.338508299999999963e+03 -3.265062758325951719e+00
2.339232700000000023e+03 -3.265249877491813280e+00
2.361115699999999833e+03 -3.264628471062251514e+00
2.383555899999999838e+03 -3.264457543841311260e+00
2.384540800000000218e+03 -3.264711396818594569e+00
2.416639500000000226e+03 -3.266682407546017686e+00
2.451738299999999981e+03 -3.268214623636676919e+00
2.452056599999999889e+03 -3.268296808752899629e+00
