1.029105299999999943e+02 -4.270353657569651240e+00
1.270035500000000042e+02 -4.270089205093622553e+00
1.506052899999999966e+02 -4.269922914878541143e+00
1.754953199999999924e+02 -4.269769247875030871e+00
2.005362700000000018e+02 -4.269806489633293900e+00
2.235212699999999870e+02 -4.269151124189042079e+00
2.481282699999999863e+02 -4.268923626785409375e+00
2.735927899999999795e+02 -4.268818487061500022e+00
2.970137500000000159e+02 -4.268120829009903083e+00
3.248769899999999780e+02 -4.268450277971596485e+00
3.464624699999999962e+02 -4.267106220895737323e+00
3.723406499999999824e+02 -4.266960147527360192e+00
3.951541799999999967e+02 -4.266111512090758673e+00
4.248602099999999950e+02 -4.267151177396430128e+00
4.475946200000000204e+02 -4.265728912615291080e+00
4.744941600000000221e+02 -4.266070726042452854e+00
4.977038699999999949e+02 -4.265150839132497929e+00
5.184016800000000558e+02 -4.263666045837195107e+00
5.449958800000000565e+02 -4.263067381985246485e+00
5.717609800000000178e+02 -4.262406701343287807e+00
5.946480800000000499e+02 -4.261213814302490022e+00
6.197913899999999785e+02 -4.260547159925378580e+00
6.436950399999999490e+02 -4.258550462301534445e+00
6.716403299999999490e+02 -4.259131379284208485e+00
6.971079999999999472e+02 -4.257503748382036157e+00
7.183699000000000296e+02 -4.255847309533758782e+00
7.433484600000000455e+02 -4.254600154374119647e+00
7.621728500000000395e+02 -4.252060822850528332e+00
7.987750800000000027e+02 -4.252391587473833390e+00
8.119560900000000174e+02 -4.249367480079906834e+00
8.423096399999999448e+02 -4.247346677348692090e+00
8.623994599999999764e+02 -4.246204757419323350e+00
9.003842600000000402e+02 -4.247598928036967258e+00
9.159665199999999459e+02 -4.243984060941513370e+00
9.448767500000000155e+02 -4.242710831438428087e+00
9.628169400000000451e+02 -4.239524282375597863e+00
9.963120699999999488e+02 -4.237662221120810813e+00
1.016182400000000030e+03 -4.236199463399135112e+00
1.048079400000000078e+03 -4.235789509166917099e+00
1.056926600000000008e+03 -4.230777022349501593e+00
1.094096000000000004e+03 -4.230886917306989403e+00
1.127865500000000111e+03 -4.231752767637347645e+00
1.151375500000000102e+03 -4.227849703610618626e+00
1.164418599999999969e+03 -4.225582789247949833e+00
1.198117099999999937e+03 -4.223813146460005719e+00
1.214793699999999944e+03 -4.221178012792428547e+00
1.247527000000000044e+03 -4.219789571196500333e+00
1.270737200000000030e+03 -4.217337753155479874e+00
1.292684700000000021e+03 -4.215447197934179435e+00
1.322830500000000029e+03 -4.214905712320405229e+00
1.352035000000000082e+03 -4.212774148759359960e+00
1.368038000000000011e+03 -4.209649386563474316e+00
1.393455500000000029e+03 -4.206857401634422011e+00
1.409956500000000005e+03 -4.204635909118941584e+00
1.449985300000000052e+03 -4.205001909859037212e+00
1.462980600000000095e+03 -4.202325274108751785e+00
1.499794900000000098e+03 -4.200682621648793358e+00
1.524534100000000080e+03 -4.198331962901574954e+00
1.566282099999999900e+03 -4.199429048561591493e+00
1.567212600000000066e+03 -4.194150163111799223e+00
1.593135600000000068e+03 -4.189893348089560376e+00
1.604343800000000101e+03 -4.185799287025615989e+00
1.641644999999999982e+03 -4.184458927612177526e+00
1.648842499999999973e+03 -4.182406180732923140e+00
1.701208599999999933e+03 -4.183501818617116008e+00
1.719542099999999891e+03 -4.184990884514707687e+00
1.752666699999999992e+03 -4.182991206074253121e+00
1.761184899999999971e+03 -4.177123922669223610e+00
1.799246900000000096e+03 -4.176378423505015647e+00
1.823558500000000095e+03 -4.177291076723072649e+00
1.851371000000000095e+03 -4.174612904008438541e+00
1.855915199999999913e+03 -4.170511158882356462e+00
1.892761500000000069e+03 -4.171147336763535662e+00
1.912001500000000078e+03 -4.166489212183956070e+00
1.958242099999999937e+03 -4.169355550562597656e+00
1.962082000000000107e+03 -4.167919277188034677e+00
1.985045599999999922e+03 -4.155394599649769205e+00
1.991277100000000019e+03 -4.166075432125230904e+00
2.060606900000000223e+03 -4.157344484702651499e+00
2.066158899999999903e+03 -4.163928983248004201e+00
2.091576799999999821e+03 -4.159458850149468034e+00
2.113161399999999958e+03 -4.154981347583009743e+00
2.133717000000000098e+03 -4.152286372707576056e+00
2.165677000000000135e+03 -4.152584288783462085e+00
2.193101599999999962e+03 -4.150872394307261182e+00
2.209513300000000072e+03 -4.152633515129386055e+00
2.229349600000000009e+03 -4.148745462926560101e+00
2.266829499999999825e+03 -4.149755951946975330e+00
2.296213400000000092e+03 -4.147524827513008105e+00
2.302763600000000224e+03 -4.139869212506142482e+00
2.348620399999999790e+03 -4.141619386103490896e+00
2.370551800000000185e+03 -4.148805169424050199e+00
2.417713000000000193e+03 -4.143513256573886139e+00
2.432777500000000146e+03 -4.146599771265506718e+00
2.455029199999999946e+03 -4.139493587497247162e+00
