1.001043899999999951e+02 -3.377474031731831250e+00
1.266452900000000028e+02 -3.376909370165028346e+00
1.496751500000000021e+02 -3.376645817678017636e+00
1.762776000000000067e+02 -3.376546386147172285e+00
2.006253700000000038e+02 -3.376550162877884897e+00
2.246507300000000100e+02 -3.375251477646218579e+00
2.515711000000000013e+02 -3.375038376836896781e+00
2.724922599999999875e+02 -3.373512708046313868e+00
2.994327599999999734e+02 -3.372986217715384427e+00
3.215532900000000041e+02 -3.371542897755915202e+00
3.492937000000000012e+02 -3.371033346635362360e+00
3.720913699999999835e+02 -3.369019965846056675e+00
3.998825499999999806e+02 -3.368628770801027628e+00
4.222026000000000181e+02 -3.365115618154929766e+00
4.506989899999999807e+02 -3.363825266399816272e+00
4.729146099999999819e+02 -3.359804707400956936e+00
4.987826999999999771e+02 -3.358943833423404524e+00
5.237587999999999511e+02 -3.355915918144398713e+00
5.530335800000000290e+02 -3.354539496698605738e+00
5.660298699999999599e+02 -3.347652044218670575e+00
6.050606800000000476e+02 -3.348449796354002306e+00
6.161172699999999622e+02 -3.343471945116776922e+00
6.475100599999999531e+02 -3.344148974130548790e+00
6.684569099999999935e+02 -3.339888088381398390e+00
7.018204600000000255e+02 -3.338253612949568794e+00
7.231214599999999564e+02 -3.334878348787844171e+00
7.451096300000000383e+02 -3.333487214552719458e+00
7.746279899999999543e+02 -3.331091939653406886e+00
8.054580399999999827e+02 -3.328791360128197319e+00
8.229500299999999697e+02 -3.327561301489577517e+00
8.629134900000000243e+02 -3.327410003455570919e+00
8.739379199999999628e+02 -3.323752252628819903e+00
9.019378400000000511e+02 -3.321501322678282797e+00
9.216184500000000526e+02 -3.319533483550311193e+00
9.501142099999999573e+02 -3.317941574667528926e+00
9.691706400000000485e+02 -3.316404831365578953e+00
9.994682599999999866e+02 -3.313130306436533168e+00
1.029880100000000084e+03 -3.315324348935027921e+00
1.044689699999999903e+03 -3.310093287683445240e+00
1.065577999999999975e+03 -3.308547674712287723e+00
1.097572899999999890e+03 -3.307582070898111404e+00
1.110903700000000072e+03 -3.305218710405099181e+00
1.144493099999999913e+03 -3.304351608057428891e+00
1.170779199999999946e+03 -3.304210237026320662e+00
1.195285100000000057e+03 -3.300537918138780835e+00
1.207808700000000044e+03 -3.297413570177788689e+00
1.263453899999999976e+03 -3.302429737711663371e+00
1.271741500000000087e+03 -3.299842296159481769e+00
1.288143000000000029e+03 -3.293193035319732065e+00
1.326861200000000053e+03 -3.298471949970898986e+00
1.344014899999999898e+03 -3.294319254462509949e+00
1.365307800000000043e+03 -3.291753213203830963e+00
1.406159900000000107e+03 -3.288242037101676729e+00
1.419114399999999932e+03 -3.295457001103240913e+00
1.443748199999999997e+03 -3.289386594866468005e+00
1.477170200000000023e+03 -3.291490973053789570e+00
1.491716400000000021e+03 -3.287497740719442341e+00
1.517556399999999940e+03 -3.286612863619050806e+00
1.550954799999999977e+03 -3.285975083337782099e+00
1.561956200000000081e+03 -3.282259679224964088e+00
1.592868600000000015e+03 -3.285438153927226601e+00
1.620496699999999919e+03 -3.282682389522606936e+00
1.652443700000000035e+03 -3.281520350091049032e+00
1.666618899999999940e+03 -3.281702985824259677e+00
1.693554399999999987e+03 -3.278365565197875586e+00
1.707117299999999886e+03 -3.275693440637986065e+00
1.742905600000000049e+03 -3.276195530468062778e+00
1.769267399999999952e+03 -3.277076019237339377e+00
1.815669300000000021e+03 -3.278438717980499018e+00
1.821926899999999932e+03 -3.274423723024038502e+00
1.835953800000000001e+03 -3.272715842359363858e+00
1.856957599999999957e+03 -3.271237438325748759e+00
1.885612599999999929e+03 -3.271356348097097300e+00
1.924842499999999973e+03 -3.274668575270901716e+00
1.947590400000000045e+03 -3.270798698798563997e+00
1.965275300000000016e+03 -3.270260685060136563e+00
2.010535100000000057e+03 -3.267763503749524290e+00
2.028742099999999937e+03 -3.272903003455056137e+00
2.051772500000000036e+03 -3.265879617029207704e+00
2.052433899999999994e+03 -3.270115328333535132e+00
2.090865400000000136e+03 -3.264631086043258357e+00
2.104972999999999956e+03 -3.263809068952948422e+00
2.152904599999999846e+03 -3.260944642657694015e+00
2.159999200000000201e+03 -3.265247901448009582e+00
2.210522899999999936e+03 -3.263525546750130957e+00
2.219645899999999983e+03 -3.265157889135383407e+00
2.253449099999999817e+03 -3.265383204690684771e+00
2.270639799999999923e+03 -3.262965954736452900e+00
2.306173099999999977e+03 -3.264926801411676571e+00
2.324828100000000177e+03 -3.264629248099539360e+00
2.345928899999999885e+03 -3.256929889558769275e+00
2.364109300000000076e+03 -3.258924562298878946e+00
2.404997499999999945e+03 -3.263375700650234634e+00
2.421461499999999887e+03 -3.257656600968546368e+00
2.442538700000000063e+03 -3.262207858231525037e+00
