1.001421600000000041e+02 -3.333096558088635142e+00
1.266769199999999955e+02 -3.332234003490071483e+00
1.490946000000000140e+02 -3.332023517376559330e+00
1.758795200000000136e+02 -3.331345418364309197e+00
1.981107199999999864e+02 -3.330564181223279352e+00
2.246943899999999985e+02 -3.329903615429434804e+00
2.481366700000000094e+02 -3.329202106107580494e+00
2.730131999999999834e+02 -3.327616341310008163e+00
2.975838899999999967e+02 -3.326824399039116198e+00
3.225981100000000197e+02 -3.325268123599086412e+00
3.544041399999999840e+02 -3.325791093903154749e+00
3.739895599999999831e+02 -3.322243842682713666e+00
3.999332400000000121e+02 -3.321183041468721786e+00
4.229792100000000232e+02 -3.318750388929791573e+00
4.486920000000000073e+02 -3.317455819079860646e+00
4.746372700000000009e+02 -3.315242009413236435e+00
4.994466199999999958e+02 -3.312518482377426743e+00
5.205385099999999738e+02 -3.310192303835626237e+00
5.517647200000000112e+02 -3.309350133858400156e+00
5.719363799999999856e+02 -3.306758884733901560e+00
6.108166400000000067e+02 -3.306312953822925227e+00
6.254037899999999581e+02 -3.303682027805576737e+00
6.501564499999999498e+02 -3.301043275359577756e+00
6.715967200000000048e+02 -3.298599140443678301e+00
6.976633600000000115e+02 -3.296841651364462944e+00
7.165740399999999681e+02 -3.293927212502446356e+00
7.418733600000000479e+02 -3.292278805550105325e+00
7.635243400000000520e+02 -3.289209721422444055e+00
8.005592400000000453e+02 -3.290005840770713341e+00
8.199050799999999981e+02 -3.287251833484811314e+00
8.477019900000000234e+02 -3.285488977076182149e+00
8.633173299999999699e+02 -3.282492167213171275e+00
9.005086199999999508e+02 -3.282343015289113985e+00
9.145843899999999849e+02 -3.279017501852864669e+00
9.590769099999999980e+02 -3.280329596197384401e+00
9.622299400000000560e+02 -3.276183339249262527e+00
1.000052099999999996e+03 -3.276647615623876408e+00
1.017313200000000052e+03 -3.273669693091836752e+00
1.059073499999999967e+03 -3.273950398196642464e+00
1.067902800000000070e+03 -3.272238850736279403e+00
1.091299800000000005e+03 -3.268209688146684222e+00
1.115048399999999901e+03 -3.268290146986525535e+00
1.155858500000000049e+03 -3.269237988887802704e+00
1.161070300000000088e+03 -3.265273110097910436e+00
1.181452600000000075e+03 -3.261845261261429485e+00
1.231510700000000043e+03 -3.268442698456388129e+00
1.241492299999999886e+03 -3.262280773590972238e+00
1.264615000000000009e+03 -3.260431513156835326e+00
1.297187799999999925e+03 -3.260993946304603597e+00
1.316548099999999977e+03 -3.260611680473251006e+00
1.350617700000000013e+03 -3.258164567136747181e+00
1.359008499999999913e+03 -3.256285821936670821e+00
1.413608500000000049e+03 -3.256841625699192111e+00
1.415930000000000064e+03 -3.255775079077664724e+00
1.444001199999999926e+03 -3.253067561160619903e+00
1.473765699999999924e+03 -3.254712612835730212e+00
1.510660499999999956e+03 -3.256337667218675236e+00
1.522447599999999966e+03 -3.252333422092517079e+00
1.536046599999999899e+03 -3.253229351859941776e+00
1.569405400000000100e+03 -3.250958751247065237e+00
1.590915099999999939e+03 -3.248250711104250232e+00
1.610804599999999937e+03 -3.246821863005280751e+00
1.654295200000000023e+03 -3.249064845418011771e+00
1.663574299999999994e+03 -3.246655617257292903e+00
1.684505900000000111e+03 -3.243355372836909112e+00
1.713577199999999948e+03 -3.243113707825165282e+00
1.741347999999999956e+03 -3.241973146851494292e+00
1.774079400000000078e+03 -3.245343373440831236e+00
1.793610699999999952e+03 -3.242122045635432492e+00
1.813710000000000036e+03 -3.242009240427578209e+00
1.844004300000000057e+03 -3.241302145427375159e+00
1.851351400000000012e+03 -3.236251893602793750e+00
1.891063300000000027e+03 -3.238628529937361389e+00
1.917977699999999913e+03 -3.239236295697013546e+00
1.949896500000000060e+03 -3.238903929162988415e+00
1.960772300000000087e+03 -3.235369213915608722e+00
1.999354399999999941e+03 -3.237224688358881330e+00
2.027505900000000111e+03 -3.239913158574855512e+00
2.053306399999999940e+03 -3.234219423489859579e+00
2.070034799999999905e+03 -3.237725912376853366e+00
2.099757000000000062e+03 -3.236602243192685080e+00
2.108044800000000123e+03 -3.233649852326776930e+00
2.153493199999999888e+03 -3.234442115841692278e+00
2.181740099999999984e+03 -3.232118306052181644e+00
2.198390300000000025e+03 -3.233487338706716674e+00
2.198894499999999880e+03 -3.227065679559835143e+00
2.273230199999999968e+03 -3.230540621655602518e+00
2.280814499999999953e+03 -3.237998362847879452e+00
2.289479800000000068e+03 -3.229559653213016635e+00
2.317463799999999992e+03 -3.232387856149851579e+00
2.365433199999999943e+03 -3.230433670052892392e+00
2.370861499999999978e+03 -3.231253083640315715e+00
2.395309499999999844e+03 -3.226081825352954180e+00
2.423085399999999936e+03 -3.229619867585551418e+00
2.460478399999999965e+03 -3.230015737755489447e+00
