1.004182600000000036e+02 -3.388241566618086509e+00
1.274470599999999934e+02 -3.387886896064081554e+00
1.523631699999999967e+02 -3.387915424139911647e+00
1.761865200000000016e+02 -3.387260831198029454e+00
2.009998999999999967e+02 -3.387021808240481047e+00
2.236193700000000035e+02 -3.385860537505854584e+00
2.481144299999999987e+02 -3.385372521900603004e+00
2.722116100000000074e+02 -3.384297878838493645e+00
2.998219100000000026e+02 -3.384128750312569434e+00
3.230334899999999720e+02 -3.382498019743454432e+00
3.515201900000000137e+02 -3.382089449517029056e+00
3.732676900000000160e+02 -3.379837959701267103e+00
4.021436699999999860e+02 -3.379552212142062029e+00
4.197065400000000182e+02 -3.374484432208351592e+00
4.522876499999999851e+02 -3.374911572174780439e+00
4.704837600000000180e+02 -3.369746455255128392e+00
4.986931500000000028e+02 -3.368738462326433147e+00
5.233438999999999623e+02 -3.365193046591574255e+00
5.523289099999999507e+02 -3.363935688999671658e+00
5.689177300000000059e+02 -3.358358210510659525e+00
5.989978599999999460e+02 -3.357733138897922576e+00
6.160746400000000449e+02 -3.351953189831335056e+00
6.477520899999999529e+02 -3.351797540040374557e+00
6.690718000000000529e+02 -3.347860656445825533e+00
6.944884499999999434e+02 -3.346299522403794580e+00
7.127179999999999609e+02 -3.341683351631503651e+00
7.579756999999999607e+02 -3.343808617455543253e+00
7.641561400000000503e+02 -3.337310974105550443e+00
8.079614299999999503e+02 -3.338608646195666108e+00
8.159767799999999625e+02 -3.332314042626755235e+00
8.520408700000000408e+02 -3.330992762453090617e+00
8.680150999999999613e+02 -3.328333949572050088e+00
9.064093699999999671e+02 -3.328251949062255299e+00
9.235075100000000248e+02 -3.327125598512574722e+00
9.374135599999999613e+02 -3.321854926765137161e+00
9.633192099999999982e+02 -3.320931963487408378e+00
1.000610800000000040e+03 -3.319106878704362273e+00
1.018827300000000037e+03 -3.317877574426375542e+00
1.055170900000000074e+03 -3.318992740003686492e+00
1.061951000000000022e+03 -3.313186503767661328e+00
1.095656099999999924e+03 -3.312140071383720574e+00
1.127114600000000110e+03 -3.313880902314292332e+00
1.157344200000000001e+03 -3.312461070491813153e+00
1.157410399999999981e+03 -3.308065249439566369e+00
1.190226799999999912e+03 -3.307782506195115158e+00
1.213043799999999919e+03 -3.305184513395568402e+00
1.245811999999999898e+03 -3.303319596485193355e+00
1.269807099999999991e+03 -3.304232964280689799e+00
1.296526900000000069e+03 -3.301743760148688978e+00
1.320696500000000015e+03 -3.301038134233744259e+00
1.327651499999999942e+03 -3.296156005863367433e+00
1.353220199999999977e+03 -3.295345964833544805e+00
1.395256399999999985e+03 -3.296969062139354811e+00
1.415240900000000011e+03 -3.295891050655431975e+00
1.452086000000000013e+03 -3.293719723116302678e+00
1.467100400000000036e+03 -3.293993621804163663e+00
1.505658500000000004e+03 -3.293041344853275376e+00
1.509716400000000021e+03 -3.289832658210284144e+00
1.566920900000000074e+03 -3.289877724562057626e+00
1.569514899999999898e+03 -3.290925436950355554e+00
1.601915999999999940e+03 -3.285333417096427677e+00
1.626581100000000106e+03 -3.290410121462177706e+00
1.645670800000000099e+03 -3.282602567352894241e+00
1.658688499999999976e+03 -3.286842876529580959e+00
1.701153999999999996e+03 -3.287627027671891966e+00
1.715319600000000037e+03 -3.284695386376850212e+00
1.760499199999999973e+03 -3.281173960676516899e+00
1.780124600000000100e+03 -3.284710778035426770e+00
1.809385299999999916e+03 -3.279896816771793677e+00
1.819525799999999890e+03 -3.281851179350082415e+00
1.856618199999999888e+03 -3.280309782156116238e+00
1.860019399999999905e+03 -3.277518390418663330e+00
1.894511999999999944e+03 -3.277572143317934561e+00
1.907299899999999980e+03 -3.277623185063253342e+00
1.963264400000000023e+03 -3.280946607957257566e+00
1.965497000000000071e+03 -3.275622649850076673e+00
1.990637600000000020e+03 -3.277870570682911655e+00
2.016487200000000030e+03 -3.276287381561312273e+00
2.050054500000000189e+03 -3.271974916015246038e+00
2.081377500000000055e+03 -3.278243764516264314e+00
2.083140100000000075e+03 -3.269135112554599765e+00
2.108904300000000148e+03 -3.267873017011277526e+00
2.142558700000000044e+03 -3.272200257639454435e+00
2.155040599999999813e+03 -3.269663592658994755e+00
2.202552799999999934e+03 -3.269021752680361104e+00
2.214025500000000193e+03 -3.270783470905804791e+00
2.246588000000000193e+03 -3.268600823224013574e+00
2.249724200000000110e+03 -3.265270895214848146e+00
2.302210099999999784e+03 -3.269927220861282180e+00
2.306937399999999798e+03 -3.266313427461658758e+00
2.344597800000000007e+03 -3.267561196056769646e+00
2.349409500000000207e+03 -3.261482044859794982e+00
2.366295300000000225e+03 -3.262169261417958044e+00
2.435987599999999929e+03 -3.266557673707048970e+00
2.448130900000000111e+03 -3.268642816445955113e+00
