1.035560700000000054e+02 -3.298243267934055645e+00
1.270605599999999953e+02 -3.297480647974738499e+00
1.516103699999999890e+02 -3.297229104673605082e+00
1.784044100000000128e+02 -3.296930627763495103e+00
1.998324599999999975e+02 -3.295515951279595512e+00
2.255392200000000003e+02 -3.294763329576799737e+00
2.510060599999999909e+02 -3.294178329615009559e+00
2.769327200000000175e+02 -3.292898493749382371e+00
2.993742100000000050e+02 -3.291286520006912131e+00
3.263326599999999758e+02 -3.290195822153942018e+00
3.498245999999999754e+02 -3.288357496951529235e+00
3.745946500000000015e+02 -3.286419301636318568e+00
3.980480200000000082e+02 -3.284434428891136459e+00
4.272061499999999796e+02 -3.283529733857982080e+00
4.491954099999999812e+02 -3.280972384360911764e+00
4.756736200000000281e+02 -3.279007484021437602e+00
4.972262499999999932e+02 -3.275677222374424158e+00
5.252979599999999891e+02 -3.274589874975441184e+00
5.480457300000000487e+02 -3.271583846434289899e+00
5.721255400000000009e+02 -3.268998199549385308e+00
5.989303700000000390e+02 -3.266922337023296485e+00
6.184058199999999488e+02 -3.263910008699013154e+00
6.472130899999999656e+02 -3.262076221420252331e+00
6.691878799999999501e+02 -3.259553651392489648e+00
6.999641500000000178e+02 -3.258671592847319776e+00
7.221606000000000449e+02 -3.255810285227178635e+00
7.482810399999999618e+02 -3.254550166762096186e+00
7.734028200000000197e+02 -3.252215062266527568e+00
7.959414199999999937e+02 -3.248982508474854924e+00
8.161794599999999491e+02 -3.247028763887259917e+00
8.509099999999999682e+02 -3.247496206909058714e+00
8.640557800000000270e+02 -3.243145212497859475e+00
8.990160300000000007e+02 -3.243502693496568057e+00
9.206387099999999464e+02 -3.241122456495864501e+00
9.372710600000000341e+02 -3.236754938889177424e+00
9.747048999999999523e+02 -3.239027182196403842e+00
9.955613299999999981e+02 -3.235956690667963542e+00
1.024775699999999915e+03 -3.236914082117919644e+00
1.050225599999999986e+03 -3.235082182983562760e+00
1.073267000000000053e+03 -3.232882523647361950e+00
1.087130000000000109e+03 -3.228417942239254490e+00
1.121063100000000077e+03 -3.228732101081722483e+00
1.152299600000000055e+03 -3.227635569088323830e+00
1.159449299999999994e+03 -3.224025736685486976e+00
1.194513500000000022e+03 -3.224235706542149860e+00
1.211811099999999897e+03 -3.221402015427456522e+00
1.245527399999999943e+03 -3.222970833443089322e+00
1.273024899999999889e+03 -3.222523816006580777e+00
1.295951399999999921e+03 -3.219720618008635071e+00
1.318107099999999946e+03 -3.219362514761840099e+00
1.347675500000000056e+03 -3.218475901824664032e+00
1.367654199999999946e+03 -3.218135399677559683e+00
1.396650599999999940e+03 -3.216409431569410948e+00
1.413634000000000015e+03 -3.214475227930411627e+00
1.451105600000000095e+03 -3.216037764193040882e+00
1.468700299999999970e+03 -3.212966203992202896e+00
1.492224899999999934e+03 -3.209929930843016255e+00
1.511499900000000025e+03 -3.210710429058256654e+00
1.554904899999999998e+03 -3.211761731993767022e+00
1.563080799999999954e+03 -3.209318118835936318e+00
1.596641300000000001e+03 -3.209452551979769197e+00
1.628297900000000027e+03 -3.209480703988457861e+00
1.644983400000000074e+03 -3.205527852829324509e+00
1.651199800000000096e+03 -3.203026377420494342e+00
1.687462700000000041e+03 -3.203358773256129943e+00
1.721712600000000066e+03 -3.204516992817818544e+00
1.751458200000000033e+03 -3.204676087837705190e+00
1.762953800000000001e+03 -3.203483925639856622e+00
1.808628600000000006e+03 -3.202146238518102539e+00
1.812770700000000033e+03 -3.201107548439318329e+00
1.854631599999999935e+03 -3.202815848271638011e+00
1.860858199999999897e+03 -3.199051337060811129e+00
1.910831300000000056e+03 -3.202502944985141209e+00
1.912474600000000009e+03 -3.198020331305234443e+00
1.955381800000000112e+03 -3.201038353166417050e+00
1.963944600000000037e+03 -3.195660057514442265e+00
1.995837099999999964e+03 -3.198833409716702381e+00
2.006755599999999959e+03 -3.191032764004221978e+00
2.045985599999999977e+03 -3.196536346156824138e+00
2.080410400000000209e+03 -3.193720291740073769e+00
2.112945400000000063e+03 -3.200653728328870073e+00
2.115523099999999886e+03 -3.195724908503550399e+00
2.138816499999999905e+03 -3.193117111022602206e+00
2.164629100000000108e+03 -3.191635592162028523e+00
2.196981400000000122e+03 -3.194894838075316379e+00
2.227994700000000194e+03 -3.188699539915534231e+00
2.255971399999999903e+03 -3.195907648858742789e+00
2.258643999999999778e+03 -3.189712145393874376e+00
2.308971900000000005e+03 -3.191367780273103971e+00
2.345796100000000024e+03 -3.194000483822160952e+00
2.352212899999999991e+03 -3.192598393657766209e+00
2.363945499999999811e+03 -3.189969841407028994e+00
2.382614099999999780e+03 -3.181248366554703111e+00
2.390172000000000025e+03 -3.188528816711063030e+00
2.434351900000000114e+03 -3.187394531804456310e+00
