1.031340500000000020e+02 1.198250356197842414e+01
1.275682500000000061e+02 1.199889731325055919e+01
1.512651500000000055e+02 1.201243334011805430e+01
1.750870700000000113e+02 1.202519641766741287e+01
1.997018700000000138e+02 1.204501068593527258e+01
2.229180499999999938e+02 1.205684154284551113e+01
2.481316799999999887e+02 1.207306635456950872e+01
2.718563800000000015e+02 1.208710105841644555e+01
2.977303999999999746e+02 1.210372582943212016e+01
3.204073000000000206e+02 1.212539690616731036e+01
3.503095599999999763e+02 1.213579483004274451e+01
3.705112100000000055e+02 1.216407897415021466e+01
3.994632700000000227e+02 1.216804040301241585e+01
4.216311400000000162e+02 1.219502188072460847e+01
4.476836200000000190e+02 1.220628943618970119e+01
4.721928800000000024e+02 1.222594748626094052e+01
4.944959999999999809e+02 1.224849124771015774e+01
5.218352399999999989e+02 1.225363118257683581e+01
5.469237100000000282e+02 1.227973590474251964e+01
5.684865700000000288e+02 1.229519387339710867e+01
6.061834800000000314e+02 1.232469265214736254e+01
6.176643100000000004e+02 1.233637441481782915e+01
6.524453200000000379e+02 1.235839354773051113e+01
6.715152600000000120e+02 1.237846631386118368e+01
6.977657699999999750e+02 1.240145583146753516e+01
7.180437299999999823e+02 1.242958630164868694e+01
7.507800799999999981e+02 1.244688784856503183e+01
7.699410800000000563e+02 1.247686495013230257e+01
7.958345000000000482e+02 1.249909627518827548e+01
8.130635700000000270e+02 1.253187563606757671e+01
8.496589999999999918e+02 1.254909271320985020e+01
8.724377700000000004e+02 1.257791064522694846e+01
8.991867399999999861e+02 1.259291929574597901e+01
9.085311000000000377e+02 1.264049307958477542e+01
9.505709699999999884e+02 1.264236871565235099e+01
9.622385399999999436e+02 1.268569305923061208e+01
1.001012500000000045e+03 1.268945043761449121e+01
1.022513299999999958e+03 1.274004172603297391e+01
1.050401699999999892e+03 1.274110523101974479e+01
1.064712299999999914e+03 1.279711581518420616e+01
1.094425799999999981e+03 1.281717840423366539e+01
1.116135199999999941e+03 1.285526205984123749e+01
1.153351599999999962e+03 1.286800987176877697e+01
1.167622299999999996e+03 1.289672603297374209e+01
1.193549500000000080e+03 1.290668227152452729e+01
1.219768199999999979e+03 1.294935935273763405e+01
1.240829199999999901e+03 1.298808162019132872e+01
1.271946699999999964e+03 1.299810044779157359e+01
1.288955500000000029e+03 1.305010329737431363e+01
1.313373399999999947e+03 1.305762263382861832e+01
1.348420200000000023e+03 1.310026460411154048e+01
1.364600899999999911e+03 1.310420822308162059e+01
1.382602599999999939e+03 1.315035212700997391e+01
1.406504699999999957e+03 1.315954355790759323e+01
1.450850899999999911e+03 1.320776256869529952e+01
1.477223199999999906e+03 1.321721911255851900e+01
1.503171700000000101e+03 1.325605027478119169e+01
1.510480600000000095e+03 1.328764247913698426e+01
1.542240000000000009e+03 1.331518573173213937e+01
1.575164999999999964e+03 1.333377467942194095e+01
1.597260800000000017e+03 1.337857368206798192e+01
1.608705300000000079e+03 1.338490840626907996e+01
1.650608500000000049e+03 1.343339049460614731e+01
1.652547399999999925e+03 1.345789232648076528e+01
1.707784200000000055e+03 1.348415835538367524e+01
1.709983699999999999e+03 1.349770506818644478e+01
1.743659499999999980e+03 1.357634235701200964e+01
1.745619899999999916e+03 1.353576684306940869e+01
1.798861599999999953e+03 1.358531599837166759e+01
1.809518499999999904e+03 1.358970232037451709e+01
1.860044499999999971e+03 1.366688123346224160e+01
1.861460100000000011e+03 1.362629299816812356e+01
1.902890900000000101e+03 1.368781345410136296e+01
1.923772099999999909e+03 1.370222725422348731e+01
1.947903600000000097e+03 1.374580093629147015e+01
1.966110300000000052e+03 1.377778546712802665e+01
2.006355700000000070e+03 1.382397618562996300e+01
2.009798900000000003e+03 1.381338082637899412e+01
2.054698400000000220e+03 1.389005597394667291e+01
2.072050799999999981e+03 1.389829533889680313e+01
2.096279700000000048e+03 1.392435884388357437e+01
2.105048899999999776e+03 1.391642479136983646e+01
2.149677900000000136e+03 1.396380470181152056e+01
2.168160300000000007e+03 1.398879350702218716e+01
2.198215099999999893e+03 1.403219570527172877e+01
2.228264099999999871e+03 1.406948402198249504e+01
2.240355900000000020e+03 1.404170720537349837e+01
2.274763399999999820e+03 1.409436800325666717e+01
2.304633299999999963e+03 1.413896142886220275e+01
2.335663000000000011e+03 1.415016232444534872e+01
2.354398799999999937e+03 1.417119580704254211e+01
2.368926100000000133e+03 1.420782261347445541e+01
2.412197099999999864e+03 1.426042387543252410e+01
2.418656700000000001e+03 1.425042133116222409e+01
2.483000500000000102e+03 1.430740382658253473e+01
