1.037995999999999981e+02 1.701632556482800851e+01
1.288169200000000103e+02 1.706064573580297150e+01
1.514588099999999997e+02 1.709232240993283014e+01
1.776468199999999911e+02 1.714334215347038537e+01
2.022360700000000122e+02 1.718753663749236438e+01
2.252739100000000008e+02 1.724284093222063774e+01
2.496047399999999925e+02 1.727931864441278265e+01
2.759342399999999884e+02 1.734227152452676535e+01
2.994120599999999968e+02 1.737914766944840395e+01
3.225370500000000220e+02 1.744909678404233944e+01
3.505568000000000097e+02 1.750958731935680746e+01
3.755402599999999893e+02 1.755783991451251680e+01
4.003748199999999997e+02 1.761322257276613001e+01
4.231679899999999748e+02 1.768339303887644931e+01
4.483988800000000197e+02 1.774408609810706494e+01
4.715689800000000105e+02 1.782567016079788402e+01
4.985428600000000188e+02 1.789405658457154402e+01
5.198316200000000435e+02 1.798477101567270253e+01
5.500508599999999433e+02 1.806091135762263633e+01
5.752549199999999701e+02 1.811984429065743996e+01
5.998497300000000223e+02 1.820506157134133929e+01
6.205666800000000194e+02 1.828657337675554473e+01
6.485598899999999958e+02 1.835287451658864200e+01
6.728409799999999450e+02 1.843322206391206919e+01
6.970983199999999442e+02 1.852530633014451666e+01
7.170574900000000298e+02 1.856752442499491096e+01
7.429887499999999818e+02 1.867523814370038693e+01
7.643979500000000371e+02 1.872571137797679697e+01
8.007372500000000173e+02 1.879957307144310974e+01
8.263203399999999874e+02 1.888850244249949029e+01
8.425688800000000356e+02 1.896302004884999093e+01
8.682536000000000058e+02 1.903491553022593052e+01
9.014528000000000247e+02 1.912955933238347228e+01
9.203808299999999463e+02 1.915000814166497278e+01
9.510116000000000440e+02 1.924308060248320729e+01
9.696055800000000318e+02 1.931793303480561974e+01
9.951527999999999565e+02 1.937948300427437331e+01
1.016371899999999982e+03 1.945027732546305543e+01
1.042909200000000055e+03 1.951939548137594116e+01
1.065987900000000081e+03 1.955272796661917312e+01
1.103541899999999941e+03 1.964825310400976832e+01
1.124863700000000108e+03 1.969497608385914944e+01
1.149775399999999991e+03 1.977237482190108153e+01
1.165178900000000112e+03 1.983561978424587835e+01
1.204366700000000037e+03 1.990464838184408691e+01
1.218696200000000090e+03 1.992826226338286233e+01
1.243178100000000086e+03 1.999728424587828357e+01
1.273010600000000068e+03 2.003620852839405586e+01
1.298564100000000053e+03 2.010702371259922572e+01
1.317986000000000104e+03 2.018631945857928045e+01
1.337346500000000106e+03 2.026561164258090741e+01
1.359851000000000113e+03 2.033403063301445002e+01
1.401613900000000058e+03 2.038701455322613398e+01
1.420806499999999915e+03 2.045290606554040380e+01
1.433647999999999911e+03 2.047577702015061973e+01
1.467474200000000110e+03 2.054690972928963788e+01
1.498603900000000067e+03 2.061083808263790118e+01
1.518897500000000036e+03 2.067734988805210961e+01
1.561771799999999985e+03 2.077063657642987948e+01
1.566890000000000100e+03 2.077583299409729278e+01
1.595671399999999949e+03 2.085681406472623678e+01
1.607794499999999971e+03 2.091979544066761676e+01
1.658445999999999913e+03 2.101371158151842167e+01
1.671969700000000103e+03 2.104386830856910251e+01
1.692807600000000093e+03 2.108831721962141259e+01
1.714429599999999937e+03 2.112307093425605586e+01
1.757007800000000088e+03 2.117949369020964667e+01
1.769668200000000070e+03 2.125893598615916957e+01
1.798600500000000011e+03 2.131978729900264824e+01
1.814168100000000095e+03 2.136288214939955310e+01
1.855565000000000055e+03 2.142749338489721112e+01
1.867342300000000023e+03 2.148471860370445796e+01
1.901759399999999914e+03 2.155512365153673926e+01
1.907105999999999995e+03 2.159286739263179555e+01
1.956061500000000024e+03 2.167200793812334680e+01
1.964802100000000110e+03 2.165772186037044378e+01
2.013440200000000004e+03 2.181080856910238097e+01
2.013490399999999909e+03 2.180576582536128427e+01
2.050768399999999929e+03 2.184925859963362527e+01
2.059689800000000105e+03 2.196826531650722458e+01
2.114447400000000016e+03 2.202042438428658855e+01
2.116833599999999933e+03 2.194828719723183497e+01
2.152374800000000050e+03 2.207791929574598200e+01
2.168517499999999927e+03 2.220564268267860797e+01
2.195450800000000072e+03 2.230384795440667389e+01
2.211275500000000193e+03 2.212936189700793577e+01
2.251419699999999921e+03 2.240887899450437359e+01
2.277217599999999948e+03 2.239760380622837488e+01
2.293140400000000227e+03 2.227021829839202027e+01
2.318000100000000202e+03 2.253791369835131420e+01
2.359776299999999992e+03 2.261542998168125251e+01
2.365172999999999774e+03 2.249484836148992528e+01
2.400947200000000066e+03 2.262885914919601049e+01
2.410955399999999827e+03 2.266080806024832128e+01
2.458052200000000084e+03 2.288482393649501390e+01
