1.000012399999999957e+02 1.859618359454508507e+01
1.003799400000000048e+02 1.860047577854671275e+01
1.266521500000000060e+02 1.860365611642580674e+01
1.499429399999999930e+02 1.862125686952981951e+01
1.503911500000000103e+02 1.862313301445145441e+01
1.745446000000000026e+02 1.863882861795237034e+01
1.989234099999999899e+02 1.865489059637695846e+01
1.995632899999999950e+02 1.864119478933442053e+01
2.241249799999999937e+02 1.865464227559536070e+01
2.478923000000000059e+02 1.867610726643598440e+01
2.499103100000000097e+02 1.866391512314268297e+01
2.751831799999999930e+02 1.868142987991044279e+01
2.990488599999999906e+02 1.869451099124771076e+01
3.002681699999999978e+02 1.869874262161611966e+01
3.206937199999999848e+02 1.872256971300630823e+01
3.515692999999999984e+02 1.872924587828211074e+01
3.518971000000000231e+02 1.873868664766944647e+01
3.757469100000000140e+02 1.873648585385711129e+01
3.997217699999999923e+02 1.875621972318338848e+01
4.037115099999999757e+02 1.875293608792998157e+01
4.244570299999999747e+02 1.876318847954406621e+01
4.493949099999999817e+02 1.877052055770405303e+01
4.527373699999999985e+02 1.877740687970689848e+01
4.728086400000000253e+02 1.871889171585589295e+01
5.022820100000000139e+02 1.874327549358843825e+01
5.033609700000000089e+02 1.874178200692041685e+01
5.214425700000000461e+02 1.874220333808263916e+01
5.449179699999999684e+02 1.875903368613881739e+01
5.528194399999999860e+02 1.876148483614899476e+01
5.736553599999999733e+02 1.872853042947282631e+01
5.960542400000000498e+02 1.876156523509057905e+01
6.002433300000000145e+02 1.876379045389782263e+01
6.251201899999999796e+02 1.873927030327702070e+01
6.434855999999999767e+02 1.877689191939751723e+01
6.439968999999999824e+02 1.876566608996539642e+01
6.748794799999999441e+02 1.876163596580500581e+01
7.013731699999999591e+02 1.878003714634642662e+01
7.028467299999999796e+02 1.878036484836149000e+01
7.144505400000000463e+02 1.876183136576429789e+01
7.494240899999999783e+02 1.877477355994300723e+01
7.532625000000000455e+02 1.880226185629961222e+01
7.625661900000000060e+02 1.878968094850396753e+01
7.989013899999999921e+02 1.881415530225931221e+01
8.013234300000000303e+02 1.879915886423773586e+01
8.194024100000000317e+02 1.879772389578668879e+01
8.507810699999999997e+02 1.883670669651943896e+01
8.549452499999999873e+02 1.882278801139833035e+01
8.671478200000000243e+02 1.886403368613881426e+01
8.987966699999999491e+02 1.885324190922043286e+01
9.028764599999999518e+02 1.883445094646855367e+01
9.193885500000000093e+02 1.887073529411764738e+01
9.501076399999999467e+02 1.888538622023203573e+01
9.547645899999999983e+02 1.885992825157744690e+01
9.704865800000000036e+02 1.888165174028088700e+01
9.957341099999999869e+02 1.890924791369835134e+01
1.001413499999999999e+03 1.888909271320985184e+01
1.017524599999999964e+03 1.890427437410950517e+01
1.051038500000000113e+03 1.889235345003053368e+01
1.060792099999999891e+03 1.894333401180541543e+01
1.062434799999999996e+03 1.895042540199470693e+01
1.091084800000000087e+03 1.897404996946875855e+01
1.102777199999999993e+03 1.897235548544677286e+01
1.118055499999999938e+03 1.895175198453083709e+01
1.156374099999999999e+03 1.899040911866476833e+01
1.156484799999999950e+03 1.896521626297577967e+01
1.157042999999999893e+03 1.898886322002849525e+01
1.191107600000000048e+03 1.899605485446773656e+01
1.196402800000000070e+03 1.899155556686342194e+01
1.203975799999999936e+03 1.903834469774068694e+01
1.241626400000000103e+03 1.898826786077752971e+01
1.246424600000000055e+03 1.902702880113983142e+01
1.267730800000000045e+03 1.900023458172196200e+01
1.301317900000000009e+03 1.904635456950946448e+01
1.306789299999999912e+03 1.907672603297374181e+01
1.307006800000000112e+03 1.904681355587217340e+01
1.350003400000000056e+03 1.909318339100346051e+01
1.354655400000000100e+03 1.908092357012008833e+01
1.366203999999999951e+03 1.912189802564624230e+01
1.392271899999999960e+03 1.915467077142275798e+01
1.397700900000000047e+03 1.913042489314064554e+01
1.410769700000000057e+03 1.914441023814370268e+01
1.440206699999999955e+03 1.915487685731732270e+01
1.451422100000000000e+03 1.914884591899043187e+01
1.458215599999999995e+03 1.914299511500101758e+01
1.498314599999999928e+03 1.918021677182984064e+01
1.514328500000000076e+03 1.918085792794626343e+01
1.516427699999999959e+03 1.915765214736413569e+01
1.542258100000000013e+03 1.919854773051088870e+01
1.552955500000000029e+03 1.917757938123346051e+01
1.564284100000000080e+03 1.919657541217178931e+01
1.587662800000000061e+03 1.922561164258090471e+01
1.589240999999999985e+03 1.924421636474659181e+01
1.604453999999999951e+03 1.929137645023407188e+01
1.652925899999999956e+03 1.923069255037655267e+01
1.666888799999999947e+03 1.927085487482190373e+01
1.667292999999999893e+03 1.929150824343578208e+01
1.691976000000000113e+03 1.928103093832688941e+01
1.695974799999999959e+03 1.931320018318746179e+01
1.725655600000000049e+03 1.930046000407083184e+01
1.758844599999999900e+03 1.935052564624465887e+01
1.765998700000000099e+03 1.935028902910645243e+01
1.772646999999999935e+03 1.933726389171585325e+01
1.792585399999999936e+03 1.940703846936698440e+01
1.794028800000000047e+03 1.943410187258294286e+01
1.803211900000000014e+03 1.940879961327091152e+01
1.837298399999999901e+03 1.944341033991451440e+01
1.854336600000000089e+03 1.946201506208019794e+01
1.858784599999999955e+03 1.945740993283126485e+01
1.895917899999999918e+03 1.950412324445349199e+01
1.902502899999999954e+03 1.943270913901892882e+01
1.911690399999999954e+03 1.947992621616120701e+01
1.940209499999999935e+03 1.949285314471809372e+01
1.952165600000000040e+03 1.951548341135762499e+01
1.956821099999999888e+03 1.949392224709953325e+01
1.987093200000000024e+03 1.954252289843272905e+01
1.987284900000000107e+03 1.956148178302462881e+01
2.012299099999999953e+03 1.954018216975371303e+01
2.053653299999999945e+03 1.959724150213718730e+01
2.054362000000000080e+03 1.958421331162222856e+01
2.054394699999999830e+03 1.959863118257683468e+01
2.085253099999999904e+03 1.962550936291471615e+01
2.085420000000000073e+03 1.964002849582739785e+01
2.103063000000000102e+03 1.963763688174231703e+01
2.147056500000000142e+03 1.966919041318949724e+01
2.147759700000000066e+03 1.967841186647669716e+01
2.149382000000000062e+03 1.968229951150010137e+01
2.186974400000000060e+03 1.971639527783431589e+01
2.196538300000000163e+03 1.970575564828007487e+01
2.218081499999999778e+03 1.969899501323020630e+01
2.244824599999999919e+03 1.973103907999185935e+01
2.252467200000000048e+03 1.976501628332993832e+01
2.264820700000000215e+03 1.978064675351109258e+01
2.300278099999999995e+03 1.981804142072054020e+01
2.300780400000000100e+03 1.978484836148992443e+01
2.303156800000000203e+03 1.984000559739466496e+01
2.351176199999999881e+03 1.981702981884795634e+01
2.354377300000000105e+03 1.981885253409322445e+01
2.359827600000000075e+03 1.982992570730714377e+01
2.370860400000000027e+03 1.992020303277020332e+01
2.389770100000000184e+03 1.986493283126399234e+01
2.401875199999999950e+03 1.990677691837980845e+01
2.421645599999999831e+03 1.993363627111744307e+01
