1.000118400000000065e+02 -3.343518292158381033e+00
1.271431999999999931e+02 -3.343137367240152091e+00
1.498187900000000070e+02 -3.342948471526595799e+00
1.751106100000000083e+02 -3.342185007417253662e+00
2.010440499999999986e+02 -3.342401784890596694e+00
2.259862300000000062e+02 -3.341621919260690632e+00
2.486031900000000121e+02 -3.340648835383001281e+00
2.763236200000000053e+02 -3.340411088299881648e+00
2.969623399999999833e+02 -3.339105757512168537e+00
3.256654700000000275e+02 -3.337668872517203678e+00
3.489603999999999928e+02 -3.335886272118632423e+00
3.727864700000000084e+02 -3.333326520352124067e+00
3.994590799999999717e+02 -3.332134398163683731e+00
4.225065999999999917e+02 -3.328593913071910659e+00
4.506077000000000226e+02 -3.328146923597478324e+00
4.723297200000000089e+02 -3.323087503319714919e+00
4.945124099999999885e+02 -3.321789349232977528e+00
5.234493700000000445e+02 -3.317754253252221730e+00
5.461046499999999924e+02 -3.315773215079916181e+00
5.731291199999999435e+02 -3.312292247035784065e+00
5.975982999999999947e+02 -3.310749759538992087e+00
6.222564200000000483e+02 -3.306538479912064510e+00
6.491635499999999865e+02 -3.303918435029047362e+00
6.715347299999999677e+02 -3.301951016280372908e+00
6.942376299999999674e+02 -3.298632655201057862e+00
7.245889200000000301e+02 -3.298193906114299523e+00
7.556792799999999488e+02 -3.296799722252622189e+00
7.685200800000000072e+02 -3.291582076582869831e+00
7.965538900000000240e+02 -3.289929109988880995e+00
8.229321300000000292e+02 -3.288715589106349313e+00
8.415357999999999947e+02 -3.286028213962397526e+00
8.692852599999999939e+02 -3.283521918384330718e+00
9.031332400000000007e+02 -3.283799264358978842e+00
9.165429500000000189e+02 -3.279384453478622063e+00
9.498622500000000173e+02 -3.278348145705484828e+00
9.737098999999999478e+02 -3.278198002922772414e+00
1.008099199999999996e+03 -3.276492046441069839e+00
1.013996899999999982e+03 -3.271699448801560717e+00
1.049162199999999984e+03 -3.272522874377831847e+00
1.068080799999999954e+03 -3.269924853032167622e+00
1.097328600000000051e+03 -3.269116054724521270e+00
1.114033100000000104e+03 -3.265672033619926307e+00
1.156793400000000020e+03 -3.266144547866379089e+00
1.169839999999999918e+03 -3.266469877627279583e+00
1.201344900000000052e+03 -3.264423243266933117e+00
1.212850799999999936e+03 -3.262000128924900100e+00
1.236712399999999889e+03 -3.259626643583866112e+00
1.273646400000000085e+03 -3.260109582812296125e+00
1.301220100000000002e+03 -3.257524163636208669e+00
1.322300799999999981e+03 -3.258042486923834691e+00
1.338917300000000068e+03 -3.253333399763563172e+00
1.361028099999999995e+03 -3.251900845496362713e+00
1.406347099999999955e+03 -3.253746874121049792e+00
1.424853900000000067e+03 -3.253820279479382904e+00
1.449829199999999901e+03 -3.250748803018482569e+00
1.466771600000000035e+03 -3.250806900531359567e+00
1.503593000000000075e+03 -3.250971803082395972e+00
1.527469599999999900e+03 -3.252089677730104711e+00
1.549816800000000057e+03 -3.246133411597481366e+00
1.570064000000000078e+03 -3.248098939184147937e+00
1.593554200000000037e+03 -3.242449406982251148e+00
1.612804100000000062e+03 -3.244365590172322733e+00
1.645508800000000065e+03 -3.243175179291283960e+00
1.664654500000000098e+03 -3.241644162138141994e+00
1.709152299999999968e+03 -3.244245174897457673e+00
1.714849899999999934e+03 -3.240517782087296350e+00
1.736889400000000023e+03 -3.237049443427115758e+00
1.755293200000000070e+03 -3.236083245456276014e+00
1.788824000000000069e+03 -3.238431759158445278e+00
1.805835100000000011e+03 -3.236726933089212999e+00
1.864005100000000084e+03 -3.236086631962076687e+00
1.870302100000000110e+03 -3.240383980231248628e+00
1.876231500000000096e+03 -3.232381075739208853e+00
1.912508100000000013e+03 -3.234829673586626431e+00
1.952542500000000018e+03 -3.232564921753255049e+00
1.971957000000000107e+03 -3.236792688462216461e+00
2.006209800000000087e+03 -3.235633471287512997e+00
2.015545800000000099e+03 -3.233538820607560815e+00
2.057329200000000128e+03 -3.232992350768753020e+00
2.063488800000000083e+03 -3.230895385404259468e+00
2.107537100000000009e+03 -3.232665457050882818e+00
2.110041900000000169e+03 -3.229632558069037263e+00
2.166120499999999993e+03 -3.230704590643177276e+00
2.171637099999999919e+03 -3.236383845582936569e+00
2.207959800000000087e+03 -3.230060776830156577e+00
2.216726099999999860e+03 -3.229918379212310953e+00
2.263382399999999961e+03 -3.229932383787915917e+00
2.285430699999999888e+03 -3.233614396634585830e+00
2.291777900000000045e+03 -3.225031531070520430e+00
2.304620399999999790e+03 -3.224372537789151671e+00
2.357261300000000119e+03 -3.225207087898948721e+00
2.371548999999999978e+03 -3.226095328595562695e+00
2.406344900000000052e+03 -3.222951182828297956e+00
2.410788599999999860e+03 -3.221579257387652717e+00
2.421681199999999990e+03 -3.222089186516348125e+00
