1.221675400000000025e+02 -3.299081520073808171e+00
1.338788299999999936e+02 -3.299232620579402475e+00
1.718027800000000127e+02 -3.298426549778190164e+00
1.718651900000000126e+02 -3.298311857626716748e+00
1.817518900000000031e+02 -3.297908576506691780e+00
2.207631399999999928e+02 -3.296759230470111657e+00
2.221920499999999947e+02 -3.297002334575426463e+00
2.307923999999999864e+02 -3.296188702584585073e+00
2.701637000000000057e+02 -3.294699605377246598e+00
2.707990199999999845e+02 -3.294744674624827230e+00
2.805605699999999842e+02 -3.294081632858484099e+00
3.178826599999999871e+02 -3.291400805820917874e+00
3.206918600000000197e+02 -3.292234611697703262e+00
3.301014999999999873e+02 -3.291193804041598003e+00
3.715732300000000237e+02 -3.289022541884881523e+00
3.730481500000000210e+02 -3.289531509552881872e+00
3.791653999999999769e+02 -3.287678938837879095e+00
4.184457600000000070e+02 -3.284585627575996813e+00
4.211281099999999924e+02 -3.285164525404849822e+00
4.308330300000000079e+02 -3.284095534883415546e+00
4.683440499999999815e+02 -3.280192839651987491e+00
4.715276999999999816e+02 -3.280895278147900385e+00
4.781462700000000154e+02 -3.279219072321851947e+00
5.169013200000000552e+02 -3.275428335739827279e+00
5.169886299999999437e+02 -3.275357328851327576e+00
5.259861799999999903e+02 -3.274277461774365516e+00
5.660226400000000240e+02 -3.270814484095914132e+00
5.709781900000000405e+02 -3.271987766255505914e+00
5.767791099999999460e+02 -3.270004415291648314e+00
6.184211199999999735e+02 -3.266669917646130905e+00
6.209335800000000063e+02 -3.267206218548201591e+00
6.234035499999999956e+02 -3.264534557532458692e+00
6.670662600000000566e+02 -3.261732577262864474e+00
6.702347099999999500e+02 -3.262649791731429882e+00
6.764031499999999824e+02 -3.260723949460257121e+00
7.138591900000000123e+02 -3.256499387639160581e+00
7.157948599999999715e+02 -3.257084215760077672e+00
7.225559299999999894e+02 -3.255829186493074623e+00
7.627538299999999936e+02 -3.253057700018783027e+00
7.648070800000000418e+02 -3.253665902724563352e+00
7.749401299999999537e+02 -3.252395054167714239e+00
8.120370500000000220e+02 -3.249054347160919676e+00
8.125041999999999689e+02 -3.249244827742718833e+00
8.206142700000000332e+02 -3.247822716471670201e+00
8.622290600000000040e+02 -3.244972378738980368e+00
8.628622299999999541e+02 -3.245202674786301866e+00
8.716320799999999736e+02 -3.243904874946699657e+00
9.103395799999999554e+02 -3.240968373322892671e+00
9.124034199999999828e+02 -3.238360404737614662e+00
9.135624400000000378e+02 -3.241868206678757858e+00
9.625188299999999799e+02 -3.238757107128464430e+00
9.646325299999999743e+02 -3.239226907238582864e+00
9.657971000000000004e+02 -3.236181442153700516e+00
1.011191500000000019e+03 -3.235462696947081440e+00
1.012683499999999981e+03 -3.235775388093605542e+00
1.016515499999999975e+03 -3.233641621567063140e+00
1.055886299999999892e+03 -3.231154379630607032e+00
1.057400100000000066e+03 -3.231497385933089550e+00
1.065123800000000074e+03 -3.230574311554191613e+00
1.110997900000000072e+03 -3.229775324327972541e+00
1.114948499999999967e+03 -3.227992338352196455e+00
1.116558399999999892e+03 -3.231285997495889628e+00
1.151871200000000044e+03 -3.225521766034944449e+00
1.156531700000000001e+03 -3.226697746045599224e+00
1.163613399999999956e+03 -3.225544179190232619e+00
1.195181599999999889e+03 -3.221231698678087341e+00
1.205933199999999943e+03 -3.224004840655933624e+00
1.219932000000000016e+03 -3.224668537429973725e+00
1.253583900000000085e+03 -3.218544236175231887e+00
1.261997299999999996e+03 -3.223706240913659649e+00
1.263100300000000061e+03 -3.223916230628527835e+00
1.305221500000000106e+03 -3.220554687023813756e+00
1.306537800000000061e+03 -3.217821650909890252e+00
1.308082799999999907e+03 -3.221248898486412493e+00
1.356212399999999889e+03 -3.218389964038492757e+00
1.357425099999999929e+03 -3.215402331299041627e+00
1.361790600000000040e+03 -3.219890354470227756e+00
1.399710199999999986e+03 -3.215253218134483060e+00
1.401405199999999923e+03 -3.215680469017934584e+00
1.406984999999999900e+03 -3.213791185558624974e+00
1.444740800000000036e+03 -3.213586668042001993e+00
1.448844399999999951e+03 -3.214630483729542743e+00
1.461005400000000009e+03 -3.214477733310935559e+00
1.494839799999999968e+03 -3.212224548434599480e+00
1.500446300000000065e+03 -3.213664984472940134e+00
1.521298000000000002e+03 -3.215492975009974774e+00
1.551256499999999960e+03 -3.211578775924390783e+00
1.552072599999999966e+03 -3.211770875536474890e+00
1.568380100000000084e+03 -3.212904458136290664e+00
1.585759399999999914e+03 -3.207107001063764784e+00
1.597610200000000077e+03 -3.210206085043962876e+00
1.620117299999999886e+03 -3.212759556407621453e+00
1.633522400000000061e+03 -3.204812971621439299e+00
1.639842399999999998e+03 -3.206504877694639877e+00
1.669629899999999907e+03 -3.210665543554809709e+00
1.686800700000000006e+03 -3.205376367047468644e+00
1.692885600000000068e+03 -3.207000829101869233e+00
1.713497699999999895e+03 -3.209407271104042891e+00
1.738604299999999967e+03 -3.206409886892579220e+00
1.747410399999999981e+03 -3.205590978041445105e+00
1.750374900000000025e+03 -3.209434655243489143e+00
1.779078899999999976e+03 -3.202122104666238922e+00
1.791635700000000043e+03 -3.205293994766714949e+00
1.809410100000000057e+03 -3.206248180233254530e+00
1.848875199999999950e+03 -3.203762112979051668e+00
1.854720100000000002e+03 -3.208014587246946991e+00
1.854812100000000100e+03 -3.208072667842263304e+00
1.891613599999999906e+03 -3.204089488741472369e+00
1.905392800000000079e+03 -3.207640491482230960e+00
1.911139200000000073e+03 -3.205532421140147470e+00
1.935990800000000036e+03 -3.201937056546068305e+00
1.939448200000000043e+03 -3.202899558577633421e+00
1.958371699999999919e+03 -3.204896941980744707e+00
1.992609899999999925e+03 -3.203550152328661138e+00
2.002008399999999938e+03 -3.205977816277155057e+00
2.014053200000000061e+03 -3.206171730506225614e+00
2.032513799999999947e+03 -3.201181187359763758e+00
2.039240099999999984e+03 -3.202842215152390537e+00
2.044626400000000103e+03 -3.201489667708032005e+00
2.082369499999999789e+03 -3.198931622738615310e+00
2.087879300000000057e+03 -3.200279942051155846e+00
2.108251999999999953e+03 -3.202577323615691363e+00
2.130789000000000215e+03 -3.199060568282536821e+00
2.135926100000000133e+03 -3.200486005574269655e+00
2.165495100000000093e+03 -3.204521743963165470e+00
2.194151699999999892e+03 -3.201025455723788049e+00
2.201528299999999945e+03 -3.202926550977413189e+00
2.214252800000000207e+03 -3.201994634272287144e+00
2.239167699999999968e+03 -3.201858489677435138e+00
2.242869000000000142e+03 -3.202879210601229154e+00
2.271190999999999804e+03 -3.205684626363174416e+00
2.303337700000000041e+03 -3.201824416899068826e+00
2.304271600000000035e+03 -3.197634747481896689e+00
2.304643599999999878e+03 -3.202118409255233278e+00
2.337130900000000111e+03 -3.201816229282554715e+00
2.352093600000000151e+03 -3.205659502161382957e+00
2.369650299999999788e+03 -3.205345978981531285e+00
2.395294300000000021e+03 -3.195835935744495870e+00
2.409859899999999925e+03 -3.198943383259786444e+00
2.410250000000000000e+03 -3.199091606189334414e+00
2.430039099999999962e+03 -3.199287423493455407e+00
2.449777900000000045e+03 -3.204318649621484383e+00
