1.249228399999999937e+02 1.715636118461225479e+01
1.332422899999999970e+02 1.717856757581925464e+01
1.722955100000000073e+02 1.723489212293914008e+01
1.730390299999999968e+02 1.723570679829024854e+01
1.824400500000000136e+02 1.725383370649297987e+01
2.195509800000000098e+02 1.731765367392631916e+01
2.201223799999999926e+02 1.731831925503765390e+01
2.323717699999999979e+02 1.733248371667005827e+01
2.693236299999999801e+02 1.740708579279462498e+01
2.694687900000000127e+02 1.740628282108691494e+01
2.811607399999999757e+02 1.743338286179523777e+01
3.206416500000000269e+02 1.749174282515774337e+01
3.207850099999999998e+02 1.749099226541827790e+01
3.292021199999999794e+02 1.752391970282922884e+01
3.679581900000000019e+02 1.761144768980256359e+01
3.702087300000000027e+02 1.761058670873193677e+01
3.777570900000000051e+02 1.761933899857520913e+01
4.178769899999999780e+02 1.770997303073478690e+01
4.214695600000000013e+02 1.771023101974353864e+01
4.312814300000000003e+02 1.774736922450641075e+01
4.693204499999999939e+02 1.783860014247913739e+01
4.711611100000000079e+02 1.783748931406472593e+01
4.774548399999999901e+02 1.784840983106045087e+01
5.165931299999999737e+02 1.795367189090168836e+01
5.196362400000000434e+02 1.795369224506411499e+01
5.272230600000000322e+02 1.798260991247710194e+01
5.664523199999999861e+02 1.807124363932424416e+01
5.694105600000000322e+02 1.807136372888255593e+01
5.708411200000000463e+02 1.809867087319356926e+01
6.198157599999999547e+02 1.819091797272542266e+01
6.213561399999999821e+02 1.819070832485243017e+01
6.238660399999999981e+02 1.823358894768980321e+01
6.663326499999999442e+02 1.833224608182373316e+01
6.670818299999999681e+02 1.833242214532872083e+01
6.739629200000000537e+02 1.836466720944433106e+01
7.115958399999999529e+02 1.846729493181355863e+01
7.186831399999999803e+02 1.846752900468145597e+01
7.225864100000000008e+02 1.849479187868919183e+01
7.611935099999999466e+02 1.858516893954813654e+01
7.649651199999999562e+02 1.858546254834113753e+01
7.690123499999999694e+02 1.862227406879706848e+01
8.142852299999999559e+02 1.871988550783635219e+01
8.175784700000000385e+02 1.875648178302462910e+01
8.231508900000000040e+02 1.871937054752697094e+01
8.606100000000000136e+02 1.887202727457765050e+01
8.632741600000000517e+02 1.887121565235090515e+01
8.684662100000000464e+02 1.888265876246692443e+01
9.104542400000000271e+02 1.897375636067575755e+01
9.119756300000000238e+02 1.897331569305923082e+01
9.159094300000000430e+02 1.902799206187665249e+01
9.610206899999999450e+02 1.913507531040097831e+01
9.651052799999999934e+02 1.913614746590677740e+01
9.744871200000000044e+02 1.913034144107469814e+01
1.010166299999999978e+03 1.924255953592509982e+01
1.010241700000000037e+03 1.924326887848564738e+01
1.017760999999999967e+03 1.929908202727457578e+01
1.061696799999999939e+03 1.942731783024628811e+01
1.062471199999999953e+03 1.937225320578058430e+01
1.066542099999999891e+03 1.937174231630368482e+01
1.104867700000000013e+03 1.951020405047832540e+01
1.113035699999999906e+03 1.950934866680236013e+01
1.124763400000000047e+03 1.951672297984937998e+01
1.156403000000000020e+03 1.964764654996946902e+01
1.164719100000000026e+03 1.965123447995114958e+01
1.170885399999999890e+03 1.964629198046000269e+01
1.213587800000000016e+03 1.975737176877671430e+01
1.213625700000000052e+03 1.975705373498880491e+01
1.219972899999999981e+03 1.981002340728679201e+01
1.252151499999999942e+03 1.992433441888866241e+01
1.254465999999999894e+03 1.992506767759006792e+01
1.269384999999999991e+03 1.991508090779564455e+01
1.297852000000000089e+03 2.004893598615916872e+01
1.298568099999999959e+03 2.004913901892937034e+01
1.322075800000000072e+03 2.006135813148788927e+01
1.350755900000000111e+03 2.017208579279462910e+01
1.357307700000000068e+03 2.017172145328719779e+01
1.372586499999999887e+03 2.017503867290860953e+01
1.401915400000000091e+03 2.032111744351719906e+01
1.405533100000000104e+03 2.032050783635253310e+01
1.418943299999999908e+03 2.032140189293710719e+01
1.446883499999999913e+03 2.044370496641563051e+01
1.447526399999999967e+03 2.044430083452066071e+01
1.449477900000000091e+03 2.044564828007327506e+01
1.504490900000000011e+03 2.057515927132098810e+01
1.506372200000000021e+03 2.057423722776307784e+01
1.509480499999999893e+03 2.057967535110930157e+01
1.543779099999999971e+03 2.071442499491146094e+01
1.555616099999999960e+03 2.071415021371870324e+01
1.559686300000000074e+03 2.074352941176470821e+01
1.594497499999999945e+03 2.085222979849379144e+01
1.602646600000000035e+03 2.085163443924282589e+01
1.611532899999999927e+03 2.085141817626704608e+01
1.642116400000000112e+03 2.097305668634235687e+01
1.647655400000000100e+03 2.097324140036637630e+01
1.666259299999999939e+03 2.096964889069814575e+01
1.687994699999999966e+03 2.110855027478119084e+01
1.690356500000000096e+03 2.110834215347038523e+01
1.707597600000000057e+03 2.111039537960513002e+01
1.746582900000000109e+03 2.123942957459800596e+01
1.750042899999999918e+03 2.124021829839202269e+01
1.776527100000000019e+03 2.123347649094239742e+01
1.782809999999999945e+03 2.137285925096682249e+01
1.802940000000000055e+03 2.137686902096478647e+01
1.804678699999999935e+03 2.137279004681457550e+01
1.841439599999999928e+03 2.151314471809484985e+01
1.846701800000000048e+03 2.151259719112558599e+01
1.853676099999999906e+03 2.152128740077345981e+01
1.894197499999999991e+03 2.164199063708528570e+01
1.901433399999999892e+03 2.164271880724608366e+01
1.916004200000000083e+03 2.164373498880521041e+01
1.941693400000000111e+03 2.179221402401791252e+01
1.952741199999999935e+03 2.176877875025442677e+01
1.956159900000000107e+03 2.179263993486668127e+01
1.985367899999999963e+03 2.192785314471809244e+01
1.996632800000000088e+03 2.192755088540606323e+01
2.003297000000000025e+03 2.192169550173010251e+01
2.037139899999999898e+03 2.203462751882760173e+01
2.046969200000000001e+03 2.203454304905353212e+01
2.070405699999999797e+03 2.200976847140239911e+01
2.094432800000000043e+03 2.218667921840016177e+01
2.094571399999999812e+03 2.218672094443313725e+01
2.104118500000000040e+03 2.220331467535110903e+01
2.145260699999999815e+03 2.236011805414207032e+01
2.146805299999999988e+03 2.235961276205983950e+01
2.175875700000000052e+03 2.238354213311622232e+01
2.182692599999999857e+03 2.244674231630368411e+01
2.197690799999999854e+03 2.244617189090168807e+01
2.217568200000000161e+03 2.242875890494606139e+01
2.247857399999999870e+03 2.260539945043761278e+01
2.248633100000000013e+03 2.260584011805413951e+01
2.259217299999999796e+03 2.258064726236515440e+01
2.280545599999999922e+03 2.274784194992876252e+01
2.296373999999999796e+03 2.274797781396295449e+01
2.329779700000000048e+03 2.274393395074292457e+01
2.339814300000000003e+03 2.287555719519641784e+01
2.340091100000000097e+03 2.287587319356808280e+01
2.357359399999999823e+03 2.286513942601261817e+01
2.389710099999999784e+03 2.305202371259922600e+01
2.395260699999999815e+03 2.305261143903928200e+01
2.406656599999999798e+03 2.312003867290860981e+01
2.416007200000000012e+03 2.308438225117036424e+01
2.435390499999999975e+03 2.308461530633014291e+01
