9.886591300000000615e+01 -3.306732885806112243e+00
1.006710000000000065e+02 -3.307035176871497395e+00
1.262080500000000001e+02 -3.306544045076744709e+00
1.499362800000000107e+02 -3.306827715374689447e+00
1.500821599999999876e+02 -3.306785945254740344e+00
1.756580299999999966e+02 -3.306313041753230930e+00
1.992930399999999906e+02 -3.306053276370954475e+00
2.007264299999999935e+02 -3.306241819125819603e+00
2.239556499999999915e+02 -3.305493065904687722e+00
2.489420900000000074e+02 -3.305237669029907011e+00
2.516829999999999927e+02 -3.305566898131464981e+00
2.727394400000000019e+02 -3.304439421942667821e+00
2.984346600000000080e+02 -3.303934936399055111e+00
3.023136999999999830e+02 -3.304704944734113248e+00
3.193869700000000194e+02 -3.301971971429752184e+00
3.489464800000000082e+02 -3.301422058825794092e+00
3.491624499999999784e+02 -3.302454229656720308e+00
3.714977099999999837e+02 -3.298947146285493126e+00
3.973886800000000221e+02 -3.297795677982314988e+00
4.024113800000000083e+02 -3.298967034184897340e+00
4.216513899999999921e+02 -3.295098093953186869e+00
4.482433700000000272e+02 -3.294187590158137446e+00
4.499741999999999962e+02 -3.294261748833335446e+00
4.700714100000000144e+02 -3.290278568187587016e+00
4.987271499999999946e+02 -3.289863118072950066e+00
5.023495899999999779e+02 -3.290480335894452768e+00
5.233082799999999679e+02 -3.286606950263850191e+00
5.469580700000000206e+02 -3.284179827299824606e+00
5.476663700000000290e+02 -3.284174559178114627e+00
5.733288400000000138e+02 -3.282170817365980042e+00
5.952561100000000351e+02 -3.279670462777454887e+00
5.975084399999999505e+02 -3.281215537692259154e+00
6.204539899999999761e+02 -3.277426474757077379e+00
6.520729000000000042e+02 -3.275997498660267571e+00
6.524864300000000412e+02 -3.276780162590787082e+00
6.681153900000000476e+02 -3.272765705440012773e+00
7.004452900000000000e+02 -3.273467817132619917e+00
7.020284599999999955e+02 -3.273122976379059246e+00
7.155919199999999591e+02 -3.268389628790603574e+00
7.511794099999999617e+02 -3.267372829866290740e+00
7.521018599999999878e+02 -3.268035991155371356e+00
7.661431499999999915e+02 -3.265302113515045068e+00
7.956572099999999637e+02 -3.264359777458446299e+00
7.976378099999999449e+02 -3.264178539217974961e+00
8.204469199999999773e+02 -3.262820212375157514e+00
8.526494900000000143e+02 -3.261734979697422876e+00
8.536771199999999453e+02 -3.261414951487695113e+00
8.589785799999999654e+02 -3.256738720756287453e+00
8.921589199999999664e+02 -3.257330899803593027e+00
8.981064699999999448e+02 -3.257001779652257678e+00
9.165910000000000082e+02 -3.256103266567251797e+00
9.432945999999999458e+02 -3.254136182167660429e+00
9.628126200000000381e+02 -3.256828020037328741e+00
9.677609999999999673e+02 -3.253674647062257286e+00
9.974233600000000024e+02 -3.252829574808387303e+00
1.007356400000000008e+03 -3.254539891656857975e+00
1.014232300000000009e+03 -3.250040428548530258e+00
1.041943199999999933e+03 -3.248599525729155779e+00
1.055574399999999969e+03 -3.251324205239644716e+00
1.066754799999999932e+03 -3.248857396565054234e+00
1.096943800000000010e+03 -3.246517237773817399e+00
1.100923900000000003e+03 -3.248766608442704040e+00
1.116723400000000083e+03 -3.246353078275786341e+00
1.143863200000000006e+03 -3.245261786924453773e+00
1.149863100000000031e+03 -3.246339035625180891e+00
1.158830899999999929e+03 -3.242133983178320467e+00
1.193557499999999891e+03 -3.241700550110814927e+00
1.203159599999999955e+03 -3.239569918527557935e+00
1.208465200000000095e+03 -3.244266170647446934e+00
1.243455799999999954e+03 -3.241278810975953384e+00
1.246806100000000015e+03 -3.240001382496565441e+00
1.263267399999999952e+03 -3.240712177117249126e+00
1.302211999999999989e+03 -3.239035321876709173e+00
1.302901800000000094e+03 -3.238960646670979493e+00
1.305005499999999984e+03 -3.236333163841320193e+00
1.351812200000000075e+03 -3.238928386469086096e+00
1.352238100000000031e+03 -3.237839935243861156e+00
1.359118300000000090e+03 -3.234198239582255496e+00
1.404659400000000005e+03 -3.235594001782414963e+00
1.407290700000000015e+03 -3.237338411716015329e+00
1.414505599999999959e+03 -3.234194956488428474e+00
1.432450100000000020e+03 -3.230932684683246237e+00
1.458310600000000022e+03 -3.232958460385706889e+00
1.463797399999999925e+03 -3.233071442329797041e+00
1.497075399999999945e+03 -3.230322391736931475e+00
1.503298099999999977e+03 -3.233918972848021767e+00
1.512155199999999923e+03 -3.231680111935816946e+00
1.533798399999999901e+03 -3.228080164498024374e+00
1.556059799999999996e+03 -3.231223587904735517e+00
1.561966300000000047e+03 -3.230199548570366286e+00
1.591344499999999925e+03 -3.227012594782159294e+00
1.597469100000000026e+03 -3.230166910958281790e+00
1.618318999999999960e+03 -3.230372870924389961e+00
1.646291999999999916e+03 -3.230039569446113035e+00
1.650338099999999940e+03 -3.227901819648615778e+00
1.665256900000000087e+03 -3.227611669414287565e+00
1.691413900000000012e+03 -3.226313780780249107e+00
1.701983099999999922e+03 -3.224529337218450031e+00
1.712389899999999898e+03 -3.222371747800755415e+00
1.737150499999999965e+03 -3.226137856877249188e+00
1.764332300000000032e+03 -3.225606018924886964e+00
1.769535900000000083e+03 -3.226463363850003319e+00
1.796235699999999952e+03 -3.224432402712861023e+00
1.806267399999999952e+03 -3.224938884610416334e+00
1.815873499999999922e+03 -3.221800585702358610e+00
1.826596299999999928e+03 -3.223825543450729469e+00
1.843963299999999890e+03 -3.224842940371232647e+00
1.863119999999999891e+03 -3.219321127612848166e+00
1.888046000000000049e+03 -3.223694365920962923e+00
1.903635399999999890e+03 -3.221310939609827173e+00
1.910279800000000023e+03 -3.221484429875316025e+00
1.958249000000000024e+03 -3.222751085622105105e+00
1.962993199999999888e+03 -3.223669597296874301e+00
1.973853200000000015e+03 -3.223405934825528618e+00
1.995172600000000102e+03 -3.216610127206233294e+00
2.004138699999999972e+03 -3.218263631815320380e+00
2.018017399999999952e+03 -3.219513571209271952e+00
2.057891799999999876e+03 -3.220219414260884871e+00
2.064890600000000177e+03 -3.220124407963397495e+00
2.065664299999999912e+03 -3.215104956060630403e+00
2.090060699999999997e+03 -3.218426617050910821e+00
2.109759100000000217e+03 -3.217170684136431369e+00
2.114119400000000041e+03 -3.218331899946896169e+00
2.146217099999999846e+03 -3.213880405054877709e+00
2.156049399999999878e+03 -3.215182580093570497e+00
2.159661200000000008e+03 -3.214443190149461671e+00
2.191812800000000152e+03 -3.217777815517583573e+00
2.200443400000000111e+03 -3.220319907275259297e+00
2.201195099999999911e+03 -3.212838122300461396e+00
2.236599200000000110e+03 -3.215018723098618469e+00
2.257194100000000162e+03 -3.214668632256707959e+00
2.272975500000000011e+03 -3.215190785183528188e+00
2.298631899999999860e+03 -3.211876701511540588e+00
2.302958900000000085e+03 -3.209061162873232398e+00
2.323568200000000161e+03 -3.212064886311742473e+00
2.334439300000000003e+03 -3.218865003242446843e+00
2.363716899999999896e+03 -3.212176263804682463e+00
2.390447799999999916e+03 -3.219656395761073764e+00
2.400300299999999879e+03 -3.208223410243673968e+00
2.401695900000000165e+03 -3.209950117583691753e+00
2.409710000000000036e+03 -3.209754162979691738e+00
2.435218400000000202e+03 -3.204355410870840082e+00
