1.210957400000000064e+02 -3.460207043768132706e+00
1.322946900000000028e+02 -3.460411629457313065e+00
1.694844099999999969e+02 -3.459965104427199734e+00
1.700823300000000131e+02 -3.460237783678667078e+00
1.793160200000000088e+02 -3.459828112689027346e+00
2.170690800000000138e+02 -3.459375278441938928e+00
2.175513100000000009e+02 -3.459600952028695886e+00
2.278254699999999957e+02 -3.459425152318587937e+00
2.649080599999999777e+02 -3.458549751509203407e+00
2.670101900000000228e+02 -3.459000277214033581e+00
2.767856400000000008e+02 -3.458749743997568515e+00
3.135210500000000025e+02 -3.457662719698649134e+00
3.152480300000000284e+02 -3.458024759522431602e+00
3.250065999999999917e+02 -3.457770269573150923e+00
3.662550899999999956e+02 -3.457463491646074694e+00
3.668564000000000078e+02 -3.457714097961897437e+00
3.722603599999999915e+02 -3.456357414574695142e+00
4.128174000000000206e+02 -3.455482762356357096e+00
4.153291800000000080e+02 -3.456211081643598693e+00
4.260332300000000032e+02 -3.455929136373271149e+00
4.607936799999999948e+02 -3.453646068289765392e+00
4.629207299999999918e+02 -3.454126392712112192e+00
4.711936099999999783e+02 -3.453348396306608947e+00
5.120539099999999735e+02 -3.452410376094576350e+00
5.127539600000000064e+02 -3.452522505002465270e+00
5.240522999999999456e+02 -3.452509705400625073e+00
5.608733399999999847e+02 -3.449997789869229337e+00
5.634231399999999894e+02 -3.450588828374475892e+00
5.711187599999999520e+02 -3.449755991194555005e+00
6.107304100000000062e+02 -3.448062186177937249e+00
6.115540300000000116e+02 -3.448211348931588205e+00
6.226211799999999812e+02 -3.447925623145978502e+00
6.653124099999999999e+02 -3.446453098438396978e+00
6.665580700000000434e+02 -3.446680123295117415e+00
6.733361200000000508e+02 -3.445695105515831358e+00
7.091359700000000430e+02 -3.442188477607461827e+00
7.128475799999999936e+02 -3.443209624913651012e+00
7.193730000000000473e+02 -3.441685554119283896e+00
7.577019699999999602e+02 -3.439095170122244749e+00
7.613702899999999545e+02 -3.440095254332796060e+00
7.676055099999999811e+02 -3.438366606816994686e+00
8.023878799999999956e+02 -3.434318240702594505e+00
8.098613500000000158e+02 -3.436279947678645197e+00
8.185270799999999554e+02 -3.435347048372822787e+00
8.592334700000000112e+02 -3.432148447584677520e+00
8.597315499999999702e+02 -3.432329572263793871e+00
8.700904000000000451e+02 -3.431898290256315320e+00
9.134073200000000270e+02 -3.430043502994349236e+00
9.185977500000000191e+02 -3.431473567779738332e+00
9.210975399999999809e+02 -3.428936422259596384e+00
9.626309099999999717e+02 -3.425594091402779817e+00
9.664224500000000262e+02 -3.422992100047753894e+00
9.702515300000000025e+02 -3.427652968425287661e+00
1.012663499999999999e+03 -3.420844917471529634e+00
1.012878199999999993e+03 -3.420970847097986489e+00
1.024420499999999947e+03 -3.420396243226661692e+00
1.065073399999999992e+03 -3.417074308814731065e+00
1.066630599999999959e+03 -3.417385333171513828e+00
1.068987599999999929e+03 -3.414702124397555938e+00
1.108066299999999956e+03 -3.410865096456988432e+00
1.118979199999999992e+03 -3.413755451638757155e+00
1.120131000000000085e+03 -3.410530723520462715e+00
1.154638200000000097e+03 -3.406026425042036010e+00
1.166821300000000065e+03 -3.405819699332103045e+00
1.169311200000000099e+03 -3.409876831977804557e+00
1.205714400000000069e+03 -3.402045264083805254e+00
1.208372000000000071e+03 -3.402774948564246227e+00
1.222330200000000104e+03 -3.402782362741604061e+00
1.260373900000000049e+03 -3.399432957006639278e+00
1.261445500000000038e+03 -3.399771151199214803e+00
1.273663700000000063e+03 -3.399166670716593508e+00
1.307087399999999889e+03 -3.394626770292910489e+00
1.309756599999999935e+03 -3.395266231540384094e+00
1.314331100000000106e+03 -3.393158478737094530e+00
1.350282200000000103e+03 -3.389054731732923820e+00
1.362389699999999948e+03 -3.392209949807144298e+00
1.370677500000000009e+03 -3.390257406285017705e+00
1.410126400000000103e+03 -3.382815593914863417e+00
1.411691000000000031e+03 -3.386706742188095642e+00
1.417259099999999989e+03 -3.388058276911717126e+00
1.446722600000000057e+03 -3.378484001779950230e+00
1.454760999999999967e+03 -3.380558017383971325e+00
1.465982999999999947e+03 -3.379701393221046679e+00
1.508403999999999996e+03 -3.377766173343630385e+00
1.508494099999999889e+03 -3.377731965478576903e+00
1.515730499999999893e+03 -3.376418615548919533e+00
1.559304499999999962e+03 -3.373675271284120925e+00
1.561340999999999894e+03 -3.370304840911488409e+00
1.574362499999999955e+03 -3.377658741867451742e+00
1.603411299999999983e+03 -3.369559692887249103e+00
1.604914500000000089e+03 -3.366756920002245135e+00
1.613424899999999980e+03 -3.372190133880985208e+00
1.643383599999999888e+03 -3.363428286519736687e+00
1.652386799999999994e+03 -3.365761186817488593e+00
1.669000900000000001e+03 -3.366145617210656305e+00
1.698057099999999991e+03 -3.357643942299559203e+00
1.700491800000000012e+03 -3.361731532918215581e+00
1.716980299999999943e+03 -3.366019988224043136e+00
1.742421399999999949e+03 -3.357290078311516268e+00
1.753117500000000064e+03 -3.360022462908665020e+00
1.758036200000000008e+03 -3.357830427850399868e+00
1.794274300000000039e+03 -3.353825555482054188e+00
1.802572599999999966e+03 -3.355961417442786754e+00
1.815988100000000031e+03 -3.355644073268542638e+00
1.842763099999999895e+03 -3.349668579696051474e+00
1.849391399999999976e+03 -3.351362790754571552e+00
1.860437799999999925e+03 -3.351000003143703054e+00
1.883041500000000042e+03 -3.343133352883715936e+00
1.894030299999999897e+03 -3.345906905952916510e+00
1.917960600000000113e+03 -3.348010167292342132e+00
1.941267499999999927e+03 -3.342358383746306671e+00
1.951675700000000006e+03 -3.341905715588867398e+00
1.952585499999999911e+03 -3.345285991294768557e+00
1.996781899999999951e+03 -3.342116586662365663e+00
1.997949000000000069e+03 -3.342410570666437764e+00
2.001375199999999950e+03 -3.339110070992453494e+00
2.039234999999999900e+03 -3.336833213004538834e+00
2.045743799999999965e+03 -3.338482283020234753e+00
2.049589500000000044e+03 -3.336694822311703668e+00
2.092088799999999992e+03 -3.335083935729809212e+00
2.100915500000000065e+03 -3.337344594196249847e+00
2.110762499999999818e+03 -3.336133777293602165e+00
2.138542600000000220e+03 -3.330771724768397224e+00
2.142116700000000037e+03 -3.331745670243910329e+00
2.158531300000000101e+03 -3.333297892900781711e+00
2.198693699999999808e+03 -3.331344523901534238e+00
2.199348899999999958e+03 -3.327390152838359594e+00
2.207859599999999773e+03 -3.333679133261469918e+00
2.248841300000000047e+03 -3.327545243142901121e+00
2.250753400000000056e+03 -3.328037116561409103e+00
2.260748300000000199e+03 -3.326735998217581258e+00
2.298480300000000170e+03 -3.325358932649289834e+00
2.298807600000000093e+03 -3.325455046317276508e+00
2.316564600000000155e+03 -3.325895065310247922e+00
2.329766099999999824e+03 -3.319978331113824677e+00
2.344858200000000124e+03 -3.323790075805331590e+00
2.359760400000000118e+03 -3.323379920727121295e+00
2.392469000000000051e+03 -3.318088543719972527e+00
2.394592799999999897e+03 -3.318605072528230338e+00
2.426312399999999798e+03 -3.313536647460532780e+00
2.427996700000000146e+03 -3.322851728557916662e+00
2.453571699999999964e+03 -3.320512530532850892e+00
