1.210957400000000064e+02 1.200254834113576230e+01
1.322946900000000028e+02 1.201634846326073713e+01
1.694844099999999969e+02 1.203904844290657472e+01
1.700823300000000131e+02 1.203628383879503261e+01
1.793160200000000088e+02 1.203526256869529831e+01
2.170690800000000138e+02 1.206644972521880632e+01
2.175513100000000009e+02 1.206585589253002233e+01
2.278254699999999957e+02 1.207293812334622451e+01
2.649080599999999777e+02 1.209548392021168439e+01
2.670101900000000228e+02 1.209514960309383369e+01
2.767856400000000008e+02 1.210112863830653396e+01
3.135210500000000025e+02 1.212781447180948469e+01
3.152480300000000284e+02 1.212743791980460095e+01
3.250065999999999917e+02 1.213498931406472536e+01
3.662550899999999956e+02 1.215901078770608557e+01
3.668564000000000078e+02 1.215975727661306749e+01
3.722603599999999915e+02 1.216565845715448724e+01
4.128174000000000206e+02 1.220173621005495512e+01
4.153291800000000080e+02 1.220100142479136984e+01
4.260332300000000032e+02 1.221224709953185439e+01
4.607936799999999948e+02 1.223144209240789770e+01
4.629207299999999918e+02 1.223110828414410634e+01
4.711936099999999783e+02 1.224335691023814476e+01
5.120539099999999735e+02 1.227603857113779640e+01
5.127539600000000064e+02 1.227691837980867007e+01
5.240522999999999456e+02 1.228249542031345420e+01
5.608733399999999847e+02 1.231261398330958556e+01
5.634231399999999894e+02 1.231281396295542585e+01
5.711187599999999520e+02 1.231578872379401624e+01
6.107304100000000062e+02 1.235103093832688792e+01
6.115540300000000116e+02 1.235099582739670154e+01
6.226211799999999812e+02 1.235949114593934439e+01
6.653124099999999999e+02 1.239547679625483489e+01
6.665580700000000434e+02 1.239578617952371253e+01
6.733361200000000508e+02 1.239808162019132887e+01
7.091359700000000430e+02 1.243381386118461229e+01
7.128475799999999936e+02 1.243399094239772040e+01
7.193730000000000473e+02 1.244586148992468999e+01
7.577019699999999602e+02 1.248007683696315873e+01
7.613702899999999545e+02 1.248025086505190373e+01
7.676055099999999811e+02 1.248561571341339338e+01
8.023878799999999956e+02 1.252894209240789714e+01
8.098613500000000158e+02 1.252898280073275039e+01
8.185270799999999554e+02 1.253165377569713002e+01
8.592334700000000112e+02 1.257335334825971884e+01
8.597315499999999702e+02 1.257362914716059343e+01
8.700904000000000451e+02 1.258778088744148249e+01
9.134073200000000270e+02 1.262118461225320587e+01
9.185977500000000191e+02 1.262126195807042528e+01
9.210975399999999809e+02 1.263996539792387530e+01
9.626309099999999717e+02 1.267470893547730526e+01
9.664224500000000262e+02 1.268706340321595860e+01
9.702515300000000025e+02 1.267472623651536701e+01
1.012663499999999999e+03 1.272586505190311534e+01
1.012878199999999993e+03 1.272601567270506884e+01
1.024420499999999947e+03 1.274329635660492599e+01
1.065073399999999992e+03 1.277740993283126336e+01
1.066630599999999959e+03 1.277725422348870410e+01
1.068987599999999929e+03 1.280314166497048589e+01
1.108066299999999956e+03 1.282341797272542294e+01
1.118979199999999992e+03 1.282448809281498114e+01
1.120131000000000085e+03 1.286294626501119431e+01
1.154638200000000097e+03 1.288361795237125840e+01
1.166821300000000065e+03 1.290870903724811747e+01
1.169311200000000099e+03 1.288393954813759379e+01
1.205714400000000069e+03 1.294425707307144435e+01
1.208372000000000071e+03 1.294418888662731604e+01
1.222330200000000104e+03 1.295624516588642372e+01
1.260373900000000049e+03 1.298866171382047519e+01
1.261445500000000038e+03 1.298877111744351609e+01
1.273663700000000063e+03 1.301146753511092946e+01
1.307087399999999889e+03 1.304619071850193279e+01
1.309756599999999935e+03 1.304603450030531242e+01
1.314331100000000106e+03 1.306995776511296548e+01
1.350282200000000103e+03 1.309988550783635297e+01
1.362389699999999948e+03 1.310037044575615717e+01
1.370677500000000009e+03 1.311571443110115887e+01
1.410126400000000103e+03 1.318840983106045250e+01
1.411691000000000031e+03 1.315918685121107323e+01
1.417259099999999989e+03 1.315912070018318758e+01
1.446722600000000057e+03 1.322292489314064845e+01
1.454760999999999967e+03 1.322305770405047909e+01
1.465982999999999947e+03 1.324208579279462583e+01
1.508403999999999996e+03 1.328373702422145364e+01
1.508494099999999889e+03 1.328405811113372614e+01
1.515730499999999893e+03 1.329113881538774677e+01
1.559304499999999962e+03 1.333246692448605764e+01
1.561340999999999894e+03 1.335313454101363639e+01
1.574362499999999955e+03 1.333210563810299298e+01
1.603411299999999983e+03 1.339320069204152297e+01
1.604914500000000089e+03 1.339532871972318340e+01
1.613424899999999980e+03 1.339271626297577811e+01
1.643383599999999888e+03 1.344444585792794555e+01
1.652386799999999994e+03 1.344445298188479576e+01
1.669000900000000001e+03 1.344763026663952843e+01
1.698057099999999991e+03 1.352773865255444719e+01
1.700491800000000012e+03 1.349383574190921919e+01
1.716980299999999943e+03 1.349400366374923621e+01
1.742421399999999949e+03 1.355614237736617156e+01
1.753117500000000064e+03 1.355566252798697313e+01
1.758036200000000008e+03 1.355011245674740472e+01
1.794274300000000039e+03 1.361434917565642166e+01
1.802572599999999966e+03 1.361398483614899391e+01
1.815988100000000031e+03 1.362124313047018020e+01
1.842763099999999895e+03 1.367197180948504176e+01
1.849391399999999976e+03 1.367158304498270027e+01
1.860437799999999925e+03 1.367421076735192464e+01
1.883041500000000042e+03 1.373531650722572728e+01
1.894030299999999897e+03 1.373501730103806295e+01
1.917960600000000113e+03 1.372710970893547611e+01
1.941267499999999927e+03 1.377887390596376882e+01
1.951675700000000006e+03 1.379054650926114434e+01
1.952585499999999911e+03 1.377897160594341486e+01
1.996781899999999951e+03 1.384776663952778364e+01
1.997949000000000069e+03 1.384700641156116419e+01
2.001375199999999950e+03 1.382182475066151106e+01
2.039234999999999900e+03 1.387868562996132660e+01
2.045743799999999965e+03 1.387874720130266759e+01
2.049589500000000044e+03 1.390534296763688182e+01
2.092088799999999992e+03 1.393794473844901205e+01
2.100915500000000065e+03 1.393784245878281958e+01
2.110762499999999818e+03 1.395439446366782121e+01
2.138542600000000220e+03 1.400198503969061647e+01
2.142116700000000037e+03 1.400211530633014512e+01
2.158531300000000101e+03 1.399199470791776889e+01
2.198693699999999808e+03 1.404577600244250135e+01
2.199348899999999958e+03 1.406959902300020460e+01
2.207859599999999773e+03 1.404603093832688643e+01
2.248841300000000047e+03 1.410425859963362605e+01
2.250753400000000056e+03 1.410429930795847753e+01
2.260748300000000199e+03 1.413456391207001950e+01
2.298480300000000170e+03 1.416914156319967333e+01
2.298807600000000093e+03 1.416957612456747384e+01
2.316564600000000155e+03 1.417190922043557855e+01
2.329766099999999824e+03 1.421385558721758535e+01
2.344858200000000124e+03 1.421368868308569056e+01
2.359760400000000118e+03 1.420881335233054976e+01
2.392469000000000051e+03 1.428791318949725309e+01
2.394592799999999897e+03 1.428743283126399355e+01
2.426312399999999798e+03 1.429441227355994215e+01
2.427996700000000146e+03 1.426468043964990784e+01
2.453571699999999964e+03 1.429529106452269538e+01
