1.001040899999999993e+02 -2.825432838767757637e+00
1.002553699999999992e+02 -2.825546850977318947e+00
1.266124499999999955e+02 -2.825105083505757619e+00
1.493766599999999869e+02 -2.825064021498428168e+00
1.513582900000000109e+02 -2.825343358916731606e+00
1.753543699999999887e+02 -2.824834224108146774e+00
2.009384699999999953e+02 -2.825073248754696564e+00
2.013495499999999936e+02 -2.824861283789354083e+00
2.245928800000000081e+02 -2.824490440445750039e+00
2.494154599999999959e+02 -2.824079971324245264e+00
2.516300599999999861e+02 -2.824669739667372781e+00
2.742309099999999944e+02 -2.823883362192101121e+00
3.008106799999999907e+02 -2.823726266086345582e+00
3.020208700000000022e+02 -2.823533628671163420e+00
3.235266599999999926e+02 -2.822257256323279506e+00
3.507727199999999925e+02 -2.821023986895279556e+00
3.535676799999999957e+02 -2.822737482097858575e+00
3.747478399999999965e+02 -2.820134509837510794e+00
3.989241099999999847e+02 -2.817543064997764191e+00
4.015976200000000063e+02 -2.819146137921775264e+00
4.229316499999999905e+02 -2.816240587107816662e+00
4.499119900000000030e+02 -2.812857054463674178e+00
4.526359699999999862e+02 -2.815261440712853336e+00
4.654011199999999917e+02 -2.807777952646627551e+00
4.936714799999999741e+02 -2.807693568206398815e+00
5.030106099999999856e+02 -2.803654072307439904e+00
5.201155700000000479e+02 -2.798051314702740378e+00
5.492723200000000361e+02 -2.797932238894200729e+00
5.498815100000000484e+02 -2.793413459590953440e+00
5.677418599999999742e+02 -2.787114065942796426e+00
5.955683900000000222e+02 -2.786433617555382547e+00
5.994095099999999547e+02 -2.785722369528293552e+00
6.139902799999999843e+02 -2.780448383610469421e+00
6.495989499999999452e+02 -2.781466319246316932e+00
6.560825700000000325e+02 -2.781227137414400197e+00
6.680711700000000519e+02 -2.774768063634680981e+00
6.953952199999999948e+02 -2.774718908952726437e+00
7.073159100000000308e+02 -2.775230880755028107e+00
7.176653800000000274e+02 -2.770561879713156817e+00
7.487215700000000425e+02 -2.770346273176728769e+00
7.494740600000000086e+02 -2.770309736194108918e+00
7.678358100000000377e+02 -2.765038549814035740e+00
7.965402199999999766e+02 -2.765151405453844191e+00
7.995261100000000170e+02 -2.766095564564460041e+00
8.142684100000000171e+02 -2.759923585688318415e+00
8.538328599999999824e+02 -2.761316448875982044e+00
8.556216200000000072e+02 -2.760116350961431042e+00
8.685567999999999529e+02 -2.756415369818967953e+00
8.947861299999999574e+02 -2.754343741501288800e+00
9.091882000000000517e+02 -2.756771624430295997e+00
9.192659099999999626e+02 -2.751397165494038344e+00
9.544668400000000474e+02 -2.752523461813071393e+00
9.560499099999999544e+02 -2.751775786333106044e+00
9.675270299999999679e+02 -2.747857393400141568e+00
1.000676900000000046e+03 -2.747315194226341184e+00
1.005655700000000024e+03 -2.747576819560831662e+00
1.013723299999999995e+03 -2.741492395751608857e+00
1.044994300000000067e+03 -2.740499683977382972e+00
1.047031300000000101e+03 -2.739858621619029933e+00
1.070732700000000023e+03 -2.738930440297591140e+00
1.095057399999999916e+03 -2.737670976360935260e+00
1.104603000000000065e+03 -2.738622980413812247e+00
1.116591300000000047e+03 -2.734399174081172390e+00
1.143613299999999981e+03 -2.732729902115294873e+00
1.151394099999999980e+03 -2.733757524496964741e+00
1.165322899999999890e+03 -2.730413149302370002e+00
1.191329600000000028e+03 -2.725692169424808853e+00
1.196492099999999937e+03 -2.729393814888971814e+00
1.203716699999999946e+03 -2.723231546319360596e+00
1.251218599999999924e+03 -2.726140218835003459e+00
1.252357899999999972e+03 -2.726614528706956975e+00
1.272241500000000087e+03 -2.723621108322408446e+00
1.295405099999999948e+03 -2.723460774700809939e+00
1.298154299999999921e+03 -2.724087384058405892e+00
1.309927599999999984e+03 -2.717924727066845847e+00
1.341666600000000017e+03 -2.716289009123364018e+00
1.350682900000000018e+03 -2.717208951639495496e+00
1.361880699999999933e+03 -2.715628790610873811e+00
1.398301600000000008e+03 -2.716960052132127323e+00
1.411612499999999955e+03 -2.712560812307662772e+00
1.413145400000000109e+03 -2.715038768552904713e+00
1.445362100000000055e+03 -2.711165360957698667e+00
1.446576900000000023e+03 -2.707247984116365469e+00
1.453690399999999954e+03 -2.709891412873527194e+00
1.487517800000000079e+03 -2.709174327985346853e+00
1.498765000000000100e+03 -2.709368997681467217e+00
1.519412199999999984e+03 -2.707696481979952718e+00
1.529306700000000092e+03 -2.701753745709274845e+00
1.551342100000000073e+03 -2.707563555340549044e+00
1.559647799999999961e+03 -2.702113349481520821e+00
1.599763500000000022e+03 -2.702464669255280949e+00
1.599871000000000095e+03 -2.702086954344562031e+00
1.603025100000000066e+03 -2.695898891781927098e+00
1.643981600000000071e+03 -2.696605423660205947e+00
1.658124000000000024e+03 -2.695246911509706411e+00
1.663751500000000078e+03 -2.698574620553252146e+00
1.688645999999999958e+03 -2.691861606385923089e+00
1.713455400000000054e+03 -2.696066038541120147e+00
1.723049600000000055e+03 -2.695819076028559635e+00
1.744344399999999951e+03 -2.691684474461676579e+00
1.758185999999999922e+03 -2.690046947741560945e+00
1.759189699999999903e+03 -2.693711726433536402e+00
1.784432099999999991e+03 -2.687535018124555197e+00
1.814655400000000100e+03 -2.691776594467682582e+00
1.828532699999999977e+03 -2.691356418219126745e+00
1.830194899999999961e+03 -2.686863119631242913e+00
1.852899899999999889e+03 -2.683564790554259893e+00
1.877453099999999949e+03 -2.689413553719070205e+00
1.890230700000000070e+03 -2.685100646326261220e+00
1.894770800000000008e+03 -2.683123324679909327e+00
1.908377799999999979e+03 -2.681163242004123148e+00
1.953015699999999924e+03 -2.677375325835012365e+00
1.953034799999999905e+03 -2.680348409301076984e+00
1.964912399999999934e+03 -2.688676689068531189e+00
2.002086099999999988e+03 -2.677694524483121619e+00
2.013803200000000061e+03 -2.680256958049838545e+00
2.013940100000000029e+03 -2.676318199211662030e+00
2.051071500000000015e+03 -2.675924681973771868e+00
2.056127100000000155e+03 -2.673414333833487255e+00
2.069919800000000123e+03 -2.675766506218501206e+00
2.087065300000000207e+03 -2.671024575031673898e+00
2.104276299999999992e+03 -2.667762430552458319e+00
2.111751999999999953e+03 -2.671125589256890365e+00
2.143276699999999892e+03 -2.670973754030391945e+00
2.152585700000000088e+03 -2.668710104179983666e+00
2.171686299999999846e+03 -2.669668089289225055e+00
2.190829000000000178e+03 -2.665014934882889985e+00
2.210630299999999806e+03 -2.663080688136821195e+00
2.213342900000000100e+03 -2.665712999516755666e+00
2.238632200000000012e+03 -2.656658022956171816e+00
2.241205199999999877e+03 -2.662222645119643349e+00
2.256498199999999997e+03 -2.665777401160644544e+00
2.287681199999999990e+03 -2.660798424470576240e+00
2.299920500000000175e+03 -2.659705708548386838e+00
2.305590700000000197e+03 -2.657421059282337961e+00
2.345628400000000056e+03 -2.661961709719968372e+00
2.358509300000000167e+03 -2.659236010181570631e+00
2.364103799999999865e+03 -2.655703875224642463e+00
2.397693699999999808e+03 -2.654682617585735649e+00
2.398324599999999919e+03 -2.653718606051972628e+00
2.413900299999999788e+03 -2.651846903639902386e+00
2.457882999999999811e+03 -2.650803710660976087e+00
