9.972256400000000554e+01 -3.341579576129004359e+00
1.271773000000000025e+02 -3.341361428036706549e+00
1.510798399999999901e+02 -3.341466621351144362e+00
1.511698700000000031e+02 -3.341489845013144944e+00
1.752221499999999992e+02 -3.340452749709381219e+00
1.990124199999999917e+02 -3.340351583353496689e+00
1.991354599999999948e+02 -3.340383391643100275e+00
2.250521099999999990e+02 -3.339541788265929512e+00
2.483860699999999895e+02 -3.338889723655563468e+00
2.486120799999999917e+02 -3.338948202625602768e+00
2.743371099999999956e+02 -3.337907814767479220e+00
2.985697700000000054e+02 -3.336860003432264410e+00
2.988399000000000001e+02 -3.336929837415282929e+00
3.250692799999999920e+02 -3.335738336006909055e+00
3.514702500000000214e+02 -3.335080050125792450e+00
3.515687399999999911e+02 -3.335105562637035614e+00
3.720012300000000209e+02 -3.331607593046681970e+00
3.986204399999999737e+02 -3.330738527283255035e+00
3.988473200000000247e+02 -3.330797129394803324e+00
4.175597099999999955e+02 -3.326718157706129109e+00
4.479172199999999862e+02 -3.327068112074226036e+00
4.482633099999999899e+02 -3.327157532344125812e+00
4.699396100000000160e+02 -3.321899899293704994e+00
5.037630399999999895e+02 -3.322179650894431013e+00
5.037640299999999911e+02 -3.322179754172922994e+00
5.240935299999999870e+02 -3.317470394707716874e+00
5.487217500000000427e+02 -3.315456606178172727e+00
5.490937699999999495e+02 -3.315552882525531153e+00
5.727467599999999948e+02 -3.311216857535574487e+00
6.003287699999999631e+02 -3.309697244302918229e+00
6.006094000000000506e+02 -3.309769792744980954e+00
6.179582900000000336e+02 -3.305200429709947763e+00
6.431918100000000322e+02 -3.303462144246108512e+00
6.436215300000000070e+02 -3.303572930108967576e+00
6.670633800000000520e+02 -3.300640238994608566e+00
7.014281200000000354e+02 -3.300695285187409844e+00
7.015382799999999861e+02 -3.300723661969773293e+00
7.125394999999999754e+02 -3.294049835585532993e+00
7.517752500000000282e+02 -3.295711733049105696e+00
7.524615499999999884e+02 -3.295889053491840581e+00
7.634643899999999803e+02 -3.289950889142094326e+00
7.980630700000000388e+02 -3.290369436075526899e+00
7.987673399999999901e+02 -3.290551503891838259e+00
8.213100100000000339e+02 -3.288129029347230947e+00
8.416278800000000047e+02 -3.284759529161553449e+00
8.418076899999999796e+02 -3.284806318938827019e+00
8.712928299999999808e+02 -3.284163498141253967e+00
8.982994800000000168e+02 -3.281371033388361003e+00
8.992735400000000254e+02 -3.281623050832545907e+00
9.231383799999999837e+02 -3.280772996216310133e+00
9.539174000000000433e+02 -3.280277309093460492e+00
9.552148600000000442e+02 -3.280612575678373499e+00
9.670212400000000343e+02 -3.276314719253267782e+00
1.005308700000000044e+03 -3.275183174621979276e+00
1.005336800000000039e+03 -3.275190846114670595e+00
1.012532400000000052e+03 -3.271350461701160839e+00
1.052783699999999953e+03 -3.273131656640243747e+00
1.052806900000000041e+03 -3.273137705187538327e+00
1.068571599999999989e+03 -3.269671824161819451e+00
1.099290600000000040e+03 -3.267785646116734721e+00
1.099330799999999954e+03 -3.267795987731670238e+00
1.123249499999999898e+03 -3.266804758280045906e+00
1.140074000000000069e+03 -3.265197377313359350e+00
1.140769999999999982e+03 -3.265377663367865946e+00
1.165975799999999936e+03 -3.264607939393456171e+00
1.203098199999999906e+03 -3.260633426638607446e+00
1.203377099999999928e+03 -3.260705476955822135e+00
1.216129200000000083e+03 -3.261021790454122105e+00
1.240810300000000097e+03 -3.259748061628950921e+00
1.242878899999999931e+03 -3.260283599193799731e+00
1.272821200000000090e+03 -3.261021582938528507e+00
1.299500700000000052e+03 -3.259624291005793317e+00
1.299826600000000099e+03 -3.259708440873323898e+00
1.326850300000000061e+03 -3.259188092006190640e+00
1.342586800000000039e+03 -3.254631315996872498e+00
1.343264300000000048e+03 -3.254806768547656048e+00
1.370237699999999904e+03 -3.254964796141313066e+00
1.401184400000000096e+03 -3.253489101235420566e+00
1.401705300000000079e+03 -3.253623611599799847e+00
1.422659100000000080e+03 -3.253936372757382234e+00
1.453981600000000071e+03 -3.251336427231500625e+00
1.454230800000000045e+03 -3.251400595965792562e+00
1.464436699999999973e+03 -3.250986103482747858e+00
1.501798999999999978e+03 -3.248761122375420030e+00
1.502042899999999918e+03 -3.248824226266631143e+00
1.509520600000000059e+03 -3.247275374023907091e+00
1.552049299999999903e+03 -3.249772077750257004e+00
1.552392000000000053e+03 -3.249860977835507647e+00
1.566609799999999950e+03 -3.245997380435016844e+00
1.610885199999999941e+03 -3.247757008686131375e+00
1.611379899999999907e+03 -3.247884491401865414e+00
1.615708699999999908e+03 -3.243843130698619515e+00
1.656756100000000060e+03 -3.242901474676562312e+00
1.658468100000000049e+03 -3.243344722271048752e+00
1.664419200000000046e+03 -3.242307279075648641e+00
1.709579400000000078e+03 -3.239142582440801554e+00
1.710112699999999904e+03 -3.242511877935057463e+00
1.710312599999999975e+03 -3.242564115804333458e+00
1.744880499999999984e+03 -3.242051491572719435e+00
1.744936400000000049e+03 -3.242065688408602764e+00
1.748812400000000025e+03 -3.235863610212157404e+00
1.783174600000000055e+03 -3.236521755107357290e+00
1.783721600000000080e+03 -3.236662453101895487e+00
1.807181199999999990e+03 -3.237318922260801646e+00
1.849521400000000085e+03 -3.235443162030915421e+00
1.849586700000000064e+03 -3.235460145151785483e+00
1.877089400000000069e+03 -3.240838204972193104e+00
1.899431499999999915e+03 -3.237465955214005042e+00
1.899861900000000105e+03 -3.237577018641214277e+00
1.903114600000000110e+03 -3.232912716037799949e+00
1.950406700000000001e+03 -3.231197488955630970e+00
1.952210499999999911e+03 -3.234237743662498055e+00
1.952483400000000074e+03 -3.234308141089446309e+00
1.992648799999999937e+03 -3.232081580623669126e+00
1.993272300000000087e+03 -3.232243378411803203e+00
2.015044399999999996e+03 -3.233713747880490708e+00
2.050655099999999948e+03 -3.235159951035139869e+00
2.051300000000000182e+03 -3.235326416097423774e+00
2.056034200000000055e+03 -3.228045823134877867e+00
2.092136500000000069e+03 -3.230939132995537921e+00
2.093306300000000192e+03 -3.231241447814273915e+00
2.120098300000000108e+03 -3.231677635870384702e+00
2.145498399999999947e+03 -3.223127438060273686e+00
2.175251200000000154e+03 -3.235446393609338500e+00
2.175871900000000096e+03 -3.235605635667109237e+00
2.192838999999999942e+03 -3.221404140604233746e+00
2.196695900000000165e+03 -3.232907586717014059e+00
2.197880700000000161e+03 -3.233213931990603918e+00
2.223942100000000210e+03 -3.226260807786706764e+00
2.226219999999999800e+03 -3.226848621693890529e+00
2.269475699999999961e+03 -3.229162569210894951e+00
2.281402300000000196e+03 -3.225001430152241610e+00
2.284703599999999824e+03 -3.225856510260817878e+00
2.312917399999999816e+03 -3.225506995080475114e+00
2.357034299999999803e+03 -3.228383138257785667e+00
2.358051399999999830e+03 -3.228646943909133427e+00
2.368019800000000032e+03 -3.226699854087533126e+00
2.394252500000000055e+03 -3.226070222567130052e+00
2.395890800000000127e+03 -3.226493450421608067e+00
2.415358999999999924e+03 -3.226393200606328726e+00
2.449635900000000220e+03 -3.221472403869309442e+00
2.450277399999999943e+03 -3.221637837307684382e+00
