1.239690200000000004e+02 -3.370172162191364507e+00
1.344808199999999943e+02 -3.370058814860553031e+00
1.716283099999999990e+02 -3.369065396552594294e+00
1.733439300000000003e+02 -3.369373054444678051e+00
1.815208599999999990e+02 -3.368571983157712779e+00
2.199563400000000115e+02 -3.367354442481742094e+00
2.226624400000000037e+02 -3.368177420317195914e+00
2.309949200000000076e+02 -3.367174550810827949e+00
2.700511999999999944e+02 -3.365875132105274226e+00
2.705428600000000188e+02 -3.365881128737297168e+00
2.781490299999999820e+02 -3.364801881789700744e+00
3.185296900000000164e+02 -3.363401222711148719e+00
3.185876299999999901e+02 -3.363308934918690429e+00
3.270389299999999935e+02 -3.362309151972416199e+00
3.684101499999999874e+02 -3.360613025458579539e+00
3.692983100000000150e+02 -3.360949542739100071e+00
3.785938400000000001e+02 -3.360256855974591339e+00
4.181002100000000041e+02 -3.357600661989282642e+00
4.184963300000000004e+02 -3.357806974894821384e+00
4.287746000000000208e+02 -3.357072447349412236e+00
4.655030100000000175e+02 -3.353584519171358913e+00
4.677603100000000040e+02 -3.354258703070147174e+00
4.731381700000000023e+02 -3.352206385686003820e+00
5.151114499999999907e+02 -3.349913206742057614e+00
5.203515200000000505e+02 -3.351361905392020279e+00
5.296495099999999638e+02 -3.350183186562877502e+00
5.600000499999999874e+02 -3.344961473384680417e+00
5.625022400000000289e+02 -3.345669605344683717e+00
5.785378100000000359e+02 -3.346425082804354911e+00
6.131969900000000280e+02 -3.342092478008281020e+00
6.148794599999999946e+02 -3.342445758922840682e+00
6.229702999999999520e+02 -3.341293813704538707e+00
6.617561799999999721e+02 -3.337642840493018515e+00
6.662424700000000257e+02 -3.338723051000479725e+00
6.705989100000000462e+02 -3.336489568537365891e+00
7.123523500000000013e+02 -3.334022621913486972e+00
7.153116800000000239e+02 -3.334710932443440967e+00
7.211282599999999547e+02 -3.332835843212980098e+00
7.607489600000000110e+02 -3.330133844522483955e+00
7.651591399999999794e+02 -3.331190511788809872e+00
7.706101400000000012e+02 -3.329317798663165906e+00
8.115464600000000246e+02 -3.326558091830727815e+00
8.174894799999999577e+02 -3.325249477767188377e+00
8.177535199999999804e+02 -3.328072673248348767e+00
8.606624600000000100e+02 -3.322425869135273047e+00
8.617553000000000338e+02 -3.322641526609054097e+00
8.722786200000000463e+02 -3.321899211569665944e+00
9.150599499999999580e+02 -3.319613779628010519e+00
9.182324200000000474e+02 -3.317684893106430888e+00
9.182355000000000018e+02 -3.320531608338184171e+00
9.559107599999999820e+02 -3.314185213247060613e+00
9.625585200000000441e+02 -3.315842830840847633e+00
9.645135900000000220e+02 -3.313506101888951783e+00
9.980495700000000170e+02 -3.309642388674991942e+00
1.005236999999999966e+03 -3.311514526796610181e+00
1.019864500000000021e+03 -3.312211760533063210e+00
1.063133199999999988e+03 -3.309899361908823501e+00
1.067009999999999991e+03 -3.310981380208745772e+00
1.070325199999999995e+03 -3.308825042549267348e+00
1.103582100000000082e+03 -3.305511357459067323e+00
1.108332900000000109e+03 -3.306775408054021259e+00
1.120227900000000091e+03 -3.306837323051405431e+00
1.156131499999999960e+03 -3.303286175244291023e+00
1.157940100000000029e+03 -3.300808537934041276e+00
1.158412000000000035e+03 -3.303904123953349981e+00
1.195293599999999969e+03 -3.298152775847035922e+00
1.205720600000000104e+03 -3.300832435806080323e+00
1.223445699999999988e+03 -3.302347761850713770e+00
1.254972999999999956e+03 -3.298195784609482484e+00
1.260121200000000044e+03 -3.299565318828199700e+00
1.265361499999999978e+03 -3.297621088946697476e+00
1.300024799999999914e+03 -3.294001385198098930e+00
1.308739100000000008e+03 -3.293265603572056666e+00
1.314925500000000056e+03 -3.297880482071350094e+00
1.350116500000000087e+03 -3.288816240597680629e+00
1.354407300000000077e+03 -3.292981827967732755e+00
1.355168799999999919e+03 -3.293154418539742778e+00
1.398080999999999904e+03 -3.289220903771893578e+00
1.399874299999999948e+03 -3.289681352629526767e+00
1.404515300000000025e+03 -3.287478029340344943e+00
1.454949499999999944e+03 -3.289621098071327854e+00
1.455813300000000027e+03 -3.289815453772670484e+00
1.470086299999999937e+03 -3.289951776986646870e+00
1.497115600000000086e+03 -3.284318892521417066e+00
1.504962700000000041e+03 -3.286352917952374053e+00
1.515459299999999985e+03 -3.285624507392097993e+00
1.539477200000000039e+03 -3.281835902557742379e+00
1.554918400000000020e+03 -3.285825877416568730e+00
1.566539999999999964e+03 -3.285636927847953803e+00
1.589169599999999946e+03 -3.278582896314875761e+00
1.598207900000000109e+03 -3.280877292806762213e+00
1.609738200000000006e+03 -3.280477329419916543e+00
1.638002799999999979e+03 -3.277669188451317606e+00
1.642891599999999926e+03 -3.278874267938431064e+00
1.664992899999999963e+03 -3.281200401636023223e+00
1.693234799999999950e+03 -3.276294849419978394e+00
1.702219200000000001e+03 -3.278600041996117653e+00
1.714972400000000107e+03 -3.278523702760679726e+00
1.742873499999999922e+03 -3.274829711115967434e+00
1.749637699999999995e+03 -3.276545214199670486e+00
1.759762600000000020e+03 -3.276293579690705116e+00
1.790371799999999894e+03 -3.272871485119514201e+00
1.797552300000000059e+03 -3.274701428685747207e+00
1.814357799999999997e+03 -3.275511382940321514e+00
1.834281999999999925e+03 -3.269498130762064303e+00
1.842760399999999890e+03 -3.271755099278293777e+00
1.855013200000000097e+03 -3.271307589230768809e+00
1.887510199999999941e+03 -3.268965427587142258e+00
1.893547900000000027e+03 -3.270486348197950033e+00
1.921572300000000041e+03 -3.274044464095469120e+00
1.946346900000000005e+03 -3.269147288318793976e+00
1.947081100000000106e+03 -3.269345591498794334e+00
1.967541899999999941e+03 -3.270630383310097589e+00
1.991860699999999952e+03 -3.265513959544611211e+00
1.994606500000000096e+03 -3.266199632942862419e+00
1.997998299999999972e+03 -3.264165021376762787e+00
2.030328899999999976e+03 -3.264052486025978084e+00
2.043646700000000010e+03 -3.267421415089638792e+00
2.075261100000000170e+03 -3.271619809603761198e+00
2.089174799999999777e+03 -3.265450443846266815e+00
2.092913900000000012e+03 -3.266367513252501631e+00
2.121414699999999812e+03 -3.269478769715921995e+00
2.142824799999999868e+03 -3.263077415347996890e+00
2.146881100000000060e+03 -3.264120045176957419e+00
2.152717299999999796e+03 -3.261536818255697412e+00
2.177651899999999841e+03 -3.258722273728781094e+00
2.191460900000000038e+03 -3.262370080708848263e+00
2.207093499999999949e+03 -3.262053236664986144e+00
2.232677400000000034e+03 -3.257867927091780302e+00
2.239431399999999940e+03 -3.259706683767017221e+00
2.255243599999999788e+03 -3.261224128640924036e+00
2.280232599999999820e+03 -3.257918101087796448e+00
2.297463400000000092e+03 -3.262390873796571444e+00
2.318330100000000130e+03 -3.263957272968797341e+00
2.346537600000000111e+03 -3.259392359522146787e+00
2.354810199999999895e+03 -3.258268524396854104e+00
2.364188200000000052e+03 -3.263917176087987038e+00
2.368983999999999924e+03 -3.253673930707789097e+00
2.388908600000000206e+03 -3.258685715786467263e+00
2.419534700000000157e+03 -3.262496567445785089e+00
2.444124800000000050e+03 -3.255726384344921787e+00
2.453921499999999924e+03 -3.258246304985905617e+00
