1.032999700000000018e+02 -3.458815774602295612e+00
1.284976800000000026e+02 -3.458720124477620672e+00
1.509150300000000016e+02 -3.458126029747022212e+00
1.756928100000000086e+02 -3.457709728984479369e+00
1.994717400000000112e+02 -3.457304491179730821e+00
2.241547899999999913e+02 -3.456664637117680794e+00
2.503409599999999955e+02 -3.456702093295261680e+00
2.733902400000000057e+02 -3.455642370546381681e+00
3.011676400000000058e+02 -3.455731024454629985e+00
3.254511400000000094e+02 -3.454990423033241331e+00
3.478681199999999762e+02 -3.453417197437575581e+00
3.723084099999999808e+02 -3.452375433850989328e+00
3.988859499999999798e+02 -3.451756281498228329e+00
4.195683999999999969e+02 -3.449648445486929838e+00
4.470704200000000128e+02 -3.448972441868775274e+00
4.737939299999999889e+02 -3.448541290271242676e+00
5.034403199999999856e+02 -3.448280680946385957e+00
5.191896100000000160e+02 -3.444604679348898024e+00
5.491344400000000405e+02 -3.444186742754533626e+00
5.683075199999999541e+02 -3.441167027365203523e+00
5.973894999999999982e+02 -3.439937486260804533e+00
6.200907099999999446e+02 -3.438236793310320838e+00
6.499704400000000533e+02 -3.437503482392493481e+00
6.692607100000000173e+02 -3.434318205023352721e+00
6.964794299999999794e+02 -3.432654501082575305e+00
7.225289099999999962e+02 -3.431362400755924913e+00
7.484203599999999597e+02 -3.429606945001493212e+00
7.670159999999999627e+02 -3.426095541978494641e+00
7.950914500000000089e+02 -3.423966672129906463e+00
8.221335000000000264e+02 -3.423357081758100939e+00
8.507969000000000506e+02 -3.421168627171588206e+00
8.735165899999999510e+02 -3.418946251257869218e+00
8.985515699999999697e+02 -3.416463172937435733e+00
9.168814300000000230e+02 -3.412623494036683525e+00
9.546559200000000374e+02 -3.411746879700270352e+00
9.706770599999999831e+02 -3.409392937729255557e+00
9.972227599999999939e+02 -3.406504003115415014e+00
1.017301299999999969e+03 -3.404863085257738842e+00
1.047925300000000107e+03 -3.402051828790156662e+00
1.071753899999999931e+03 -3.401965812699209391e+00
1.097338899999999967e+03 -3.399434919392875010e+00
1.115633900000000040e+03 -3.396442680757584487e+00
1.145122000000000071e+03 -3.395065890800761377e+00
1.170134999999999991e+03 -3.393693657792618001e+00
1.202525200000000041e+03 -3.392738449625927188e+00
1.218774400000000014e+03 -3.389599073277107966e+00
1.248394199999999955e+03 -3.388384968698833433e+00
1.266684500000000071e+03 -3.384826330814800333e+00
1.303877799999999979e+03 -3.384936603461821569e+00
1.319015000000000100e+03 -3.383393734248365092e+00
1.344440900000000056e+03 -3.380224926382172868e+00
1.357340500000000020e+03 -3.378232485753901226e+00
1.391769700000000057e+03 -3.378473186573580200e+00
1.411165799999999990e+03 -3.375243825256293295e+00
1.440413999999999987e+03 -3.372981181649099547e+00
1.467202800000000025e+03 -3.374711118057215131e+00
1.490348199999999906e+03 -3.369491937301219320e+00
1.519440800000000081e+03 -3.371626122748882182e+00
1.541441100000000006e+03 -3.370539620391191704e+00
1.564707000000000107e+03 -3.369056303272831343e+00
1.601990099999999984e+03 -3.369311915982238226e+00
1.627936099999999897e+03 -3.367307332283265175e+00
1.629289299999999912e+03 -3.360440338708878372e+00
1.676674099999999953e+03 -3.366148425089075857e+00
1.703304300000000012e+03 -3.361870486638972810e+00
1.720615199999999959e+03 -3.362604807419366626e+00
1.748673500000000104e+03 -3.359511296341882058e+00
1.755557199999999966e+03 -3.355619945760491163e+00
1.793263999999999896e+03 -3.358754786007488224e+00
1.814283599999999979e+03 -3.357628929849171939e+00
1.837534799999999905e+03 -3.354394611185482766e+00
1.872979399999999941e+03 -3.356978670030998479e+00
1.887391200000000026e+03 -3.351675809657316041e+00
1.911209800000000087e+03 -3.352698087667095095e+00
1.946980600000000095e+03 -3.351093882586633654e+00
1.963096900000000005e+03 -3.349934651282636455e+00
1.994347199999999930e+03 -3.349412112265977015e+00
2.012573699999999917e+03 -3.348129622782032744e+00
2.046419000000000096e+03 -3.346078065054201911e+00
2.048083200000000033e+03 -3.343097750430623183e+00
2.106808500000000095e+03 -3.346524931726887253e+00
2.126711499999999887e+03 -3.348230349140277617e+00
2.157604600000000119e+03 -3.346372183685723201e+00
2.160485499999999774e+03 -3.340928525032900609e+00
2.180024399999999787e+03 -3.341018799674719375e+00
2.209984699999999975e+03 -3.339004516362585662e+00
2.245667699999999968e+03 -3.337157737394504498e+00
2.264797300000000178e+03 -3.343202346387538881e+00
2.297814300000000003e+03 -3.339740696920325824e+00
2.322816499999999905e+03 -3.339289852642127077e+00
2.339313599999999951e+03 -3.338006900036595948e+00
2.365011399999999867e+03 -3.335457946119167794e+00
2.399304799999999886e+03 -3.338999943354703959e+00
2.408763100000000122e+03 -3.336635159201653433e+00
2.435035899999999856e+03 -3.337007091154351457e+00
