1.000656599999999941e+02 -4.564115555995019058e+00
1.001466199999999986e+02 -4.564025402925409480e+00
1.272333500000000015e+02 -4.563640522189147397e+00
1.484469799999999964e+02 -4.563357366848244112e+00
1.497798600000000135e+02 -4.563312618622744843e+00
1.754305699999999888e+02 -4.562920735863376542e+00
1.996964299999999923e+02 -4.562552838551363621e+00
1.999969100000000140e+02 -4.562839352320112951e+00
2.250092500000000086e+02 -4.562348029494854629e+00
2.472787600000000054e+02 -4.561670070971668878e+00
2.474159099999999967e+02 -4.561033788731716498e+00
2.725245600000000081e+02 -4.560568279896203947e+00
2.988932500000000232e+02 -4.560521331467489503e+00
3.002755099999999970e+02 -4.560398620276082227e+00
3.220908999999999764e+02 -4.558445212620581444e+00
3.505999499999999784e+02 -4.557871852432990423e+00
3.526019699999999943e+02 -4.558607102228355856e+00
3.740021800000000098e+02 -4.554864141637914976e+00
3.980242499999999950e+02 -4.553258173960422539e+00
3.980351600000000190e+02 -4.553205580205424319e+00
4.232094799999999850e+02 -4.546519515296821190e+00
4.486915000000000191e+02 -4.545103969893180995e+00
4.535536500000000046e+02 -4.546852281949694152e+00
4.723262700000000223e+02 -4.535466623638526151e+00
4.959709700000000225e+02 -4.533565306729596678e+00
4.999596399999999790e+02 -4.533774505370852026e+00
5.223535200000000032e+02 -4.523526164875525168e+00
5.504919099999999617e+02 -4.521518593748129256e+00
5.522761500000000296e+02 -4.524805572794788233e+00
5.705671800000000076e+02 -4.512635481049382058e+00
6.008787099999999555e+02 -4.511706756488060854e+00
6.069601499999999987e+02 -4.513234099760706997e+00
6.249462200000000394e+02 -4.505235322440068302e+00
6.516767800000000079e+02 -4.501942315410743412e+00
6.519510999999999967e+02 -4.502684258441966847e+00
6.702324800000000096e+02 -4.496309249834109067e+00
6.994862600000000157e+02 -4.495248740809530297e+00
7.024797800000000052e+02 -4.495283921887666345e+00
7.224111000000000331e+02 -4.489448675646960041e+00
7.503493300000000090e+02 -4.486423197969611643e+00
7.554265500000000202e+02 -4.488899153460860880e+00
7.679856800000000021e+02 -4.482447536407330624e+00
8.002674500000000535e+02 -4.482471522654567053e+00
8.016146300000000338e+02 -4.481367831328900486e+00
8.242925300000000561e+02 -4.478699428990105424e+00
8.420177899999999909e+02 -4.475017157480764673e+00
8.502876499999999851e+02 -4.475326361212224491e+00
8.703169400000000451e+02 -4.473302112836655020e+00
8.962170899999999847e+02 -4.470546819903782776e+00
9.044584899999999834e+02 -4.472203490095127520e+00
9.118463400000000547e+02 -4.466310628238741920e+00
9.374431499999999460e+02 -4.466748389518033768e+00
9.574170900000000302e+02 -4.468989396486425569e+00
9.661372099999999818e+02 -4.464821321359543127e+00
1.000173499999999990e+03 -4.464161037392487152e+00
1.006407699999999977e+03 -4.464686349675081267e+00
1.025365500000000111e+03 -4.463788977270159997e+00
1.043794799999999896e+03 -4.460897354459502751e+00
1.048910900000000083e+03 -4.461038816120344919e+00
1.060384099999999989e+03 -4.457996674189906194e+00
1.099053900000000112e+03 -4.459443821439823097e+00
1.101558399999999892e+03 -4.459310753308273867e+00
1.121088999999999942e+03 -4.456956535399919872e+00
1.142934899999999971e+03 -4.455232366703228308e+00
1.145530799999999999e+03 -4.459465640501213635e+00
1.169927699999999959e+03 -4.456365132766510584e+00
1.203609099999999899e+03 -4.454498661390708492e+00
1.204961000000000013e+03 -4.454251828382003175e+00
1.219760600000000068e+03 -4.455405572527706859e+00
1.238392599999999902e+03 -4.451757680829411257e+00
1.258140000000000100e+03 -4.455736733729573906e+00
1.261046000000000049e+03 -4.452195554156469726e+00
1.295038600000000088e+03 -4.452695815470871565e+00
1.311815100000000029e+03 -4.454901285064124750e+00
1.316773699999999963e+03 -4.452954909953282581e+00
1.349480099999999993e+03 -4.452898716288635761e+00
1.350843299999999999e+03 -4.450452636836603304e+00
1.361784900000000107e+03 -4.451410965172978962e+00
1.394122800000000097e+03 -4.452073520762695580e+00
1.398278099999999995e+03 -4.450979826700547370e+00
1.410770899999999983e+03 -4.450426592247383795e+00
1.446465599999999995e+03 -4.449561059008441788e+00
1.456892100000000028e+03 -4.449556638964605071e+00
1.459649100000000089e+03 -4.453805964960679376e+00
1.498639100000000099e+03 -4.451465342758488042e+00
1.501966699999999946e+03 -4.449638131771730620e+00
1.511191100000000006e+03 -4.450591619889310735e+00
1.541208399999999983e+03 -4.450434785421840900e+00
1.543858799999999974e+03 -4.450706522664372500e+00
1.565618300000000090e+03 -4.451908776243636012e+00
1.594258000000000038e+03 -4.447488212646943495e+00
1.597170399999999972e+03 -4.449788602113773806e+00
1.602428100000000086e+03 -4.452284754867045002e+00
1.648641000000000076e+03 -4.451085973766700121e+00
1.651101300000000037e+03 -4.451972773579902842e+00
1.664766200000000026e+03 -4.453104648826226253e+00
1.701715200000000095e+03 -4.452759845661962146e+00
1.711534400000000005e+03 -4.453590691895666254e+00
1.714371699999999919e+03 -4.454706187176806331e+00
1.737438000000000102e+03 -4.454243984729877148e+00
1.759857099999999946e+03 -4.452239646296765052e+00
1.764246100000000069e+03 -4.453652786004762554e+00
1.808862000000000080e+03 -4.455724437842391694e+00
1.808956699999999955e+03 -4.453387022669835993e+00
1.832332499999999982e+03 -4.453579379254628101e+00
1.833215400000000045e+03 -4.458257707898934719e+00
1.861418200000000070e+03 -4.456804494124771310e+00
1.868528000000000020e+03 -4.458747037597837526e+00
1.897795800000000099e+03 -4.455524775452670561e+00
1.900655099999999948e+03 -4.453669263687785929e+00
1.902708499999999958e+03 -4.456860397498033421e+00
1.955287100000000009e+03 -4.456410014217254911e+00
1.961299400000000105e+03 -4.458495099136805528e+00
1.965636700000000019e+03 -4.460842970251320594e+00
1.983163000000000011e+03 -4.455661522932915730e+00
1.997910900000000083e+03 -4.457254781713308134e+00
1.999910699999999906e+03 -4.458334562418412084e+00
2.061519999999999982e+03 -4.460663329787228903e+00
2.062184699999999793e+03 -4.459873332025289905e+00
2.065211299999999937e+03 -4.462110531255877532e+00
2.100871599999999944e+03 -4.460949467439697891e+00
2.102752300000000105e+03 -4.460726323272001359e+00
2.108459199999999782e+03 -4.463059852913968228e+00
2.142614199999999983e+03 -4.464357339058418361e+00
2.155425999999999931e+03 -4.464469617438925120e+00
2.161207499999999982e+03 -4.463789764235409407e+00
2.196476500000000215e+03 -4.465278355745336825e+00
2.212167500000000018e+03 -4.466633692512684384e+00
2.212963499999999840e+03 -4.466222030843049140e+00
2.225709299999999985e+03 -4.464760204369362384e+00
2.255181099999999788e+03 -4.467005549001283882e+00
2.265172399999999925e+03 -4.468617249222502252e+00
2.293960500000000138e+03 -4.467566313973792447e+00
2.296382700000000114e+03 -4.467099482375084030e+00
2.299895399999999881e+03 -4.465743846199790035e+00
2.359571899999999914e+03 -4.469745854898302007e+00
2.363857899999999972e+03 -4.471985104690519464e+00
2.365296400000000176e+03 -4.470754044403145500e+00
2.393689699999999903e+03 -4.469406205274536248e+00
2.398916900000000169e+03 -4.470679736756987488e+00
2.404773299999999836e+03 -4.472693936293679506e+00
2.469376099999999951e+03 -4.473188146209762017e+00
