9.976094500000000664e+01 -4.453151578577031700e+00
1.268723300000000052e+02 -4.452960177287227594e+00
1.497054899999999975e+02 -4.452846364204826379e+00
1.748322100000000034e+02 -4.452561946526898851e+00
2.010381600000000049e+02 -4.452753406926428070e+00
2.253217400000000055e+02 -4.452678712610405931e+00
2.515464000000000055e+02 -4.452506650462924043e+00
2.725951900000000023e+02 -4.451770031931648219e+00
3.027187599999999748e+02 -4.452128559648264705e+00
3.240324699999999893e+02 -4.451864661877066531e+00
3.547216900000000237e+02 -4.452091230865248939e+00
3.722187099999999873e+02 -4.450869494767808021e+00
4.002985199999999963e+02 -4.449971652330627414e+00
4.219099100000000249e+02 -4.449833357214139085e+00
4.489015499999999861e+02 -4.448383847005154657e+00
4.720791500000000269e+02 -4.449055852385465748e+00
5.021024100000000203e+02 -4.448040035594679864e+00
5.219450500000000375e+02 -4.447963972499669794e+00
5.487278700000000526e+02 -4.446463734829277037e+00
5.688615600000000541e+02 -4.445741969520645931e+00
6.027718800000000101e+02 -4.445530851939875738e+00
6.201573100000000522e+02 -4.444088684051952676e+00
6.597111200000000508e+02 -4.445019962881291420e+00
6.694429199999999582e+02 -4.441607880666686547e+00
7.034850099999999884e+02 -4.441626075557398856e+00
7.145815700000000561e+02 -4.437568999046260565e+00
7.527166999999999462e+02 -4.438399040899948744e+00
7.649106299999999692e+02 -4.435461805373820177e+00
7.984427600000000211e+02 -4.434757538543536270e+00
8.196844599999999446e+02 -4.433563107391590208e+00
8.531851299999999583e+02 -4.431146555275834231e+00
8.691457299999999577e+02 -4.429726942155365776e+00
9.023997799999999643e+02 -4.428365145970378336e+00
9.171937900000000354e+02 -4.424682161049226181e+00
9.521486099999999624e+02 -4.422583373640009974e+00
9.639346000000000458e+02 -4.419396671803037968e+00
9.939907500000000482e+02 -4.416213395997884206e+00
1.010205600000000004e+03 -4.413963063365623718e+00
1.054722600000000057e+03 -4.413986961547207599e+00
1.063059299999999894e+03 -4.410066396102936714e+00
1.105625399999999900e+03 -4.410044985042169685e+00
1.111925099999999929e+03 -4.405022351486071130e+00
1.147263400000000047e+03 -4.396843686433019371e+00
1.153609300000000076e+03 -4.404210464438909511e+00
1.197504500000000007e+03 -4.400326769836254037e+00
1.214338600000000042e+03 -4.394542855802156645e+00
1.252207400000000007e+03 -4.392199883622263989e+00
1.267432000000000016e+03 -4.392137221505601374e+00
1.306773999999999887e+03 -4.391928052209199684e+00
1.310482799999999997e+03 -4.384134713660644778e+00
1.334609799999999950e+03 -4.383673621306837909e+00
1.361147400000000061e+03 -4.380615128810372738e+00
1.393354199999999992e+03 -4.377800529667783103e+00
1.428225500000000011e+03 -4.377516147012016745e+00
1.459431499999999915e+03 -4.376657506672689379e+00
1.465032500000000027e+03 -4.370568584763601550e+00
1.505190200000000004e+03 -4.368276019853695402e+00
1.513739299999999957e+03 -4.365767834015705340e+00
1.561377199999999903e+03 -4.365068117508461576e+00
1.561560600000000022e+03 -4.361193435616458558e+00
1.600146300000000110e+03 -4.360529232141946210e+00
1.614190800000000081e+03 -4.358384470530051402e+00
1.649823799999999892e+03 -4.351973218650175390e+00
1.663322200000000066e+03 -4.360235518680926958e+00
1.703064900000000080e+03 -4.352743412767587472e+00
1.718369699999999966e+03 -4.350115436725970675e+00
1.759977900000000091e+03 -4.348239326550011441e+00
1.760644099999999980e+03 -4.347958010889125369e+00
1.791980099999999993e+03 -4.344279375451218783e+00
1.823272500000000036e+03 -4.346148699157940776e+00
1.850756100000000060e+03 -4.341091025400335646e+00
1.862838700000000017e+03 -4.339009804293405104e+00
1.894128099999999904e+03 -4.333162750974899780e+00
1.919038399999999911e+03 -4.335717458710958816e+00
1.965838500000000067e+03 -4.334696482943677154e+00
1.970942999999999984e+03 -4.336382218315809389e+00
1.996798700000000053e+03 -4.329407058435143618e+00
2.010495899999999892e+03 -4.328008356538886048e+00
2.047029299999999921e+03 -4.328347482335572316e+00
2.050818999999999960e+03 -4.325157899488729640e+00
2.085389700000000175e+03 -4.321232555188578850e+00
2.112166999999999916e+03 -4.323040477298791373e+00
2.151752199999999903e+03 -4.320098535835017906e+00
2.151890100000000075e+03 -4.321116833807001179e+00
2.199112500000000182e+03 -4.321116948359390086e+00
2.205722999999999956e+03 -4.316684687216003624e+00
2.246950699999999870e+03 -4.316347295498609959e+00
2.254745899999999892e+03 -4.310538369856609542e+00
2.290146099999999933e+03 -4.316179543945541930e+00
2.297054000000000087e+03 -4.309388892859606912e+00
2.352582800000000134e+03 -4.308792839630684490e+00
2.357121299999999792e+03 -4.309740608117998306e+00
2.396053699999999935e+03 -4.310264649412891558e+00
2.412788500000000113e+03 -4.303723739295856276e+00
2.438608700000000226e+03 -4.307034639084412753e+00
