9.990288300000000277e+01 -3.455984934293237387e+00
1.000911300000000068e+02 -3.456078735245726730e+00
1.268327199999999948e+02 -3.455914928154258714e+00
1.488118499999999926e+02 -3.455993673467445237e+00
1.501482499999999902e+02 -3.455751433033775299e+00
1.765319900000000075e+02 -3.455892784041274535e+00
2.003717699999999979e+02 -3.455903847089536907e+00
2.014601600000000019e+02 -3.455690713197148600e+00
2.246382600000000025e+02 -3.455163173504011809e+00
2.498504599999999982e+02 -3.454691511547351102e+00
2.507388300000000072e+02 -3.455230199949945735e+00
2.719613699999999881e+02 -3.453962272914572917e+00
2.996304000000000087e+02 -3.454086568663270018e+00
3.021670500000000175e+02 -3.454487101993610310e+00
3.224823200000000156e+02 -3.453189644901436761e+00
3.477542799999999943e+02 -3.452293578644507477e+00
3.504951699999999732e+02 -3.452793930196266015e+00
3.715479500000000144e+02 -3.451970667604776999e+00
3.983839300000000208e+02 -3.451292589298910141e+00
4.001588800000000106e+02 -3.451603881533799267e+00
4.169802799999999934e+02 -3.448825843669948377e+00
4.469212800000000243e+02 -3.447282909209750557e+00
4.489403899999999794e+02 -3.449487160867738655e+00
4.683722099999999955e+02 -3.444987723887707354e+00
4.982648599999999988e+02 -3.443054516735279069e+00
5.008050700000000006e+02 -3.445043289753303650e+00
5.214273100000000341e+02 -3.441095035825961546e+00
5.508219199999999773e+02 -3.440390494510259245e+00
5.538822400000000243e+02 -3.438476325544695289e+00
5.703653500000000349e+02 -3.432412329011767405e+00
5.986874900000000252e+02 -3.426914961915004110e+00
6.024328799999999546e+02 -3.431431001193268937e+00
6.206185000000000400e+02 -3.422398069611251703e+00
6.509094800000000305e+02 -3.418566006819556691e+00
6.548284999999999627e+02 -3.421643318010374468e+00
6.710338900000000422e+02 -3.413545129643401399e+00
6.969477699999999913e+02 -3.409806158425801925e+00
7.053223799999999528e+02 -3.412156944458458074e+00
7.153361200000000508e+02 -3.404623061783389470e+00
7.497944599999999582e+02 -3.405411698885632887e+00
7.541912600000000566e+02 -3.405366240353215446e+00
7.626314899999999852e+02 -3.399501749469016509e+00
7.979879899999999679e+02 -3.399102061817001807e+00
8.022750600000000532e+02 -3.399770755740277650e+00
8.220551900000000387e+02 -3.395584547220753979e+00
8.479509600000000091e+02 -3.395200857570110475e+00
8.528968099999999595e+02 -3.393583620688254143e+00
8.620573600000000170e+02 -3.389343470211130249e+00
9.019743700000000217e+02 -3.389429451531665638e+00
9.046560500000000502e+02 -3.390603331861521852e+00
9.181659100000000535e+02 -3.385578191518013647e+00
9.433030599999999595e+02 -3.384240954224718934e+00
9.456339600000000019e+02 -3.383907094152783124e+00
9.613463299999999663e+02 -3.378955926180592151e+00
9.995054999999999836e+02 -3.379497454580961069e+00
1.007915899999999965e+03 -3.380370977673767374e+00
1.019742600000000039e+03 -3.375683350965926088e+00
1.049828700000000026e+03 -3.374309517404609604e+00
1.051297000000000025e+03 -3.372622951159109039e+00
1.067157999999999902e+03 -3.370609759209419742e+00
1.100096999999999980e+03 -3.369037878020568311e+00
1.101388200000000097e+03 -3.370487392340462129e+00
1.116452500000000100e+03 -3.366992896647052369e+00
1.150060300000000097e+03 -3.366499266718058436e+00
1.158074299999999994e+03 -3.367602085366484310e+00
1.174481199999999944e+03 -3.363353823628075556e+00
1.208817199999999957e+03 -3.363729650827814055e+00
1.209753799999999956e+03 -3.363227276198438975e+00
1.219321899999999914e+03 -3.359077881398687460e+00
1.251210700000000088e+03 -3.358212774533014144e+00
1.258163500000000113e+03 -3.360033313730663274e+00
1.263363700000000108e+03 -3.353037042053242267e+00
1.291328999999999951e+03 -3.353725004602237991e+00
1.302492899999999963e+03 -3.349700398901968690e+00
1.312309799999999996e+03 -3.351254902524413826e+00
1.348424600000000055e+03 -3.348466373662076556e+00
1.354494099999999889e+03 -3.346755030776924489e+00
1.356520299999999907e+03 -3.350430685868240221e+00
1.391131300000000010e+03 -3.348103028391824498e+00
1.401783699999999953e+03 -3.348778369688896639e+00
1.410710100000000011e+03 -3.343232520888657078e+00
1.437673999999999978e+03 -3.344710248048979206e+00
1.446978399999999965e+03 -3.343361804284823879e+00
1.481502600000000029e+03 -3.344954512083889497e+00
1.485530199999999923e+03 -3.339478476716721822e+00
1.488328800000000001e+03 -3.341086155349843878e+00
1.508186500000000024e+03 -3.337640232257113038e+00
1.541390599999999949e+03 -3.337515675658889069e+00
1.546761700000000019e+03 -3.337225655052234785e+00
1.566009000000000015e+03 -3.336103358233836857e+00
1.583360300000000052e+03 -3.332037315158305368e+00
1.607655099999999948e+03 -3.336356881093712978e+00
1.623932999999999993e+03 -3.336625697724453943e+00
1.639868999999999915e+03 -3.331019641562159350e+00
1.655163600000000088e+03 -3.334426327620115593e+00
1.671151900000000069e+03 -3.332250848837174928e+00
1.688255000000000109e+03 -3.328185367356745417e+00
1.701421900000000051e+03 -3.329888326678004606e+00
1.721727499999999964e+03 -3.329313384963933586e+00
1.736028099999999995e+03 -3.326794722423672912e+00
1.747282099999999900e+03 -3.328733619015076695e+00
1.768465699999999970e+03 -3.326584263520981466e+00
1.784377400000000080e+03 -3.320006069432367646e+00
1.802958200000000033e+03 -3.322866822239338713e+00
1.812124499999999898e+03 -3.327307071339418165e+00
1.838951000000000022e+03 -3.321695237563002223e+00
1.849460199999999986e+03 -3.324246900962576134e+00
1.870119599999999991e+03 -3.322552808896603871e+00
1.874951800000000048e+03 -3.319933618460959135e+00
1.909420900000000074e+03 -3.325790424984217175e+00
1.916027800000000070e+03 -3.319951320284972862e+00
1.947191700000000083e+03 -3.320681633424177992e+00
1.947766200000000026e+03 -3.318077965039437416e+00
1.962681499999999915e+03 -3.320271186394953666e+00
1.988445699999999988e+03 -3.315373379473654403e+00
1.993705899999999929e+03 -3.316714163871701704e+00
2.009531099999999924e+03 -3.316447263418531577e+00
2.037291099999999915e+03 -3.313852251565605478e+00
2.052645100000000184e+03 -3.317213943614563121e+00
2.061755599999999959e+03 -3.312248662072700522e+00
2.106945799999999963e+03 -3.315261169437321520e+00
2.122905799999999999e+03 -3.313848270734727208e+00
2.124786599999999908e+03 -3.314960080161744038e+00
2.131695700000000215e+03 -3.308879285401877812e+00
2.156140600000000177e+03 -3.311265489492743797e+00
2.160527999999999793e+03 -3.313240651962129135e+00
2.192283100000000104e+03 -3.304675196331661180e+00
2.193327200000000175e+03 -3.310291290386111918e+00
2.204143500000000131e+03 -3.313531952414404902e+00
2.220348199999999906e+03 -3.306232639200142209e+00
2.249476400000000012e+03 -3.311607912752006833e+00
2.250529399999999896e+03 -3.306380388643213486e+00
2.288381600000000162e+03 -3.306752746445411173e+00
2.295436900000000151e+03 -3.308051951652031253e+00
2.305306300000000192e+03 -3.304842447679611883e+00
2.346008499999999913e+03 -3.301897139837969064e+00
2.355783500000000004e+03 -3.304406260285508878e+00
2.357475699999999961e+03 -3.307732339521641585e+00
2.387388199999999870e+03 -3.303159800321586737e+00
2.405191800000000057e+03 -3.304143008210829180e+00
2.417106099999999969e+03 -3.302714543214408938e+00
2.444625300000000152e+03 -3.301946654894609701e+00
