1.001533500000000032e+02 -3.463830572440766975e+00
1.272164499999999947e+02 -3.463643786013594461e+00
1.480140499999999975e+02 -3.463168456204663403e+00
1.755105900000000076e+02 -3.463105375404837538e+00
1.996230300000000000e+02 -3.462816022766676660e+00
2.242055499999999881e+02 -3.462362473612278890e+00
2.493136900000000082e+02 -3.461986238590069487e+00
2.727768699999999740e+02 -3.461354349716767587e+00
2.996472299999999791e+02 -3.461301483363637743e+00
3.244603900000000181e+02 -3.460695468868571378e+00
3.462928200000000061e+02 -3.459119100220938492e+00
3.725763799999999719e+02 -3.458578894246798985e+00
3.998648000000000025e+02 -3.457771698864826604e+00
4.228550999999999931e+02 -3.457130323156798024e+00
4.519673000000000229e+02 -3.456946962120222455e+00
4.702618499999999813e+02 -3.454519842241548400e+00
4.959346199999999953e+02 -3.453148215657507514e+00
5.213387400000000298e+02 -3.451596614597939094e+00
5.492919399999999541e+02 -3.449953289072319684e+00
5.714408100000000559e+02 -3.448786988219219030e+00
5.951453900000000203e+02 -3.446633646902754311e+00
6.172656399999999621e+02 -3.443727400904138314e+00
6.527406300000000101e+02 -3.444347048715994397e+00
6.699983899999999721e+02 -3.440057149354774246e+00
7.043048199999999497e+02 -3.439116152393550063e+00
7.148355299999999488e+02 -3.434101170165159811e+00
7.438602899999999636e+02 -3.433169730913464335e+00
7.682873700000000099e+02 -3.429170501800557602e+00
7.991814699999999903e+02 -3.427417724114843800e+00
8.228568199999999706e+02 -3.425101269575096197e+00
8.495888499999999794e+02 -3.423529637888580446e+00
8.626131800000000567e+02 -3.418793694433089669e+00
8.895227800000000116e+02 -3.418020919480366349e+00
9.184323799999999665e+02 -3.415689008892763390e+00
9.552410499999999729e+02 -3.414897994798404834e+00
9.673835100000000011e+02 -3.409578228746148021e+00
1.011095199999999977e+03 -3.408733852772333872e+00
1.015472800000000007e+03 -3.405079370002259687e+00
1.043789899999999989e+03 -3.403328868090536474e+00
1.068940200000000004e+03 -3.402785942200521774e+00
1.097511400000000094e+03 -3.401137513263011503e+00
1.117157999999999902e+03 -3.397563792518162096e+00
1.155143499999999904e+03 -3.397088766937113480e+00
1.158945500000000038e+03 -3.391241209804142009e+00
1.209031099999999924e+03 -3.391993171317969846e+00
1.221615399999999909e+03 -3.390235573931900781e+00
1.266741999999999962e+03 -3.385732962450866523e+00
1.267841200000000072e+03 -3.392226470095392798e+00
1.310584800000000087e+03 -3.387497944079516543e+00
1.323451399999999921e+03 -3.383890469139353208e+00
1.355136899999999969e+03 -3.380382687122037932e+00
1.371341300000000047e+03 -3.381159064721433793e+00
1.397394000000000005e+03 -3.378085077512790413e+00
1.417597999999999956e+03 -3.377557348702323381e+00
1.447324900000000071e+03 -3.375686980863376263e+00
1.471160000000000082e+03 -3.374631853374918666e+00
1.515295499999999947e+03 -3.373618137813092055e+00
1.525353599999999915e+03 -3.373512067473615872e+00
1.558982099999999946e+03 -3.372139146122288267e+00
1.570203500000000076e+03 -3.369184158013712072e+00
1.597606999999999971e+03 -3.366976731421614133e+00
1.626233899999999949e+03 -3.367996681281789861e+00
1.651789299999999912e+03 -3.362341404664634936e+00
1.666574499999999944e+03 -3.362471529929878855e+00
1.696070899999999938e+03 -3.364606299488422270e+00
1.721664299999999912e+03 -3.361799081921927002e+00
1.756970299999999952e+03 -3.357654963073127163e+00
1.764658899999999903e+03 -3.360252837035003104e+00
1.791414899999999989e+03 -3.355172797959165010e+00
1.825475200000000086e+03 -3.359458218307311839e+00
1.848472800000000007e+03 -3.356116409420102809e+00
1.866186500000000024e+03 -3.356360571362401846e+00
1.911219299999999976e+03 -3.351496086044659428e+00
1.927225799999999936e+03 -3.357263079472443845e+00
1.952734899999999925e+03 -3.351182593000844534e+00
1.977010899999999992e+03 -3.351740174805113437e+00
2.004159300000000030e+03 -3.342623425064098264e+00
2.009814300000000003e+03 -3.349812965570824641e+00
2.050377199999999903e+03 -3.345444000882451085e+00
2.050908300000000054e+03 -3.350179865837670690e+00
2.082792699999999968e+03 -3.341365677254802602e+00
2.123434699999999793e+03 -3.348195972808145182e+00
2.163087799999999788e+03 -3.344115875503632207e+00
2.171690399999999954e+03 -3.347458788952176967e+00
2.185596900000000005e+03 -3.339531353831798555e+00
2.202989599999999882e+03 -3.340108010223834079e+00
2.229963099999999940e+03 -3.334662359211920446e+00
2.249051199999999881e+03 -3.338520634092398964e+00
2.298945000000000164e+03 -3.334856738334820214e+00
2.312328300000000127e+03 -3.339177721559787315e+00
2.355274699999999939e+03 -3.334950280006736101e+00
2.356456499999999778e+03 -3.337241550921493882e+00
2.391415500000000065e+03 -3.332670660734493140e+00
2.411156800000000203e+03 -3.337180703323092246e+00
2.469841399999999794e+03 -3.336479308716987724e+00
