9.912530900000000145e+01 -4.418210488292563909e+00
1.002104800000000040e+02 -4.418308347992957685e+00
1.276732099999999974e+02 -4.417316772920373502e+00
1.487718000000000131e+02 -4.417014563384413783e+00
1.504251199999999926e+02 -4.417260776589362337e+00
1.751245299999999929e+02 -4.415728703714366432e+00
1.985829600000000141e+02 -4.415718729554175326e+00
2.007409900000000107e+02 -4.415518736035454417e+00
2.247924899999999866e+02 -4.413495737885265946e+00
2.493937999999999988e+02 -4.412505930911858165e+00
2.502791799999999967e+02 -4.413500542859362774e+00
2.731772199999999771e+02 -4.410187544885316058e+00
3.000544800000000123e+02 -4.410582472903722184e+00
3.002870399999999904e+02 -4.409139999138050214e+00
3.211120399999999790e+02 -4.405330718783174504e+00
3.487211800000000039e+02 -4.405105672625325930e+00
3.490249000000000024e+02 -4.406190805394875731e+00
3.686756399999999871e+02 -4.400650467155301726e+00
3.987987400000000093e+02 -4.400018745136336840e+00
4.038859400000000051e+02 -4.401886808439710919e+00
4.200513300000000072e+02 -4.397950984344563885e+00
4.469463700000000017e+02 -4.397885060037670435e+00
4.520634000000000015e+02 -4.398251370304400609e+00
4.705026799999999980e+02 -4.394924763915677879e+00
5.012480699999999842e+02 -4.394795509981804571e+00
5.032733799999999746e+02 -4.396189233382420625e+00
5.181027500000000146e+02 -4.392176187608417770e+00
5.445950900000000274e+02 -4.391792794826537616e+00
5.490439199999999573e+02 -4.393212140636787666e+00
5.711850699999999961e+02 -4.390335315615931933e+00
5.937247599999999466e+02 -4.388909170213850963e+00
5.975809600000000046e+02 -4.389300131271508754e+00
6.159791099999999915e+02 -4.387669486707554078e+00
6.544790000000000418e+02 -4.389555662228699973e+00
6.582122299999999768e+02 -4.389539146140166714e+00
6.660311599999999999e+02 -4.386832325051445380e+00
6.927457399999999552e+02 -4.386307576452644241e+00
7.051085199999999986e+02 -4.387891348007450176e+00
7.139229100000000017e+02 -4.383760059591470970e+00
7.525761499999999842e+02 -4.386220277675161761e+00
7.566240400000000363e+02 -4.386173261338662144e+00
7.598035499999999729e+02 -4.382022044583522735e+00
7.989626500000000533e+02 -4.383871840723630342e+00
8.031330199999999877e+02 -4.384560334842282359e+00
8.183362399999999752e+02 -4.382802750088590216e+00
8.444937099999999646e+02 -4.382161150270123429e+00
8.573392199999999548e+02 -4.384515809141416476e+00
8.580318700000000263e+02 -4.379443906133669628e+00
9.031298100000000204e+02 -4.381539981543689954e+00
9.146088799999999992e+02 -4.384209310310544616e+00
9.186049600000000055e+02 -4.381984387539749726e+00
9.421841799999999694e+02 -4.380654174499671427e+00
9.471397600000000239e+02 -4.379952846055406468e+00
9.651371599999999944e+02 -4.380306376963384096e+00
9.980390099999999620e+02 -4.380459168169438477e+00
9.996127900000000182e+02 -4.381337678460646146e+00
1.012665700000000015e+03 -4.377784779925892877e+00
1.042630499999999984e+03 -4.379407015133484293e+00
1.056449399999999969e+03 -4.377425944456782680e+00
1.058530099999999948e+03 -4.380242749742084385e+00
1.100713700000000017e+03 -4.379327523002570111e+00
1.104339099999999917e+03 -4.380743134783080528e+00
1.112302599999999984e+03 -4.378449222214368497e+00
1.149416899999999941e+03 -4.378797976734640329e+00
1.151028199999999970e+03 -4.379189087160979099e+00
1.166061699999999973e+03 -4.378653197342586623e+00
1.199997699999999895e+03 -4.379490241044428522e+00
1.213901499999999942e+03 -4.380081139062165008e+00
1.213938200000000052e+03 -4.377402401625788642e+00
1.244642700000000104e+03 -4.377786289412061826e+00
1.251460100000000011e+03 -4.380400595622621296e+00
1.259764499999999998e+03 -4.377063019289177070e+00
1.286582400000000007e+03 -4.375568746487422445e+00
1.292113200000000006e+03 -4.377611941084833980e+00
1.307092300000000023e+03 -4.377240086704620836e+00
1.340335199999999986e+03 -4.377320655325721788e+00
1.354931599999999889e+03 -4.378654465417042729e+00
1.360806599999999889e+03 -4.377703852011463503e+00
1.383676699999999983e+03 -4.375648438644323512e+00
1.407923299999999927e+03 -4.380458088190421151e+00
1.419546800000000076e+03 -4.379938314930740262e+00
1.444051400000000058e+03 -4.376669028581199328e+00
1.463201499999999896e+03 -4.377802745496158110e+00
1.467959499999999935e+03 -4.379793672700078133e+00
1.493515599999999949e+03 -4.375814589666440213e+00
1.498706400000000031e+03 -4.373889061115797006e+00
1.499879699999999957e+03 -4.377341069681549790e+00
1.536293599999999969e+03 -4.376479701290695523e+00
1.558989199999999983e+03 -4.376532850125752994e+00
1.559800500000000056e+03 -4.380822680957071391e+00
1.584728100000000040e+03 -4.375105451561807968e+00
1.591555699999999888e+03 -4.377324877883255638e+00
1.611603000000000065e+03 -4.379061340814569547e+00
1.644453600000000051e+03 -4.378274615828677163e+00
1.650491999999999962e+03 -4.375762133035417278e+00
1.658667999999999893e+03 -4.380176422790436952e+00
1.675390799999999899e+03 -4.374580761747336233e+00
1.686778999999999996e+03 -4.376533132496199130e+00
1.701759199999999964e+03 -4.377770457256866088e+00
1.750924999999999955e+03 -4.381867015630816375e+00
1.753483799999999974e+03 -4.381042764287663260e+00
1.769897200000000112e+03 -4.383266211424491132e+00
1.801625800000000027e+03 -4.381578700457101405e+00
1.813573499999999967e+03 -4.380664823618151793e+00
1.823075499999999920e+03 -4.381990962268536016e+00
1.840233199999999897e+03 -4.379547625692215007e+00
1.853832300000000032e+03 -4.381366947890096064e+00
1.859468900000000076e+03 -4.380303614390521183e+00
1.888665400000000091e+03 -4.379603424559070035e+00
1.892953800000000001e+03 -4.378166824210834029e+00
1.911392499999999927e+03 -4.380544271015104130e+00
1.940001099999999951e+03 -4.379980414039919445e+00
1.956909200000000055e+03 -4.387474688081367979e+00
1.966257100000000037e+03 -4.383411456959509955e+00
1.993365199999999959e+03 -4.384087158803065876e+00
1.998780700000000024e+03 -4.379784293256271610e+00
2.005698100000000068e+03 -4.383185188278410749e+00
2.049445799999999963e+03 -4.382721432414579787e+00
2.050001999999999953e+03 -4.383122446915627357e+00
2.073300999999999931e+03 -4.386025867144134338e+00
2.080962199999999939e+03 -4.379447921653989440e+00
2.092137600000000020e+03 -4.385551467031594264e+00
2.108308500000000095e+03 -4.384967209860283432e+00
2.143370399999999790e+03 -4.384161828353396295e+00
2.151586400000000140e+03 -4.383451205495453529e+00
2.156541900000000169e+03 -4.383208588305276265e+00
2.183146400000000085e+03 -4.379785139620358869e+00
2.193724299999999857e+03 -4.383367030262166786e+00
2.212345299999999952e+03 -4.387256138117821003e+00
2.248610400000000027e+03 -4.386537759322536090e+00
2.249879699999999957e+03 -4.387506189707552906e+00
2.276859699999999975e+03 -4.387229632061003137e+00
2.293205800000000181e+03 -4.383207103563908191e+00
2.295024199999999837e+03 -4.388392492319496796e+00
2.310105199999999968e+03 -4.388826596424340920e+00
2.343491700000000037e+03 -4.388841194671686097e+00
2.346422399999999925e+03 -4.385711601028833506e+00
2.350731999999999971e+03 -4.387229697667414108e+00
2.395148799999999937e+03 -4.390275066467164145e+00
2.397024399999999787e+03 -4.385359630918966189e+00
2.410877300000000105e+03 -4.390016089996517934e+00
2.438262299999999868e+03 -4.388625476552437732e+00
