1.217461600000000033e+02 1.114850142479136963e+01
1.313691100000000063e+02 1.115338082637899397e+01
1.681941899999999919e+02 1.117335233055159804e+01
1.689041699999999935e+02 1.117290504783228222e+01
1.791407399999999939e+02 1.118005190311418673e+01
2.179403299999999888e+02 1.119577905556686481e+01
2.196500800000000027e+02 1.119623753307551439e+01
2.270490299999999877e+02 1.120319611235497703e+01
2.662884199999999737e+02 1.122187156523509088e+01
2.670747700000000009e+02 1.122225524119682483e+01
2.771394599999999855e+02 1.122537807856706671e+01
3.158342000000000098e+02 1.124536383065336942e+01
3.175906100000000265e+02 1.124585283940565894e+01
3.250830500000000143e+02 1.125334113576226436e+01
3.632554799999999773e+02 1.127474201099124862e+01
3.651419799999999896e+02 1.127461021778953842e+01
3.729310300000000211e+02 1.128000661510278846e+01
4.120914500000000089e+02 1.130143547730510889e+01
4.152179800000000114e+02 1.130163800122124940e+01
4.227898200000000202e+02 1.130583706492977747e+01
4.636311000000000035e+02 1.133069662120903764e+01
4.649010700000000043e+02 1.133099073885609620e+01
4.716896699999999782e+02 1.133392173824547200e+01
5.145973500000000058e+02 1.135342560553633184e+01
5.152729799999999614e+02 1.135423570120089565e+01
5.198969200000000228e+02 1.136340525137390678e+01
5.651472199999999475e+02 1.138895684917565632e+01
5.660981299999999692e+02 1.138880521066558060e+01
5.672892399999999498e+02 1.139747252188072402e+01
6.139131399999999985e+02 1.141989110523102013e+01
6.175295999999999594e+02 1.142024221453287147e+01
6.222875400000000354e+02 1.142626755546509365e+01
6.604969300000000203e+02 1.145188174231630462e+01
6.619038900000000467e+02 1.145205627925910896e+01
6.690533000000000357e+02 1.145745522084266277e+01
7.078812500000000227e+02 1.148733055159780037e+01
7.093595000000000255e+02 1.148751017708121225e+01
7.230857300000000123e+02 1.149786942804803580e+01
7.589810199999999440e+02 1.152251577447588105e+01
7.643669700000000375e+02 1.152273152859759797e+01
7.691615299999999706e+02 1.152887492367189104e+01
8.111738800000000538e+02 1.155767301038062378e+01
8.163172899999999572e+02 1.155764756767759138e+01
8.228346000000000231e+02 1.156684256055363313e+01
8.600202299999999696e+02 1.159627111744351780e+01
8.641479600000000119e+02 1.159639476898025734e+01
8.690949100000000271e+02 1.160318898839812718e+01
9.084481799999999794e+02 1.163221504172603282e+01
9.122004200000000083e+02 1.163273101974353807e+01
9.236704300000000103e+02 1.164591491960105785e+01
9.563392900000000054e+02 1.167765062080195371e+01
9.602631300000000465e+02 1.167734276409525762e+01
9.621871099999999615e+02 1.169193924282515695e+01
1.015581800000000044e+03 1.171824750661510350e+01
1.016813499999999976e+03 1.171812080195400085e+01
1.021182099999999991e+03 1.173571341339303764e+01
1.054148200000000088e+03 1.176761652757989118e+01
1.058856600000000071e+03 1.176779004681457330e+01
1.065290199999999913e+03 1.178017301038062215e+01
1.112758700000000090e+03 1.181405454915530129e+01
1.114406199999999899e+03 1.181434357826175585e+01
1.119778999999999996e+03 1.181734479951149908e+01
1.160434299999999894e+03 1.185976185629961321e+01
1.167868699999999990e+03 1.186521015672705026e+01
1.169057000000000016e+03 1.185941888866273075e+01
1.214692099999999982e+03 1.189506462446570367e+01
1.219164500000000089e+03 1.189509057602279718e+01
1.222773200000000088e+03 1.191732393649501276e+01
1.263956599999999980e+03 1.193941990637085304e+01
1.268808700000000044e+03 1.193975880317525018e+01
1.268835800000000063e+03 1.196558670873193542e+01
1.303932800000000043e+03 1.199351465499694669e+01
1.307199900000000071e+03 1.199346122532057812e+01
1.323896999999999935e+03 1.200206950946468609e+01
1.359529600000000073e+03 1.204160594341542989e+01
1.364821500000000015e+03 1.204190158762467000e+01
1.367211900000000014e+03 1.205741400366374805e+01
1.402321200000000090e+03 1.208409322206391323e+01
1.405472500000000082e+03 1.210522694891105289e+01
1.406646999999999935e+03 1.208377213515163895e+01
1.455099500000000035e+03 1.214709444331365873e+01
1.465940100000000029e+03 1.212544117647058961e+01
1.473336900000000014e+03 1.212546305719519601e+01
1.510476699999999937e+03 1.217205984123753382e+01
1.515306299999999965e+03 1.217144361897007876e+01
1.518114600000000110e+03 1.220140087522898398e+01
1.557045499999999947e+03 1.223551597801750468e+01
1.563163500000000113e+03 1.223548900875228895e+01
1.569039099999999962e+03 1.224860981070628974e+01
1.594316499999999905e+03 1.228323020557704126e+01
1.594905999999999949e+03 1.228311266028902971e+01
1.617710499999999911e+03 1.228424333401180668e+01
1.656546399999999949e+03 1.234337726440056926e+01
1.656766800000000103e+03 1.232773559943008301e+01
1.668777399999999943e+03 1.232773661713820523e+01
1.697959700000000112e+03 1.238503714634642705e+01
1.704886199999999917e+03 1.238540046814573614e+01
1.720225200000000086e+03 1.238000152656218233e+01
1.746219700000000103e+03 1.241995216771829824e+01
1.753794000000000096e+03 1.243375788723793995e+01
1.759188599999999951e+03 1.242015163851007564e+01
1.790865199999999959e+03 1.248662578872379392e+01
1.797011299999999892e+03 1.246103755342967645e+01
1.799578299999999899e+03 1.246158864237736630e+01
1.856524300000000039e+03 1.250893802157541224e+01
1.858485300000000052e+03 1.250849888052106529e+01
1.884130100000000084e+03 1.251124516588642344e+01
1.898620599999999968e+03 1.256709953185426443e+01
1.899695999999999913e+03 1.255939497252188097e+01
1.906806599999999889e+03 1.255945807042540174e+01
1.945904299999999921e+03 1.260762466924486169e+01
1.952375099999999975e+03 1.260738601669041437e+01
1.961163199999999961e+03 1.260867799715041748e+01
1.987331300000000056e+03 1.264696977406879697e+01
1.991188699999999926e+03 1.264733156930592273e+01
2.012245899999999892e+03 1.264324648890698022e+01
2.041844800000000077e+03 1.268913494809688558e+01
2.050365699999999833e+03 1.270434714024017886e+01
2.053321100000000115e+03 1.268920109912477123e+01
2.093450100000000020e+03 1.274778801139833107e+01
2.097496599999999944e+03 1.274720028495827506e+01
2.119149300000000039e+03 1.273710309383268857e+01
2.142866300000000138e+03 1.278227050681864441e+01
2.144226400000000012e+03 1.278257683696315894e+01
2.146159900000000107e+03 1.280741858335029626e+01
2.191527300000000196e+03 1.285149959291675259e+01
2.197563099999999849e+03 1.285046356604925677e+01
2.207929999999999836e+03 1.281595918990433525e+01
2.230063599999999951e+03 1.287706289436189699e+01
2.234795599999999922e+03 1.287730663545695009e+01
2.257961200000000190e+03 1.290755851821697497e+01
2.290565799999999854e+03 1.293104874821901085e+01
2.297872400000000198e+03 1.293052717280683872e+01
2.309143300000000181e+03 1.291816863423570183e+01
2.340761599999999817e+03 1.298951251780989224e+01
2.345532600000000002e+03 1.295176114390392819e+01
2.348661799999999857e+03 1.295216212090372565e+01
2.386847699999999804e+03 1.302740280887441493e+01
2.391015499999999975e+03 1.302805719519641769e+01
2.404086600000000089e+03 1.300555210665581107e+01
2.457069800000000214e+03 1.306193262772236885e+01
2.460280900000000202e+03 1.306191481783024599e+01
