1.231767200000000031e+02 1.707182627722369261e+01
1.344127599999999916e+02 1.707753765520049072e+01
1.724473399999999970e+02 1.714886067575818984e+01
1.730723099999999874e+02 1.714925605536332043e+01
1.823536499999999876e+02 1.716531905149603077e+01
2.212224300000000028e+02 1.724506869529819042e+01
2.218989100000000008e+02 1.724549358843883695e+01
2.324304300000000012e+02 1.726778343171178420e+01
2.693561700000000201e+02 1.735025798900875316e+01
2.721121499999999855e+02 1.734953592509668141e+01
2.820287400000000275e+02 1.736833452065947370e+01
3.202826099999999769e+02 1.746031192753918049e+01
3.231132900000000063e+02 1.746158966008548674e+01
3.300694199999999796e+02 1.750043761449216362e+01
3.682405899999999974e+02 1.757667463871361591e+01
3.722255700000000047e+02 1.757649094239772225e+01
3.783834600000000137e+02 1.760211377976796143e+01
4.191473799999999983e+02 1.769759922654182560e+01
4.195719000000000278e+02 1.769743384897211413e+01
4.277409700000000043e+02 1.772318949725218928e+01
4.687430299999999761e+02 1.782988754325259606e+01
4.687719399999999723e+02 1.782858487685731674e+01
4.745348900000000185e+02 1.786487583960919778e+01
5.148868999999999687e+02 1.797096936698554970e+01
5.180776299999999992e+02 1.797186138815387935e+01
5.252192700000000514e+02 1.801729951150009867e+01
5.648596099999999751e+02 1.811161764705882504e+01
5.694913299999999481e+02 1.811295542438428541e+01
5.735197200000000066e+02 1.816469010787706040e+01
6.187048399999999901e+02 1.825278699369021140e+01
6.217494900000000371e+02 1.833188021575412208e+01
6.233913400000000138e+02 1.825140036637492358e+01
6.670111900000000560e+02 1.848712344799511698e+01
6.695467399999999998e+02 1.840370038672908848e+01
6.723817199999999730e+02 1.840274832078160117e+01
7.175456900000000360e+02 1.857899297781396442e+01
7.182091100000000097e+02 1.857871616120496583e+01
7.215909599999999955e+02 1.860728526358640167e+01
7.605879099999999653e+02 1.872577447588031774e+01
7.648459699999999657e+02 1.872602941176470637e+01
7.762770799999999554e+02 1.875199521677183156e+01
8.113527400000000398e+02 1.887554650926114519e+01
8.146959799999999632e+02 1.887470181152045612e+01
8.228191500000000360e+02 1.888817982902503445e+01
8.632596200000000408e+02 1.900355892530022572e+01
8.638407399999999825e+02 1.900366934663138707e+01
8.682335199999999986e+02 1.904623244453490827e+01
9.125855900000000247e+02 1.914457307144311216e+01
9.199409799999999677e+02 1.914429269285568935e+01
9.209759900000000243e+02 1.918453185426419694e+01
9.556746100000000297e+02 1.929076175452880193e+01
9.617998300000000427e+02 1.929100040708324926e+01
9.638733600000000479e+02 1.932032159576633390e+01
1.011286399999999958e+03 1.942218043964991026e+01
1.014817300000000046e+03 1.942235345003053126e+01
1.020182300000000055e+03 1.945690056991654870e+01
1.059174199999999928e+03 1.953370496641563037e+01
1.063282999999999902e+03 1.953326582536128697e+01
1.064354399999999941e+03 1.961075005088540735e+01
1.107645299999999907e+03 1.969885151638510123e+01
1.111152000000000044e+03 1.969836810502748037e+01
1.111313900000000103e+03 1.974076938733971076e+01
1.155834100000000035e+03 1.981323224099328328e+01
1.163283799999999928e+03 1.981348463260736636e+01
1.164692900000000009e+03 1.987082129045389678e+01
1.194113599999999906e+03 1.996453999592916873e+01
1.203822799999999916e+03 1.996388815387746973e+01
1.214568099999999959e+03 1.997707917769183794e+01
1.260531600000000026e+03 2.006794270303277017e+01
1.262633299999999963e+03 2.006737176877671303e+01
1.272825800000000072e+03 2.010354925707307316e+01
1.288319400000000087e+03 2.020607775290046959e+01
1.300900100000000066e+03 2.020668888662731533e+01
1.311818800000000010e+03 2.020194382251170140e+01
1.349644700000000057e+03 2.031887645023407174e+01
1.353280199999999923e+03 2.031909881945857776e+01
1.368858999999999924e+03 2.033909271320985113e+01
1.393556700000000092e+03 2.043803836759617454e+01
1.397432600000000093e+03 2.043771728068390203e+01
1.409893100000000004e+03 2.045387797679625308e+01
1.456433700000000044e+03 2.056767301038062001e+01
1.460201399999999921e+03 2.056843120293099858e+01
1.471913600000000088e+03 2.058090372481172281e+01
1.497901399999999967e+03 2.068458324852432284e+01
1.499659599999999955e+03 2.068444891105231065e+01
1.510765499999999975e+03 2.072004935884388388e+01
1.550203500000000076e+03 2.078213718705475088e+01
1.555890100000000075e+03 2.078160797883166921e+01
1.574114600000000110e+03 2.080501526562181880e+01
1.592181700000000092e+03 2.092471911255852035e+01
1.596206100000000106e+03 2.092531956035009344e+01
1.610440800000000081e+03 2.089947588031752446e+01
1.647068299999999908e+03 2.101059281498066156e+01
1.649270299999999907e+03 2.101036993690209442e+01
1.658614499999999907e+03 2.103684510482393577e+01
1.693728100000000040e+03 2.113870191329126769e+01
1.703489800000000059e+03 2.113844036230409174e+01
1.714657600000000002e+03 2.114128078567066993e+01
1.737472899999999981e+03 2.123680897618563179e+01
1.751079199999999901e+03 2.123680236108284092e+01
1.761245200000000068e+03 2.123867850600447937e+01
1.793186300000000074e+03 2.136327803785874124e+01
1.796350200000000086e+03 2.136280734785263746e+01
1.819576000000000022e+03 2.135771575412172041e+01
1.827112200000000030e+03 2.147340626908202665e+01
1.836021199999999908e+03 2.147366578465296172e+01
1.849184299999999894e+03 2.146081365764298710e+01
1.906832100000000082e+03 2.159272338693262938e+01
1.910554799999999886e+03 2.159363932424180632e+01
1.911905799999999999e+03 2.162551241603907926e+01
1.933858600000000024e+03 2.170471504172603261e+01
1.940975799999999936e+03 2.170511550987176719e+01
1.978027599999999893e+03 2.165782159576633603e+01
1.991890400000000000e+03 2.181770659474862484e+01
1.996376299999999901e+03 2.181747964583757238e+01
2.019976699999999937e+03 2.180653979238754303e+01
2.031287900000000036e+03 2.191037095461021877e+01
2.032298999999999978e+03 2.191051139833095718e+01
2.059391700000000128e+03 2.192596733156930355e+01
2.090727400000000216e+03 2.204202422145328555e+01
2.091322900000000118e+03 2.204252391614085127e+01
2.102081499999999778e+03 2.205060502747812023e+01
2.139701300000000174e+03 2.213139069814777216e+01
2.140554700000000139e+03 2.213141664970486389e+01
2.141735700000000179e+03 2.214581416649704693e+01
2.180734599999999773e+03 2.224046305719519623e+01
2.196252300000000105e+03 2.223988957866883709e+01
2.216516999999999825e+03 2.219514756767759067e+01
2.253756600000000162e+03 2.237461581518420672e+01
2.257721100000000206e+03 2.237435782617545144e+01
2.263267899999999827e+03 2.241053684103399135e+01
2.277524899999999889e+03 2.246393903928353453e+01
2.283264599999999973e+03 2.246395074292692939e+01
2.313991899999999987e+03 2.245156269082027123e+01
2.350478000000000065e+03 2.259632556482800680e+01
2.350979499999999916e+03 2.259636779971504339e+01
2.358914499999999862e+03 2.262148839812741485e+01
2.391522300000000087e+03 2.269497964583757366e+01
2.401453199999999924e+03 2.269576735192346817e+01
2.425880999999999858e+03 2.266941787095461081e+01
2.460916000000000167e+03 2.280232190107876988e+01
2.461677900000000136e+03 2.280210970893547895e+01
