9.922253600000000517e+01 -3.378751499654448320e+00
1.008255400000000037e+02 -3.379326858642040410e+00
1.277102299999999957e+02 -3.378823442859260062e+00
1.483917399999999986e+02 -3.378377586513783726e+00
1.510006899999999916e+02 -3.378646698885650945e+00
1.745561899999999866e+02 -3.377893958475497893e+00
1.992423699999999940e+02 -3.377649886102643162e+00
2.003592299999999966e+02 -3.378244081740820359e+00
2.265572799999999916e+02 -3.377659939890060414e+00
2.483353899999999896e+02 -3.376451016330243249e+00
2.498494300000000123e+02 -3.376589881542962690e+00
2.728517899999999941e+02 -3.375518130810764017e+00
2.985835900000000152e+02 -3.375104976543782165e+00
3.009332899999999995e+02 -3.375545007788003815e+00
3.214283100000000104e+02 -3.373380066871130012e+00
3.479563999999999737e+02 -3.372737495659000828e+00
3.504173599999999738e+02 -3.372377061251054187e+00
3.700171399999999835e+02 -3.370027294002803320e+00
3.955060799999999972e+02 -3.369624986773298581e+00
3.978908099999999877e+02 -3.369188667904392531e+00
4.246807099999999764e+02 -3.366511601894259353e+00
4.482278200000000083e+02 -3.363800810149128129e+00
4.513238699999999994e+02 -3.365390636903088151e+00
4.702829100000000153e+02 -3.360044623125137075e+00
4.975468000000000188e+02 -3.359418446314930140e+00
5.035411300000000097e+02 -3.359415026482519995e+00
5.219509100000000217e+02 -3.355347687711295102e+00
5.479767299999999750e+02 -3.353695868116848278e+00
5.526680199999999559e+02 -3.354361998063378980e+00
5.699922500000000127e+02 -3.349219498274631501e+00
5.947619200000000319e+02 -3.347061532423870389e+00
5.961321500000000242e+02 -3.348531782884609065e+00
6.190831100000000333e+02 -3.343283503846429916e+00
6.498654800000000478e+02 -3.342048096565397142e+00
6.509699600000000146e+02 -3.343400490058059393e+00
6.673375700000000279e+02 -3.338622225764060314e+00
6.930576499999999669e+02 -3.336965201016837135e+00
7.025054400000000214e+02 -3.337730714270998877e+00
7.174876500000000306e+02 -3.334549313796108638e+00
7.460321400000000267e+02 -3.333430871711227095e+00
7.485398300000000518e+02 -3.334503899986256403e+00
7.655101499999999533e+02 -3.329207318367054746e+00
7.960830600000000459e+02 -3.328824488556564987e+00
8.028879799999999705e+02 -3.330427121461253748e+00
8.238670100000000502e+02 -3.326949386960935229e+00
8.454443999999999733e+02 -3.323904327406701498e+00
8.540054199999999582e+02 -3.326415760882998729e+00
8.713529700000000275e+02 -3.323015652489704319e+00
9.008814999999999600e+02 -3.320543778160622406e+00
9.030788199999999506e+02 -3.322330636373147961e+00
9.188661100000000488e+02 -3.319492720286730592e+00
9.432228900000000067e+02 -3.316827851317442732e+00
9.501786700000000110e+02 -3.317993400676454208e+00
9.708676199999999881e+02 -3.317077251150812867e+00
9.861766099999999824e+02 -3.313515847825220018e+00
9.903283699999999499e+02 -3.314460216823639893e+00
1.022919599999999946e+03 -3.314161141340470795e+00
1.051237599999999929e+03 -3.312985215674927097e+00
1.061282899999999927e+03 -3.314183336789468637e+00
1.062256200000000035e+03 -3.308256041129172154e+00
1.104645800000000008e+03 -3.309139337148147675e+00
1.104867899999999963e+03 -3.309666732030358105e+00
1.120457300000000032e+03 -3.306236694687265665e+00
1.152295000000000073e+03 -3.307595605217320323e+00
1.161718699999999899e+03 -3.307346494634872958e+00
1.174578400000000101e+03 -3.304619639733920256e+00
1.193271799999999985e+03 -3.300044714583642236e+00
1.202306499999999915e+03 -3.303531799373935041e+00
1.225035300000000007e+03 -3.301674387980209957e+00
1.244290999999999940e+03 -3.298035536899614595e+00
1.261474400000000060e+03 -3.300790987578258839e+00
1.267424899999999980e+03 -3.298722043860776942e+00
1.299532300000000077e+03 -3.297337019567300853e+00
1.309338899999999967e+03 -3.299921885063219928e+00
1.325001400000000103e+03 -3.296495988757717210e+00
1.348142800000000079e+03 -3.294073707974598531e+00
1.358094100000000026e+03 -3.294514625714132450e+00
1.369260199999999941e+03 -3.292846328631466424e+00
1.400621599999999944e+03 -3.290825287484451245e+00
1.409782200000000103e+03 -3.293977934382743111e+00
1.419474300000000085e+03 -3.291574314757183206e+00
1.452730600000000095e+03 -3.291732334925483450e+00
1.460394500000000107e+03 -3.290672235820937708e+00
1.465629100000000108e+03 -3.288531539499910838e+00
1.494039299999999912e+03 -3.286613980206532837e+00
1.495687699999999950e+03 -3.287566737491900870e+00
1.516645800000000008e+03 -3.286902236582669445e+00
1.545566199999999981e+03 -3.284040958433449564e+00
1.556998499999999922e+03 -3.286376040718359537e+00
1.572699900000000071e+03 -3.286336396644359059e+00
1.592491500000000087e+03 -3.280437602768097261e+00
1.596382200000000012e+03 -3.283511205538923505e+00
1.624776299999999992e+03 -3.284091824803689441e+00
1.650208900000000085e+03 -3.280737338070347509e+00
1.657691900000000032e+03 -3.278184258588475064e+00
1.664463999999999942e+03 -3.280147885803191610e+00
1.712145700000000033e+03 -3.277338894055586760e+00
1.715712800000000016e+03 -3.279428829606778617e+00
1.719531500000000051e+03 -3.283601262461355308e+00
1.739806000000000040e+03 -3.279572321079355479e+00
1.740789500000000089e+03 -3.275075710357953973e+00
1.758646199999999908e+03 -3.275102413616912678e+00
1.777939399999999978e+03 -3.271413975534839036e+00
1.807663700000000063e+03 -3.276684804056238853e+00
1.816801699999999983e+03 -3.275884783653926213e+00
1.848830200000000104e+03 -3.274753787134541128e+00
1.859402700000000095e+03 -3.272770013500980291e+00
1.866945799999999963e+03 -3.274317856777015923e+00
1.896812500000000000e+03 -3.271933914979620717e+00
1.908928100000000086e+03 -3.273014949841411614e+00
1.928733500000000049e+03 -3.276051944179015241e+00
1.947099200000000110e+03 -3.269124695704058947e+00
1.948809600000000046e+03 -3.266391466161704393e+00
1.959488299999999981e+03 -3.269996057173539583e+00
1.989192500000000109e+03 -3.267206071695939684e+00
2.006800799999999981e+03 -3.266948021259614254e+00
2.007461199999999963e+03 -3.266341218802836899e+00
2.039487900000000081e+03 -3.266744664336176829e+00
2.066746299999999792e+03 -3.268780817488388557e+00
2.067840900000000147e+03 -3.267240416625233568e+00
2.089643700000000081e+03 -3.263241315775420315e+00
2.090590599999999995e+03 -3.264408915116250753e+00
2.113842799999999897e+03 -3.262083770095613122e+00
2.131660499999999956e+03 -3.265152345077714013e+00
2.165651699999999892e+03 -3.266305104224065392e+00
2.176446699999999964e+03 -3.269015325929324867e+00
2.193489799999999832e+03 -3.258350932073814210e+00
2.199834499999999935e+03 -3.260222539281826482e+00
2.210817799999999806e+03 -3.261568810528165052e+00
2.237277399999999943e+03 -3.261414232452947815e+00
2.256466100000000097e+03 -3.262173234566538405e+00
2.265416299999999865e+03 -3.263522913667346259e+00
2.296417300000000068e+03 -3.259046092541504791e+00
2.300480199999999968e+03 -3.268074450584360413e+00
2.306853900000000067e+03 -3.257876107281702183e+00
2.353798800000000028e+03 -3.259756650277642720e+00
2.358743800000000192e+03 -3.256813781482074788e+00
2.369039699999999812e+03 -3.261575924404721327e+00
2.381155400000000100e+03 -3.265084422529453523e+00
2.391724999999999909e+03 -3.256457165624142558e+00
2.402961299999999937e+03 -3.257261677742284256e+00
2.445860400000000027e+03 -3.259091415891410382e+00
