9.869615000000000293e+01 -3.431014919716650180e+00
1.268902099999999962e+02 -3.430860331884547865e+00
1.507677099999999939e+02 -3.430865117400866637e+00
1.759922599999999875e+02 -3.430434913990443757e+00
1.982949600000000032e+02 -3.429761668452176337e+00
2.238201899999999966e+02 -3.429405227746318729e+00
2.509734200000000044e+02 -3.429400097102221157e+00
2.735206900000000019e+02 -3.428646784474616904e+00
3.002396100000000274e+02 -3.428191802265002863e+00
3.216604300000000194e+02 -3.427335912086191261e+00
3.499816700000000083e+02 -3.427237711873718062e+00
3.735404899999999770e+02 -3.426677413303498732e+00
4.029514699999999721e+02 -3.426450440005928133e+00
4.214615600000000200e+02 -3.424091661089144534e+00
4.552754199999999969e+02 -3.424684682598977847e+00
4.659056199999999990e+02 -3.420759892325818896e+00
5.013825100000000248e+02 -3.421514368797515360e+00
5.222660200000000259e+02 -3.419310230725844946e+00
5.532667500000000018e+02 -3.418308558606873770e+00
5.716902800000000298e+02 -3.415963988813728314e+00
6.038724899999999707e+02 -3.415552253102155600e+00
6.218857299999999668e+02 -3.412563909089651126e+00
6.493642099999999573e+02 -3.410176853497207450e+00
6.654740399999999454e+02 -3.407164331413486735e+00
6.992491400000000112e+02 -3.407781578569929692e+00
7.155230000000000246e+02 -3.403132548419155690e+00
7.451126000000000431e+02 -3.401312580362141347e+00
7.666218000000000075e+02 -3.398134789546793044e+00
8.018999400000000151e+02 -3.398139025019670800e+00
8.204062999999999874e+02 -3.394422218929264989e+00
8.497342599999999493e+02 -3.391598014939217531e+00
8.746806199999999762e+02 -3.390902376676041996e+00
8.978133400000000393e+02 -3.386975511211434586e+00
9.196105199999999513e+02 -3.384066703866868586e+00
9.464587900000000218e+02 -3.382212228172677193e+00
9.703809300000000349e+02 -3.379540837754758886e+00
9.958415899999999965e+02 -3.376524105802459097e+00
1.017363399999999956e+03 -3.375019888377265076e+00
1.055434400000000096e+03 -3.373657084302577935e+00
1.066105299999999943e+03 -3.371358274776078190e+00
1.093412700000000086e+03 -3.370500622780179256e+00
1.110009900000000016e+03 -3.366083716957087191e+00
1.157787499999999909e+03 -3.367392484905636252e+00
1.165950000000000045e+03 -3.362801605423483942e+00
1.206246399999999994e+03 -3.361846189714269517e+00
1.211144399999999905e+03 -3.358409896312410492e+00
1.244850799999999936e+03 -3.356808589338770243e+00
1.262530500000000075e+03 -3.354559379882201764e+00
1.303639499999999998e+03 -3.354349809891504997e+00
1.315556599999999889e+03 -3.350321468303037786e+00
1.354859699999999975e+03 -3.349555428008596181e+00
1.361842799999999897e+03 -3.346594923909253616e+00
1.403290899999999965e+03 -3.345718641874777077e+00
1.413775799999999890e+03 -3.345087349110702490e+00
1.448025100000000066e+03 -3.343568688545180301e+00
1.465448000000000093e+03 -3.340442232230326436e+00
1.480162800000000061e+03 -3.337384709291777440e+00
1.521863299999999981e+03 -3.339314365653022421e+00
1.563840999999999894e+03 -3.339706839849467368e+00
1.568579500000000053e+03 -3.337522005377812295e+00
1.587644600000000082e+03 -3.334107643887194605e+00
1.628146400000000085e+03 -3.337479193422733026e+00
1.654648200000000088e+03 -3.330117735349715336e+00
1.660770800000000008e+03 -3.330774791152008252e+00
1.690450100000000020e+03 -3.330190255359530838e+00
1.717654199999999946e+03 -3.330290378208182300e+00
1.749005000000000109e+03 -3.323851066524200704e+00
1.749795000000000073e+03 -3.328394194056707001e+00
1.791015000000000100e+03 -3.324552216580305419e+00
1.823577099999999973e+03 -3.326016982282735235e+00
1.839150000000000091e+03 -3.319964319906635541e+00
1.859046499999999924e+03 -3.322141342102433281e+00
1.894385299999999916e+03 -3.322595668104572297e+00
1.913938599999999951e+03 -3.320171397572303285e+00
1.959058999999999969e+03 -3.318294447668403535e+00
1.964917500000000018e+03 -3.321189812934274066e+00
2.010404700000000048e+03 -3.315767600610097343e+00
2.012591899999999896e+03 -3.324083544209122998e+00
2.037163500000000113e+03 -3.314907397948522849e+00
2.050944500000000062e+03 -3.312465430242499398e+00
2.097014400000000023e+03 -3.310805194737767909e+00
2.109781399999999849e+03 -3.313358873311147867e+00
2.136890499999999975e+03 -3.308532594716744768e+00
2.171972499999999854e+03 -3.313024898774092897e+00
2.194155499999999847e+03 -3.307280254504896710e+00
2.211404199999999946e+03 -3.307962417594050297e+00
2.243540599999999813e+03 -3.312137200575369977e+00
2.251923699999999826e+03 -3.304483464568452877e+00
2.294969599999999900e+03 -3.306477908986729997e+00
2.321606400000000122e+03 -3.309295763883841168e+00
2.338824500000000171e+03 -3.304506144902085829e+00
2.354094300000000203e+03 -3.305781903077656736e+00
2.399023000000000138e+03 -3.306241869566269198e+00
2.418404300000000148e+03 -3.307336893023452351e+00
2.486469200000000001e+03 -3.306336546047646152e+00
