1.219280399999999958e+02 2.349459342560553665e+01
1.332178999999999860e+02 2.351494199063708734e+01
1.706689399999999921e+02 2.359141766741298341e+01
1.706858000000000004e+02 2.359211174435171898e+01
1.808779199999999889e+02 2.362355129248931718e+01
2.196647900000000107e+02 2.369917463871361818e+01
2.217237199999999859e+02 2.369949826989619268e+01
2.289615400000000136e+02 2.371178506004477882e+01
2.675240999999999758e+02 2.380548544677386502e+01
2.689861799999999903e+02 2.380452778343171261e+01
2.777542000000000257e+02 2.384925452880113994e+01
3.187518200000000093e+02 2.394088896804396427e+01
3.212398000000000025e+02 2.394117443517199462e+01
3.274643199999999865e+02 2.396235141461428952e+01
3.672052899999999909e+02 2.405997710156727010e+01
3.694106899999999882e+02 2.405995471198859903e+01
3.776173999999999751e+02 2.409475625890494754e+01
4.138965999999999781e+02 2.418735243232240961e+01
4.146048700000000053e+02 2.418778444941990813e+01
4.238920200000000023e+02 2.423487278648483567e+01
4.630090500000000020e+02 2.432930846733156827e+01
4.655628899999999817e+02 2.432853195603500751e+01
4.728016600000000267e+02 2.437909169550172805e+01
5.153360000000000127e+02 2.448774323224099447e+01
5.180132899999999836e+02 2.448806330144514476e+01
5.263506200000000490e+02 2.450924486057398610e+01
5.658137199999999893e+02 2.462439649908406381e+01
5.686353100000000040e+02 2.462450539385304538e+01
5.758698799999999665e+02 2.467400213718705260e+01
6.129112300000000459e+02 2.480271778953796158e+01
6.177150500000000193e+02 2.480212650111948136e+01
6.182001500000000078e+02 2.482982749847343840e+01
6.599163300000000163e+02 2.495060706289436325e+01
6.651680599999999686e+02 2.495057347852635843e+01
6.743136200000000144e+02 2.499683085691023621e+01
7.162875000000000227e+02 2.514095053938530455e+01
7.172041699999999764e+02 2.514227457765112916e+01
7.242287900000000036e+02 2.514430134337472111e+01
7.607934099999999944e+02 2.530532006920415355e+01
7.621854799999999841e+02 2.530607927946265079e+01
7.715289800000000469e+02 2.532166547934052403e+01
8.072834000000000287e+02 2.546990280887441571e+01
8.077377900000000182e+02 2.546950132302055891e+01
8.154051500000000487e+02 2.547897567677590303e+01
8.643598600000000260e+02 2.563580551597801716e+01
8.664618199999999888e+02 2.563616578465295959e+01
8.719210600000000113e+02 2.567194636678200936e+01
9.080280000000000200e+02 2.581581620191328952e+01
9.148132500000000391e+02 2.583529259108487608e+01
9.154129299999999603e+02 2.581537197231833858e+01
9.546501299999999901e+02 2.600711225320578279e+01
9.577917599999999538e+02 2.600696722979849440e+01
9.666537299999999959e+02 2.603989517606350645e+01
1.008374199999999973e+03 2.618808619987787623e+01
1.008620000000000005e+03 2.618752391614085084e+01
1.015830799999999954e+03 2.620639018929371034e+01
1.059116999999999962e+03 2.637473488703439628e+01
1.061205099999999902e+03 2.637440056991654558e+01
1.070942600000000084e+03 2.638363423570120148e+01
1.110031799999999976e+03 2.655591848157948220e+01
1.110741700000000037e+03 2.655553327905556671e+01
1.116528900000000021e+03 2.657269489110522898e+01
1.148222700000000032e+03 2.674919041318949553e+01
1.153311799999999948e+03 2.674990738856096328e+01
1.165440000000000055e+03 2.671254376144921849e+01
1.202682600000000093e+03 2.692419346631386290e+01
1.207054900000000089e+03 2.692389476898025791e+01
1.218295399999999972e+03 2.696458579279462953e+01
1.250818700000000035e+03 2.714002289843272919e+01
1.257995799999999917e+03 2.713964278444942124e+01
1.270599899999999934e+03 2.714647313250559790e+01
1.295567800000000034e+03 2.732850244249949156e+01
1.301735200000000077e+03 2.732885762263382645e+01
1.312868500000000040e+03 2.729485955627925620e+01
1.361330999999999904e+03 2.755353297374313115e+01
1.364491500000000087e+03 2.755207307144310747e+01
1.365578600000000051e+03 2.753812385507836069e+01
1.401057199999999966e+03 2.772722572766130256e+01
1.403666999999999916e+03 2.772681966212090288e+01
1.408817500000000109e+03 2.774994809688581299e+01
1.436433600000000069e+03 2.796888255648280008e+01
1.446072699999999941e+03 2.796847903521270240e+01
1.456255100000000084e+03 2.796540759210258287e+01
1.505026000000000067e+03 2.816325768369631533e+01
1.505689499999999953e+03 2.816376348463260726e+01
1.513165199999999913e+03 2.814405302259312336e+01
1.553363399999999956e+03 2.839481783024628214e+01
1.554833800000000110e+03 2.839532515774476096e+01
1.569950900000000047e+03 2.842062741705678874e+01
1.592698300000000017e+03 2.859818237329533730e+01
1.615064900000000080e+03 2.859863728882556799e+01
1.623852699999999913e+03 2.857746692448605685e+01
1.653212299999999914e+03 2.889943924282516008e+01
1.653861100000000079e+03 2.890022236922450816e+01
1.676169599999999946e+03 2.892296967229798099e+01
1.692855299999999943e+03 2.913852635864033758e+01
1.696276399999999967e+03 2.913806431915326556e+01
1.718130499999999984e+03 2.911621717891308947e+01
1.752169599999999946e+03 2.940521829839201828e+01
1.754162800000000061e+03 2.940625585182169743e+01
1.768163299999999936e+03 2.937863983309587113e+01
1.799323499999999967e+03 2.965546611031955848e+01
1.808949699999999893e+03 2.965485446773865164e+01
1.821261400000000094e+03 2.969215652350905899e+01
1.835580200000000104e+03 2.990028852025238848e+01
1.837084800000000087e+03 2.990028699369020515e+01
1.866688100000000077e+03 2.987794626501119666e+01
1.909654099999999971e+03 3.023682220639120999e+01
1.910769600000000082e+03 3.023793557907592344e+01
1.913128699999999981e+03 3.022466873600651027e+01
1.952741700000000037e+03 3.052343527376348575e+01
1.953620400000000018e+03 3.052238601669041529e+01
1.967889599999999973e+03 3.049314675351109116e+01
1.998009299999999939e+03 3.085247862812945385e+01
2.003462199999999939e+03 3.085201048239364852e+01
2.005375999999999976e+03 3.082001170364339515e+01
2.051518700000000081e+03 3.117745878282108762e+01
2.056218199999999797e+03 3.117787146346427818e+01
2.061297500000000127e+03 3.118845868105027463e+01
2.098064800000000105e+03 3.160152961530632965e+01
2.098564300000000003e+03 3.160256258904946236e+01
2.109822999999999865e+03 3.158149196010583992e+01
2.153922000000000025e+03 3.195960004070832738e+01
2.154451700000000073e+03 3.195851974353755054e+01
2.167525299999999788e+03 3.197605078363525166e+01
2.192887499999999818e+03 3.245963057195196910e+01
2.204367099999999937e+03 3.245923264807652941e+01
2.218292199999999866e+03 3.246665682882149184e+01
2.230470899999999801e+03 3.284120242214532936e+01
2.234757200000000012e+03 3.284097598208833801e+01
2.266151400000000194e+03 3.285694076938733588e+01
2.301127599999999802e+03 3.333593629147160442e+01
2.305753200000000106e+03 3.333682729493180830e+01
2.320927999999999884e+03 3.340746539792387892e+01
2.332432200000000194e+03 3.380517097496437628e+01
2.334085199999999986e+03 3.380522135151637997e+01
2.363863899999999830e+03 3.381833859149195831e+01
2.388604100000000017e+03 3.424846427844494201e+01
2.396029199999999946e+03 3.424789945043761463e+01
2.406471599999999853e+03 3.424792641970282858e+01
2.450469399999999951e+03 3.442820730714431221e+01
2.452592900000000100e+03 3.442800122124974394e+01
