9.953764800000000434e+01 -1.491308384728883718e+00
1.004800500000000056e+02 -1.491476653121782237e+00
1.266203200000000066e+02 -1.490962705275027611e+00
1.495360000000000014e+02 -1.490943093157003130e+00
1.499710699999999974e+02 -1.490865561307562981e+00
1.751955399999999941e+02 -1.490437779715038102e+00
1.983066800000000001e+02 -1.490196918944630911e+00
2.018076800000000048e+02 -1.490790832887949113e+00
2.259322699999999884e+02 -1.489931855136008121e+00
2.464361800000000073e+02 -1.488762699129149381e+00
2.498341700000000003e+02 -1.489500652588585217e+00
2.731355399999999918e+02 -1.487974500286398216e+00
2.986798699999999940e+02 -1.487665283083242196e+00
3.010337799999999788e+02 -1.486739060949893609e+00
3.235754000000000019e+02 -1.485365012292986897e+00
3.490467100000000187e+02 -1.483893522891782890e+00
3.504010000000000105e+02 -1.484648885193248447e+00
3.721167300000000182e+02 -1.481281152482900598e+00
3.993530900000000088e+02 -1.479449507306755729e+00
4.007416999999999803e+02 -1.480705142377873207e+00
4.225854299999999739e+02 -1.476541627836475801e+00
4.476109299999999962e+02 -1.474987098136680164e+00
4.516721299999999815e+02 -1.475807200697318855e+00
4.707572999999999865e+02 -1.470795239181022396e+00
5.005603699999999776e+02 -1.470417339111298460e+00
5.021031800000000089e+02 -1.471248152424192934e+00
5.223903099999999995e+02 -1.467268730982757674e+00
5.467122000000000526e+02 -1.465588736005117410e+00
5.532533399999999801e+02 -1.466654369282128112e+00
5.708259000000000469e+02 -1.462892371426486537e+00
6.016627200000000357e+02 -1.461762328972980640e+00
6.019097600000000057e+02 -1.461872957419474206e+00
6.230351100000000315e+02 -1.459803647964616147e+00
6.426332599999999502e+02 -1.456142600383259156e+00
6.443015100000000075e+02 -1.456548026435167120e+00
6.681956900000000132e+02 -1.453688917265278047e+00
7.033194200000000365e+02 -1.453756837365757004e+00
7.102937600000000202e+02 -1.454342918621834402e+00
7.191905900000000429e+02 -1.450653001614224058e+00
7.507300199999999677e+02 -1.449260775322276817e+00
7.508541699999999537e+02 -1.449825386343455147e+00
7.709389400000000023e+02 -1.447229789628622143e+00
7.946761199999999690e+02 -1.444252848786612420e+00
8.073199600000000373e+02 -1.446320637569676437e+00
8.198313500000000431e+02 -1.442480788281084170e+00
8.509091499999999542e+02 -1.441885209638131160e+00
8.536517900000000054e+02 -1.441522590029610917e+00
8.735539899999999989e+02 -1.440417094337637760e+00
8.908509599999999864e+02 -1.437194475853061260e+00
8.991594900000000052e+02 -1.438316750027928137e+00
9.238719099999999571e+02 -1.436107702617851922e+00
9.398570300000000088e+02 -1.434560599787600754e+00
9.550381099999999606e+02 -1.436792813487388631e+00
9.629472500000000537e+02 -1.430919460029628443e+00
9.932771699999999555e+02 -1.430414581853790335e+00
1.009000400000000013e+03 -1.432193068548051951e+00
1.013623900000000049e+03 -1.428104852750122333e+00
1.056596399999999903e+03 -1.427756487082877168e+00
1.060334900000000061e+03 -1.430226525741098209e+00
1.065878099999999904e+03 -1.425161894029346232e+00
1.098586999999999989e+03 -1.425029357045094480e+00
1.105293400000000020e+03 -1.427896923580764366e+00
1.119029700000000048e+03 -1.423354605001224904e+00
1.146508599999999888e+03 -1.421376929308127757e+00
1.153204899999999952e+03 -1.421541396292818504e+00
1.159529399999999896e+03 -1.418216350501050549e+00
1.188581400000000031e+03 -1.418251906517102645e+00
1.209311599999999999e+03 -1.420316398548129078e+00
1.214145899999999983e+03 -1.416879361018541061e+00
1.244325900000000047e+03 -1.414874245790337604e+00
1.255762400000000071e+03 -1.416670926783758055e+00
1.259696899999999914e+03 -1.414446571228531679e+00
1.291429900000000089e+03 -1.412347262678520288e+00
1.293778499999999894e+03 -1.413618477085953007e+00
1.315233400000000074e+03 -1.412189777074311037e+00
1.342744400000000041e+03 -1.410523218921789113e+00
1.344476799999999912e+03 -1.411703167149205518e+00
1.377020099999999957e+03 -1.411588983526113950e+00
1.400693400000000111e+03 -1.409736989861180234e+00
1.402133100000000013e+03 -1.407556565464295639e+00
1.413761999999999944e+03 -1.406323757110963468e+00
1.447856299999999919e+03 -1.404927859258955802e+00
1.450313699999999926e+03 -1.404694633972605633e+00
1.466046199999999999e+03 -1.404574794573657304e+00
1.510018600000000106e+03 -1.406564456853102385e+00
1.513990800000000036e+03 -1.406330256617109642e+00
1.516789700000000039e+03 -1.400986048629530245e+00
1.555647600000000011e+03 -1.400071025591162144e+00
1.575284300000000030e+03 -1.404639819791906774e+00
1.576464300000000094e+03 -1.402359334916930766e+00
1.602867600000000039e+03 -1.399617944894223642e+00
1.606692099999999982e+03 -1.399061518931014048e+00
1.613926099999999906e+03 -1.395683738254368755e+00
1.645174899999999980e+03 -1.395735613004761788e+00
1.655879500000000007e+03 -1.398032682299785501e+00
1.665828899999999976e+03 -1.393352306897492676e+00
1.709570899999999938e+03 -1.391521007858945280e+00
1.710193500000000085e+03 -1.393666238763814569e+00
1.710551400000000058e+03 -1.390222481744720850e+00
1.740036000000000058e+03 -1.389318479213280222e+00
1.757391800000000103e+03 -1.392603436644040515e+00
1.770537499999999909e+03 -1.387763056601116096e+00
1.797093200000000024e+03 -1.385113527866194572e+00
1.799539899999999989e+03 -1.386929592187223115e+00
1.816493500000000040e+03 -1.384936595707245477e+00
1.836929100000000062e+03 -1.383192483238173009e+00
1.865785000000000082e+03 -1.386406175171146948e+00
1.866464099999999917e+03 -1.381406792015295704e+00
1.885468200000000024e+03 -1.378146516295675639e+00
1.894948799999999892e+03 -1.372931859033603486e+00
1.933367999999999938e+03 -1.384660598153412359e+00
1.940720000000000027e+03 -1.369399268276873860e+00
1.941762699999999995e+03 -1.376465590674162298e+00
1.949701399999999921e+03 -1.375961826958256307e+00
1.983592399999999998e+03 -1.373614837508443820e+00
2.003625299999999925e+03 -1.375351699470958478e+00
2.007887300000000096e+03 -1.369959871998874590e+00
2.040690499999999929e+03 -1.370014750283075511e+00
2.058092500000000200e+03 -1.375596864034628997e+00
2.069097600000000057e+03 -1.371067028698679913e+00
2.102486600000000180e+03 -1.369335122828536644e+00
2.109465999999999894e+03 -1.369077051173574811e+00
2.119067599999999857e+03 -1.363666267940784937e+00
2.125438500000000204e+03 -1.361825790238925471e+00
2.154184499999999844e+03 -1.358008424792784830e+00
2.155364399999999932e+03 -1.360111997110800441e+00
2.181410899999999856e+03 -1.348578845507379498e+00
2.184424199999999928e+03 -1.355355350164271888e+00
2.188661200000000008e+03 -1.357638262625462611e+00
2.239684799999999996e+03 -1.345200138976969217e+00
2.244446600000000217e+03 -1.353988863130123566e+00
2.244596500000000106e+03 -1.357810334580582978e+00
2.279139200000000073e+03 -1.347712374153267278e+00
2.292449399999999969e+03 -1.350376458351636444e+00
2.294239999999999782e+03 -1.340426276374251824e+00
2.320664699999999812e+03 -1.338007841840634260e+00
2.366854100000000017e+03 -1.341697245648623138e+00
2.370700400000000172e+03 -1.351335647359181547e+00
2.402773499999999785e+03 -1.339712924161749585e+00
2.407503900000000158e+03 -1.341804542391634048e+00
2.414446300000000065e+03 -1.333894528133868107e+00
2.467119400000000041e+03 -1.334854286362467501e+00
