1.242080299999999937e+02 -3.329640321887654242e+00
1.339273200000000088e+02 -3.329298026146691125e+00
1.711324799999999868e+02 -3.328061324131508680e+00
1.718985600000000034e+02 -3.328386839005589515e+00
1.822483499999999879e+02 -3.328021706564300075e+00
2.200490399999999909e+02 -3.326580066141543668e+00
2.208062999999999931e+02 -3.326655132744646082e+00
2.301628499999999917e+02 -3.326033940384626408e+00
2.708546799999999735e+02 -3.324848774813855989e+00
2.716750999999999863e+02 -3.325184623025148944e+00
2.821580000000000155e+02 -3.324640132578065010e+00
3.197179699999999798e+02 -3.322578353650712302e+00
3.204444100000000049e+02 -3.322646928346994155e+00
3.286868699999999990e+02 -3.321581350688717738e+00
3.675577000000000112e+02 -3.319446181609333024e+00
3.684131899999999860e+02 -3.319561959130321593e+00
3.770881699999999910e+02 -3.318632367070966538e+00
4.196408900000000131e+02 -3.316412504137774775e+00
4.213418699999999717e+02 -3.316973603026052153e+00
4.273333700000000022e+02 -3.315067660416005424e+00
4.632691699999999742e+02 -3.311512929764941937e+00
4.678840700000000083e+02 -3.312790341296242946e+00
4.768917400000000271e+02 -3.311751000068278827e+00
5.131275600000000168e+02 -3.308296271024388169e+00
5.138100100000000339e+02 -3.308398099930992764e+00
5.243710499999999683e+02 -3.307899812672097539e+00
5.637815500000000384e+02 -3.305489595628787303e+00
5.648720299999999952e+02 -3.305694669455994550e+00
5.771698800000000347e+02 -3.305544069316773470e+00
6.218294300000000021e+02 -3.303170156372774446e+00
6.218638300000000072e+02 -3.303300207609486172e+00
6.226186599999999771e+02 -3.300213949896853904e+00
6.685693899999999985e+02 -3.299080305312608985e+00
6.688053599999999506e+02 -3.299029767445440076e+00
6.720004900000000134e+02 -3.296667445274434449e+00
7.148073900000000549e+02 -3.294651752121616983e+00
7.168682499999999891e+02 -3.295269300547784219e+00
7.229048800000000483e+02 -3.293385914418128557e+00
7.587335799999999608e+02 -3.290000422806284242e+00
7.643020999999999958e+02 -3.291364991001409113e+00
7.729483400000000302e+02 -3.290559609625360427e+00
8.170949299999999766e+02 -3.288759579286654855e+00
8.171820300000000543e+02 -3.288877506507101423e+00
8.189398800000000165e+02 -3.286129370927590276e+00
8.614039900000000216e+02 -3.283765086195577609e+00
8.654573799999999437e+02 -3.284890670224581033e+00
8.661396600000000490e+02 -3.282260672158173076e+00
9.080709500000000389e+02 -3.280100134808352941e+00
9.117863499999999704e+02 -3.281106792741552702e+00
9.142056800000000294e+02 -3.279039534680223689e+00
9.609513500000000477e+02 -3.278777691419461071e+00
9.649214200000000119e+02 -3.279719054926455435e+00
9.716543000000000347e+02 -3.278068431449531417e+00
1.008360999999999990e+03 -3.274659513234540853e+00
1.012480400000000031e+03 -3.275790611175560585e+00
1.016594699999999989e+03 -3.273576049122199016e+00
1.058720600000000104e+03 -3.272366188706793189e+00
1.060454700000000003e+03 -3.272746047209831755e+00
1.065815100000000029e+03 -3.271268291989103183e+00
1.106000700000000052e+03 -3.269356794863020887e+00
1.106272200000000112e+03 -3.269395535837366307e+00
1.122094599999999900e+03 -3.270301074565291621e+00
1.151849799999999959e+03 -3.265653420763644288e+00
1.152813799999999901e+03 -3.265880447918875440e+00
1.161975400000000036e+03 -3.265241271106260168e+00
1.206324800000000096e+03 -3.264581092317919264e+00
1.211405099999999948e+03 -3.265945997927956590e+00
1.219399799999999914e+03 -3.264746452829091705e+00
1.251067099999999982e+03 -3.260596218955213121e+00
1.258794100000000071e+03 -3.262611612184179499e+00
1.269764200000000073e+03 -3.262103870519927451e+00
1.298522600000000011e+03 -3.258122297734702855e+00
1.305531199999999899e+03 -3.259938383857623467e+00
1.313675300000000107e+03 -3.259237109506153640e+00
1.348165500000000065e+03 -3.256459028849563175e+00
1.355234600000000000e+03 -3.258301746674688637e+00
1.361028999999999996e+03 -3.256950844091413000e+00
1.395938499999999976e+03 -3.252981598447158174e+00
1.401600400000000036e+03 -3.254431573260287536e+00
1.412240399999999909e+03 -3.254064221835381687e+00
1.444818199999999933e+03 -3.251980481675916579e+00
1.448120599999999968e+03 -3.252805721996001154e+00
1.455239100000000008e+03 -3.251238861834287786e+00
1.507624600000000100e+03 -3.252556948344833554e+00
1.509159200000000055e+03 -3.249296996831909201e+00
1.509404099999999971e+03 -3.252963453075718103e+00
1.543143700000000081e+03 -3.248316892203439110e+00
1.544134800000000041e+03 -3.248534133064203022e+00
1.561992400000000089e+03 -3.250054962742352505e+00
1.591221900000000005e+03 -3.246211411130792701e+00
1.596732700000000023e+03 -3.247653974308244873e+00
1.613614100000000008e+03 -3.248462738092832147e+00
1.647990000000000009e+03 -3.245856156850007501e+00
1.665516399999999976e+03 -3.250346473629064814e+00
1.668117199999999912e+03 -3.247042239495182336e+00
1.696382100000000037e+03 -3.244512621024546739e+00
1.704477100000000064e+03 -3.246602439219755887e+00
1.717642599999999902e+03 -3.246227131056456106e+00
1.740316399999999931e+03 -3.241943023966169068e+00
1.745478699999999890e+03 -3.243236771196734924e+00
1.758039099999999962e+03 -3.243000575074928005e+00
1.792388999999999896e+03 -3.241034331137999214e+00
1.794700000000000045e+03 -3.241610551433368848e+00
1.812813100000000077e+03 -3.242559329956205438e+00
1.844647699999999986e+03 -3.239833681696158152e+00
1.847901000000000067e+03 -3.240652589364469094e+00
1.865689699999999903e+03 -3.241481578932144281e+00
1.896441399999999931e+03 -3.237188884001619193e+00
1.912826000000000022e+03 -3.237435366123300629e+00
1.913334100000000035e+03 -3.241571045348578650e+00
1.931087199999999939e+03 -3.233895971033506012e+00
1.942881499999999960e+03 -3.237016526391746751e+00
1.965013500000000022e+03 -3.238679265488322745e+00
1.997617400000000089e+03 -3.236662266592233550e+00
1.998018499999999904e+03 -3.236741788359852379e+00
2.001837500000000091e+03 -3.233958619959085290e+00
2.043352200000000039e+03 -3.233254501412017312e+00
2.046301099999999906e+03 -3.230192863391248448e+00
2.047665299999999888e+03 -3.234357565561099435e+00
2.089044699999999921e+03 -3.233630020257521220e+00
2.091888500000000022e+03 -3.234321183298488833e+00
2.098789499999999862e+03 -3.232301595972504327e+00
2.129883899999999812e+03 -3.228998014845935405e+00
2.136639900000000125e+03 -3.230820649033207648e+00
2.157264599999999973e+03 -3.231742255571253608e+00
2.187852800000000116e+03 -3.228309847082991180e+00
2.215289900000000216e+03 -3.235394029617559841e+00
2.215621099999999842e+03 -3.231050585667475605e+00
2.228362700000000132e+03 -3.226812739561199184e+00
2.235343299999999999e+03 -3.228496205486122150e+00
2.258768599999999878e+03 -3.230222679791551865e+00
2.288662400000000162e+03 -3.227462322348987112e+00
2.289210999999999785e+03 -3.227642768394268113e+00
2.316111199999999826e+03 -3.230817339458613713e+00
2.338383699999999862e+03 -3.228331126838919651e+00
2.350681399999999940e+03 -3.231474707339583308e+00
2.350893300000000181e+03 -3.228162705701379753e+00
2.389933599999999842e+03 -3.227775856437951063e+00
2.390237999999999829e+03 -3.227889151974375537e+00
2.409300900000000183e+03 -3.228169927011685481e+00
2.457512799999999970e+03 -3.225603996820666453e+00
2.459060300000000097e+03 -3.226043238142514369e+00
