9.969380800000000420e+01 -3.306718946526999936e+00
9.978817100000000551e+01 -3.306549467844063450e+00
1.275237999999999943e+02 -3.306619995618718999e+00
1.495800600000000031e+02 -3.306384566996259711e+00
1.509186300000000074e+02 -3.306326431210471206e+00
1.750591200000000072e+02 -3.305864857228564269e+00
1.990578500000000020e+02 -3.305543462250434494e+00
2.008200199999999995e+02 -3.305847227112183706e+00
2.243602099999999950e+02 -3.305296869083819367e+00
2.500264099999999985e+02 -3.304762033745124228e+00
2.509619299999999953e+02 -3.305226660598146626e+00
2.739274399999999901e+02 -3.304223288963987759e+00
2.998345800000000168e+02 -3.303626682792179636e+00
3.002507800000000202e+02 -3.303404337805376123e+00
3.232001399999999762e+02 -3.302251207927933585e+00
3.492766799999999989e+02 -3.301397356966426333e+00
3.527890100000000189e+02 -3.301776206860728369e+00
3.717496100000000183e+02 -3.299413905960645543e+00
4.008794800000000009e+02 -3.297861054350874177e+00
4.012992800000000102e+02 -3.299676633725952879e+00
4.211004800000000046e+02 -3.294870287038741630e+00
4.502395799999999895e+02 -3.293976446847600048e+00
4.504773799999999824e+02 -3.294295046838809693e+00
4.747981500000000210e+02 -3.291521692911176800e+00
4.976717499999999745e+02 -3.289601725377356178e+00
4.980138999999999783e+02 -3.290327975643845715e+00
5.188634799999999814e+02 -3.285766500960114911e+00
5.487801899999999478e+02 -3.285697441742961633e+00
5.527263400000000502e+02 -3.285035328557335710e+00
5.644393800000000283e+02 -3.280493516929720244e+00
5.939992099999999482e+02 -3.279376569201533087e+00
5.969451599999999871e+02 -3.279860677808176472e+00
6.198384999999999536e+02 -3.277807201611236287e+00
6.529293900000000122e+02 -3.277227009156691295e+00
6.539459900000000516e+02 -3.277359197658811230e+00
6.677249000000000478e+02 -3.272744239005021871e+00
7.041713499999999613e+02 -3.273489952239565959e+00
7.084695299999999634e+02 -3.272799265113250478e+00
7.197964399999999614e+02 -3.269280315907197476e+00
7.446234899999999470e+02 -3.267035565772902661e+00
7.481629699999999730e+02 -3.269304906902843921e+00
7.739830100000000357e+02 -3.267017047640448091e+00
8.030954799999999523e+02 -3.265432117894172315e+00
8.101617499999999836e+02 -3.267219504067247371e+00
8.151247799999999870e+02 -3.262276258730437917e+00
8.420964199999999664e+02 -3.260211767416984152e+00
8.618447899999999890e+02 -3.262006509713658797e+00
8.680114800000000059e+02 -3.259017625983185340e+00
8.994453300000000127e+02 -3.259197229930261397e+00
9.018707200000000057e+02 -3.259778597323110372e+00
9.210154700000000503e+02 -3.257366202884623974e+00
9.502384499999999434e+02 -3.254545339832763062e+00
9.556223700000000463e+02 -3.257345647495714758e+00
9.637222299999999677e+02 -3.252903290385896096e+00
9.942002800000000207e+02 -3.251483877535601419e+00
1.003006499999999960e+03 -3.252221431622182912e+00
1.013503600000000006e+03 -3.250027854168798580e+00
1.047697899999999890e+03 -3.249394527216707296e+00
1.051039800000000014e+03 -3.251603477953718624e+00
1.074654999999999973e+03 -3.250371921233018213e+00
1.097164099999999962e+03 -3.247891154904151811e+00
1.099680299999999988e+03 -3.247701982613690586e+00
1.113157200000000103e+03 -3.244930279524407268e+00
1.144836199999999963e+03 -3.244844794331021909e+00
1.150500999999999976e+03 -3.244498806049119111e+00
1.170204099999999926e+03 -3.244655751113282527e+00
1.202062899999999900e+03 -3.242866188060068655e+00
1.203426300000000083e+03 -3.239402655732332104e+00
1.211886799999999994e+03 -3.244918176062361770e+00
1.244667400000000043e+03 -3.239505375851168267e+00
1.253092799999999897e+03 -3.240635473669131184e+00
1.257711999999999989e+03 -3.238850644505488763e+00
1.288407099999999900e+03 -3.237343744785524891e+00
1.295304100000000062e+03 -3.237399604145221765e+00
1.316321699999999964e+03 -3.238100932962149070e+00
1.343095499999999902e+03 -3.236583199591169357e+00
1.356973099999999931e+03 -3.238750522026206280e+00
1.362613900000000058e+03 -3.235515925439905072e+00
1.393408500000000004e+03 -3.235371304526604597e+00
1.399142000000000053e+03 -3.235596811551255669e+00
1.416539399999999887e+03 -3.232667966113262459e+00
1.446853299999999990e+03 -3.236369815571217945e+00
1.455370599999999968e+03 -3.235204518101975069e+00
1.458361499999999978e+03 -3.231302933927967747e+00
1.498655799999999999e+03 -3.231993118213164262e+00
1.504695999999999913e+03 -3.230382179526350317e+00
1.505212099999999964e+03 -3.233788907167363114e+00
1.550193099999999959e+03 -3.231569996526882704e+00
1.555518600000000106e+03 -3.231189925657849571e+00
1.564300600000000031e+03 -3.229582728671087200e+00
1.603717599999999948e+03 -3.228793416513596526e+00
1.608946799999999939e+03 -3.228244953332221723e+00
1.610536800000000085e+03 -3.230705053518979408e+00
1.655157999999999902e+03 -3.227359034193176601e+00
1.658172199999999975e+03 -3.229019193052690806e+00
1.671055800000000090e+03 -3.228312204951794939e+00
1.698278700000000072e+03 -3.226832819971479083e+00
1.700195500000000038e+03 -3.229403966646463786e+00
1.705006300000000010e+03 -3.224300361328283682e+00
1.750067999999999984e+03 -3.225305396900067123e+00
1.753399699999999939e+03 -3.224597198216196503e+00
1.766242500000000064e+03 -3.224735707689253772e+00
1.792713600000000042e+03 -3.225539984945931860e+00
1.793094399999999951e+03 -3.224228445610608951e+00
1.806788500000000113e+03 -3.223374484741062140e+00
1.847114700000000084e+03 -3.220900770482636233e+00
1.865233500000000049e+03 -3.221796218986621163e+00
1.874465799999999945e+03 -3.221628708499616689e+00
1.906295100000000048e+03 -3.228823173902492183e+00
1.912441800000000057e+03 -3.226498570761235918e+00
1.922509199999999964e+03 -3.223658287518707866e+00
1.924300300000000107e+03 -3.219119032684444548e+00
1.959161900000000060e+03 -3.220248334121771805e+00
1.968806199999999990e+03 -3.220457280916452447e+00
1.994739100000000008e+03 -3.219971496643715625e+00
2.021568299999999908e+03 -3.221968492358943337e+00
2.022684400000000096e+03 -3.222406782179429108e+00
2.046302400000000034e+03 -3.216184447177286465e+00
2.059702600000000075e+03 -3.216695022266794268e+00
2.062173699999999826e+03 -3.218585682688542615e+00
2.088851799999999912e+03 -3.217571348591826030e+00
2.100249499999999898e+03 -3.217495287838342044e+00
2.113336200000000190e+03 -3.216232113903607637e+00
2.141351999999999862e+03 -3.217455368630458779e+00
2.150523400000000038e+03 -3.220174414301349763e+00
2.160378799999999956e+03 -3.217167224288551175e+00
2.195977400000000216e+03 -3.215371188829200477e+00
2.198451300000000174e+03 -3.218427492707752080e+00
2.200277300000000196e+03 -3.211823323723300039e+00
2.243856000000000222e+03 -3.215089336167044287e+00
2.253175400000000081e+03 -3.213400683085708476e+00
2.256818699999999808e+03 -3.211322041851524034e+00
2.280319399999999860e+03 -3.210992698157114855e+00
2.289239199999999983e+03 -3.210397412614586443e+00
2.298888100000000122e+03 -3.209634009012002132e+00
2.340107399999999870e+03 -3.209012082609116412e+00
2.351834299999999985e+03 -3.206283288221725147e+00
2.359573300000000017e+03 -3.215490619431508268e+00
2.384335000000000036e+03 -3.212748107933840025e+00
2.396911999999999807e+03 -3.208367058117344683e+00
2.398121500000000196e+03 -3.204657551910235824e+00
2.423952900000000227e+03 -3.206175295829283733e+00
