1.227812100000000015e+02 1.752454661103195832e+01
1.326268399999999872e+02 1.753467789537960542e+01
1.714720000000000084e+02 1.758344188886627180e+01
1.716858300000000099e+02 1.758616171382047710e+01
1.814400599999999883e+02 1.759344494199063647e+01
2.207401900000000126e+02 1.762997404844290728e+01
2.213448799999999892e+02 1.762861947893344094e+01
2.284607300000000123e+02 1.763721046203948717e+01
2.670245499999999765e+02 1.769166802361082702e+01
2.688064299999999776e+02 1.769210309383268864e+01
2.781469000000000165e+02 1.770622226745369332e+01
3.169458399999999756e+02 1.776506309790352134e+01
3.194356000000000222e+02 1.776448860166903998e+01
3.272972500000000196e+02 1.776906981477712222e+01
3.675449300000000221e+02 1.783821188683085524e+01
3.689589300000000094e+02 1.783882709139018985e+01
3.775226700000000051e+02 1.786004935884388445e+01
4.183743400000000179e+02 1.791293914105434482e+01
4.195608899999999721e+02 1.791167820069204097e+01
4.250330099999999902e+02 1.794997608385914845e+01
4.648222499999999968e+02 1.802522644005698993e+01
4.667334000000000174e+02 1.802607622633828655e+01
4.754682300000000055e+02 1.802486769794423083e+01
5.170231400000000122e+02 1.812160645226948930e+01
5.192349799999999505e+02 1.812255902707103772e+01
5.253269599999999855e+02 1.812889171585589310e+01
5.658729600000000346e+02 1.822065031548951453e+01
5.678979100000000244e+02 1.822064471809484942e+01
5.711199199999999792e+02 1.824025849786281128e+01
6.197186599999999999e+02 1.829245318542641741e+01
6.208084800000000314e+02 1.838030073274984488e+01
6.210601199999999835e+02 1.829439446366782107e+01
6.649640600000000177e+02 1.841972878078567177e+01
6.651029399999999896e+02 1.841869835131284461e+01
6.688352499999999736e+02 1.847664919601058386e+01
7.128900399999999991e+02 1.851091542845512095e+01
7.145606599999999844e+02 1.851241400366374990e+01
7.204295600000000377e+02 1.859201099124771162e+01
7.628551099999999678e+02 1.864734021982495449e+01
7.683703699999999799e+02 1.864703388968043996e+01
7.701240099999999984e+02 1.869144005699165589e+01
8.057309900000000198e+02 1.876571850193364810e+01
8.109545299999999770e+02 1.876517148381844180e+01
8.225429100000000062e+02 1.877715194382251340e+01
8.636297200000000203e+02 1.888976694484022190e+01
8.650544499999999744e+02 1.889048849989822898e+01
8.659482299999999668e+02 1.889299969468756402e+01
9.090327499999999645e+02 1.896045135355180022e+01
9.132563400000000229e+02 1.902774679421941784e+01
9.151268199999999524e+02 1.895917005902706975e+01
9.552754999999999654e+02 1.910302615509871771e+01
9.596148500000000467e+02 1.910372888255648149e+01
9.625486499999999523e+02 1.912163952778343301e+01
1.007939300000000003e+03 1.922921840016283213e+01
1.010765499999999975e+03 1.922846936698554998e+01
1.011399599999999964e+03 1.923093578261754288e+01
1.060185199999999895e+03 1.931636983513128314e+01
1.064972500000000082e+03 1.938427793608792982e+01
1.065280500000000075e+03 1.931640189293710463e+01
1.100762500000000045e+03 1.945053633217992939e+01
1.103072300000000041e+03 1.944984988805210691e+01
1.111170499999999947e+03 1.944606503154895094e+01
1.139185199999999895e+03 1.955318542641970225e+01
1.154873499999999922e+03 1.955278801139833078e+01
1.165818199999999933e+03 1.954007989008752233e+01
1.206590099999999893e+03 1.965157083248524117e+01
1.212106500000000096e+03 1.965130470181152234e+01
1.214827299999999923e+03 1.967533482597191252e+01
1.248682600000000093e+03 1.976767962548341018e+01
1.256243400000000065e+03 1.976773610828414363e+01
1.260846600000000080e+03 1.981165631996743315e+01
1.296924999999999955e+03 1.987985599430083283e+01
1.300240399999999909e+03 1.987945247303073515e+01
1.320061200000000099e+03 1.986799002646041146e+01
1.350769099999999980e+03 1.997214329330348193e+01
1.356327600000000075e+03 1.997193771626297831e+01
1.364432199999999966e+03 2.000119224506411442e+01
1.398508499999999913e+03 2.010358640341949865e+01
1.403933500000000095e+03 2.010335233055159776e+01
1.409144800000000032e+03 2.013102228780785552e+01
1.448761400000000094e+03 2.021885914919601035e+01
1.452961600000000089e+03 2.021903673926318135e+01
1.456730099999999993e+03 2.024665886423773742e+01
1.481060500000000047e+03 2.031835182169753651e+01
1.491215500000000020e+03 2.031898127417056799e+01
1.515829999999999927e+03 2.028198809281498072e+01
1.550236100000000079e+03 2.042267402808874621e+01
1.557200100000000020e+03 2.042272847547323522e+01
1.563324499999999944e+03 2.043976083859149284e+01
1.597287399999999934e+03 2.055891105231019722e+01
1.599211800000000039e+03 2.055810146549969630e+01
1.617496200000000044e+03 2.052584571544880987e+01
1.642697799999999916e+03 2.066115764298799107e+01
1.652581799999999930e+03 2.066151485853857395e+01
1.656208699999999908e+03 2.065504223488703417e+01
1.701219000000000051e+03 2.077265367392631745e+01
1.704178400000000011e+03 2.077222267453694116e+01
1.718915700000000015e+03 2.078412680643191379e+01
1.744879100000000108e+03 2.088451658864237714e+01
1.745914399999999887e+03 2.088536484836149043e+01
1.766418200000000070e+03 2.087773356401384106e+01
1.791019500000000107e+03 2.099819509464685652e+01
1.796329300000000103e+03 2.099856045186240650e+01
1.810218900000000076e+03 2.100135660492570722e+01
1.832251899999999978e+03 2.112294015876246789e+01
1.846161800000000085e+03 2.112280734785263547e+01
1.863111100000000079e+03 2.111655149603093662e+01
1.890423800000000028e+03 2.122540097699979711e+01
1.898379899999999907e+03 2.123368766537756969e+01
1.901422700000000077e+03 2.122541369835131420e+01
1.942471500000000106e+03 2.136357927946264823e+01
1.947038800000000037e+03 2.136384133930388884e+01
1.965671299999999974e+03 2.140384083044982688e+01
1.982012500000000045e+03 2.146135456950946363e+01
1.989890799999999899e+03 2.146139069814777045e+01
2.021321099999999888e+03 2.145829788316710562e+01
2.037569199999999910e+03 2.160700692041522686e+01
2.053536099999999806e+03 2.160658558925300099e+01
2.055289999999999964e+03 2.162079432118868283e+01
2.090729499999999916e+03 2.167224760838591635e+01
2.098646499999999833e+03 2.167265418278037714e+01
2.119342700000000150e+03 2.167350091593731065e+01
2.147509000000000015e+03 2.184485853857113824e+01
2.155954900000000180e+03 2.184418023610828641e+01
2.163822799999999916e+03 2.182632607368206834e+01
2.186021900000000187e+03 2.197131029920618772e+01
2.193321600000000217e+03 2.197127976796254956e+01
2.217743300000000090e+03 2.199193415428455012e+01
2.222565500000000156e+03 2.207742468959902382e+01
2.238019200000000183e+03 2.207757785467127931e+01
2.275693000000000211e+03 2.208022593120292854e+01
2.298072900000000118e+03 2.225274475880317482e+01
2.300699000000000069e+03 2.223485955627926103e+01
2.301337100000000191e+03 2.223574598005292202e+01
2.344000500000000102e+03 2.237759057602279711e+01
2.346358600000000024e+03 2.237823122328516234e+01
2.366922199999999975e+03 2.239090016283329732e+01
2.382243300000000090e+03 2.245591186647669701e+01
2.390805699999999888e+03 2.245610319560350376e+01
2.408089899999999943e+03 2.241868461225320530e+01
2.442519099999999980e+03 2.260632505597394726e+01
2.447580500000000029e+03 2.260666802361082617e+01
