1.024604999999999961e+02 -3.815610611193900326e+00
1.273409500000000065e+02 -3.815463576057347872e+00
1.516103899999999953e+02 -3.815375100074005488e+00
1.740583599999999933e+02 -3.814436132702768045e+00
2.011607999999999947e+02 -3.814995879159990722e+00
2.249858700000000056e+02 -3.814244030892706139e+00
2.502931600000000003e+02 -3.814050106489368375e+00
2.704149499999999762e+02 -3.812282063084070138e+00
2.982536499999999933e+02 -3.812561711830416922e+00
3.229372700000000123e+02 -3.812042450880871236e+00
3.477886599999999930e+02 -3.811258552453544723e+00
3.720314500000000066e+02 -3.810546913761767573e+00
3.984207900000000109e+02 -3.810263140121709746e+00
4.200716699999999832e+02 -3.808654797493980393e+00
4.483668700000000058e+02 -3.808643087486988765e+00
4.737414699999999925e+02 -3.807958524164567482e+00
5.002307400000000257e+02 -3.807302762314395572e+00
5.188585299999999734e+02 -3.805039290083633841e+00
5.436802199999999630e+02 -3.803805519436300742e+00
5.779834299999999985e+02 -3.805073185257741297e+00
5.981783000000000357e+02 -3.802173718997874818e+00
6.140731600000000299e+02 -3.799318934511543233e+00
6.434350100000000339e+02 -3.798698993491315790e+00
6.732359900000000152e+02 -3.798035085986954051e+00
6.977608699999999544e+02 -3.795503537841481645e+00
7.237169300000000476e+02 -3.794915100547887388e+00
7.491159800000000359e+02 -3.793299345315890303e+00
7.735878000000000156e+02 -3.792317788632439068e+00
7.985555900000000520e+02 -3.789319782858810992e+00
8.201712499999999864e+02 -3.787493552338800917e+00
8.514550600000000031e+02 -3.785744941946110664e+00
8.694373600000000124e+02 -3.782424204863954920e+00
8.934046499999999469e+02 -3.779524561930328375e+00
9.229432699999999841e+02 -3.778211717805373571e+00
9.383122100000000501e+02 -3.773531627932530164e+00
9.702242099999999709e+02 -3.773112168637152042e+00
9.996249900000000252e+02 -3.771095615631706810e+00
1.018714399999999955e+03 -3.768477025835183181e+00
1.049723600000000033e+03 -3.766585573096918438e+00
1.069292300000000068e+03 -3.762722987821725873e+00
1.093980399999999918e+03 -3.759604996989266201e+00
1.118302300000000059e+03 -3.758685894073722888e+00
1.143137799999999970e+03 -3.755506986075646481e+00
1.168135399999999890e+03 -3.754336094474378882e+00
1.198502400000000080e+03 -3.751620366637691273e+00
1.210112300000000005e+03 -3.747723578626727559e+00
1.240788500000000113e+03 -3.746122183680402618e+00
1.268798299999999927e+03 -3.744051754171576984e+00
1.297316900000000032e+03 -3.740288516014189213e+00
1.314599999999999909e+03 -3.738366403045122688e+00
1.339339699999999993e+03 -3.734745519395433089e+00
1.371801400000000058e+03 -3.733463334380456189e+00
1.388271700000000010e+03 -3.729602366529089164e+00
1.426144299999999930e+03 -3.731748673081456413e+00
1.449290299999999888e+03 -3.727445381204960828e+00
1.468707000000000107e+03 -3.725175548532341008e+00
1.509377899999999954e+03 -3.722585470816854425e+00
1.511408500000000004e+03 -3.719233716682966318e+00
1.549416400000000067e+03 -3.712220109873790364e+00
1.555463600000000042e+03 -3.719130368166050360e+00
1.585858500000000049e+03 -3.710659182568712300e+00
1.616612900000000081e+03 -3.711891661522259245e+00
1.638947300000000041e+03 -3.706904506444712588e+00
1.647429599999999937e+03 -3.700066716854371496e+00
1.696943800000000010e+03 -3.704427676965797556e+00
1.719867899999999963e+03 -3.701286895361104001e+00
1.750601200000000063e+03 -3.699281373238851423e+00
1.780007499999999936e+03 -3.697345323184328958e+00
1.800326800000000048e+03 -3.698476040025903355e+00
1.804858500000000049e+03 -3.690194898125159551e+00
1.859589799999999968e+03 -3.688791871279393675e+00
1.863853100000000040e+03 -3.690533496105459221e+00
1.884546900000000051e+03 -3.683689076688777320e+00
1.915255200000000059e+03 -3.683872847725933486e+00
1.937245400000000018e+03 -3.681711731467579796e+00
1.959537399999999934e+03 -3.677157081459752952e+00
2.007986100000000079e+03 -3.678069578227515901e+00
2.017304000000000087e+03 -3.678404758819604492e+00
2.051649699999999939e+03 -3.676568001051021994e+00
2.074185800000000199e+03 -3.671718731348340814e+00
2.077471500000000106e+03 -3.667338707917392249e+00
2.119704999999999927e+03 -3.665435516269434313e+00
2.122315000000000055e+03 -3.668228510915620522e+00
2.166435199999999895e+03 -3.664778619360065992e+00
2.187107700000000023e+03 -3.663585318749192243e+00
2.221459100000000035e+03 -3.662562979791394113e+00
2.253143199999999979e+03 -3.655333636986039192e+00
2.271775999999999840e+03 -3.659280446302733303e+00
2.302231499999999869e+03 -3.655779282802640751e+00
2.310102199999999812e+03 -3.654772747386088039e+00
2.362273299999999836e+03 -3.649309272483589606e+00
2.374099799999999959e+03 -3.658935353485566644e+00
2.400317599999999857e+03 -3.649245896071846573e+00
2.420706999999999880e+03 -3.642617155268954576e+00
2.447543900000000122e+03 -3.642022563325726825e+00
