1.018405999999999949e+02 2.338846580500712591e+01
1.277154299999999978e+02 2.339662935070222005e+01
1.493763500000000022e+02 2.340447995115001234e+01
1.754350699999999961e+02 2.341600244249949370e+01
2.010732600000000048e+02 2.342581569305923139e+01
2.248931699999999978e+02 2.343332943211886743e+01
2.473140999999999963e+02 2.344189700793812037e+01
2.747922800000000052e+02 2.345723539588846052e+01
2.995585800000000063e+02 2.347009668227152446e+01
3.225813999999999737e+02 2.348364390392835332e+01
3.500521400000000085e+02 2.347915530225931136e+01
3.716227999999999838e+02 2.349110472216568368e+01
3.970167799999999829e+02 2.352201964176673954e+01
4.223860999999999990e+02 2.349976592713209911e+01
4.459682399999999802e+02 2.353969519641766794e+01
4.691928599999999960e+02 2.353995318542641968e+01
4.955903599999999756e+02 2.355973641359658188e+01
5.201113199999999779e+02 2.356979544066761534e+01
5.451552900000000363e+02 2.357435884388357294e+01
5.706322900000000118e+02 2.359551953999593010e+01
5.939987200000000485e+02 2.360829635660492443e+01
6.185731600000000299e+02 2.362633065336861549e+01
6.471444000000000187e+02 2.363286688377773004e+01
6.676377499999999827e+02 2.364976389171585325e+01
6.979558500000000549e+02 2.366280480358233262e+01
7.126583399999999529e+02 2.367034602076124727e+01
7.485377099999999473e+02 2.368984581721962002e+01
7.675447400000000471e+02 2.369356961123549965e+01
7.972747000000000526e+02 2.370084317117850503e+01
8.181635700000000497e+02 2.372564726236515398e+01
8.513255100000000084e+02 2.373201353551801418e+01
8.720410200000000032e+02 2.376471300630979044e+01
8.999078500000000531e+02 2.377565693059230867e+01
9.121589800000000423e+02 2.381201964176674224e+01
9.485180100000000039e+02 2.377562741705678917e+01
9.614551599999999780e+02 2.381146295542438551e+01
9.963262300000000096e+02 2.382680592306126499e+01
1.019277900000000045e+03 2.384107673519234893e+01
1.034422199999999975e+03 2.387001730103806452e+01
1.067187300000000050e+03 2.389512619580704467e+01
1.094386799999999994e+03 2.389319713006309698e+01
1.120630499999999984e+03 2.391414156319967432e+01
1.149070099999999911e+03 2.395687665377569431e+01
1.169907799999999952e+03 2.391274730307347696e+01
1.185315800000000081e+03 2.399370445756157366e+01
1.216914500000000089e+03 2.396527732546305600e+01
1.243169799999999896e+03 2.401675249338489593e+01
1.262873499999999922e+03 2.400612100549562200e+01
1.294959200000000010e+03 2.404773865255444676e+01
1.325922299999999950e+03 2.406149806635457011e+01
1.342786499999999933e+03 2.408688937512721395e+01
1.364365299999999934e+03 2.409914359861591748e+01
1.391385999999999967e+03 2.412655658457154573e+01
1.413409100000000080e+03 2.411985141461428839e+01
1.438153999999999996e+03 2.415998676979442195e+01
1.471598500000000058e+03 2.417433798086709018e+01
1.487583800000000110e+03 2.419342407897415015e+01
1.525025900000000092e+03 2.420435477305108662e+01
1.546600500000000011e+03 2.424652656218196611e+01
1.548481800000000021e+03 2.423935019336454388e+01
1.600579500000000053e+03 2.427641715855892812e+01
1.616443099999999959e+03 2.429560553633217879e+01
1.639636299999999892e+03 2.431755750050885467e+01
1.678042200000000093e+03 2.431378078567066936e+01
1.685612200000000030e+03 2.432789334418888672e+01
1.717511099999999942e+03 2.433598412375330966e+01
1.751659799999999905e+03 2.439149246895990331e+01
1.755177400000000034e+03 2.444466670059027180e+01
1.807564900000000080e+03 2.445544982698961789e+01
1.822030500000000075e+03 2.446723336047221764e+01
1.860894199999999955e+03 2.451098972114797192e+01
1.861393600000000106e+03 2.450259719112558443e+01
1.883226400000000012e+03 2.453864085080398993e+01
1.920252400000000080e+03 2.455261703643395066e+01
1.960703899999999976e+03 2.457411204966415852e+01
1.965830699999999979e+03 2.457633167107673700e+01
1.995869799999999941e+03 2.459403165072257025e+01
2.000117400000000089e+03 2.463005953592509556e+01
2.046936400000000049e+03 2.466645328719723196e+01
2.075375799999999799e+03 2.465154691634439388e+01
2.101150000000000091e+03 2.468087879096275117e+01
2.114153600000000097e+03 2.471758192550376521e+01
2.129482199999999921e+03 2.471523509057602297e+01
2.156472800000000007e+03 2.472141105231019509e+01
2.201779799999999796e+03 2.478362304091186630e+01
2.215135299999999916e+03 2.479575361286383028e+01
2.246871299999999792e+03 2.480604773051089040e+01
2.257145500000000084e+03 2.480788367596173671e+01
2.280041200000000117e+03 2.483774526765723678e+01
2.306408699999999953e+03 2.486843832688784772e+01
2.350231600000000071e+03 2.492803175249338565e+01
2.356914600000000064e+03 2.496426725015265902e+01
2.415090999999999894e+03 2.500470181152045868e+01
2.421232300000000123e+03 2.500283380826379087e+01
2.429748000000000047e+03 2.505696315896600979e+01
