1.031922100000000029e+02 1.724448809281497930e+01
1.272016500000000008e+02 1.728053378790962569e+01
1.499932900000000018e+02 1.732038622023203800e+01
1.752643999999999949e+02 1.735571697537146463e+01
2.005166299999999922e+02 1.739184306940769531e+01
2.240788200000000074e+02 1.743793252595155607e+01
2.495570099999999911e+02 1.746939242825157734e+01
2.747145100000000184e+02 1.751414359861591663e+01
3.018704799999999864e+02 1.757649704864644846e+01
3.260518099999999890e+02 1.759911052310197377e+01
3.495279199999999946e+02 1.765406523509057735e+01
3.735586400000000253e+02 1.770183594545084205e+01
4.015278000000000134e+02 1.776276460411153835e+01
4.166730200000000082e+02 1.782567372277630824e+01
4.508298300000000154e+02 1.787599786281294456e+01
4.726839299999999753e+02 1.793743181355587168e+01
5.001732499999999959e+02 1.799227457765113058e+01
5.199195499999999583e+02 1.805917056788113229e+01
5.478600599999999758e+02 1.812668125381640394e+01
5.688220599999999649e+02 1.817572511703643201e+01
5.964128500000000486e+02 1.824994300834520544e+01
6.227195299999999634e+02 1.830517402808874650e+01
6.503877599999999575e+02 1.838017911662935333e+01
6.734101399999999558e+02 1.843966771829839146e+01
6.939721700000000055e+02 1.848156065540403148e+01
7.131077699999999595e+02 1.857925198453083837e+01
7.474491699999999810e+02 1.863115255444738239e+01
7.690829800000000205e+02 1.871604569509464611e+01
8.030637199999999893e+02 1.877522236922450460e+01
8.165349999999999682e+02 1.885383675961734085e+01
8.448434600000000501e+02 1.892212395684917681e+01
8.724912500000000364e+02 1.896175503765519821e+01
8.956068999999999960e+02 1.904829584775086460e+01
9.233896999999999480e+02 1.909241451251780930e+01
9.404991300000000365e+02 1.916477457765113002e+01
9.709306500000000142e+02 1.923415377569713058e+01
9.955350499999999556e+02 1.929365560757174691e+01
1.018847399999999993e+03 1.934346529615306309e+01
1.047856800000000021e+03 1.941682933034805814e+01
1.070328800000000001e+03 1.946244758803175401e+01
1.094726300000000037e+03 1.953741247710156514e+01
1.121785800000000108e+03 1.961306228373702609e+01
1.152735300000000052e+03 1.966339456543863307e+01
1.155737100000000055e+03 1.974950335843680094e+01
1.204516000000000076e+03 1.981017911662935305e+01
1.224299400000000105e+03 1.987171890901689508e+01
1.248883900000000040e+03 1.996313352330551538e+01
1.264447200000000066e+03 2.004713515163851056e+01
1.295820400000000063e+03 2.011577702015062030e+01
1.314315399999999954e+03 2.015955068186444166e+01
1.343778900000000021e+03 2.021208731935680802e+01
1.373073399999999992e+03 2.030217585996336283e+01
1.391075000000000045e+03 2.035457714227559478e+01
1.419984600000000000e+03 2.043887288825564852e+01
1.439703600000000051e+03 2.052207103602686544e+01
1.476352399999999989e+03 2.060051190718501957e+01
1.481394500000000107e+03 2.063433238347242238e+01
1.499194799999999987e+03 2.071294626501119396e+01
1.551883599999999888e+03 2.077600498676979512e+01
1.566446099999999888e+03 2.081624669244860470e+01
1.607025399999999991e+03 2.092861744351720077e+01
1.612805800000000090e+03 2.094111439039283695e+01
1.641417200000000093e+03 2.103811418685121026e+01
1.660685899999999947e+03 2.109202727457765292e+01
1.705693999999999960e+03 2.122661510278852148e+01
1.710651599999999917e+03 2.124507581925503530e+01
1.746473199999999906e+03 2.133484632607368425e+01
1.767088500000000067e+03 2.139756309790352162e+01
1.799669200000000046e+03 2.143473132505597434e+01
1.811490500000000111e+03 2.150900417260329789e+01
1.846525100000000066e+03 2.158837370242214249e+01
1.868244699999999966e+03 2.167466161204966468e+01
1.898135099999999966e+03 2.172481121514349667e+01
1.908260299999999916e+03 2.182987838387950319e+01
1.961186400000000049e+03 2.192255190311418644e+01
1.961347800000000007e+03 2.186124821901078619e+01
1.992572200000000066e+03 2.201741044168532468e+01
2.013568199999999933e+03 2.210844901282312236e+01
2.056034200000000055e+03 2.210339100346021013e+01
2.059142800000000079e+03 2.226138153877467829e+01
2.102512099999999919e+03 2.225248371667005998e+01
2.110782799999999952e+03 2.231693822511703473e+01
2.150407999999999902e+03 2.238758294321188913e+01
2.163932400000000143e+03 2.250531803378790840e+01
2.203680100000000039e+03 2.262399399552208479e+01
2.205497699999999895e+03 2.251700641156116589e+01
2.257447000000000116e+03 2.271305515978017553e+01
2.269059499999999844e+03 2.272745064115611413e+01
2.296982199999999921e+03 2.285359454508446930e+01
2.317258800000000065e+03 2.292460665581111456e+01
2.354559499999999844e+03 2.291565794830042790e+01
2.366240200000000186e+03 2.309013179320171005e+01
2.402342999999999847e+03 2.303583859149195945e+01
2.417165300000000116e+03 2.321877518827600184e+01
2.438601599999999962e+03 2.318128892733563973e+01
