1.023913299999999964e+02 3.272389171585589196e+01
1.262776700000000005e+02 3.273448402198249596e+01
1.499244199999999978e+02 3.277069560350091137e+01
1.745791700000000048e+02 3.279075208630165150e+01
1.989283700000000010e+02 3.281653114186850928e+01
2.232756500000000131e+02 3.283573529411764724e+01
2.479259700000000066e+02 3.286976999796458188e+01
2.732551599999999894e+02 3.287485548544677272e+01
2.983263799999999719e+02 3.294227254223488899e+01
3.220729600000000232e+02 3.294044575615713200e+01
3.462838699999999790e+02 3.297162578872379157e+01
3.716245799999999804e+02 3.299459902300020531e+01
3.998278500000000122e+02 3.302237838387950575e+01
4.220107699999999795e+02 3.304685121107266355e+01
4.461666200000000231e+02 3.309257327498473700e+01
4.703831999999999880e+02 3.309956136779971558e+01
4.978272799999999734e+02 3.313661255851821608e+01
5.184066500000000133e+02 3.316230205577041090e+01
5.463938699999999926e+02 3.319492316303684021e+01
5.694229500000000144e+02 3.321936240586200029e+01
5.952717800000000352e+02 3.323337421127620672e+01
6.162376699999999801e+02 3.327520506818644463e+01
6.426807599999999638e+02 3.328147007938122925e+01
6.626278800000000047e+02 3.338772338693262753e+01
7.047371399999999539e+02 3.332627264400569800e+01
7.150520299999999452e+02 3.345043914105434624e+01
7.538185799999999972e+02 3.337117290860981456e+01
7.674812500000000455e+02 3.349604722165682347e+01
7.973901799999999866e+02 3.343715601465499532e+01
8.165906999999999698e+02 3.356892784449419764e+01
8.429951800000000048e+02 3.349943669855485950e+01
8.667825500000000147e+02 3.362107520863016674e+01
9.021500499999999647e+02 3.360272542234886828e+01
9.202885099999999738e+02 3.365331416649705432e+01
9.464064399999999750e+02 3.368939853450030597e+01
9.718061500000000024e+02 3.370450183187461590e+01
9.922029899999999998e+02 3.376755444738449086e+01
1.018349799999999959e+03 3.374017809892122699e+01
1.046894299999999930e+03 3.380583452065947370e+01
1.074888999999999896e+03 3.385880012212497547e+01
1.086192900000000009e+03 3.388576786077752701e+01
1.120774699999999939e+03 3.391817219621412960e+01
1.148152000000000044e+03 3.397441380012212875e+01
1.166604900000000043e+03 3.398419143089761718e+01
1.203088400000000092e+03 3.401028037858742437e+01
1.209357899999999972e+03 3.404927488296356586e+01
1.234402399999999943e+03 3.409450742926928513e+01
1.268803200000000061e+03 3.411430286993690686e+01
1.298525200000000041e+03 3.415534093222063916e+01
1.319737499999999955e+03 3.420523712599226229e+01
1.355398100000000113e+03 3.425775188276002581e+01
1.364891300000000001e+03 3.426162426216161094e+01
1.379422900000000027e+03 3.428216466517402949e+01
1.422546700000000101e+03 3.431097191125584800e+01
1.449011299999999892e+03 3.437162273559943060e+01
1.467868999999999915e+03 3.441524068797069447e+01
1.496325800000000072e+03 3.446481935680846931e+01
1.528393800000000056e+03 3.448741298595562910e+01
1.551964600000000019e+03 3.452512823122328456e+01
1.565213700000000017e+03 3.450972165682882320e+01
1.595591300000000047e+03 3.456437410950539402e+01
1.612903700000000072e+03 3.458069000610624499e+01
1.650451900000000023e+03 3.463672501526562542e+01
1.664982899999999972e+03 3.462099531854264711e+01
1.701439399999999978e+03 3.471407693873397449e+01
1.704910300000000007e+03 3.474442753918176408e+01
1.751643399999999929e+03 3.479567932017096865e+01
1.755264599999999973e+03 3.483756665988194356e+01
1.786499000000000024e+03 3.491650417260329675e+01
1.808365500000000111e+03 3.493329686545898483e+01
1.844219200000000001e+03 3.496827905556686034e+01
1.856610899999999901e+03 3.500790453897821664e+01
1.894285100000000057e+03 3.505364746590677782e+01
1.907748299999999972e+03 3.509759057602279597e+01
1.947662800000000061e+03 3.515993435782617382e+01
1.966820300000000088e+03 3.521571137797679540e+01
2.001173800000000028e+03 3.530247710156726981e+01
2.010807900000000018e+03 3.526627366171382505e+01
2.039074900000000071e+03 3.534119936902096271e+01
2.065043000000000120e+03 3.541816812538164072e+01
2.088586499999999887e+03 3.542545440667616674e+01
2.134796800000000076e+03 3.553548849989822855e+01
2.139516399999999976e+03 3.549496997761042394e+01
2.181011199999999917e+03 3.557326938733971389e+01
2.205911399999999958e+03 3.553971605943415568e+01
2.218642100000000028e+03 3.561313962955424728e+01
2.250675200000000132e+03 3.563283177284754544e+01
2.253626000000000204e+03 3.557734887034398952e+01
2.309925499999999829e+03 3.567297272542234765e+01
2.328429999999999836e+03 3.575275442703032525e+01
2.353100899999999911e+03 3.574910289029106281e+01
2.364321600000000217e+03 3.584360981070629038e+01
2.396047599999999875e+03 3.586920415224913228e+01
2.415329699999999775e+03 3.583858538571137586e+01
2.439238600000000133e+03 3.604495115001017780e+01
