1.215351500000000016e+02 -6.225068248387261249e+00
1.315251199999999869e+02 -6.224972755601345220e+00
1.692477199999999868e+02 -6.224718183617799383e+00
1.708163099999999872e+02 -6.225242258357990721e+00
1.797408800000000042e+02 -6.224752266610831697e+00
2.157886499999999899e+02 -6.223925291715476149e+00
2.185020199999999875e+02 -6.224724960714667077e+00
2.279683200000000056e+02 -6.224381123206538469e+00
2.657352900000000204e+02 -6.223876470764179381e+00
2.660849299999999857e+02 -6.224058453396079216e+00
2.764792600000000107e+02 -6.223939264497281521e+00
3.167604699999999980e+02 -6.223885122359147815e+00
3.175662300000000187e+02 -6.223992674257014635e+00
3.242224199999999996e+02 -6.222973252773471131e+00
3.645527799999999843e+02 -6.222747611718909333e+00
3.649048199999999724e+02 -6.222922581987681667e+00
3.725537800000000175e+02 -6.222091116016008172e+00
4.107268399999999815e+02 -6.221037059601491670e+00
4.120347399999999993e+02 -6.221438784548054990e+00
4.190700100000000248e+02 -6.220312803459232320e+00
4.598475500000000125e+02 -6.220180886612968862e+00
4.609495900000000006e+02 -6.220405232260264761e+00
4.705551100000000133e+02 -6.220064819233986242e+00
5.094134399999999800e+02 -6.218908557878210175e+00
5.121353299999999535e+02 -6.219671756558414089e+00
5.183449399999999514e+02 -6.218471243080085920e+00
5.600037800000000061e+02 -6.217860870393433714e+00
5.636397399999999607e+02 -6.218864954053405114e+00
5.719491500000000315e+02 -6.218103983305680593e+00
6.096454099999999698e+02 -6.216332831909769041e+00
6.108667599999999993e+02 -6.216706075709479862e+00
6.261194100000000162e+02 -6.217666795749988040e+00
6.602979500000000144e+02 -6.215051885873611681e+00
6.615262199999999666e+02 -6.215305811364657096e+00
6.686965400000000272e+02 -6.214019343430253528e+00
7.057948800000000347e+02 -6.212025940220284426e+00
7.061393500000000358e+02 -6.212080390497212612e+00
7.159081099999999651e+02 -6.211600008507164539e+00
7.626046599999999671e+02 -6.211157748450079730e+00
7.646147200000000339e+02 -6.211751681671220382e+00
7.681803200000000516e+02 -6.209256505241449453e+00
8.123179599999999709e+02 -6.208924138759979172e+00
8.126794499999999744e+02 -6.209089848398497757e+00
8.165065200000000232e+02 -6.206990478038455272e+00
8.539277299999999968e+02 -6.203743274680102004e+00
8.582262299999999868e+02 -6.204886071460698815e+00
8.708999700000000530e+02 -6.204941948222301384e+00
9.137805299999999988e+02 -6.203833247981823895e+00
9.156409999999999627e+02 -6.204396142020686788e+00
9.184193500000000085e+02 -6.201758508279834992e+00
9.585595499999999447e+02 -6.198529809257272483e+00
9.597726199999999608e+02 -6.198891753139045058e+00
9.747884000000000242e+02 -6.199843649536955326e+00
1.006515300000000025e+03 -6.194915723510716177e+00
1.009397600000000011e+03 -6.195703090331461382e+00
1.020014999999999986e+03 -6.194697645186248103e+00
1.063913800000000037e+03 -6.193403370976412248e+00
1.065263599999999997e+03 -6.193834755507407586e+00
1.066382800000000088e+03 -6.190487819872116049e+00
1.119333800000000110e+03 -6.189923705334617665e+00
1.121528999999999996e+03 -6.190603156132199025e+00
1.126005699999999933e+03 -6.188390840619158340e+00
1.166115000000000009e+03 -6.181641024896642911e+00
1.166712199999999939e+03 -6.185092787299344863e+00
1.169157600000000002e+03 -6.185621165656439935e+00
1.208164299999999912e+03 -6.177666297740596058e+00
1.213246900000000096e+03 -6.179035716122690758e+00
1.224601200000000063e+03 -6.178391749262799770e+00
1.249763300000000072e+03 -6.171143854367714177e+00
1.253536599999999908e+03 -6.172125942643132746e+00
1.267171199999999999e+03 -6.171859795442501628e+00
1.311909100000000080e+03 -6.166588470120387022e+00
1.313948300000000017e+03 -6.170027306853889115e+00
1.317016800000000103e+03 -6.170905044968725051e+00
1.351439699999999903e+03 -6.162560512390811596e+00
1.356540299999999888e+03 -6.163853676335624421e+00
1.370072599999999966e+03 -6.163310726350459845e+00
1.402496900000000096e+03 -6.158746279570593174e+00
1.402987599999999929e+03 -6.158889927473940595e+00
1.421548299999999927e+03 -6.159464240391416823e+00
1.454928300000000036e+03 -6.154375947186688123e+00
1.457078400000000101e+03 -6.154969446043517145e+00
1.468080500000000029e+03 -6.154234428471676566e+00
1.507771600000000035e+03 -6.150057142914749697e+00
1.510266800000000103e+03 -6.146825242703553904e+00
1.518239100000000008e+03 -6.152680256850320717e+00
1.562728800000000092e+03 -6.147592578814331077e+00
1.562944799999999987e+03 -6.144015709975655604e+00
1.563627999999999929e+03 -6.147901876879663163e+00
1.588988100000000031e+03 -6.136698452052959496e+00
1.592703400000000101e+03 -6.137606519102620339e+00
1.614975699999999961e+03 -6.139085907129849140e+00
1.657288800000000037e+03 -6.136629102744603159e+00
1.659766499999999951e+03 -6.137218243263006912e+00
1.666482400000000098e+03 -6.134531477624642903e+00
1.693376500000000078e+03 -6.129556089873457125e+00
1.695142499999999927e+03 -6.129984140205354315e+00
1.718619200000000092e+03 -6.132620096205733340e+00
1.737415600000000040e+03 -6.122854874120024604e+00
1.747856199999999944e+03 -6.125504618238045929e+00
1.762324800000000096e+03 -6.124814447087277181e+00
1.806282799999999952e+03 -6.118292245015060971e+00
1.809428200000000061e+03 -6.123010848452359767e+00
1.813338600000000042e+03 -6.124082827191791978e+00
1.829156500000000051e+03 -6.110981961383302519e+00
1.832719100000000026e+03 -6.111997611266388297e+00
1.857006000000000085e+03 -6.114324497809230152e+00
1.902600200000000086e+03 -6.112504748662233034e+00
1.905400300000000016e+03 -6.110135306424698598e+00
1.912040799999999990e+03 -6.114981969207504697e+00
1.948125399999999900e+03 -6.107783994533840577e+00
1.949718699999999899e+03 -6.108188770348000673e+00
1.950805699999999888e+03 -6.104484436486030674e+00
2.008672900000000027e+03 -6.107724841893160672e+00
2.010540199999999913e+03 -6.103169920918747771e+00
2.015278099999999995e+03 -6.109493988937426678e+00
2.040465999999999894e+03 -6.098249100106756693e+00
2.046168300000000045e+03 -6.099689673815844593e+00
2.055465200000000095e+03 -6.098801839493507515e+00
2.086706099999999878e+03 -6.094480513784778175e+00
2.093702299999999923e+03 -6.096237267657937053e+00
2.105489900000000034e+03 -6.095079426980008819e+00
2.159836299999999937e+03 -6.096000109743516582e+00
2.160534900000000107e+03 -6.096244318509525861e+00
2.161720600000000104e+03 -6.092151802211261291e+00
2.179284500000000207e+03 -6.084241778884829088e+00
2.188048999999999978e+03 -6.086414456334160228e+00
2.191502300000000105e+03 -6.082888314473178681e+00
2.254899600000000191e+03 -6.087166034348303612e+00
2.262495600000000195e+03 -6.089175039588466731e+00
2.282331000000000131e+03 -6.090397430475914753e+00
2.289130299999999806e+03 -6.078386102865904306e+00
2.294681700000000092e+03 -6.079855343510789822e+00
2.306629199999999855e+03 -6.079141343728291069e+00
2.353746999999999844e+03 -6.073838007572449627e+00
2.358895799999999781e+03 -6.075946095030530181e+00
2.361842099999999846e+03 -6.076641112356472085e+00
2.395742400000000089e+03 -6.070840085049405310e+00
2.410489500000000135e+03 -6.072604875259340673e+00
2.417225500000000011e+03 -6.074411907540189226e+00
2.431055499999999938e+03 -6.066603663690737669e+00
2.439829400000000078e+03 -6.068792510286850295e+00
