9.989426000000000272e+01 -3.333088241408241892e+00
1.002025900000000007e+02 -3.333155738354328435e+00
1.271678899999999999e+02 -3.332906267906597719e+00
1.501065499999999986e+02 -3.332671601257539251e+00
1.515136400000000094e+02 -3.332956896740141062e+00
1.737751199999999869e+02 -3.332043959798523858e+00
2.011089000000000055e+02 -3.332471826926846070e+00
2.030819600000000094e+02 -3.332659136087823715e+00
2.248104199999999935e+02 -3.332066473289713393e+00
2.490250599999999963e+02 -3.331472175621953191e+00
2.507129899999999907e+02 -3.331856992215607161e+00
2.726132000000000062e+02 -3.330793464590047659e+00
2.974649000000000001e+02 -3.330274148644620791e+00
3.006184000000000083e+02 -3.330761383850154189e+00
3.232445700000000102e+02 -3.329153443000667956e+00
3.493173699999999826e+02 -3.328405891610686673e+00
3.497176600000000235e+02 -3.328490496059409942e+00
3.736199599999999919e+02 -3.326414373512664113e+00
3.994992399999999861e+02 -3.325820233203343079e+00
4.034597299999999791e+02 -3.325934725625940835e+00
4.210801599999999780e+02 -3.321259446696605000e+00
4.509808199999999943e+02 -3.320993687858360577e+00
4.512543200000000070e+02 -3.320369501948241098e+00
4.705270199999999932e+02 -3.316354575524946835e+00
4.982325700000000097e+02 -3.315223402996743562e+00
5.002831600000000094e+02 -3.315842672568366734e+00
5.241027100000000019e+02 -3.313632039241467098e+00
5.480371499999999969e+02 -3.311351931610490684e+00
5.533772099999999909e+02 -3.312433084591861476e+00
5.718580399999999599e+02 -3.307601648771101743e+00
6.026296399999999949e+02 -3.306427063988231385e+00
6.040052200000000084e+02 -3.306696987780838981e+00
6.212396400000000085e+02 -3.303353273168647242e+00
6.406435999999999922e+02 -3.300022188474877272e+00
6.456815800000000536e+02 -3.301105595818315308e+00
6.730956499999999778e+02 -3.300063785966470764e+00
6.976943999999999733e+02 -3.297236354023130644e+00
7.028281500000000506e+02 -3.298627188248946851e+00
7.216470900000000483e+02 -3.296562836963436549e+00
7.384449600000000373e+02 -3.293642648550307417e+00
7.508257399999999961e+02 -3.294959141853461837e+00
7.662113200000000006e+02 -3.291110648683718054e+00
8.001993499999999813e+02 -3.291340442993238469e+00
8.011219200000000455e+02 -3.291846501170777373e+00
8.151626099999999724e+02 -3.287900530702242641e+00
8.480555500000000393e+02 -3.287305140213800048e+00
8.484713199999999915e+02 -3.286818283493519566e+00
8.676184799999999768e+02 -3.285497138996216648e+00
8.980052399999999579e+02 -3.285129080066563567e+00
8.987167699999999968e+02 -3.286071980568881834e+00
9.154778999999999769e+02 -3.281756786297943762e+00
9.471345199999999522e+02 -3.281703832139762689e+00
9.590666599999999562e+02 -3.281055421841551301e+00
9.622684299999999666e+02 -3.278655125626010580e+00
9.964094900000000052e+02 -3.278611027135841294e+00
1.002308400000000006e+03 -3.279195090768682430e+00
1.027765000000000100e+03 -3.279157209490156877e+00
1.048328400000000101e+03 -3.275631155201909284e+00
1.049217699999999923e+03 -3.274802691396225374e+00
1.063134000000000015e+03 -3.272947146579422206e+00
1.098991099999999960e+03 -3.273803527769549859e+00
1.099174700000000030e+03 -3.273308044742123002e+00
1.110529700000000048e+03 -3.270894667964832525e+00
1.139420599999999922e+03 -3.270088199871540091e+00
1.145635199999999941e+03 -3.270962912902570796e+00
1.170979499999999916e+03 -3.271350610056054098e+00
1.194310099999999920e+03 -3.268644348913237074e+00
1.202656700000000001e+03 -3.269111392683762940e+00
1.214627400000000080e+03 -3.267756229968810100e+00
1.252954600000000028e+03 -3.265705587862323345e+00
1.256559400000000096e+03 -3.263926020682678342e+00
1.262078600000000051e+03 -3.268367905844625998e+00
1.297502999999999929e+03 -3.264914277698910183e+00
1.303837399999999889e+03 -3.266122271612474481e+00
1.320311300000000074e+03 -3.265655069767606555e+00
1.356227599999999939e+03 -3.263525483201195065e+00
1.356289199999999937e+03 -3.259313797606258500e+00
1.359844399999999951e+03 -3.265688871710488606e+00
1.397026000000000067e+03 -3.261349803777974010e+00
1.406140499999999975e+03 -3.262382197878947565e+00
1.411864000000000033e+03 -3.259850540017962039e+00
1.451101300000000037e+03 -3.260422363935409518e+00
1.457907500000000027e+03 -3.260895722616332648e+00
1.460523999999999887e+03 -3.258471793937469663e+00
1.487568600000000060e+03 -3.256061417645899514e+00
1.495436899999999923e+03 -3.257055788343746983e+00
1.517958900000000085e+03 -3.257017192663616001e+00
1.537030099999999948e+03 -3.252151120947211371e+00
1.555859699999999975e+03 -3.257650791512833433e+00
1.563929599999999937e+03 -3.256350037813344311e+00
1.593339400000000069e+03 -3.254533913543290247e+00
1.606752300000000105e+03 -3.256689742118564546e+00
1.612042599999999993e+03 -3.253647966015944526e+00
1.648671299999999974e+03 -3.253015850477849913e+00
1.649750399999999900e+03 -3.256081405918612948e+00
1.661981999999999971e+03 -3.254082211300309613e+00
1.702213899999999967e+03 -3.251538525290630588e+00
1.709860200000000077e+03 -3.251131824536113157e+00
1.710043799999999919e+03 -3.250565916106691766e+00
1.737553200000000061e+03 -3.247097041208128587e+00
1.739502799999999979e+03 -3.247428804523182944e+00
1.757516499999999951e+03 -3.248878143036594945e+00
1.800463299999999890e+03 -3.251757511588026617e+00
1.801237800000000107e+03 -3.251921759275458790e+00
1.815207599999999957e+03 -3.249302312727481379e+00
1.841720800000000054e+03 -3.249156248351749987e+00
1.860967300000000023e+03 -3.247929429634989873e+00
1.862602599999999939e+03 -3.252697292066113910e+00
1.892562699999999950e+03 -3.246705244857855277e+00
1.899655099999999948e+03 -3.244592608220064456e+00
1.901281600000000026e+03 -3.244217243101187975e+00
1.925134999999999991e+03 -3.242200227353444042e+00
1.959081200000000081e+03 -3.248935033136456596e+00
1.963364900000000034e+03 -3.245600820431397526e+00
1.979251400000000103e+03 -3.242486089251498171e+00
1.998088899999999967e+03 -3.240257443891142675e+00
2.016259800000000041e+03 -3.245433764091261608e+00
2.043788500000000113e+03 -3.242030025176911412e+00
2.046671499999999924e+03 -3.239748877663404691e+00
2.080834699999999884e+03 -3.247230602539416644e+00
2.100931799999999839e+03 -3.244344482811251318e+00
2.103043000000000120e+03 -3.238758985695483261e+00
2.105913599999999860e+03 -3.244779690544467243e+00
2.126216399999999794e+03 -3.236075590209741115e+00
2.167999899999999798e+03 -3.241510878362146464e+00
2.177879500000000007e+03 -3.246573296861697600e+00
2.198150000000000091e+03 -3.242239840838287090e+00
2.205378999999999905e+03 -3.243024109715567427e+00
2.208375000000000000e+03 -3.236723935586827139e+00
2.224421600000000126e+03 -3.234983078687591274e+00
2.241535300000000007e+03 -3.241692727096866289e+00
2.255138600000000224e+03 -3.236618060785671602e+00
2.298682099999999991e+03 -3.237028596369531552e+00
2.302124600000000100e+03 -3.236192721724144850e+00
2.324989300000000185e+03 -3.241894359326903619e+00
2.352774100000000089e+03 -3.237125929742685759e+00
2.355108600000000024e+03 -3.238095666737699663e+00
2.366188799999999901e+03 -3.237643764463892015e+00
2.386251600000000053e+03 -3.232822052487582365e+00
2.390173899999999776e+03 -3.235491907125431776e+00
2.402673299999999927e+03 -3.232837997466663893e+00
2.424597699999999804e+03 -3.232675136220117817e+00
