1.221793100000000010e+02 1.133770659474862619e+01
1.319740600000000086e+02 1.134171382047628640e+01
1.692110299999999938e+02 1.136440972928964044e+01
1.695623300000000029e+02 1.136728526358640501e+01
1.790891799999999989e+02 1.136407693873397129e+01
2.175571199999999976e+02 1.138723336047221757e+01
2.178455899999999872e+02 1.138717382454711924e+01
2.283145700000000033e+02 1.139317321392224791e+01
2.667293399999999792e+02 1.141030276816608868e+01
2.672753999999999905e+02 1.141108335029513476e+01
2.757363799999999969e+02 1.141511194789334382e+01
3.149488799999999742e+02 1.143737583960919935e+01
3.161735400000000027e+02 1.143752493384897129e+01
3.234297700000000191e+02 1.144558670873193584e+01
3.647335100000000239e+02 1.146639629554243811e+01
3.660163999999999760e+02 1.146693364543049043e+01
3.740212700000000154e+02 1.147401333197638884e+01
4.117206300000000283e+02 1.149294168532464866e+01
4.135574399999999855e+02 1.149324954203134475e+01
4.222755999999999972e+02 1.149901587624669297e+01
4.627889599999999746e+02 1.152407897415021409e+01
4.647405600000000163e+02 1.152378740077345753e+01
4.712807000000000244e+02 1.153498829635660528e+01
5.115214399999999841e+02 1.155425198453083624e+01
5.121513099999999667e+02 1.155433034805617787e+01
5.186073400000000220e+02 1.156622328516181675e+01
5.620443900000000212e+02 1.158532414003663824e+01
5.669765800000000127e+02 1.158546356604925620e+01
5.712364199999999528e+02 1.158684154284551049e+01
6.101699899999999843e+02 1.162047730510889387e+01
6.124204300000000103e+02 1.162021931610014214e+01
6.205970899999999801e+02 1.163221656828821615e+01
6.615289199999999710e+02 1.165445857927946349e+01
6.644484400000000051e+02 1.165428709546102048e+01
6.664566099999999551e+02 1.166142530022389501e+01
7.018095100000000457e+02 1.169051496030938253e+01
7.114428000000000338e+02 1.169038978221046321e+01
7.206224300000000085e+02 1.169853704457561605e+01
7.578939800000000560e+02 1.172949318135558805e+01
7.650086700000000519e+02 1.172921025849786325e+01
7.774583300000000463e+02 1.172608385914919538e+01
8.086731700000000274e+02 1.175779309993893662e+01
8.138656999999999471e+02 1.175741705678811400e+01
8.234654100000000199e+02 1.176833960920008160e+01
8.624204200000000355e+02 1.179347089354773104e+01
8.642661500000000387e+02 1.179367290860981043e+01
8.677849200000000565e+02 1.181042387543252659e+01
9.071609899999999698e+02 1.183954304905353183e+01
9.121403599999999869e+02 1.183928913087726364e+01
9.206453400000000329e+02 1.184479747608385836e+01
9.613382000000000289e+02 1.188737125992265398e+01
9.666621199999999590e+02 1.188675045796865604e+01
9.700229699999999866e+02 1.188541624262161633e+01
1.012160899999999970e+03 1.191940769387339749e+01
1.017581000000000017e+03 1.194102432322410046e+01
1.020993000000000052e+03 1.191989008752289791e+01
1.062460900000000038e+03 1.197046102177895399e+01
1.067235799999999927e+03 1.197046356604925599e+01
1.071453299999999899e+03 1.198611846122532043e+01
1.110691399999999931e+03 1.200941736210054955e+01
1.112508100000000013e+03 1.203465703236311768e+01
1.115305000000000064e+03 1.200990026460411109e+01
1.167051600000000008e+03 1.205235090576022650e+01
1.170694199999999910e+03 1.205190209647873090e+01
1.171096999999999980e+03 1.208855231019743570e+01
1.211730900000000020e+03 1.210238703439853403e+01
1.214396700000000010e+03 1.210316507225727634e+01
1.216158500000000004e+03 1.213760584164461598e+01
1.253379400000000032e+03 1.214254325259515532e+01
1.256861900000000105e+03 1.214348361489924599e+01
1.263385800000000017e+03 1.218135049867697894e+01
1.313029800000000023e+03 1.221622430286993577e+01
1.315070300000000088e+03 1.220334215347038409e+01
1.319180000000000064e+03 1.220376144921636552e+01
1.350212999999999965e+03 1.225200488499898199e+01
1.351551699999999983e+03 1.225206900061062498e+01
1.363130799999999908e+03 1.226392631793201637e+01
1.404160499999999956e+03 1.228700641156116369e+01
1.411144299999999930e+03 1.228626806431915242e+01
1.414829700000000003e+03 1.231701557093425592e+01
1.452618199999999888e+03 1.236868054142072104e+01
1.457416999999999916e+03 1.233321901078770644e+01
1.466481899999999996e+03 1.233269082027274699e+01
1.496006699999999910e+03 1.240291217178913108e+01
1.499864299999999957e+03 1.240308518216975386e+01
1.519930100000000039e+03 1.240327142275595307e+01
1.550431900000000041e+03 1.244912680643191472e+01
1.563361900000000105e+03 1.244922247099531809e+01
1.568580400000000054e+03 1.246421890901689267e+01
1.597229599999999891e+03 1.249767046611031951e+01
1.605642599999999902e+03 1.249765927132098575e+01
1.608787000000000035e+03 1.251051241603907904e+01
1.656857500000000073e+03 1.254151791166293606e+01
1.657336399999999912e+03 1.255898229187868864e+01
1.664118099999999913e+03 1.254159983716670013e+01
1.691049299999999903e+03 1.259086657846529533e+01
1.711201999999999998e+03 1.259083044982699029e+01
1.721361300000000028e+03 1.259470944433136630e+01
1.745966499999999996e+03 1.262082434357826166e+01
1.749462500000000091e+03 1.262176674129859499e+01
1.752715300000000070e+03 1.266875534296763739e+01
1.795909599999999955e+03 1.269416955017300985e+01
1.798405400000000100e+03 1.268598615916955019e+01
1.805055000000000064e+03 1.269454966415631958e+01
1.852598300000000108e+03 1.275184001628332986e+01
1.854284599999999955e+03 1.275120089558314618e+01
1.859248700000000099e+03 1.273397872990026514e+01
1.908656600000000026e+03 1.277968603704457706e+01
1.908793300000000045e+03 1.277968043964990841e+01
1.912690800000000081e+03 1.279439955220842684e+01
1.943260399999999890e+03 1.284418532464889040e+01
1.947465599999999995e+03 1.284368512110726712e+01
1.973769900000000007e+03 1.284469214329330455e+01
1.992885099999999966e+03 1.288851363728882582e+01
1.997701600000000099e+03 1.288220130266639529e+01
1.997864600000000110e+03 1.288205627925910868e+01
2.052898900000000140e+03 1.293356808467331653e+01
2.063451399999999921e+03 1.293252747811927605e+01
2.064614799999999832e+03 1.292248727864848412e+01
2.076833500000000186e+03 1.296329279462650064e+01
2.083662699999999859e+03 1.296351363728882511e+01
2.101740800000000036e+03 1.296956696519438168e+01
2.147076500000000124e+03 1.300800987176877754e+01
2.147624499999999898e+03 1.300804701811520481e+01
2.172413000000000011e+03 1.301190667616527463e+01
2.193779599999999846e+03 1.305390494606147023e+01
2.197740200000000186e+03 1.305410085487482164e+01
2.213928699999999935e+03 1.304983767555465057e+01
2.248866399999999885e+03 1.309894107469977698e+01
2.249045500000000175e+03 1.311218501933645442e+01
2.271164299999999912e+03 1.309849786281294470e+01
2.290648099999999886e+03 1.315930337879096257e+01
2.293898299999999836e+03 1.315901638510075244e+01
2.312656199999999899e+03 1.314874516588642450e+01
2.324776699999999892e+03 1.321186596784042244e+01
2.332725199999999859e+03 1.321199267250152509e+01
2.363354299999999967e+03 1.321534907388561031e+01
2.387701900000000023e+03 1.325264095257480079e+01
2.389168599999999969e+03 1.325267199267250184e+01
2.418994299999999839e+03 1.327195196417667411e+01
2.444257500000000164e+03 1.328254579686545966e+01
2.447814600000000155e+03 1.328289232648076457e+01
