1.034278599999999955e+02 -3.331052378337719500e+00
1.280140199999999879e+02 -3.330588931604299585e+00
1.530417099999999948e+02 -3.330478790574808112e+00
1.779736599999999953e+02 -3.329733986372128030e+00
2.004246699999999919e+02 -3.328709808565163186e+00
2.258851699999999880e+02 -3.327947462280005819e+00
2.501501199999999869e+02 -3.327117595540237449e+00
2.765106000000000108e+02 -3.326333128774611847e+00
3.004512300000000096e+02 -3.325051720913726250e+00
3.231198600000000170e+02 -3.323327441533600268e+00
3.471089299999999866e+02 -3.321999274879040343e+00
3.746600199999999745e+02 -3.321178364730236421e+00
3.997309700000000134e+02 -3.319668253190998453e+00
4.260443099999999959e+02 -3.318506904091590659e+00
4.505835700000000088e+02 -3.316561456934830066e+00
4.722699600000000260e+02 -3.314051852663745024e+00
4.957487300000000232e+02 -3.311562351534916626e+00
5.211487100000000510e+02 -3.309864758566450682e+00
5.464211099999999988e+02 -3.307784041148857046e+00
5.728011999999999944e+02 -3.306180554807415461e+00
5.999185700000000452e+02 -3.304407197807913477e+00
6.187364499999999907e+02 -3.300933911795187026e+00
6.454563699999999926e+02 -3.299413851244093365e+00
6.734708600000000160e+02 -3.298568275553300122e+00
6.963877400000000080e+02 -3.295551059960814655e+00
7.215950900000000274e+02 -3.294380098182188465e+00
7.497791300000000092e+02 -3.293557186213042165e+00
7.682686200000000554e+02 -3.290724325425457675e+00
8.010626099999999497e+02 -3.290210824369629528e+00
8.175355299999999943e+02 -3.286638748780379427e+00
8.455301200000000108e+02 -3.285487448449767367e+00
8.617876499999999851e+02 -3.281919124411603050e+00
8.972019800000000487e+02 -3.282057438054873266e+00
9.193345299999999725e+02 -3.280864783005219110e+00
9.435096700000000283e+02 -3.277934963400076285e+00
9.621223499999999831e+02 -3.275938091752135239e+00
9.945895000000000437e+02 -3.274526998145728118e+00
1.025239600000000110e+03 -3.276814998715998239e+00
1.041522799999999961e+03 -3.272160343247016101e+00
1.074468200000000024e+03 -3.274542487845504724e+00
1.098764699999999948e+03 -3.273273189377112313e+00
1.115552899999999909e+03 -3.268857981231156007e+00
1.151508900000000040e+03 -3.269855541682864075e+00
1.170615399999999909e+03 -3.268852198405996390e+00
1.206905999999999949e+03 -3.269733684817709207e+00
1.218301999999999907e+03 -3.264839506990313112e+00
1.249695300000000088e+03 -3.265853885435234361e+00
1.268416899999999941e+03 -3.263965672488176484e+00
1.295134199999999964e+03 -3.261070977765745837e+00
1.313537800000000061e+03 -3.260291681072808423e+00
1.340377300000000105e+03 -3.258117972964633680e+00
1.369883299999999963e+03 -3.257925741310029544e+00
1.400525000000000091e+03 -3.258406054335045710e+00
1.428014200000000073e+03 -3.257287493666501277e+00
1.445963999999999942e+03 -3.256599510803728226e+00
1.466057800000000043e+03 -3.254207347648445214e+00
1.496602699999999913e+03 -3.253338394138821421e+00
1.508065299999999979e+03 -3.250188993273289473e+00
1.547202700000000050e+03 -3.251164921847674805e+00
1.556273799999999937e+03 -3.248462403939533782e+00
1.591735500000000002e+03 -3.248571135867106996e+00
1.611573799999999892e+03 -3.246958432782259152e+00
1.652015599999999949e+03 -3.245154283864963851e+00
1.662601300000000037e+03 -3.245846017137515194e+00
1.700992600000000039e+03 -3.248375145831528865e+00
1.709951999999999998e+03 -3.242703439830867396e+00
1.746969200000000001e+03 -3.245606575072249811e+00
1.769843299999999999e+03 -3.244612342334715294e+00
1.805660100000000057e+03 -3.245736699229095024e+00
1.815153199999999970e+03 -3.241082672203927206e+00
1.847182399999999916e+03 -3.243494753045792045e+00
1.849595900000000029e+03 -3.236172883803623446e+00
1.901541099999999915e+03 -3.239168310291743680e+00
1.908939200000000028e+03 -3.237773518577880871e+00
1.941073499999999967e+03 -3.238726356265600792e+00
1.963764300000000048e+03 -3.234753075929092780e+00
2.006641300000000001e+03 -3.239466628571662010e+00
2.023215500000000020e+03 -3.237830007199780979e+00
2.061294199999999819e+03 -3.234709678157459578e+00
2.071821800000000167e+03 -3.238207936304226209e+00
2.096626900000000205e+03 -3.235098922201384397e+00
2.118075100000000020e+03 -3.234634549540506221e+00
2.132215000000000146e+03 -3.230251576720196027e+00
2.170787400000000162e+03 -3.233426597255339097e+00
2.197348100000000159e+03 -3.232853925947970275e+00
2.208179399999999987e+03 -3.229582131559550984e+00
2.257887900000000172e+03 -3.237504211566193391e+00
2.267201399999999921e+03 -3.231888478566468770e+00
2.280986699999999928e+03 -3.228637272404461189e+00
2.320574099999999817e+03 -3.231452616558088131e+00
2.345444199999999910e+03 -3.229292270690609090e+00
2.374546800000000076e+03 -3.230384058638400724e+00
2.402740800000000036e+03 -3.228628396878657103e+00
2.417492000000000189e+03 -3.230680273887715170e+00
2.460454200000000128e+03 -3.226098836346742882e+00
