9.986720599999999592e+01 -3.563578601369507659e+00
1.001353900000000010e+02 -3.563592772492608862e+00
1.273800999999999988e+02 -3.563640092389619429e+00
1.497408299999999883e+02 -3.563306395881557620e+00
1.509683400000000120e+02 -3.563897698681310455e+00
1.761661499999999876e+02 -3.563549123055075096e+00
1.995189100000000053e+02 -3.563069280719547649e+00
2.011310799999999972e+02 -3.563590984468548051e+00
2.237862000000000080e+02 -3.563040141041340370e+00
2.493697799999999916e+02 -3.562946953097553937e+00
2.500669900000000041e+02 -3.563182864397544058e+00
2.733608699999999772e+02 -3.562766163935115582e+00
2.986558400000000120e+02 -3.562503717705110429e+00
3.002938100000000077e+02 -3.562505834398232984e+00
3.221276899999999728e+02 -3.562331377343731287e+00
3.470825399999999945e+02 -3.561990010039150611e+00
3.487927199999999743e+02 -3.561852133758789396e+00
3.687657800000000066e+02 -3.561044368552273465e+00
4.000028800000000047e+02 -3.561701706305463233e+00
4.011831700000000183e+02 -3.561454321029797754e+00
4.210721599999999967e+02 -3.560926368970876776e+00
4.504762200000000121e+02 -3.560488671238230651e+00
4.505524700000000280e+02 -3.560202104122183187e+00
4.682551399999999830e+02 -3.559111743513152071e+00
4.985548000000000002e+02 -3.558740605724541872e+00
5.027172400000000039e+02 -3.559393516297718385e+00
5.221961999999999762e+02 -3.558900210582875978e+00
5.517760200000000168e+02 -3.557804256028955336e+00
5.542122000000000526e+02 -3.558835339373095596e+00
5.671691600000000335e+02 -3.555755498666019143e+00
5.959342100000000073e+02 -3.555336096900596043e+00
6.042543799999999692e+02 -3.555447234104316401e+00
6.213764700000000403e+02 -3.552013468348874436e+00
6.414766700000000128e+02 -3.549769357034259443e+00
6.443186600000000226e+02 -3.548326528848674943e+00
6.688846399999999903e+02 -3.534764999317422607e+00
6.982942100000000210e+02 -3.533647421327663185e+00
7.069411300000000438e+02 -3.528519500499885719e+00
7.179841699999999491e+02 -3.510032243610790470e+00
7.459799199999999928e+02 -3.508937980391035882e+00
7.563119199999999864e+02 -3.509704876195851586e+00
7.626335100000000011e+02 -3.503147600398955674e+00
7.995332100000000537e+02 -3.503019240072097418e+00
8.065915300000000343e+02 -3.504772462320667969e+00
8.215905000000000200e+02 -3.498490672473770768e+00
8.518409400000000460e+02 -3.496772696759013144e+00
8.524438699999999471e+02 -3.497739475998806746e+00
8.674980399999999463e+02 -3.493312939556931340e+00
8.946590999999999667e+02 -3.490349167542610154e+00
8.997862199999999575e+02 -3.494123235878315636e+00
9.102678899999999658e+02 -3.486750928978306074e+00
9.494616300000000138e+02 -3.489123063109856204e+00
9.545053799999999455e+02 -3.487742767730918292e+00
9.674942700000000286e+02 -3.483587220644527527e+00
1.000825199999999995e+03 -3.483591422002202176e+00
1.004032799999999952e+03 -3.482589182927199989e+00
1.023820699999999988e+03 -3.480037183392326927e+00
1.052547800000000052e+03 -3.476045381746896368e+00
1.056493500000000040e+03 -3.477843359839767778e+00
1.061618699999999990e+03 -3.471263023818062177e+00
1.098492099999999937e+03 -3.471497241580226767e+00
1.106628699999999981e+03 -3.471523012656733798e+00
1.113506800000000112e+03 -3.468270403657563339e+00
1.147678100000000086e+03 -3.466577446644166116e+00
1.147830500000000029e+03 -3.465935387720267880e+00
1.169071200000000090e+03 -3.464708131388531065e+00
1.197283699999999953e+03 -3.462237020209652627e+00
1.201987000000000080e+03 -3.461619719258735017e+00
1.210297900000000027e+03 -3.458819086891102845e+00
1.252097099999999955e+03 -3.458632950394721739e+00
1.253127300000000105e+03 -3.457198076709390833e+00
1.268049500000000080e+03 -3.457036324270353234e+00
1.290614499999999907e+03 -3.454097283782051164e+00
1.305281500000000051e+03 -3.456884466486214613e+00
1.315706300000000056e+03 -3.452712346628795004e+00
1.348483999999999924e+03 -3.451395682523013875e+00
1.350170499999999947e+03 -3.448622689986831524e+00
1.364708499999999958e+03 -3.448127032476794529e+00
1.392132800000000088e+03 -3.444927883566948790e+00
1.397890799999999899e+03 -3.446797674665213584e+00
1.418585800000000063e+03 -3.445026840457157125e+00
1.439044300000000021e+03 -3.440459623058381045e+00
1.453287600000000111e+03 -3.443154826342193608e+00
1.467391499999999951e+03 -3.439987714726999268e+00
1.491261999999999944e+03 -3.438653574788770761e+00
1.497146199999999908e+03 -3.439401655662955193e+00
1.513562799999999925e+03 -3.436414552086694663e+00
1.556714199999999892e+03 -3.436379176929765578e+00
1.559393900000000031e+03 -3.434921871667425464e+00
1.564346700000000055e+03 -3.435601719510335439e+00
1.594974899999999934e+03 -3.432896830731520854e+00
1.598034499999999980e+03 -3.434539619942634125e+00
1.618423099999999977e+03 -3.432626528216344841e+00
1.646817099999999982e+03 -3.428643158673695623e+00
1.650996499999999969e+03 -3.428940134184179200e+00
1.658622499999999945e+03 -3.425487477150656712e+00
1.683465999999999894e+03 -3.427310637311852037e+00
1.709201800000000048e+03 -3.425211818569652067e+00
1.711835700000000088e+03 -3.428466619767574386e+00
1.742992899999999963e+03 -3.422085186575475113e+00
1.759910900000000083e+03 -3.428003961751117323e+00
1.774175099999999929e+03 -3.424797026883849238e+00
1.785055200000000013e+03 -3.417464827709285391e+00
1.825623299999999972e+03 -3.425317693788920703e+00
1.827541199999999890e+03 -3.421014557361756303e+00
1.858066499999999905e+03 -3.417969205699693980e+00
1.858851000000000113e+03 -3.418001446687172873e+00
1.867113700000000108e+03 -3.418359633936743247e+00
1.896878999999999905e+03 -3.414326488194114884e+00
1.905930699999999888e+03 -3.414582317507371734e+00
1.917224600000000009e+03 -3.413790128676769786e+00
1.941125299999999925e+03 -3.412627697932730353e+00
1.947606399999999894e+03 -3.408463531229463328e+00
1.973939300000000003e+03 -3.415864942829953677e+00
1.996734400000000051e+03 -3.409791056406948684e+00
2.021805000000000064e+03 -3.411051310318981233e+00
2.023161900000000060e+03 -3.413533990956025832e+00
2.066604699999999866e+03 -3.410628395885068720e+00
2.078532900000000154e+03 -3.412178844893441809e+00
2.079529599999999846e+03 -3.411647024611635270e+00
2.100612000000000080e+03 -3.405082182660941648e+00
2.102082800000000134e+03 -3.402941703382829974e+00
2.113830100000000130e+03 -3.404898469795272664e+00
2.155043999999999869e+03 -3.403046621026237339e+00
2.158055800000000090e+03 -3.399340089826734523e+00
2.158553300000000036e+03 -3.405503051130556624e+00
2.194164900000000216e+03 -3.402024542927070794e+00
2.209665199999999913e+03 -3.399801168183066657e+00
2.227376499999999851e+03 -3.406199757509865922e+00
2.249177000000000135e+03 -3.395184898213254421e+00
2.252791799999999967e+03 -3.396952848046255191e+00
2.263524600000000191e+03 -3.400116611225754149e+00
2.290858299999999872e+03 -3.394970470292063336e+00
2.293693699999999808e+03 -3.394764998097975273e+00
2.314498799999999846e+03 -3.397750440894854673e+00
2.341844300000000203e+03 -3.391539469364399206e+00
2.342504699999999957e+03 -3.392745815696548650e+00
2.359284599999999955e+03 -3.392670869732762107e+00
2.396677599999999984e+03 -3.387483084295128233e+00
2.406917600000000220e+03 -3.392662182427485185e+00
2.423963799999999992e+03 -3.393947043067348179e+00
2.435487200000000030e+03 -3.387709553983909938e+00
