1.029573599999999942e+02 -6.221310197193565372e+00
1.268000600000000020e+02 -6.220875190369301144e+00
1.510734899999999925e+02 -6.220790697233947952e+00
1.773882600000000025e+02 -6.220827356735169289e+00
1.999839599999999962e+02 -6.220097453703655965e+00
2.220156299999999874e+02 -6.218944921078873200e+00
2.496542000000000030e+02 -6.219344672252115735e+00
2.744160299999999779e+02 -6.218742739853588830e+00
2.994764700000000062e+02 -6.218264818658668425e+00
3.208158900000000244e+02 -6.217011180298161577e+00
3.474161100000000033e+02 -6.216841255719985249e+00
3.710478600000000142e+02 -6.215818943919410700e+00
3.977336000000000240e+02 -6.215332231159455212e+00
4.217372199999999793e+02 -6.214343466107980163e+00
4.456045700000000238e+02 -6.213305224634806834e+00
4.673781099999999924e+02 -6.212083415995611091e+00
4.987670400000000086e+02 -6.212507259050072506e+00
5.211466400000000476e+02 -6.211293543601214218e+00
5.425617300000000114e+02 -6.208727796365485219e+00
5.711128499999999804e+02 -6.208904982373034009e+00
5.975842099999999846e+02 -6.207728815955412038e+00
6.204060899999999492e+02 -6.206329723650179986e+00
6.507550400000000081e+02 -6.205854749842587559e+00
6.640274799999999686e+02 -6.201892290322272849e+00
6.979523799999999483e+02 -6.201498090750702907e+00
7.177221399999999676e+02 -6.199280959979356354e+00
7.440990900000000465e+02 -6.197880407051287399e+00
7.686477300000000241e+02 -6.195992442820635659e+00
7.978263399999999592e+02 -6.195113142010614027e+00
8.223495000000000346e+02 -6.192818631401006080e+00
8.448093999999999824e+02 -6.190164246238637702e+00
8.636417999999999893e+02 -6.187471734085610464e+00
8.956022799999999506e+02 -6.186736596966297519e+00
9.241201200000000426e+02 -6.185916984845483135e+00
9.529500500000000329e+02 -6.184048907042473786e+00
9.653852399999999534e+02 -6.180015533989696053e+00
9.974412399999999934e+02 -6.178505680962800284e+00
1.017347399999999993e+03 -6.176279542003764611e+00
1.044210399999999936e+03 -6.172932080088416207e+00
1.066980600000000095e+03 -6.172428949680678123e+00
1.104165600000000040e+03 -6.172035397394053824e+00
1.114973999999999933e+03 -6.169015926335501554e+00
1.135191700000000083e+03 -6.163850277818925250e+00
1.167669599999999946e+03 -6.163744527926006356e+00
1.191819600000000037e+03 -6.161039585071731217e+00
1.215555399999999963e+03 -6.158486569988021131e+00
1.251496499999999969e+03 -6.157777042181260541e+00
1.269118500000000040e+03 -6.154605222252545360e+00
1.293568199999999933e+03 -6.151718751098123938e+00
1.312304200000000037e+03 -6.148648681761835100e+00
1.356709000000000060e+03 -6.149533356220092450e+00
1.376683999999999969e+03 -6.147849133454066362e+00
1.393480700000000070e+03 -6.144261941982374076e+00
1.410369699999999966e+03 -6.140348520304550917e+00
1.451656799999999976e+03 -6.140923848805717178e+00
1.461468299999999999e+03 -6.135932329919535633e+00
1.501735599999999977e+03 -6.136325945321270403e+00
1.516085800000000063e+03 -6.134003292830332299e+00
1.539201099999999997e+03 -6.131166723460410140e+00
1.561944600000000037e+03 -6.128716430037822072e+00
1.588328700000000026e+03 -6.126029307045522287e+00
1.615948200000000043e+03 -6.123758750674387130e+00
1.626568700000000035e+03 -6.118616614573702428e+00
1.668028900000000021e+03 -6.124008217397882703e+00
1.696742999999999938e+03 -6.121333683937254300e+00
1.701971199999999953e+03 -6.115309438116287133e+00
1.756495799999999917e+03 -6.119019930222633796e+00
1.772538600000000088e+03 -6.116616835095921800e+00
1.797828299999999899e+03 -6.111032804605626367e+00
1.815844499999999925e+03 -6.109027415919929815e+00
1.851954099999999926e+03 -6.107658721260069257e+00
1.876397999999999911e+03 -6.109686789770167437e+00
1.890685699999999997e+03 -6.104821519373762939e+00
1.913167400000000043e+03 -6.100000980814533236e+00
1.938078500000000076e+03 -6.101593652337820473e+00
1.968405199999999923e+03 -6.099862163181162700e+00
1.989318999999999960e+03 -6.096663565834262499e+00
2.017217300000000023e+03 -6.096344282859757158e+00
2.054658899999999903e+03 -6.089798870160573863e+00
2.058506800000000112e+03 -6.094953002010212728e+00
2.104514099999999871e+03 -6.086732312855900773e+00
2.117191600000000108e+03 -6.092888286423375988e+00
2.135965000000000146e+03 -6.088351700101722663e+00
2.158294100000000071e+03 -6.084326740917914478e+00
2.184474099999999908e+03 -6.084178447743106233e+00
2.227413900000000012e+03 -6.086796643740458812e+00
2.265178199999999833e+03 -6.087212835753790685e+00
2.265307699999999841e+03 -6.080834752917747110e+00
2.293626900000000205e+03 -6.074391327583970934e+00
2.300621799999999894e+03 -6.073899119287212045e+00
2.328376200000000154e+03 -6.074094741953611987e+00
2.376368800000000192e+03 -6.078671538252920392e+00
2.395550499999999829e+03 -6.072559251793705926e+00
2.403021499999999833e+03 -6.071279784911109090e+00
2.453473800000000210e+03 -6.069416846917171426e+00
