1.029573599999999942e+02 2.324557602279666213e+01
1.268000600000000020e+02 2.325664258090779413e+01
1.510734899999999925e+02 2.326925096682271388e+01
1.773882600000000025e+02 2.327831416649704721e+01
1.999839599999999962e+02 2.328735090576022770e+01
2.220156299999999874e+02 2.329887645023407217e+01
2.496542000000000030e+02 2.331088845918990415e+01
2.744160299999999779e+02 2.332326073682067857e+01
2.994764700000000062e+02 2.333615611642580845e+01
3.208158900000000244e+02 2.335178048035823295e+01
3.474161100000000033e+02 2.336930846733157097e+01
3.710478600000000142e+02 2.338805108894768736e+01
3.977336000000000240e+02 2.339145328719723338e+01
4.217372199999999793e+02 2.339888459189904424e+01
4.456045700000000238e+02 2.342168176267046675e+01
4.673781099999999924e+02 2.342434306940769417e+01
4.987670400000000086e+02 2.343630622837370225e+01
5.211466400000000476e+02 2.345817321392224741e+01
5.425617300000000114e+02 2.347594188886627364e+01
5.711128499999999804e+02 2.348186189700793847e+01
5.975842099999999846e+02 2.349323834724200921e+01
6.204060899999999492e+02 2.350614746590677839e+01
6.507550400000000081e+02 2.352331314878892954e+01
6.640274799999999686e+02 2.354717687767148249e+01
6.979523799999999483e+02 2.356715550580093677e+01
7.177221399999999676e+02 2.356966364746590870e+01
7.440990900000000465e+02 2.357840067168735843e+01
7.686477300000000241e+02 2.360274832078160046e+01
7.978263399999999592e+02 2.362364746590677811e+01
8.223495000000000346e+02 2.364793964990840536e+01
8.448093999999999824e+02 2.365318593527376123e+01
8.636417999999999893e+02 2.368261500101770878e+01
8.956022799999999506e+02 2.367478017504579668e+01
9.241201200000000426e+02 2.371574750661510222e+01
9.529500500000000329e+02 2.371018216975371473e+01
9.653852399999999534e+02 2.373480256462446647e+01
9.974412399999999934e+02 2.374699318135558457e+01
1.017347399999999993e+03 2.378025493588438977e+01
1.044210399999999936e+03 2.378377671483818645e+01
1.066980600000000095e+03 2.380307500508854091e+01
1.104165600000000040e+03 2.383118410339914561e+01
1.114973999999999933e+03 2.382278037858742081e+01
1.135191700000000083e+03 2.387963769590881569e+01
1.167669599999999946e+03 2.385761550987176705e+01
1.191819600000000037e+03 2.391841441074699759e+01
1.215555399999999963e+03 2.389965652350905856e+01
1.251496499999999969e+03 2.395697282719316235e+01
1.269118500000000040e+03 2.393258192550376506e+01
1.293568199999999933e+03 2.395501933645430270e+01
1.312304200000000037e+03 2.400348310604518787e+01
1.356709000000000060e+03 2.400008294321188629e+01
1.376683999999999969e+03 2.403084062690820488e+01
1.393480700000000070e+03 2.403789181762670424e+01
1.410369699999999966e+03 2.408614746590677669e+01
1.451656799999999976e+03 2.409043863220028570e+01
1.461468299999999999e+03 2.409275188276002666e+01
1.501735599999999977e+03 2.413710512924893337e+01
1.516085800000000063e+03 2.413864186851211358e+01
1.539201099999999997e+03 2.416319204152248901e+01
1.561944600000000037e+03 2.419082943211886771e+01
1.588328700000000026e+03 2.420166547934052659e+01
1.615948200000000043e+03 2.419989263179320105e+01
1.626568700000000035e+03 2.423037604315082305e+01
1.668028900000000021e+03 2.422985243232241004e+01
1.696742999999999938e+03 2.427534551190718659e+01
1.701971199999999953e+03 2.427863423570120105e+01
1.756495799999999917e+03 2.431661052310197491e+01
1.772538600000000088e+03 2.434850651333197646e+01
1.797828299999999899e+03 2.436489568491756685e+01
1.815844499999999925e+03 2.437000712395684943e+01
1.851954099999999926e+03 2.439253612863830512e+01
1.876397999999999911e+03 2.438779411764705785e+01
1.890685699999999997e+03 2.442127111744351708e+01
1.913167400000000043e+03 2.445720588235294102e+01
1.938078500000000076e+03 2.449884439242824996e+01
1.968405199999999923e+03 2.451157541217178704e+01
1.989318999999999960e+03 2.452544575615713285e+01
2.017217300000000023e+03 2.455002442499491266e+01
2.054658899999999903e+03 2.458440464074903176e+01
2.058506800000000112e+03 2.458556635456950801e+01
2.104514099999999871e+03 2.461418481579483242e+01
2.117191600000000108e+03 2.460136271117443485e+01
2.135965000000000146e+03 2.462000000000000099e+01
2.158294100000000071e+03 2.466068288214939841e+01
2.184474099999999908e+03 2.467016334215346873e+01
2.227413900000000012e+03 2.469079635660492755e+01
2.265178199999999833e+03 2.471814217382454615e+01
2.265307699999999841e+03 2.475203694280480349e+01
2.293626900000000205e+03 2.481036535721554870e+01
2.300621799999999894e+03 2.482126959088133589e+01
2.328376200000000154e+03 2.482641054345613796e+01
2.376368800000000192e+03 2.485588387950335942e+01
2.395550499999999829e+03 2.488552615509871657e+01
2.403021499999999833e+03 2.488165021371870722e+01
2.453473800000000210e+03 2.497825412171789239e+01
