9.971527799999999786e+01 -6.246319805315007301e+00
1.266139699999999948e+02 -6.246296245843359074e+00
1.494795300000000111e+02 -6.246413127145109989e+00
1.742872500000000002e+02 -6.245781841046293081e+00
2.003345099999999945e+02 -6.246025651641595289e+00
2.232824899999999957e+02 -6.245625981412132433e+00
2.507709099999999864e+02 -6.245988951237280595e+00
2.742919899999999984e+02 -6.245805625211794165e+00
3.023432799999999929e+02 -6.245854612921350579e+00
3.217001300000000015e+02 -6.245036944713918459e+00
3.504667299999999841e+02 -6.245212336082604843e+00
3.710310900000000061e+02 -6.244477848923194685e+00
4.012052299999999718e+02 -6.244310319114344310e+00
4.164540000000000077e+02 -6.242965944910957354e+00
4.521853699999999776e+02 -6.243792875517290675e+00
4.714293400000000247e+02 -6.243570389514954577e+00
5.054722800000000120e+02 -6.243987287762490013e+00
5.213572699999999713e+02 -6.242847079712338321e+00
5.461894899999999780e+02 -6.241756017031731218e+00
5.703568599999999833e+02 -6.241366270957711571e+00
5.978531600000000026e+02 -6.239981837659209774e+00
6.229475999999999658e+02 -6.240483599688926297e+00
6.508266999999999598e+02 -6.239447466301309753e+00
6.647740300000000389e+02 -6.235835542787367736e+00
7.012314900000000080e+02 -6.235529705827024927e+00
7.202977499999999509e+02 -6.234213038886711189e+00
7.504518199999999979e+02 -6.232999205175186574e+00
7.670585800000000063e+02 -6.230462544057054686e+00
8.051566400000000385e+02 -6.230498400501592648e+00
8.173492599999999584e+02 -6.226586014590384188e+00
8.451799200000000383e+02 -6.225668642846025946e+00
8.671165399999999863e+02 -6.219743420663918165e+00
8.987913800000000037e+02 -6.218895767009188447e+00
9.136542500000000473e+02 -6.212387005507214788e+00
9.605704299999999876e+02 -6.214169242476136112e+00
9.662835099999999784e+02 -6.205561208769716508e+00
9.944850800000000390e+02 -6.203158715078348706e+00
1.014186599999999999e+03 -6.198085046104015561e+00
1.052316399999999931e+03 -6.198119439743312142e+00
1.071972999999999956e+03 -6.192308023310110876e+00
1.099391699999999901e+03 -6.190713217447985528e+00
1.118415500000000065e+03 -6.187268740860008442e+00
1.134294100000000071e+03 -6.182823400305863970e+00
1.157538700000000063e+03 -6.178231126682909746e+00
1.203659599999999955e+03 -6.178924397289304871e+00
1.216540400000000091e+03 -6.173500015273635455e+00
1.268516800000000103e+03 -6.169920869683465980e+00
1.271645099999999957e+03 -6.176370753631217347e+00
1.293215200000000095e+03 -6.166163927520989851e+00
1.319496499999999969e+03 -6.164541720642151112e+00
1.356515400000000000e+03 -6.156079581953985524e+00
1.359726100000000088e+03 -6.161377859332426432e+00
1.386548600000000079e+03 -6.154131264629234543e+00
1.409565700000000106e+03 -6.152898150452406512e+00
1.447342000000000098e+03 -6.152091106418465571e+00
1.463673800000000028e+03 -6.147717639075680474e+00
1.504479700000000093e+03 -6.146644549884973330e+00
1.523622399999999971e+03 -6.143947786685640011e+00
1.562696599999999989e+03 -6.134812017550810737e+00
1.570126299999999901e+03 -6.143517294109425819e+00
1.593510099999999966e+03 -6.136198946616568506e+00
1.610787499999999909e+03 -6.132595073090329585e+00
1.645276599999999917e+03 -6.131318336394834034e+00
1.666792400000000043e+03 -6.129406550609989957e+00
1.707951000000000022e+03 -6.129392481814553761e+00
1.717045800000000099e+03 -6.121906501982336657e+00
1.759380499999999984e+03 -6.121400630701011814e+00
1.770787800000000061e+03 -6.119796927578263102e+00
1.808516000000000076e+03 -6.113021820810788043e+00
1.812829300000000103e+03 -6.119022402570630348e+00
1.849607999999999947e+03 -6.109251474951717498e+00
1.856121200000000044e+03 -6.107400766517703694e+00
1.888868600000000015e+03 -6.105283983486240018e+00
1.923204700000000003e+03 -6.107647725811325756e+00
1.956199900000000071e+03 -6.104353400105313909e+00
1.976464199999999892e+03 -6.103565257602859617e+00
2.007774200000000064e+03 -6.095257623016543391e+00
2.014388400000000047e+03 -6.098028994969178385e+00
2.021801400000000058e+03 -6.091336610056428569e+00
2.067971000000000004e+03 -6.093970518618212928e+00
2.089918299999999817e+03 -6.084990353378254113e+00
2.100890800000000127e+03 -6.089770785591461788e+00
2.149220899999999801e+03 -6.086446841315887646e+00
2.163349700000000212e+03 -6.084975765869428344e+00
2.185129500000000007e+03 -6.078282850142512572e+00
2.214021900000000187e+03 -6.079405174062750383e+00
2.235209299999999985e+03 -6.076696603508933592e+00
2.277921899999999823e+03 -6.077586004755890059e+00
2.286304500000000189e+03 -6.073105404296670784e+00
2.324852899999999863e+03 -6.077305616649540276e+00
2.347560500000000047e+03 -6.071906901307875692e+00
2.362821699999999964e+03 -6.069768366193908804e+00
2.370594999999999800e+03 -6.060844680655297800e+00
2.428701500000000124e+03 -6.067669237684508055e+00
2.461350199999999859e+03 -6.065384968455102666e+00
