1.218507000000000033e+02 1.124126501119478938e+01
1.319695100000000139e+02 1.124611388153877556e+01
1.694503300000000081e+02 1.126145990230001992e+01
1.695435999999999979e+02 1.126241909220435566e+01
1.801978300000000104e+02 1.127037248117239976e+01
2.176636699999999962e+02 1.128816354569509350e+01
2.178156999999999925e+02 1.128818237329533858e+01
2.268512000000000057e+02 1.129722369224506373e+01
2.645872699999999895e+02 1.131398839812741741e+01
2.646051699999999869e+02 1.131337522898432724e+01
2.747710900000000152e+02 1.131515774475880320e+01
3.130816300000000183e+02 1.133483462243028761e+01
3.175665399999999750e+02 1.133311978424587885e+01
3.236704700000000230e+02 1.134257225727661300e+01
3.636239899999999921e+02 1.136288367596173465e+01
3.645354600000000005e+02 1.136178353348259584e+01
3.730260599999999727e+02 1.136585487482190082e+01
4.081908500000000117e+02 1.139686596784042294e+01
4.148516399999999749e+02 1.139748473437817999e+01
4.222124000000000024e+02 1.140296712802768120e+01
4.613548700000000053e+02 1.142138917158558975e+01
4.615700299999999743e+02 1.142151180541420707e+01
4.693726800000000026e+02 1.143030429472827159e+01
5.108876500000000078e+02 1.145176928556889884e+01
5.113525900000000206e+02 1.145189649908406260e+01
5.190535399999999981e+02 1.145953338082637885e+01
5.599870200000000295e+02 1.148054600040708273e+01
5.613975299999999606e+02 1.148118766537756841e+01
5.661317699999999604e+02 1.148257225727661357e+01
6.113185600000000477e+02 1.151362405861998717e+01
6.135434999999999945e+02 1.151382403826582568e+01
6.210218200000000479e+02 1.152231579483004253e+01
6.604038900000000467e+02 1.155042133116222303e+01
6.652011700000000474e+02 1.155017759006716815e+01
6.705644800000000032e+02 1.154720791776918354e+01
7.058641800000000330e+02 1.158410441685324699e+01
7.121561500000000251e+02 1.158381793201709797e+01
7.235784200000000510e+02 1.158999236718909032e+01
7.614337900000000445e+02 1.162136322002849553e+01
7.662112899999999627e+02 1.162163240382658280e+01
7.716508999999999787e+02 1.162593323834724224e+01
8.120179900000000544e+02 1.165718858131487856e+01
8.143746999999999616e+02 1.165749796458375620e+01
8.189912699999999859e+02 1.166102127009973621e+01
8.565625599999999622e+02 1.169046000407083241e+01
8.592309699999999566e+02 1.168999999999999950e+01
8.713634499999999434e+02 1.170601007531040061e+01
9.150553099999999631e+02 1.173499033177284723e+01
9.200724800000000414e+02 1.173478780785670672e+01
9.213066199999999526e+02 1.174398992468960046e+01
9.638975400000000491e+02 1.177089049460614767e+01
9.650502999999999929e+02 1.177055821290453963e+01
9.678632199999999557e+02 1.179240331772847483e+01
1.008588499999999954e+03 1.182280378587421055e+01
1.011122499999999945e+03 1.182265774475880349e+01
1.021170399999999972e+03 1.182782363118257685e+01
1.055346999999999980e+03 1.187335945450844754e+01
1.067549800000000005e+03 1.187331976389171651e+01
1.074325900000000047e+03 1.188065133319763866e+01
1.100123700000000099e+03 1.191587166700590217e+01
1.105210299999999961e+03 1.191591848157948341e+01
1.109352599999999939e+03 1.192230816201913335e+01
1.158920599999999922e+03 1.196308670873193591e+01
1.165416600000000017e+03 1.196098768573173210e+01
1.165578299999999899e+03 1.196263433747201255e+01
1.215965200000000095e+03 1.199849430083452084e+01
1.218670499999999947e+03 1.199855078363525251e+01
1.219468000000000075e+03 1.201453643395074344e+01
1.260539800000000014e+03 1.204893853042947249e+01
1.260900000000000091e+03 1.204903979238754452e+01
1.262407799999999952e+03 1.205505851821697583e+01
1.306375999999999976e+03 1.210064370038672976e+01
1.309455600000000004e+03 1.210227203338082624e+01
1.314385399999999890e+03 1.210010482393649589e+01
1.367842000000000098e+03 1.214042998168125465e+01
1.368306599999999889e+03 1.216977966619173657e+01
1.376327500000000100e+03 1.214056940769387261e+01
1.405037299999999959e+03 1.218758497862813073e+01
1.407991899999999987e+03 1.221246234479951198e+01
1.414408799999999928e+03 1.218730714431101170e+01
1.457929000000000087e+03 1.224115458986362803e+01
1.458777399999999943e+03 1.224166802361082951e+01
1.459471399999999903e+03 1.226600905760227889e+01
1.501250999999999976e+03 1.228576786077752914e+01
1.506488499999999931e+03 1.228552361082841315e+01
1.523340799999999945e+03 1.230108538571137800e+01
1.545112599999999929e+03 1.233798748219010832e+01
1.555776900000000069e+03 1.233802920822308202e+01
1.571085199999999986e+03 1.235024882963566029e+01
1.597608600000000024e+03 1.239133930388764604e+01
1.600686099999999897e+03 1.239145023407286850e+01
1.625285300000000007e+03 1.240002188072460854e+01
1.654551699999999983e+03 1.243291776918379909e+01
1.667620400000000018e+03 1.243316863423570062e+01
1.674858899999999949e+03 1.244049511500101701e+01
1.693916300000000092e+03 1.248446722979849355e+01
1.704942900000000009e+03 1.248447740687970686e+01
1.720006300000000010e+03 1.249052666395277811e+01
1.748173700000000053e+03 1.254078668837777322e+01
1.753249800000000050e+03 1.253029004681457437e+01
1.754039500000000089e+03 1.253022644005699249e+01
1.804815900000000056e+03 1.256776714838184539e+01
1.808955500000000029e+03 1.256798392021168276e+01
1.814361100000000079e+03 1.260445501730103857e+01
1.851618600000000015e+03 1.263205933238347356e+01
1.851802799999999934e+03 1.263131742316303630e+01
1.864202099999999973e+03 1.262690107877060797e+01
1.895990099999999984e+03 1.266963158966008507e+01
1.900378600000000006e+03 1.266969468756360584e+01
1.912367099999999937e+03 1.268321646651740231e+01
1.942233600000000024e+03 1.271935324648890742e+01
1.949572200000000066e+03 1.271915326684306891e+01
1.968906999999999925e+03 1.271990331772847505e+01
2.001345800000000054e+03 1.275782515774475812e+01
2.002734799999999950e+03 1.275771219214329300e+01
2.024078600000000051e+03 1.277493588438835737e+01
2.056148499999999785e+03 1.281737583960920013e+01
2.059762799999999970e+03 1.280996895990230122e+01
2.061153699999999844e+03 1.280984887034398589e+01
2.084107100000000173e+03 1.285921534703846802e+01
2.091866100000000188e+03 1.285952574801546966e+01
2.112142899999999827e+03 1.284848615916955161e+01
2.129936299999999846e+03 1.289346529615306380e+01
2.134733099999999922e+03 1.289383574190922133e+01
2.159675200000000132e+03 1.292013586403419545e+01
2.187610400000000027e+03 1.296489517606350539e+01
2.193426100000000133e+03 1.296416293507022210e+01
2.205873900000000049e+03 1.292977152452676570e+01
2.236578799999999774e+03 1.298903114186851226e+01
2.250383600000000115e+03 1.298906014654997065e+01
2.254243800000000192e+03 1.300800427437410889e+01
2.291148499999999785e+03 1.304581263993486573e+01
2.296274699999999939e+03 1.304611439039283560e+01
2.306748399999999947e+03 1.303984072867901567e+01
2.338378700000000208e+03 1.309032057805821303e+01
2.338493199999999888e+03 1.309075463057195243e+01
2.360169499999999971e+03 1.307186087929981611e+01
2.390232899999999972e+03 1.313298900875228981e+01
2.400614700000000084e+03 1.313286281294524649e+01
2.407022800000000188e+03 1.315202218603704587e+01
2.456048499999999876e+03 1.318959800529208337e+01
2.459786799999999857e+03 1.319004783228170119e+01
