9.889414399999999716e+01 -3.378371977283372907e+00
1.001516799999999989e+02 -3.378478878754448189e+00
1.276302100000000053e+02 -3.378263167250222132e+00
1.494292199999999866e+02 -3.377849540914859450e+00
1.513668700000000058e+02 -3.378081736187100947e+00
1.762267600000000130e+02 -3.377700401553923815e+00
2.003003600000000120e+02 -3.377014024489368271e+00
2.015480699999999956e+02 -3.377921255680720325e+00
2.239453399999999874e+02 -3.376482818638921746e+00
2.488170399999999916e+02 -3.376710785853735519e+00
2.493731899999999939e+02 -3.376422697259847894e+00
2.727553700000000276e+02 -3.375127999761805775e+00
2.987128400000000283e+02 -3.375035296409331753e+00
3.027583099999999945e+02 -3.374749103671016215e+00
3.244435899999999720e+02 -3.373728933590807166e+00
3.478422299999999723e+02 -3.372551965785993477e+00
3.488136900000000082e+02 -3.371654929234328080e+00
3.714519399999999791e+02 -3.369884377537786690e+00
3.975769399999999791e+02 -3.369233823838409414e+00
4.002782599999999888e+02 -3.368290402097689817e+00
4.219225000000000136e+02 -3.365442046541160526e+00
4.519643100000000118e+02 -3.363483284606715973e+00
4.538942299999999932e+02 -3.365189514493803991e+00
4.704460599999999886e+02 -3.359796346750468121e+00
4.974470800000000281e+02 -3.359357708435637857e+00
4.975084200000000010e+02 -3.358575581108936170e+00
5.260929499999999734e+02 -3.355696627144723720e+00
5.473256000000000085e+02 -3.353399612137652142e+00
5.514588199999999460e+02 -3.353694215655078192e+00
5.740770999999999731e+02 -3.350335507218661579e+00
6.021081699999999728e+02 -3.348882727863269348e+00
6.043318000000000438e+02 -3.349422825756176003e+00
6.212613300000000436e+02 -3.344071327035797569e+00
6.539383699999999635e+02 -3.343891982469446855e+00
6.562930800000000318e+02 -3.344814939266823384e+00
6.710900000000000318e+02 -3.339576478264902892e+00
6.921229799999999841e+02 -3.337042163740868261e+00
7.041639800000000378e+02 -3.338434159302813065e+00
7.218795900000000074e+02 -3.334835440298008713e+00
7.480300999999999476e+02 -3.333179574256489808e+00
7.499965700000000197e+02 -3.333378155549814092e+00
7.701741799999999785e+02 -3.331391080482807521e+00
7.924380300000000261e+02 -3.328091670949434366e+00
7.986003299999999854e+02 -3.329708206356861488e+00
8.230985500000000457e+02 -3.326440578201695253e+00
8.480303400000000238e+02 -3.324802083134506425e+00
8.595909599999999955e+02 -3.325839278242276542e+00
8.651890499999999520e+02 -3.321783849918535036e+00
8.948256999999999834e+02 -3.320874376181920162e+00
8.993238400000000183e+02 -3.320813746221949359e+00
9.081210099999999557e+02 -3.316549266015791364e+00
9.471523200000000315e+02 -3.318140501777044893e+00
9.577808199999999488e+02 -3.319788597890181769e+00
9.655540399999999863e+02 -3.315131734739384051e+00
9.945149000000000115e+02 -3.314171563568047763e+00
1.002215299999999957e+03 -3.315175347824669938e+00
1.012890999999999963e+03 -3.311191742149158124e+00
1.045157899999999927e+03 -3.311882350315667356e+00
1.048900699999999915e+03 -3.310467178606647742e+00
1.066596900000000005e+03 -3.308658017346123081e+00
1.104289600000000064e+03 -3.307877549527333372e+00
1.115493600000000015e+03 -3.310296854135092559e+00
1.121978299999999990e+03 -3.306782305260021371e+00
1.151749099999999999e+03 -3.306879067027208130e+00
1.159244799999999941e+03 -3.305433331403583530e+00
1.165055599999999913e+03 -3.301821097612559264e+00
1.205084299999999985e+03 -3.304242079624621464e+00
1.207857999999999947e+03 -3.299059278775351434e+00
1.209207499999999982e+03 -3.304366934213633922e+00
1.238892499999999927e+03 -3.299572951976496249e+00
1.246800799999999981e+03 -3.297919257201621601e+00
1.268998100000000022e+03 -3.298935230182348466e+00
1.291493300000000090e+03 -3.295757302342074091e+00
1.298138699999999972e+03 -3.291686088782671771e+00
1.298788999999999987e+03 -3.297436587751914949e+00
1.338946599999999989e+03 -3.292574182212895106e+00
1.359743300000000090e+03 -3.297472474814409527e+00
1.366241800000000012e+03 -3.294337994633561362e+00
1.388288500000000113e+03 -3.290215299120104131e+00
1.404869400000000041e+03 -3.294183503664302570e+00
1.408342100000000073e+03 -3.288397925634233054e+00
1.451368699999999990e+03 -3.287687451857834731e+00
1.459249399999999923e+03 -3.291018073185252302e+00
1.462219599999999900e+03 -3.287062745627960858e+00
1.504379799999999932e+03 -3.285766494965279172e+00
1.511811699999999973e+03 -3.285967353497900145e+00
1.527923000000000002e+03 -3.289572196986989994e+00
1.547034900000000107e+03 -3.284624544445903016e+00
1.559048099999999977e+03 -3.282801638926817756e+00
1.563371100000000069e+03 -3.288023891773701468e+00
1.593477900000000091e+03 -3.282052773710467442e+00
1.600856600000000071e+03 -3.282862818124983928e+00
1.609786399999999958e+03 -3.281009889814925806e+00
1.640166500000000042e+03 -3.277705242462442659e+00
1.649855099999999993e+03 -3.282062472546002141e+00
1.659514599999999973e+03 -3.278434467508066330e+00
1.684400200000000041e+03 -3.272711570588043628e+00
1.698603000000000065e+03 -3.280261253947843514e+00
1.720244500000000016e+03 -3.278369955159728732e+00
1.744932299999999941e+03 -3.277564119622915051e+00
1.753470499999999902e+03 -3.277291870243177030e+00
1.764465699999999970e+03 -3.277375545171364646e+00
1.785021099999999933e+03 -3.274337296528037289e+00
1.798453299999999899e+03 -3.271811670409731754e+00
1.807954500000000053e+03 -3.273606104177833931e+00
1.831408699999999953e+03 -3.273962022026973173e+00
1.832013099999999895e+03 -3.273038788455698178e+00
1.860800600000000031e+03 -3.273444547270698557e+00
1.890426500000000033e+03 -3.270668667333317625e+00
1.896722199999999930e+03 -3.271410112663183156e+00
1.906453400000000101e+03 -3.269925312747584023e+00
1.934568400000000111e+03 -3.267176146294838102e+00
1.939321599999999989e+03 -3.270168936612965371e+00
1.975591400000000021e+03 -3.272059293724269402e+00
1.978162499999999909e+03 -3.265633042041660161e+00
2.000177200000000084e+03 -3.265731159989222476e+00
2.002571599999999989e+03 -3.269719181024119070e+00
2.027827600000000075e+03 -3.265233195994815762e+00
2.061376900000000205e+03 -3.272389972877076225e+00
2.068979400000000169e+03 -3.267443961977209099e+00
2.095949900000000071e+03 -3.263279644096795273e+00
2.116339199999999892e+03 -3.267580401154511094e+00
2.119514500000000226e+03 -3.266733866435603595e+00
2.146143500000000131e+03 -3.264663840843229359e+00
2.155390600000000177e+03 -3.263886427568321036e+00
2.163923499999999876e+03 -3.265638759590158369e+00
2.203248900000000049e+03 -3.263796049931861454e+00
2.204508299999999963e+03 -3.266043826119382043e+00
2.214433700000000044e+03 -3.263510411311531190e+00
2.250411999999999807e+03 -3.265408861935309215e+00
2.263575100000000020e+03 -3.261800285247696163e+00
2.268043500000000222e+03 -3.265232272218068221e+00
2.294208500000000186e+03 -3.261830610098685579e+00
2.301450600000000122e+03 -3.259432330313010162e+00
2.306686700000000201e+03 -3.260170405651349856e+00
2.349648599999999988e+03 -3.266063854934620370e+00
2.371191800000000057e+03 -3.262440396234607132e+00
2.380746399999999994e+03 -3.267011356317366833e+00
2.400803800000000138e+03 -3.257644079801083503e+00
2.403551500000000033e+03 -3.256154842392454007e+00
2.404286700000000110e+03 -3.258321855140603240e+00
2.459572500000000218e+03 -3.257477046300030210e+00
