1.025519500000000050e+02 -3.814569679259280921e+00
1.272197100000000063e+02 -3.814395646496619552e+00
1.510149999999999864e+02 -3.814261939115644040e+00
1.765486400000000060e+02 -3.814168409382900471e+00
2.010917800000000000e+02 -3.814035485739319498e+00
2.240936299999999903e+02 -3.813178950200437178e+00
2.497808100000000024e+02 -3.813155034233287388e+00
2.737197699999999827e+02 -3.812504071908554337e+00
2.983204099999999812e+02 -3.811944836689152627e+00
3.239630000000000223e+02 -3.811755210538882110e+00
3.468585899999999924e+02 -3.810723382569848994e+00
3.704572800000000257e+02 -3.809851693651256088e+00
3.955561299999999960e+02 -3.808943390787355998e+00
4.209728900000000067e+02 -3.808359895603846024e+00
4.521300699999999892e+02 -3.809020997440819567e+00
4.730786899999999946e+02 -3.807252783804780272e+00
4.992372100000000046e+02 -3.806522253315385296e+00
5.213915899999999510e+02 -3.805084834672096683e+00
5.448380899999999656e+02 -3.803479673784412984e+00
5.700243600000000015e+02 -3.802467978465539300e+00
5.959634099999999535e+02 -3.800884252235978700e+00
6.169641500000000178e+02 -3.799219070972271961e+00
6.567285399999999527e+02 -3.800700616320750402e+00
6.703087500000000318e+02 -3.796598558028903891e+00
7.033430700000000115e+02 -3.796371642588960871e+00
7.213117700000000241e+02 -3.793730526212472309e+00
7.501571500000000015e+02 -3.792511516834749408e+00
7.756749899999999798e+02 -3.791670059621577327e+00
7.978438200000000506e+02 -3.788309142721647760e+00
8.216106200000000399e+02 -3.787127870637673421e+00
8.480487299999999777e+02 -3.784811162575148380e+00
8.663817299999999477e+02 -3.782101798785347579e+00
8.958173199999999952e+02 -3.779917926925916660e+00
9.165522200000000339e+02 -3.776823599398439146e+00
9.518499399999999468e+02 -3.775902457041226956e+00
9.670175000000000409e+02 -3.772803575307595025e+00
9.976562099999999873e+02 -3.772294564574449449e+00
1.018677099999999996e+03 -3.768810605106489575e+00
1.051348700000000008e+03 -3.767467173548642467e+00
1.064706599999999980e+03 -3.763186027575329717e+00
1.105240500000000111e+03 -3.762645155062597446e+00
1.127361000000000104e+03 -3.761717296510975306e+00
1.147001500000000078e+03 -3.756076560162481037e+00
1.174776900000000069e+03 -3.754319083352913200e+00
1.201247399999999971e+03 -3.749364860291050761e+00
1.205731700000000046e+03 -3.745107644070333031e+00
1.256179000000000087e+03 -3.747253743214281396e+00
1.268607600000000048e+03 -3.743822472743676855e+00
1.295975599999999986e+03 -3.740581036616649424e+00
1.315310099999999920e+03 -3.737996955439383040e+00
1.354338600000000042e+03 -3.737708470255317383e+00
1.363270999999999958e+03 -3.732992485214465805e+00
1.390658200000000079e+03 -3.730436859402848082e+00
1.420973999999999933e+03 -3.731128666769574664e+00
1.455320999999999913e+03 -3.728700600460550518e+00
1.473226699999999937e+03 -3.726008340826639564e+00
1.497077999999999975e+03 -3.722934197615541230e+00
1.524196999999999889e+03 -3.722215760273387186e+00
1.541720600000000104e+03 -3.716776999848440344e+00
1.563781600000000026e+03 -3.714552770149938787e+00
1.596652700000000095e+03 -3.711913925729976249e+00
1.609701999999999998e+03 -3.708918408613702589e+00
1.645278499999999894e+03 -3.705924363914840924e+00
1.656770500000000084e+03 -3.705494704792520633e+00
1.700906500000000051e+03 -3.705495010206505402e+00
1.712061599999999999e+03 -3.701095750129448358e+00
1.748497499999999945e+03 -3.700567313222999033e+00
1.751244300000000067e+03 -3.694221136449931553e+00
1.791213999999999942e+03 -3.694807356322677094e+00
1.810713600000000042e+03 -3.691612842595535682e+00
1.836760999999999967e+03 -3.689670957651484340e+00
1.854647300000000087e+03 -3.687199919246706870e+00
1.907209100000000035e+03 -3.688371999263373002e+00
1.922328800000000001e+03 -3.686971613889632238e+00
1.933480499999999893e+03 -3.681791299799087813e+00
1.966794200000000046e+03 -3.680274712643383239e+00
2.008306399999999940e+03 -3.677934541731002760e+00
2.014516699999999901e+03 -3.677700011638535216e+00
2.032606600000000071e+03 -3.672606562090364513e+00
2.053700499999999920e+03 -3.670010752552778310e+00
2.119881499999999960e+03 -3.674563732047416931e+00
2.132145599999999831e+03 -3.673015642358926414e+00
2.156656500000000051e+03 -3.664850773205064804e+00
2.173116100000000188e+03 -3.666411169050228125e+00
2.219300200000000132e+03 -3.660538140215420455e+00
2.220879699999999957e+03 -3.663885817007655810e+00
2.258236399999999776e+03 -3.655517672332945001e+00
2.261439499999999953e+03 -3.658968829250736299e+00
2.306978200000000015e+03 -3.659180681770465515e+00
2.313804299999999785e+03 -3.650062960694707925e+00
2.349611600000000180e+03 -3.652538973190761595e+00
2.366101500000000215e+03 -3.650484364818926242e+00
2.397732100000000173e+03 -3.646527777805401271e+00
2.405807999999999993e+03 -3.643066759634077556e+00
2.444045900000000074e+03 -3.642679577598353369e+00
