9.901857900000000257e+01 -3.855464394529030336e+00
1.264998099999999965e+02 -3.855182110780261073e+00
1.505620399999999961e+02 -3.855410919725980712e+00
1.751118099999999913e+02 -3.854756913407479058e+00
2.006273799999999881e+02 -3.854877570351467053e+00
2.238379899999999907e+02 -3.854154893516310132e+00
2.498043999999999869e+02 -3.853814501331822129e+00
2.737113600000000133e+02 -3.853660965535480987e+00
2.976888299999999958e+02 -3.853135773996648972e+00
3.217958300000000236e+02 -3.852489580448814621e+00
3.512734800000000064e+02 -3.852448680450902607e+00
3.728544800000000237e+02 -3.852060416152319533e+00
4.002034100000000194e+02 -3.851140887013786429e+00
4.202169400000000223e+02 -3.850298957606868466e+00
4.533260099999999966e+02 -3.850691814321696604e+00
4.702552900000000022e+02 -3.848864523310033814e+00
5.002167000000000030e+02 -3.847609279244841751e+00
5.214853399999999510e+02 -3.847529587909291227e+00
5.508774200000000292e+02 -3.846479236828876491e+00
5.704905599999999595e+02 -3.845707826724338307e+00
6.004188900000000331e+02 -3.845042646737512282e+00
6.232556200000000217e+02 -3.843516261761497965e+00
6.524095399999999927e+02 -3.841649558351384997e+00
6.690987900000000081e+02 -3.839174829094587071e+00
7.003869200000000319e+02 -3.839210411021847236e+00
7.169398999999999660e+02 -3.835993960279235448e+00
7.488623099999999795e+02 -3.835522795677026142e+00
7.675941500000000133e+02 -3.831898221221546663e+00
7.969164399999999659e+02 -3.830892264429925032e+00
8.199173299999999927e+02 -3.828344202470529645e+00
8.567757500000000164e+02 -3.828814166981619582e+00
8.619769900000000007e+02 -3.820593555982531253e+00
8.983153800000000047e+02 -3.820328685479176478e+00
9.128690199999999777e+02 -3.816581982679908780e+00
9.428377500000000282e+02 -3.814120357013425888e+00
9.628370800000000145e+02 -3.812080527028847587e+00
9.993910100000000511e+02 -3.812047899380321070e+00
1.020309899999999971e+03 -3.808585403163344818e+00
1.043807399999999916e+03 -3.804235234240643582e+00
1.072121900000000096e+03 -3.804005686474734027e+00
1.102566900000000032e+03 -3.793783459238169176e+00
1.104383900000000040e+03 -3.801786316312171454e+00
1.160137400000000071e+03 -3.799056870723776846e+00
1.169913299999999936e+03 -3.792094159927164920e+00
1.208510299999999916e+03 -3.790303883223248071e+00
1.218374800000000050e+03 -3.788039988139342285e+00
1.246739299999999957e+03 -3.784730398732001344e+00
1.275473799999999983e+03 -3.784754452735159092e+00
1.294853499999999940e+03 -3.780436178375671030e+00
1.319764300000000048e+03 -3.776769104115833109e+00
1.341795900000000074e+03 -3.773640520420913802e+00
1.367491999999999962e+03 -3.772938877884692399e+00
1.414932499999999891e+03 -3.773519953280365158e+00
1.418352200000000039e+03 -3.768273390975802162e+00
1.453380400000000009e+03 -3.766044326861517799e+00
1.473910200000000032e+03 -3.763706563711207043e+00
1.497612599999999929e+03 -3.758348913655453316e+00
1.514844200000000001e+03 -3.757630614938755276e+00
1.550305499999999938e+03 -3.755645258113362139e+00
1.574890100000000075e+03 -3.753448760012352281e+00
1.605210700000000088e+03 -3.752907124781867942e+00
1.621148300000000063e+03 -3.749964315550837313e+00
1.668810199999999895e+03 -3.748242460350230232e+00
1.676137199999999893e+03 -3.745245581377859789e+00
1.713792400000000043e+03 -3.744779050245059082e+00
1.718892000000000053e+03 -3.739521935315800683e+00
1.756472299999999905e+03 -3.739411778880204373e+00
1.766358600000000024e+03 -3.736559890383153615e+00
1.810342900000000100e+03 -3.736432132407952356e+00
1.817967900000000100e+03 -3.730633297864087705e+00
1.860609099999999899e+03 -3.730713125381440953e+00
1.868981399999999894e+03 -3.727336161780430146e+00
1.899314800000000105e+03 -3.723802262635108828e+00
1.925962600000000066e+03 -3.723687025977455711e+00
1.954894000000000005e+03 -3.717438758451367065e+00
1.970919499999999971e+03 -3.720046660093673463e+00
1.998745300000000043e+03 -3.715235654576385826e+00
2.026745499999999993e+03 -3.716600968393470872e+00
2.056482199999999921e+03 -3.710469903844054951e+00
2.069386599999999817e+03 -3.711596860024231503e+00
2.094497800000000097e+03 -3.704981644039562205e+00
2.129290700000000015e+03 -3.710569116362071984e+00
2.158997299999999996e+03 -3.701067406532741355e+00
2.167425499999999829e+03 -3.705407672537814889e+00
2.183092700000000150e+03 -3.695860917186732930e+00
2.215136500000000069e+03 -3.696541325645403830e+00
2.263984100000000126e+03 -3.693911973482986610e+00
2.265526499999999942e+03 -3.691543108240129545e+00
2.287416299999999865e+03 -3.689552606906543186e+00
2.304203799999999774e+03 -3.688072288018510392e+00
2.347641500000000178e+03 -3.686661049236501952e+00
2.360610400000000027e+03 -3.684405178627788491e+00
2.391014799999999923e+03 -3.682884494969993483e+00
2.412951199999999972e+03 -3.683072741254437510e+00
2.457406300000000101e+03 -3.682951133695218537e+00
