9.973860500000000684e+01 -3.516604636948757356e+00
9.997827700000000561e+01 -3.516576071794996761e+00
1.267974300000000056e+02 -3.516580087502444663e+00
1.487355699999999956e+02 -3.516353711354253342e+00
1.488244100000000003e+02 -3.516291496093215674e+00
1.756099600000000009e+02 -3.516307128033181684e+00
1.987496999999999900e+02 -3.515889353991402455e+00
2.009777499999999861e+02 -3.516103401381306170e+00
2.243345099999999945e+02 -3.515900849994944899e+00
2.503398099999999999e+02 -3.516033365303289582e+00
2.510776700000000119e+02 -3.515676640719485491e+00
2.749832400000000234e+02 -3.515807347656594306e+00
2.979037999999999897e+02 -3.514740096240497103e+00
3.037346299999999815e+02 -3.515483183082387608e+00
3.240528100000000222e+02 -3.515301072217609235e+00
3.485531399999999849e+02 -3.514198247630230476e+00
3.486023000000000138e+02 -3.514419433977607810e+00
3.717964299999999866e+02 -3.513920005384869150e+00
4.055277800000000070e+02 -3.514388806125946729e+00
4.059927099999999882e+02 -3.514822860971849927e+00
4.218847600000000284e+02 -3.512994624622225892e+00
4.440756000000000085e+02 -3.510752414232364060e+00
4.498156099999999924e+02 -3.512280744054718351e+00
4.697685200000000236e+02 -3.510803053612602476e+00
4.976163199999999733e+02 -3.509944509398568613e+00
5.036621599999999717e+02 -3.509486056649243402e+00
5.249434800000000223e+02 -3.507893614443227559e+00
5.502877899999999727e+02 -3.506248543980404531e+00
5.536697000000000344e+02 -3.504138558636324063e+00
5.709472299999999905e+02 -3.499051765328706765e+00
6.014360199999999850e+02 -3.498330274514494853e+00
6.019120599999999968e+02 -3.495059181976592377e+00
6.204491000000000440e+02 -3.490373714563783647e+00
6.494571499999999560e+02 -3.488606487909298615e+00
6.504336899999999559e+02 -3.484932675894621745e+00
6.731571099999999888e+02 -3.481595398190552082e+00
6.954768400000000383e+02 -3.479429557485293145e+00
6.972844199999999546e+02 -3.478989769653879183e+00
7.173130300000000261e+02 -3.474831313325195126e+00
7.510543599999999742e+02 -3.474495804210982364e+00
7.530933599999999615e+02 -3.474621135139139838e+00
7.647249500000000353e+02 -3.468258755564835649e+00
7.891314700000000357e+02 -3.467188569108774931e+00
8.031697000000000344e+02 -3.469909172125596353e+00
8.245164399999999887e+02 -3.466102622548489887e+00
8.495332499999999527e+02 -3.463599835726520748e+00
8.553779500000000553e+02 -3.462888946668207346e+00
8.627811599999999999e+02 -3.457560507540031303e+00
9.015463799999999992e+02 -3.457325320927789214e+00
9.054558600000000297e+02 -3.459198863172279648e+00
9.150402800000000525e+02 -3.452913243696702494e+00
9.437833000000000538e+02 -3.451881796239006928e+00
9.549413299999999936e+02 -3.452945943737231183e+00
9.699278799999999592e+02 -3.449850949179312565e+00
9.964899400000000469e+02 -3.447539976904572256e+00
1.003536100000000033e+03 -3.447505707901954874e+00
1.018958300000000008e+03 -3.443019572022343766e+00
1.042808299999999917e+03 -3.439419192063676967e+00
1.043987599999999929e+03 -3.442490246151489686e+00
1.063148400000000038e+03 -3.437966185773337902e+00
1.090249199999999973e+03 -3.437105907199493160e+00
1.106170599999999922e+03 -3.438836957981759479e+00
1.117641800000000103e+03 -3.435166220444436647e+00
1.140207900000000109e+03 -3.431135209086837889e+00
1.150194999999999936e+03 -3.431974604310109811e+00
1.155392100000000028e+03 -3.428431988782542295e+00
1.191105099999999993e+03 -3.426797473858708365e+00
1.196530099999999948e+03 -3.428110589591982560e+00
1.218981199999999944e+03 -3.426758885692965606e+00
1.252139400000000023e+03 -3.424577378561144858e+00
1.252223899999999958e+03 -3.426193157953052015e+00
1.266351499999999987e+03 -3.422725792229780684e+00
1.295691399999999931e+03 -3.419194620011208219e+00
1.297579099999999926e+03 -3.420027885523582167e+00
1.318684199999999919e+03 -3.418499595874680441e+00
1.342205699999999979e+03 -3.415534422392546787e+00
1.351117600000000039e+03 -3.417073569201805050e+00
1.371600100000000111e+03 -3.416162312030895265e+00
1.403428300000000036e+03 -3.412356798374307942e+00
1.405186099999999897e+03 -3.411988153227237586e+00
1.417986100000000079e+03 -3.411329520295289353e+00
1.439255599999999959e+03 -3.409071799709412876e+00
1.445492099999999937e+03 -3.409881189184988948e+00
1.469291899999999941e+03 -3.407617872235215728e+00
1.490240900000000011e+03 -3.402271495082212827e+00
1.506099600000000009e+03 -3.407208197036631248e+00
1.512934299999999894e+03 -3.402976476964637342e+00
1.543522699999999986e+03 -3.401269746070851419e+00
1.555352000000000089e+03 -3.404206850134761098e+00
1.584598199999999906e+03 -3.402816730399616851e+00
1.588464400000000069e+03 -3.395216433790497312e+00
1.597303300000000036e+03 -3.399527925825311936e+00
1.627292599999999993e+03 -3.399403696073340253e+00
1.641111799999999903e+03 -3.390730712315526141e+00
1.652212600000000066e+03 -3.395072706689641784e+00
1.676749199999999973e+03 -3.396837288336439720e+00
1.695895400000000109e+03 -3.387053805287543629e+00
1.719346199999999953e+03 -3.393788194871210084e+00
1.721596999999999980e+03 -3.395601600079985793e+00
1.747095199999999977e+03 -3.387544552610907811e+00
1.766507000000000062e+03 -3.389482490438850526e+00
1.775548600000000079e+03 -3.392612667789159708e+00
1.793784900000000107e+03 -3.389449951775898917e+00
1.804082499999999982e+03 -3.387238027770829163e+00
1.805702800000000025e+03 -3.385225857304600794e+00
1.838027299999999968e+03 -3.381620599043026587e+00
1.852109699999999975e+03 -3.385823870629800503e+00
1.877677699999999959e+03 -3.385967190260303905e+00
1.907681299999999965e+03 -3.381057984434420405e+00
1.916484099999999899e+03 -3.383665405451507180e+00
1.923064399999999978e+03 -3.379709053676927422e+00
1.933323000000000093e+03 -3.376733485416982372e+00
1.954001899999999978e+03 -3.380831886148099485e+00
1.967808600000000069e+03 -3.381203350516907236e+00
1.981190200000000004e+03 -3.376684030630916933e+00
1.999109200000000101e+03 -3.372459080673489762e+00
2.003030500000000075e+03 -3.380111273982555620e+00
2.054901600000000144e+03 -3.374358407161906381e+00
2.055123199999999997e+03 -3.371285632075837313e+00
2.059274699999999939e+03 -3.373950623865186849e+00
2.085518199999999979e+03 -3.367847802271463298e+00
2.089276499999999942e+03 -3.372868705603935702e+00
2.128211699999999837e+03 -3.374994681827238274e+00
2.152458299999999781e+03 -3.370963602694319938e+00
2.154126499999999851e+03 -3.366005948447955198e+00
2.154432699999999841e+03 -3.370397441866521238e+00
2.186064600000000155e+03 -3.366233629357536561e+00
2.200495399999999790e+03 -3.362168532480280803e+00
2.221754100000000108e+03 -3.371017474387834056e+00
2.240722299999999905e+03 -3.369440671721656955e+00
2.257625300000000152e+03 -3.364694415017654983e+00
2.272351900000000114e+03 -3.366156429485597457e+00
2.291228399999999965e+03 -3.358078106580809408e+00
2.312473800000000210e+03 -3.364166435331318095e+00
2.320437500000000000e+03 -3.364699309658933934e+00
2.357409999999999854e+03 -3.364840838174977478e+00
2.359352400000000216e+03 -3.356559250221998081e+00
2.359774399999999787e+03 -3.363491518837518068e+00
2.373697799999999916e+03 -3.354079952805372411e+00
2.393543999999999869e+03 -3.365668813704989049e+00
2.429985099999999875e+03 -3.363788779925595218e+00
2.445465400000000045e+03 -3.359520391510461668e+00
