1.022386099999999942e+02 -4.322382985642597042e+00
1.266432999999999964e+02 -4.322244139650975647e+00
1.504547499999999900e+02 -4.322191650456513656e+00
1.751660599999999874e+02 -4.322031776704034378e+00
1.989697700000000111e+02 -4.321843966801584003e+00
2.234614500000000135e+02 -4.321587013079887463e+00
2.494195599999999899e+02 -4.321738216275209155e+00
2.738718200000000138e+02 -4.321384617393793981e+00
2.974937800000000152e+02 -4.320778968658477659e+00
3.240878000000000156e+02 -4.321000174820880169e+00
3.485813200000000052e+02 -4.320303894211191320e+00
3.732735000000000127e+02 -4.320120501799638468e+00
3.959432800000000157e+02 -4.319060421610344314e+00
4.218338100000000281e+02 -4.319237101312935145e+00
4.467127899999999840e+02 -4.318349252608456368e+00
4.705862999999999943e+02 -4.317879365270680836e+00
4.965528100000000222e+02 -4.316956666351169147e+00
5.211114599999999655e+02 -4.316396142337128872e+00
5.475461599999999862e+02 -4.315175642076487073e+00
5.690405200000000150e+02 -4.314022663309303951e+00
5.959161100000000033e+02 -4.312987890313894290e+00
6.249251699999999801e+02 -4.313788805896208167e+00
6.434206699999999728e+02 -4.310822856028826422e+00
6.701828500000000304e+02 -4.310638878273846508e+00
6.962640300000000479e+02 -4.308936287907203067e+00
7.157646399999999858e+02 -4.307299688450243025e+00
7.444602700000000368e+02 -4.306548580818936323e+00
7.692649400000000242e+02 -4.305394269311946687e+00
7.936917899999999690e+02 -4.303154648966613927e+00
8.193748199999999997e+02 -4.302465656478092981e+00
8.475202900000000454e+02 -4.300691596925468652e+00
8.685570699999999533e+02 -4.298903837746759216e+00
8.945671399999999949e+02 -4.296298933640624540e+00
9.141562800000000379e+02 -4.293980356306387414e+00
9.375575700000000552e+02 -4.291031327802822481e+00
9.658198700000000372e+02 -4.291196844222961992e+00
9.945544700000000375e+02 -4.288827020149758695e+00
1.016758000000000038e+03 -4.287295804605101068e+00
1.049807700000000068e+03 -4.286213716005348395e+00
1.069404700000000048e+03 -4.283818145601975935e+00
1.099694600000000037e+03 -4.281720537986959840e+00
1.115016599999999926e+03 -4.277715215286067796e+00
1.152023899999999912e+03 -4.277258321202739744e+00
1.165675799999999981e+03 -4.273626251525783459e+00
1.199569899999999961e+03 -4.272161144293713519e+00
1.213680000000000064e+03 -4.267184420358457686e+00
1.255059700000000021e+03 -4.266456240215167561e+00
1.264396500000000060e+03 -4.262784603190140409e+00
1.294333599999999933e+03 -4.260016357632361306e+00
1.316319300000000112e+03 -4.257052429347259803e+00
1.350167300000000068e+03 -4.255765715766070656e+00
1.368243600000000015e+03 -4.252772556575510343e+00
1.390213600000000042e+03 -4.248502055788778264e+00
1.414538000000000011e+03 -4.248084362454099150e+00
1.457109899999999925e+03 -4.248227131451996819e+00
1.466101599999999962e+03 -4.243840236055549830e+00
1.489642900000000054e+03 -4.238027087434924844e+00
1.514863100000000031e+03 -4.236781033226382220e+00
1.542311099999999897e+03 -4.233280459844119825e+00
1.566446200000000090e+03 -4.232126672167158432e+00
1.602089199999999892e+03 -4.228705182364043580e+00
1.614352200000000039e+03 -4.227029238590646720e+00
1.656678200000000061e+03 -4.227152911387822343e+00
1.667916699999999992e+03 -4.222806506395907711e+00
1.684899200000000064e+03 -4.219971958141095492e+00
1.712475200000000086e+03 -4.217294725663383481e+00
1.727089699999999993e+03 -4.213213206823392731e+00
1.769835100000000011e+03 -4.213653882149865915e+00
1.800046599999999899e+03 -4.205261785120696594e+00
1.810076600000000099e+03 -4.211539453831984581e+00
1.862552799999999934e+03 -4.207010847654556684e+00
1.870289899999999989e+03 -4.206520150530165481e+00
1.903446999999999889e+03 -4.197356474231004775e+00
1.904001099999999951e+03 -4.200815616713436285e+00
1.953070200000000114e+03 -4.199257774624561179e+00
1.954948300000000017e+03 -4.191893260157328882e+00
1.991357899999999972e+03 -4.193098966574993369e+00
1.995564100000000053e+03 -4.186115622301797679e+00
2.036822100000000091e+03 -4.186558605972535041e+00
2.065585900000000038e+03 -4.186713835260359673e+00
2.099572799999999916e+03 -4.186549891482683527e+00
2.121751800000000003e+03 -4.186157815820600092e+00
2.144721199999999953e+03 -4.180569606148855755e+00
2.152137700000000223e+03 -4.175446210729101715e+00
2.186016999999999825e+03 -4.174171659653548083e+00
2.222289000000000215e+03 -4.178065740403829054e+00
2.245400399999999991e+03 -4.174063904715480611e+00
2.273059000000000196e+03 -4.175137875361450313e+00
2.309313599999999951e+03 -4.171358111233926635e+00
2.317100100000000111e+03 -4.167519763661879040e+00
2.340073800000000119e+03 -4.160956174683344777e+00
2.356774800000000141e+03 -4.167723746214797131e+00
2.391186299999999846e+03 -4.159896722443160222e+00
2.430151499999999942e+03 -4.165096859718648403e+00
2.437480100000000220e+03 -4.154480253934410783e+00
