9.962719199999999375e+01 -4.411709917515119095e+00
1.268598599999999976e+02 -4.410253208378076550e+00
1.500856300000000090e+02 -4.410421281561649920e+00
1.740123900000000106e+02 -4.407882929592826571e+00
1.977796500000000037e+02 -4.408021387663508150e+00
2.265305600000000084e+02 -4.406342885688121491e+00
2.506427700000000129e+02 -4.405957809026978644e+00
2.735369000000000028e+02 -4.402783633335954683e+00
2.984713899999999853e+02 -4.402591287117218144e+00
3.219714799999999855e+02 -4.399399837832320692e+00
3.468041200000000117e+02 -4.398986117599402945e+00
3.694851199999999949e+02 -4.396053098394288483e+00
3.995971000000000117e+02 -4.396520730414721356e+00
4.173895699999999920e+02 -4.392295891020120635e+00
4.474276100000000156e+02 -4.392300636452184825e+00
4.673717800000000011e+02 -4.390093076124733429e+00
4.956600700000000188e+02 -4.390749333459805115e+00
5.185595700000000079e+02 -4.388316470710291739e+00
5.445828599999999824e+02 -4.387211880227582128e+00
5.673272799999999734e+02 -4.386047291771339118e+00
5.965884399999999914e+02 -4.385855319974391264e+00
6.141240000000000236e+02 -4.383679981184986474e+00
6.546222199999999702e+02 -4.386325742609847644e+00
6.668049399999999878e+02 -4.382996590146166938e+00
6.912428599999999506e+02 -4.383181569861697824e+00
7.181096999999999753e+02 -4.382668094760092004e+00
7.501911700000000565e+02 -4.383469731588425233e+00
7.628986599999999498e+02 -4.380623789940818469e+00
8.044957699999999932e+02 -4.382810862036142119e+00
8.168560400000000072e+02 -4.380360502108784360e+00
8.492567599999999857e+02 -4.381845577178293816e+00
8.619926799999999503e+02 -4.378338656328435441e+00
8.956155800000000227e+02 -4.379114093901074867e+00
9.128105100000000220e+02 -4.378294263559741495e+00
9.572021300000000110e+02 -4.379093656107237109e+00
9.629710199999999531e+02 -4.377414257602312730e+00
9.977381599999999935e+02 -4.379442454942095608e+00
1.016124299999999948e+03 -4.378303362586397185e+00
1.043724400000000060e+03 -4.376531149365827211e+00
1.058716799999999921e+03 -4.375726492714203886e+00
1.104049899999999980e+03 -4.378691371028939905e+00
1.109526200000000017e+03 -4.375014441282151445e+00
1.158704500000000053e+03 -4.377846115950403849e+00
1.167157300000000077e+03 -4.376866057238298247e+00
1.205803100000000086e+03 -4.378581577661528001e+00
1.206776100000000042e+03 -4.375258926610941401e+00
1.246723199999999906e+03 -4.378264044418172851e+00
1.250134499999999889e+03 -4.373718088889545719e+00
1.295431299999999965e+03 -4.376181012200870413e+00
1.312635899999999992e+03 -4.376810150299875524e+00
1.355891499999999951e+03 -4.377475435693771288e+00
1.357053100000000086e+03 -4.375747185707263398e+00
1.407739100000000008e+03 -4.376395457628393437e+00
1.413325700000000097e+03 -4.376364180832330142e+00
1.448757000000000062e+03 -4.377668900691369380e+00
1.457127999999999929e+03 -4.375245142638738649e+00
1.506257399999999961e+03 -4.375379309003204931e+00
1.515058299999999917e+03 -4.381313533764278567e+00
1.544619799999999941e+03 -4.377772480821533030e+00
1.563412299999999959e+03 -4.375594384031486150e+00
1.610465200000000095e+03 -4.381993636919100155e+00
1.611281700000000001e+03 -4.378304250279063226e+00
1.639114000000000033e+03 -4.378599392879836572e+00
1.663248599999999897e+03 -4.379868435438135421e+00
1.714110400000000027e+03 -4.381132173478014202e+00
1.714544599999999946e+03 -4.382826043013831274e+00
1.750603399999999965e+03 -4.380030873389124224e+00
1.759411599999999908e+03 -4.380144219214858303e+00
1.807777499999999918e+03 -4.382504982832141849e+00
1.810873499999999922e+03 -4.380850037856931500e+00
1.831583100000000059e+03 -4.380426454530488733e+00
1.852624900000000025e+03 -4.378169710198864806e+00
1.889701399999999921e+03 -4.384129189308140440e+00
1.912976499999999987e+03 -4.383008519247887591e+00
1.935701299999999947e+03 -4.376609314564267272e+00
1.966548500000000104e+03 -4.384917280196306777e+00
2.007498000000000047e+03 -4.384303001824598311e+00
2.012591499999999996e+03 -4.383851708661936186e+00
2.051441200000000208e+03 -4.381997867205460473e+00
2.074056700000000092e+03 -4.388029748856340007e+00
2.106108900000000176e+03 -4.383742453042637877e+00
2.122464300000000094e+03 -4.388512070282834188e+00
2.136194300000000112e+03 -4.384904109187036880e+00
2.169753499999999804e+03 -4.384812224166650729e+00
2.176917100000000119e+03 -4.389131081872820417e+00
2.212165500000000065e+03 -4.387550893771258842e+00
2.249065599999999904e+03 -4.390610251344526205e+00
2.258226700000000164e+03 -4.387905048671101760e+00
2.297381100000000060e+03 -4.383487448208509107e+00
2.312350699999999961e+03 -4.390212313545582390e+00
2.350800699999999779e+03 -4.387717181168553360e+00
2.359081799999999930e+03 -4.386652738658905371e+00
2.388149699999999939e+03 -4.390105187555514377e+00
2.401160199999999804e+03 -4.389887091525634943e+00
2.435477499999999964e+03 -4.392228672638371023e+00
