1.001910699999999963e+02 -1.526014046588041850e+00
1.271969100000000026e+02 -1.525465062643670988e+00
1.505256500000000131e+02 -1.525348845791213881e+00
1.505437100000000044e+02 -1.525353463775364515e+00
1.742610500000000116e+02 -1.524293895424922551e+00
2.001604700000000037e+02 -1.524384078335919712e+00
2.001848699999999894e+02 -1.524390386221699423e+00
2.245636499999999955e+02 -1.523631571065333423e+00
2.465060300000000097e+02 -1.522670488069848949e+00
2.466547199999999975e+02 -1.522708774738899873e+00
2.735536900000000173e+02 -1.522042706227991093e+00
3.008409399999999891e+02 -1.522036144669196789e+00
3.011591999999999985e+02 -1.522118522986247502e+00
3.215322699999999827e+02 -1.519705894361504939e+00
3.503197999999999865e+02 -1.519650028528276131e+00
3.503962700000000154e+02 -1.519669797545717405e+00
3.716827900000000113e+02 -1.517450112222101355e+00
3.978739499999999794e+02 -1.516693417746412198e+00
3.980957900000000222e+02 -1.516750869573836757e+00
4.221399099999999862e+02 -1.514136456117450402e+00
4.521043500000000108e+02 -1.513576530274971965e+00
4.521604699999999752e+02 -1.513590936641453055e+00
4.748866899999999873e+02 -1.511007181490461759e+00
5.017569399999999860e+02 -1.509861980573538931e+00
5.022590000000000146e+02 -1.509991925735269858e+00
5.211541200000000345e+02 -1.506612442524515316e+00
5.474995099999999866e+02 -1.505538353138405006e+00
5.475043500000000449e+02 -1.505539502603952640e+00
5.741016300000000001e+02 -1.503400519585222916e+00
6.004972099999999955e+02 -1.502597801405346045e+00
6.008900700000000370e+02 -1.502699363536795785e+00
6.181522899999999936e+02 -1.498073501359185711e+00
6.450589899999999943e+02 -1.496261507331741125e+00
6.452575399999999490e+02 -1.496312582032642835e+00
6.705843399999999974e+02 -1.494128789893335973e+00
6.975560400000000527e+02 -1.492421834954094084e+00
6.980559700000000021e+02 -1.492551025926794450e+00
7.158529700000000275e+02 -1.489975281502813775e+00
7.550412900000000036e+02 -1.490505794631503234e+00
7.550541500000000497e+02 -1.490509373624563372e+00
7.682252099999999473e+02 -1.486280424468432448e+00
8.012925099999999929e+02 -1.485965250972751672e+00
8.016846399999999448e+02 -1.486066573499261745e+00
8.214072200000000521e+02 -1.484495499371472294e+00
8.565599499999999580e+02 -1.478303106657189003e+00
8.599067800000000261e+02 -1.484525035540747329e+00
8.602416200000000117e+02 -1.484611089493015790e+00
9.002046000000000276e+02 -1.479445928309815361e+00
9.010609200000000101e+02 -1.479667304078290391e+00
9.178493600000000470e+02 -1.477334388793313469e+00
9.498758299999999508e+02 -1.477322753495203589e+00
9.499829799999999977e+02 -1.477350555674265209e+00
9.596225699999999961e+02 -1.473062559214283862e+00
1.002712700000000041e+03 -1.472976080956126754e+00
1.002912100000000009e+03 -1.473027833367605455e+00
1.020616099999999960e+03 -1.473464073459582524e+00
1.063795900000000074e+03 -1.473502089525141834e+00
1.064281799999999976e+03 -1.473626991953240095e+00
1.072181599999999889e+03 -1.471759823553155044e+00
1.101120400000000018e+03 -1.468333385622327070e+00
1.101642499999999927e+03 -1.468468307981409815e+00
1.114012400000000071e+03 -1.467332008942116683e+00
1.148258599999999888e+03 -1.467802471654475305e+00
1.148892800000000079e+03 -1.467966475866169018e+00
1.162360400000000027e+03 -1.464951884112666303e+00
1.206261700000000019e+03 -1.462008398681740928e+00
1.219431199999999990e+03 -1.466544108314747241e+00
1.219810799999999972e+03 -1.466643260180324981e+00
1.245846000000000004e+03 -1.462587596420596991e+00
1.246030700000000024e+03 -1.462635243276977137e+00
1.263948100000000068e+03 -1.460920820049999680e+00
1.284246599999999944e+03 -1.459088241908283123e+00
1.285055000000000064e+03 -1.459297941798403553e+00
1.321566000000000031e+03 -1.462249025578764128e+00
1.342891499999999951e+03 -1.456661745877382508e+00
1.343007000000000062e+03 -1.456692062895526441e+00
1.362749900000000025e+03 -1.456490988482965765e+00
1.404760399999999890e+03 -1.459175831812866031e+00
1.404828099999999949e+03 -1.459193079183674913e+00
1.406400200000000041e+03 -1.452819679484659510e+00
1.458182800000000043e+03 -1.456112781606470064e+00
1.458618699999999990e+03 -1.456224961580742550e+00
1.460493500000000040e+03 -1.453675490598665743e+00
1.491648200000000088e+03 -1.453487538930934519e+00
1.492390300000000025e+03 -1.453678979472154742e+00
1.511956400000000031e+03 -1.452098288705080620e+00
1.558697200000000066e+03 -1.450574958485742361e+00
1.558818299999999908e+03 -1.449462208662150697e+00
1.559757900000000063e+03 -1.450848865240782271e+00
1.595565700000000106e+03 -1.447373958757425694e+00
1.595838799999999992e+03 -1.447444357002949378e+00
1.626265900000000101e+03 -1.452075226664654384e+00
1.653566800000000057e+03 -1.446308760155416984e+00
1.654398899999999912e+03 -1.446524230769538066e+00
1.657577199999999948e+03 -1.446435442910988245e+00
1.700453600000000051e+03 -1.447061368428585570e+00
1.700840999999999894e+03 -1.447161519041332056e+00
1.721682999999999993e+03 -1.447256236618742253e+00
1.750695600000000013e+03 -1.443711385090009403e+00
1.751969599999999900e+03 -1.444040942995699517e+00
1.777005400000000009e+03 -1.447476965324323128e+00
1.789993699999999990e+03 -1.439885025124986617e+00
1.790409499999999980e+03 -1.439992110619900290e+00
1.821602399999999989e+03 -1.443815204777032291e+00
1.839428400000000011e+03 -1.437179890465218435e+00
1.840708200000000033e+03 -1.437510286276102001e+00
1.853956100000000106e+03 -1.436916253692892775e+00
1.894198799999999892e+03 -1.440762037898922543e+00
1.894448599999999942e+03 -1.440827074140845321e+00
1.914791500000000042e+03 -1.437292662660861531e+00
1.956943600000000060e+03 -1.434528309438168225e+00
1.968284900000000107e+03 -1.439958073209649303e+00
1.969142900000000054e+03 -1.440180850114286315e+00
1.994717900000000100e+03 -1.435401289785129597e+00
1.995198599999999942e+03 -1.435526018274040583e+00
2.007383499999999913e+03 -1.431136672208919824e+00
2.042141000000000076e+03 -1.423940720587957731e+00
2.051173800000000028e+03 -1.433312058745685569e+00
2.052092000000000098e+03 -1.433549279069911142e+00
2.089298999999999978e+03 -1.431372792198081889e+00
2.089430600000000140e+03 -1.431407322272166827e+00
2.108697299999999814e+03 -1.427333903960031236e+00
2.161624699999999848e+03 -1.426730969036579921e+00
2.164751200000000154e+03 -1.431817014963780110e+00
2.164932499999999891e+03 -1.431863223113003070e+00
2.205583500000000186e+03 -1.423797514386845764e+00
2.207061299999999846e+03 -1.424180013077020579e+00
2.217814499999999953e+03 -1.424793228772208709e+00
2.226604800000000068e+03 -1.421989012021350529e+00
2.227396999999999935e+03 -1.422194880086787627e+00
2.248341199999999844e+03 -1.418267880804759518e+00
2.292565000000000055e+03 -1.422159752575323122e+00
2.292723300000000108e+03 -1.422201134245572485e+00
2.317146099999999933e+03 -1.419115260299858905e+00
2.347033199999999852e+03 -1.409539869328757966e+00
2.358547300000000178e+03 -1.418883428076113784e+00
2.358666700000000219e+03 -1.418914804207308977e+00
2.419360200000000077e+03 -1.410040657838497191e+00
2.427566699999999855e+03 -1.419474230781699431e+00
2.428146999999999935e+03 -1.419625674676262106e+00
2.456481600000000071e+03 -1.409027824280002728e+00
2.458212100000000191e+03 -1.409475600065775769e+00
