9.959694700000000012e+01 -3.379102922924049235e+00
1.003304899999999975e+02 -3.379179999875439488e+00
1.267817000000000007e+02 -3.378824697963718648e+00
1.488335800000000120e+02 -3.378563457602115960e+00
1.506670799999999986e+02 -3.378896959249120702e+00
1.748887400000000127e+02 -3.378060022900382986e+00
1.991632999999999925e+02 -3.377929210860570297e+00
1.998788600000000031e+02 -3.377894626839481607e+00
2.253751900000000035e+02 -3.377599104894005055e+00
2.497937200000000075e+02 -3.377050901747702394e+00
2.501771300000000053e+02 -3.377119387851560184e+00
2.736791400000000181e+02 -3.376112894521875685e+00
2.996873899999999935e+02 -3.375465386793282896e+00
3.026886000000000081e+02 -3.376076085301284113e+00
3.232271299999999883e+02 -3.374295942351578148e+00
3.496917399999999816e+02 -3.373422172996623392e+00
3.504214799999999741e+02 -3.373961171335778442e+00
3.718097000000000207e+02 -3.370737297128674204e+00
3.989248600000000238e+02 -3.369490032752951336e+00
4.012467500000000200e+02 -3.369938547263572115e+00
4.199567000000000121e+02 -3.365728932573822885e+00
4.511295600000000263e+02 -3.365632435244980680e+00
4.538016200000000140e+02 -3.365649900259963800e+00
4.773125299999999811e+02 -3.361913822962028231e+00
4.958209499999999821e+02 -3.359147172870629472e+00
5.033930700000000229e+02 -3.359804594518992715e+00
5.211317599999999857e+02 -3.355363277122138665e+00
5.493912100000000009e+02 -3.355007346400270762e+00
5.532319099999999708e+02 -3.355389618941980512e+00
5.713247599999999693e+02 -3.349426689813008284e+00
6.008950200000000450e+02 -3.347807706104707570e+00
6.017441400000000158e+02 -3.348099223379420231e+00
6.208346900000000232e+02 -3.344358192696163190e+00
6.542128500000000031e+02 -3.343766218034220028e+00
6.568547600000000557e+02 -3.343734162640973118e+00
6.671924299999999448e+02 -3.338427366508913696e+00
7.009663600000000088e+02 -3.338268359639969596e+00
7.024448300000000245e+02 -3.337787200885114824e+00
7.176874000000000251e+02 -3.334789381806592790e+00
7.464991400000000112e+02 -3.332527786138691717e+00
7.516408400000000256e+02 -3.333863225974337041e+00
7.709587400000000343e+02 -3.331553145652354164e+00
7.936546799999999848e+02 -3.328114015195090758e+00
7.962577400000000125e+02 -3.330182541176165856e+00
8.169702399999999898e+02 -3.326309982338651494e+00
8.495401100000000270e+02 -3.326128680209123001e+00
8.515336899999999787e+02 -3.325733262446140426e+00
8.653642099999999573e+02 -3.321378033141024755e+00
8.923310300000000552e+02 -3.321120406895337052e+00
9.082325200000000223e+02 -3.321572699717800781e+00
9.219721700000000055e+02 -3.320403931893980420e+00
9.385296600000000353e+02 -3.316213224727287745e+00
9.514108599999999569e+02 -3.316793729347753406e+00
9.634006500000000415e+02 -3.314426913135485986e+00
9.927596200000000408e+02 -3.311830398145801269e+00
1.000531799999999976e+03 -3.314602484534461269e+00
1.024779299999999921e+03 -3.314507217145382434e+00
1.052636199999999917e+03 -3.312267858354846606e+00
1.062748199999999997e+03 -3.308048814035737362e+00
1.063588899999999967e+03 -3.312031671772083463e+00
1.096480000000000018e+03 -3.307076656410997462e+00
1.104817199999999957e+03 -3.309538013428390713e+00
1.113518800000000056e+03 -3.306175704146013139e+00
1.141562100000000100e+03 -3.303275292676773667e+00
1.147139899999999898e+03 -3.303714873411109032e+00
1.168060899999999947e+03 -3.303725139239428898e+00
1.198363499999999931e+03 -3.303211569966682859e+00
1.200640300000000025e+03 -3.302205724781836160e+00
1.224163999999999987e+03 -3.302892605897359335e+00
1.249708699999999908e+03 -3.298948180051841650e+00
1.259831200000000081e+03 -3.302398499896642026e+00
1.262941299999999956e+03 -3.296345205344230145e+00
1.302118899999999940e+03 -3.293943830510144721e+00
1.310009399999999914e+03 -3.296118070209527851e+00
1.319955999999999904e+03 -3.296869547788453314e+00
1.332737300000000005e+03 -3.292147816744261934e+00
1.352017599999999902e+03 -3.292746192340747502e+00
1.354787800000000061e+03 -3.290124363325571899e+00
1.392580099999999902e+03 -3.291928416733724383e+00
1.395438799999999901e+03 -3.291198029726627894e+00
1.405586700000000064e+03 -3.288094209687680181e+00
1.441685899999999947e+03 -3.287730357460864283e+00
1.446301699999999983e+03 -3.288953503390187105e+00
1.461297499999999900e+03 -3.286987503031717939e+00
1.498277700000000095e+03 -3.285271720298832410e+00
1.499141399999999976e+03 -3.285749023891314735e+00
1.511887799999999970e+03 -3.286708683691796473e+00
1.543687699999999950e+03 -3.283940378652091319e+00
1.552166500000000042e+03 -3.283432541152307316e+00
1.558427100000000110e+03 -3.282429160347065888e+00
1.586811300000000074e+03 -3.280992107299131266e+00
1.606120499999999993e+03 -3.283137390310687742e+00
1.618708000000000084e+03 -3.283071593117291354e+00
1.651176600000000008e+03 -3.279793023764304927e+00
1.654919799999999896e+03 -3.280930163889871576e+00
1.668610699999999952e+03 -3.280155062302514857e+00
1.700257700000000114e+03 -3.275148827370474081e+00
1.706631599999999935e+03 -3.280754321646008886e+00
1.708641300000000001e+03 -3.280793510873867280e+00
1.738746000000000095e+03 -3.274043761174675993e+00
1.751566000000000031e+03 -3.277060255897166652e+00
1.760081300000000056e+03 -3.276535953702373494e+00
1.798184199999999919e+03 -3.276025178216162459e+00
1.799403299999999945e+03 -3.275813828540663941e+00
1.812935199999999895e+03 -3.274671548605708526e+00
1.845859099999999899e+03 -3.274950282390289846e+00
1.849745699999999943e+03 -3.273075644280984076e+00
1.860229199999999992e+03 -3.273711494168723757e+00
1.892466499999999996e+03 -3.272078757086696488e+00
1.916468399999999974e+03 -3.272865244511040661e+00
1.920641399999999976e+03 -3.273692979497770494e+00
1.944728299999999990e+03 -3.270578481619162758e+00
1.946426600000000008e+03 -3.269508061295089529e+00
1.963014100000000099e+03 -3.269404900627576716e+00
1.989862000000000080e+03 -3.265743948251098594e+00
2.005290799999999990e+03 -3.268613426602072547e+00
2.020150599999999940e+03 -3.269950604600909028e+00
2.043350200000000086e+03 -3.268103719768087778e+00
2.059916000000000167e+03 -3.270873231327240838e+00
2.066890899999999874e+03 -3.267994771826277400e+00
2.098668400000000020e+03 -3.267617938305764191e+00
2.104063200000000052e+03 -3.270883199923213080e+00
2.116626400000000103e+03 -3.267171694683407956e+00
2.148529199999999946e+03 -3.262767666896990271e+00
2.163721799999999803e+03 -3.264833054146088820e+00
2.166827699999999822e+03 -3.266588107964344179e+00
2.199962899999999991e+03 -3.264616663423364873e+00
2.216289000000000215e+03 -3.263363440408407534e+00
2.218058899999999994e+03 -3.266036189177597748e+00
2.241135400000000118e+03 -3.264006452658775981e+00
2.250163599999999860e+03 -3.260989211028545220e+00
2.269078799999999774e+03 -3.263687176174176585e+00
2.300447200000000066e+03 -3.262120214155635356e+00
2.307407700000000204e+03 -3.259324588043699844e+00
2.324041000000000167e+03 -3.263855901416637284e+00
2.331153200000000197e+03 -3.255461695095271502e+00
2.357692300000000159e+03 -3.257579297685813557e+00
2.367266299999999774e+03 -3.266277855998019675e+00
2.400659200000000055e+03 -3.257595299491283569e+00
2.418317300000000159e+03 -3.264547507836555340e+00
2.421433899999999994e+03 -3.261341659997767373e+00
2.429788700000000063e+03 -3.252599750967187564e+00
