1.017286799999999971e+02 -6.298487470411169298e+00
1.271760000000000019e+02 -6.298189455486165933e+00
1.511672499999999957e+02 -6.298268121487035742e+00
1.739731800000000135e+02 -6.297550332208957435e+00
1.988643500000000017e+02 -6.297809233478085744e+00
2.249181299999999908e+02 -6.297395763614644260e+00
2.502611200000000053e+02 -6.297261597580281034e+00
2.725329899999999839e+02 -6.295307127242646850e+00
2.991396100000000047e+02 -6.295498108158710693e+00
3.214945500000000038e+02 -6.293963036945351419e+00
3.512316000000000145e+02 -6.294160833486492912e+00
3.712495799999999804e+02 -6.290771357159565369e+00
3.977770399999999995e+02 -6.290160782656526450e+00
4.181730900000000020e+02 -6.285835562354404438e+00
4.489373800000000188e+02 -6.286592529679865038e+00
4.728143999999999778e+02 -6.286362304072230067e+00
5.004000700000000279e+02 -6.285859411498321059e+00
5.206245000000000118e+02 -6.285411562254886952e+00
5.478483700000000454e+02 -6.285202375118060125e+00
5.725720499999999902e+02 -6.285714638804992482e+00
5.981365200000000186e+02 -6.284150858194839095e+00
6.133523099999999886e+02 -6.283223359999561275e+00
6.520689399999999978e+02 -6.284222609665983228e+00
6.681245999999999867e+02 -6.284036354269153080e+00
6.991318400000000111e+02 -6.283866916712590900e+00
7.177643299999999726e+02 -6.283249733818094818e+00
7.518170499999999947e+02 -6.282262687766687392e+00
7.699490700000000061e+02 -6.283109345477246421e+00
7.945567399999999907e+02 -6.282588158061923167e+00
8.166042700000000423e+02 -6.279542208770713785e+00
8.569171800000000303e+02 -6.280147594911335673e+00
8.706032400000000280e+02 -6.255608164538260851e+00
9.036185100000000148e+02 -6.254362585234414240e+00
9.174082499999999527e+02 -6.221901148924004588e+00
9.540937699999999495e+02 -6.219731819372954718e+00
9.624845199999999750e+02 -6.199009177672690996e+00
1.002431600000000003e+03 -6.200839448054282776e+00
1.016616099999999960e+03 -6.185553645360321262e+00
1.043458100000000059e+03 -6.183866233867408191e+00
1.067250900000000001e+03 -6.178275847762701112e+00
1.100394000000000005e+03 -6.179260038038670189e+00
1.117433199999999943e+03 -6.171112089649795074e+00
1.154935099999999920e+03 -6.169892157824063972e+00
1.168100899999999911e+03 -6.166387576514519075e+00
1.206102399999999989e+03 -6.167032502436218699e+00
1.213269000000000005e+03 -6.159322825708222204e+00
1.247818700000000035e+03 -6.158923754097961556e+00
1.256068999999999960e+03 -6.152528735700660611e+00
1.307024899999999889e+03 -6.154246018864139245e+00
1.311931900000000041e+03 -6.149524346055565971e+00
1.345983199999999897e+03 -6.142891197102915868e+00
1.358509000000000015e+03 -6.153075732561075206e+00
1.406386199999999917e+03 -6.146682333358793215e+00
1.417529600000000073e+03 -6.143084903066540647e+00
1.454700800000000072e+03 -6.141786602663751538e+00
1.464041199999999890e+03 -6.138270079090776044e+00
1.508446799999999939e+03 -6.138088402253825571e+00
1.517543400000000020e+03 -6.133303376257343231e+00
1.554924299999999903e+03 -6.131531605818572928e+00
1.559286299999999983e+03 -6.128341642956969260e+00
1.589768399999999929e+03 -6.125445870232598899e+00
1.622706699999999955e+03 -6.127809030957889647e+00
1.656426200000000108e+03 -6.120001666263692464e+00
1.666031400000000076e+03 -6.127255308512263632e+00
1.691728100000000040e+03 -6.118403302056845128e+00
1.722975200000000086e+03 -6.119714049352704244e+00
1.750004699999999957e+03 -6.112188686569065332e+00
1.761970399999999927e+03 -6.118343324273090467e+00
1.798811400000000049e+03 -6.113380381133699970e+00
1.824290299999999888e+03 -6.112484485081182584e+00
1.852849400000000060e+03 -6.108724694794072541e+00
1.882890799999999899e+03 -6.111559690086492580e+00
1.908185199999999895e+03 -6.107042923896842446e+00
1.915904800000000023e+03 -6.103927155147075290e+00
1.923860300000000052e+03 -6.097877765096884950e+00
1.955630000000000109e+03 -6.099303260734759036e+00
2.010048399999999901e+03 -6.099191264442401561e+00
2.011659799999999905e+03 -6.093481240533472842e+00
2.045173999999999978e+03 -6.098085690771771539e+00
2.063824700000000121e+03 -6.091665155276498211e+00
2.104542500000000018e+03 -6.088726221074114875e+00
2.132074099999999817e+03 -6.096731129282522588e+00
2.154450600000000122e+03 -6.085135989584575356e+00
2.165903899999999794e+03 -6.089214339175524238e+00
2.190398200000000088e+03 -6.083305101245356283e+00
2.194886500000000069e+03 -6.079046120406940368e+00
2.206012000000000171e+03 -6.073475306247640759e+00
2.240410699999999906e+03 -6.077372125873843345e+00
2.283242799999999988e+03 -6.079775729836736531e+00
2.308603399999999965e+03 -6.076382835246987746e+00
2.371701500000000124e+03 -6.077562648261290335e+00
2.390043599999999969e+03 -6.072592457682490341e+00
2.393973599999999806e+03 -6.084440417314032068e+00
2.425974000000000160e+03 -6.074910898497965839e+00
2.455929000000000087e+03 -6.073022255003854397e+00
