9.969848199999999849e+01 -3.534157464028782059e+00
1.266921499999999980e+02 -3.534042031934932826e+00
1.494305099999999982e+02 -3.533987315887324954e+00
1.757869799999999998e+02 -3.533879300753220765e+00
2.006176800000000071e+02 -3.533772935698376472e+00
2.251580099999999902e+02 -3.533560311463636694e+00
2.491379399999999862e+02 -3.532907575545902290e+00
2.728955000000000268e+02 -3.532687175474789942e+00
2.954122100000000160e+02 -3.531807603024258668e+00
3.238355500000000120e+02 -3.532309174450040334e+00
3.528325800000000072e+02 -3.531907865443914218e+00
3.712380999999999744e+02 -3.530901861771119865e+00
4.014475800000000163e+02 -3.530794251691108165e+00
4.176400100000000180e+02 -3.528929228273507412e+00
4.516789499999999862e+02 -3.529517950165808937e+00
4.662374300000000176e+02 -3.527147015191544277e+00
5.004995799999999804e+02 -3.527764741943713922e+00
5.190477399999999761e+02 -3.525815102661262745e+00
5.524843899999999621e+02 -3.526034859860752935e+00
5.699332200000000057e+02 -3.522859082135060493e+00
6.004032999999999447e+02 -3.521836448693832278e+00
6.208099700000000212e+02 -3.519465378310350889e+00
6.443743399999999610e+02 -3.517930532437289592e+00
6.675547800000000507e+02 -3.513983385997451414e+00
7.052168299999999590e+02 -3.514605995968242524e+00
7.149962299999999686e+02 -3.507525118141118448e+00
7.475091700000000401e+02 -3.505853777895112877e+00
7.721599800000000187e+02 -3.504821658762431014e+00
8.005086900000000014e+02 -3.502282157893608527e+00
8.182734799999999495e+02 -3.498877508485145782e+00
8.498909300000000258e+02 -3.497029469828162096e+00
8.761131699999999682e+02 -3.494815513998181800e+00
8.971818600000000288e+02 -3.490407772966483968e+00
9.183387999999999920e+02 -3.489002034185675338e+00
9.462963600000000497e+02 -3.487961861046020573e+00
9.666076600000000099e+02 -3.484058757234937520e+00
9.936537600000000339e+02 -3.483292418224553710e+00
1.014230300000000057e+03 -3.477622294981132622e+00
1.050373100000000022e+03 -3.476439722364013551e+00
1.063410900000000083e+03 -3.471791578289547875e+00
1.095575299999999970e+03 -3.470586311002755053e+00
1.108821300000000065e+03 -3.466941207138090064e+00
1.135782200000000103e+03 -3.466223674716702341e+00
1.169471800000000030e+03 -3.464039559312437788e+00
1.194566100000000006e+03 -3.460941346211854341e+00
1.213170399999999972e+03 -3.459172513744115829e+00
1.251837299999999914e+03 -3.458898679248844310e+00
1.272563900000000103e+03 -3.458387998800748875e+00
1.300755100000000084e+03 -3.453317192261181834e+00
1.324160100000000057e+03 -3.454325310531855209e+00
1.341941499999999905e+03 -3.450813668756016472e+00
1.366109899999999925e+03 -3.447551911326727669e+00
1.403976300000000037e+03 -3.447308664719815230e+00
1.413900300000000016e+03 -3.444290102720505065e+00
1.448011899999999969e+03 -3.441431854547677638e+00
1.469888899999999921e+03 -3.440207736811403461e+00
1.507368199999999888e+03 -3.439811903408657390e+00
1.518452199999999948e+03 -3.439650877668859685e+00
1.557618699999999990e+03 -3.439416692290854893e+00
1.570421299999999974e+03 -3.434992346409917019e+00
1.602371399999999994e+03 -3.431992415127305573e+00
1.610717100000000073e+03 -3.432248662419614238e+00
1.650025100000000066e+03 -3.429897434567821257e+00
1.673638300000000072e+03 -3.429909305443980205e+00
1.694919699999999921e+03 -3.423235060186605061e+00
1.726578700000000026e+03 -3.426203736978511660e+00
1.754326600000000099e+03 -3.429461235137678976e+00
1.762320899999999938e+03 -3.420781940793277354e+00
1.775054799999999886e+03 -3.417240302740326197e+00
1.817411100000000033e+03 -3.419749276632939150e+00
1.859908799999999928e+03 -3.416085004711476358e+00
1.868347299999999905e+03 -3.418971186066768198e+00
1.870719599999999900e+03 -3.407417161631745461e+00
1.910953299999999899e+03 -3.413922943603943327e+00
1.935817099999999982e+03 -3.410137775492953160e+00
1.969209200000000010e+03 -3.412662014002164845e+00
1.997110200000000077e+03 -3.413926270472487978e+00
2.016891499999999951e+03 -3.412475607653498333e+00
2.042290400000000091e+03 -3.405730971795356332e+00
2.055050499999999829e+03 -3.406308309284395985e+00
2.086759300000000167e+03 -3.401385270504144298e+00
2.111997299999999996e+03 -3.404162391123195519e+00
2.142569199999999910e+03 -3.401756656201898377e+00
2.172275799999999890e+03 -3.405803083966706168e+00
2.182646400000000085e+03 -3.400122244412449479e+00
2.193410699999999906e+03 -3.396020998109321454e+00
2.247263899999999921e+03 -3.400063415572619263e+00
2.264046899999999823e+03 -3.399170423066143698e+00
2.296988899999999830e+03 -3.394840107178521471e+00
2.310993300000000090e+03 -3.396001384373191989e+00
2.349075499999999920e+03 -3.397942717325393769e+00
2.376112099999999828e+03 -3.397414610346564334e+00
2.400130799999999908e+03 -3.390586776138435177e+00
2.415157999999999902e+03 -3.397295899207815495e+00
2.439172300000000178e+03 -3.390419095230384539e+00
