9.894135900000000561e+01 -3.297576377479585652e+00
1.261801999999999992e+02 -3.296719981873708516e+00
1.510380399999999952e+02 -3.296987160629084368e+00
1.741610300000000109e+02 -3.295402121308606880e+00
2.007809900000000027e+02 -3.295803400055913990e+00
2.259708500000000129e+02 -3.294304641779344678e+00
2.488532099999999900e+02 -3.293435687098937414e+00
2.754791200000000231e+02 -3.292159336524945967e+00
3.000022799999999847e+02 -3.291069436133127191e+00
3.212365300000000161e+02 -3.288380304735520454e+00
3.508677799999999820e+02 -3.288267827012565370e+00
3.763442800000000261e+02 -3.286549053235653162e+00
4.014067999999999756e+02 -3.284894639434441377e+00
4.245146700000000237e+02 -3.282612377635298007e+00
4.509618199999999888e+02 -3.281455751351553207e+00
4.704601099999999860e+02 -3.277993394383644787e+00
4.990714399999999955e+02 -3.276828472355679978e+00
5.239964899999999943e+02 -3.274817992649771803e+00
5.513165900000000192e+02 -3.273683906779575103e+00
5.742871599999999717e+02 -3.270663320968347776e+00
6.016472099999999728e+02 -3.269828693845780343e+00
6.160289099999999962e+02 -3.265825806958721600e+00
6.527354900000000271e+02 -3.266100961120486978e+00
6.736093700000000126e+02 -3.263668707611598663e+00
7.028286000000000513e+02 -3.262353642869085579e+00
7.115476400000000012e+02 -3.257318201221345966e+00
7.545357099999999946e+02 -3.259371937240735040e+00
7.685219200000000228e+02 -3.255125703083845856e+00
8.039347400000000334e+02 -3.255707754186193181e+00
8.115845500000000357e+02 -3.251570076041116142e+00
8.467993000000000166e+02 -3.251980171036494394e+00
8.637280899999999519e+02 -3.248020400408899278e+00
9.069622100000000273e+02 -3.249595815677300159e+00
9.169401500000000169e+02 -3.246845981470050990e+00
9.564486000000000558e+02 -3.246450146089523425e+00
9.732614899999999807e+02 -3.245695605351309965e+00
1.000400800000000004e+03 -3.243528724268027297e+00
1.018596099999999979e+03 -3.241453159803548534e+00
1.052336000000000013e+03 -3.241513576548305409e+00
1.067396700000000010e+03 -3.239897958854096149e+00
1.098645700000000033e+03 -3.237066005805112390e+00
1.117076099999999997e+03 -3.237070759367169259e+00
1.147405400000000100e+03 -3.233775979406850354e+00
1.168777399999999943e+03 -3.236315976325975896e+00
1.197902499999999918e+03 -3.234393735663354086e+00
1.212178599999999960e+03 -3.232788442214551416e+00
1.245371699999999919e+03 -3.232133411121835387e+00
1.264143700000000081e+03 -3.230939226967566746e+00
1.304384999999999991e+03 -3.230492159931658946e+00
1.316185699999999997e+03 -3.229597017893849564e+00
1.345348199999999906e+03 -3.226326568814964713e+00
1.361831500000000005e+03 -3.226783128219464558e+00
1.394049600000000055e+03 -3.223305309501041549e+00
1.418992199999999912e+03 -3.226527282553303788e+00
1.446840200000000095e+03 -3.225869431199368531e+00
1.473284100000000080e+03 -3.225245650864734692e+00
1.502406999999999925e+03 -3.223761321002379887e+00
1.512537399999999934e+03 -3.221413052175425840e+00
1.544715200000000095e+03 -3.219345230329583973e+00
1.573149100000000089e+03 -3.222576022668003137e+00
1.603705600000000004e+03 -3.218539550993598120e+00
1.613034900000000107e+03 -3.219047686854313639e+00
1.657197400000000016e+03 -3.219450731505076213e+00
1.667594800000000077e+03 -3.217974001232884795e+00
1.709945999999999913e+03 -3.217646728931238265e+00
1.714030400000000100e+03 -3.215067272467423187e+00
1.743455699999999979e+03 -3.216272405408615587e+00
1.757720600000000104e+03 -3.213432942366264644e+00
1.794618899999999940e+03 -3.212212677266021554e+00
1.805788399999999911e+03 -3.210108407939973318e+00
1.833900399999999991e+03 -3.209993464909793204e+00
1.870834299999999985e+03 -3.210634631899095925e+00
1.881791500000000042e+03 -3.211550178572471381e+00
1.916698699999999917e+03 -3.210396184047874524e+00
1.964147400000000061e+03 -3.206392365262428878e+00
1.966157999999999902e+03 -3.211933466376605928e+00
1.993854599999999891e+03 -3.211565194831630166e+00
2.019510299999999916e+03 -3.209132214543355843e+00
2.045634700000000066e+03 -3.204186981001724721e+00
2.059753600000000006e+03 -3.205159153250705995e+00
2.094547700000000077e+03 -3.201685975080639679e+00
2.099271299999999883e+03 -3.206182358884201111e+00
2.137923099999999977e+03 -3.205937798023057894e+00
2.172328599999999824e+03 -3.208381256512792046e+00
2.192999800000000050e+03 -3.201497053980321361e+00
2.218593499999999949e+03 -3.205854884456263765e+00
2.239277300000000196e+03 -3.199341993416718211e+00
2.268752300000000105e+03 -3.206291656051203809e+00
2.317710300000000188e+03 -3.198444101152728258e+00
2.319851299999999810e+03 -3.200667091565501554e+00
2.357671400000000176e+03 -3.199197597041861130e+00
2.374952099999999973e+03 -3.208002728473374088e+00
2.410707300000000032e+03 -3.200205196771768179e+00
2.411087799999999788e+03 -3.203040944016438019e+00
2.457918500000000222e+03 -3.202872220501218337e+00
