1.050461399999999941e+02 -4.410107668563778560e+00
1.278872899999999930e+02 -4.408835224943095099e+00
1.526434199999999919e+02 -4.408343766874431857e+00
1.759033300000000111e+02 -4.406971459740033126e+00
2.024130000000000109e+02 -4.406708565834005498e+00
2.260074999999999932e+02 -4.405063607679948312e+00
2.502781899999999951e+02 -4.404225505731899304e+00
2.731428300000000036e+02 -4.402634434967774624e+00
2.975514900000000011e+02 -4.401215778744115070e+00
3.207942699999999832e+02 -4.399585023216596724e+00
3.480506599999999935e+02 -4.399028757700437886e+00
3.707947599999999966e+02 -4.397650876666407527e+00
4.005656000000000176e+02 -4.397365652031057337e+00
4.183504399999999919e+02 -4.394374286903416582e+00
4.481580599999999777e+02 -4.394442098006667408e+00
4.684093300000000113e+02 -4.392676080578238107e+00
4.966251399999999876e+02 -4.392100492309702453e+00
5.184223100000000386e+02 -4.390105075418814451e+00
5.484557999999999538e+02 -4.390120602655717796e+00
5.675019399999999905e+02 -4.388348449336561430e+00
5.994850300000000516e+02 -4.389273340132770151e+00
6.145489999999999782e+02 -4.386133175981036025e+00
6.544585299999999961e+02 -4.387985796745865308e+00
6.620027000000000044e+02 -4.384160265101464837e+00
7.004341699999999946e+02 -4.386355386111971733e+00
7.161398100000000113e+02 -4.384278775878648560e+00
7.479514699999999721e+02 -4.384571927479237630e+00
7.698038900000000240e+02 -4.384166256870515532e+00
7.950124399999999696e+02 -4.382429708714925098e+00
8.098041399999999612e+02 -4.380746584581436842e+00
8.480057100000000219e+02 -4.383089782550801061e+00
8.676720800000000509e+02 -4.381301296904942966e+00
8.998677599999999757e+02 -4.381327910136780801e+00
9.156555600000000368e+02 -4.380748369331298520e+00
9.459651699999999437e+02 -4.380716258120687989e+00
9.576154599999999846e+02 -4.378172981136543740e+00
1.003209600000000023e+03 -4.380328740598034010e+00
1.004395899999999983e+03 -4.377505461438989443e+00
1.047590799999999945e+03 -4.379251177206466394e+00
1.063794399999999996e+03 -4.378829912614401465e+00
1.101739800000000059e+03 -4.379694662864138444e+00
1.108261899999999969e+03 -4.376796133132340394e+00
1.149350200000000086e+03 -4.378931252487852532e+00
1.165814499999999953e+03 -4.377866413142514901e+00
1.198454899999999952e+03 -4.381098774912704386e+00
1.215092799999999897e+03 -4.378370388000324631e+00
1.241868999999999915e+03 -4.376608567159357754e+00
1.254623700000000099e+03 -4.376075868298938687e+00
1.299550700000000006e+03 -4.377772521295971941e+00
1.309607199999999921e+03 -4.377232646321179921e+00
1.350431100000000015e+03 -4.379955885636403146e+00
1.356954199999999901e+03 -4.376622086233999731e+00
1.405525499999999965e+03 -4.377378917477472875e+00
1.416654399999999896e+03 -4.378470187252279544e+00
1.443333800000000110e+03 -4.376144668775509672e+00
1.464721199999999953e+03 -4.377870562227919038e+00
1.509900699999999915e+03 -4.379547156676001585e+00
1.518596999999999980e+03 -4.379904981410709830e+00
1.551170299999999997e+03 -4.379528657191117169e+00
1.551929000000000087e+03 -4.374910884176056669e+00
1.596806000000000040e+03 -4.374945262510837374e+00
1.613368099999999913e+03 -4.380204047548362567e+00
1.651104100000000017e+03 -4.377912587604588346e+00
1.657915199999999913e+03 -4.378073809817108142e+00
1.693740800000000036e+03 -4.378808471403763392e+00
1.715942600000000084e+03 -4.379943102126686583e+00
1.745765699999999924e+03 -4.378589869321262817e+00
1.759048800000000028e+03 -4.378536027621956706e+00
1.801416300000000092e+03 -4.379191902636716094e+00
1.807642800000000079e+03 -4.383533919614199803e+00
1.847252300000000105e+03 -4.381020659939965256e+00
1.865539399999999887e+03 -4.381775615716302141e+00
1.905230600000000095e+03 -4.380709540623620057e+00
1.911214899999999943e+03 -4.385917551854433327e+00
1.942325900000000047e+03 -4.381580403416241332e+00
1.955888699999999972e+03 -4.378701403828705097e+00
1.985479900000000043e+03 -4.383876811748343982e+00
2.016271199999999908e+03 -4.383915899087143409e+00
2.057265199999999822e+03 -4.385740613147741662e+00
2.065825600000000122e+03 -4.383023970607927922e+00
2.097415100000000166e+03 -4.383822787329053838e+00
2.106865699999999833e+03 -4.383661131644554843e+00
2.139731499999999869e+03 -4.379497815094720359e+00
2.160762700000000223e+03 -4.387899128335229548e+00
2.174866799999999785e+03 -4.382622817457193953e+00
2.218987500000000182e+03 -4.386632855690803190e+00
2.252362500000000182e+03 -4.382918142673013939e+00
2.257667800000000170e+03 -4.387216546017715935e+00
2.306191600000000108e+03 -4.389051470046684500e+00
2.314019499999999880e+03 -4.388782496072061612e+00
2.348821300000000065e+03 -4.384405904475171312e+00
2.361477400000000216e+03 -4.390893614187996619e+00
2.411502199999999903e+03 -4.391929521847676376e+00
2.417861399999999776e+03 -4.390046786814805202e+00
2.455191299999999956e+03 -4.393177667399042363e+00
