1.050461399999999941e+02 3.780871056381030115e+01
1.278872899999999930e+02 3.785160848768573771e+01
1.526434199999999919e+02 3.789760431508243244e+01
1.759033300000000111e+02 3.794122837370242252e+01
2.024130000000000109e+02 3.798355434561368327e+01
2.260074999999999932e+02 3.803832587014044719e+01
2.502781899999999951e+02 3.807911052310197420e+01
2.731428300000000036e+02 3.812844341542845683e+01
2.975514900000000011e+02 3.819458579279462640e+01
3.207942699999999832e+02 3.827744606146956841e+01
3.480506599999999935e+02 3.830778648483615001e+01
3.707947599999999966e+02 3.840444941990637062e+01
4.005656000000000176e+02 3.844785619784246222e+01
4.183504399999999919e+02 3.849712955424384120e+01
4.481580599999999777e+02 3.852635406065540735e+01
4.684093300000000113e+02 3.858032617545287479e+01
4.966251399999999876e+02 3.863323783838794867e+01
5.184223100000000386e+02 3.867193008345206806e+01
5.484557999999999538e+02 3.871411204966415198e+01
5.675019399999999905e+02 3.882405556686342152e+01
5.994850300000000516e+02 3.878764553226135092e+01
6.145489999999999782e+02 3.891117697944229548e+01
6.544585299999999961e+02 3.887923824547119978e+01
6.620027000000000044e+02 3.900259617341746576e+01
7.004341699999999946e+02 3.898551190718502113e+01
7.161398100000000113e+02 3.910691023814369771e+01
7.479514699999999721e+02 3.908056024832078634e+01
7.698038900000000240e+02 3.919745216771829632e+01
7.950124399999999696e+02 3.923268929371056402e+01
8.098041399999999612e+02 3.926837828210869219e+01
8.480057100000000219e+02 3.930908915123142577e+01
8.676720800000000509e+02 3.935801139833095874e+01
8.998677599999999757e+02 3.940713006309790245e+01
9.156555600000000368e+02 3.942721402401791408e+01
9.459651699999999437e+02 3.954073071443109910e+01
9.576154599999999846e+02 3.952209546102177740e+01
1.003209600000000023e+03 3.960642631793201929e+01
1.004395899999999983e+03 3.963975269692652148e+01
1.047590799999999945e+03 3.967401943822511612e+01
1.063794399999999996e+03 3.970714736413596313e+01
1.101739800000000059e+03 3.978738449012823253e+01
1.108261899999999969e+03 3.984617036433950688e+01
1.149350200000000086e+03 3.990227661306737161e+01
1.165814499999999953e+03 3.993502493384897178e+01
1.198454899999999952e+03 3.998991960105841770e+01
1.215092799999999897e+03 4.002329025035619736e+01
1.241868999999999915e+03 4.010338947689803035e+01
1.254623700000000099e+03 4.015745522084266383e+01
1.299550700000000006e+03 4.017921636474658698e+01
1.309607199999999921e+03 4.018497455729696810e+01
1.350431100000000015e+03 4.024397313250560160e+01
1.356954199999999901e+03 4.029103500915937275e+01
1.405525499999999965e+03 4.035472521880724628e+01
1.416654399999999896e+03 4.034999949114593676e+01
1.443333800000000110e+03 4.042681253816405018e+01
1.464721199999999953e+03 4.045789639731324883e+01
1.509900699999999915e+03 4.048406574394463320e+01
1.518596999999999980e+03 4.050774984734378137e+01
1.551170299999999997e+03 4.058015163851007401e+01
1.551929000000000087e+03 4.066194941990637091e+01
1.596806000000000040e+03 4.074267809892123182e+01
1.613368099999999913e+03 4.075645786688377825e+01
1.651104100000000017e+03 4.085188428658660342e+01
1.657915199999999913e+03 4.083986260940362456e+01
1.693740800000000036e+03 4.089299816812538069e+01
1.715942600000000084e+03 4.088500101770812023e+01
1.745765699999999924e+03 4.094118970079381370e+01
1.759048800000000028e+03 4.097155047832281838e+01
1.801416300000000092e+03 4.108228475473234909e+01
1.807642800000000079e+03 4.105961835945451099e+01
1.847252300000000105e+03 4.117355434561367389e+01
1.865539399999999887e+03 4.124306075717484532e+01
1.905230600000000095e+03 4.130001831874618290e+01
1.911214899999999943e+03 4.125327142275595804e+01
1.942325900000000047e+03 4.131703439853450277e+01
1.955888699999999972e+03 4.144407897415021580e+01
1.985479900000000043e+03 4.135944229594952049e+01
2.016271199999999908e+03 4.146548646448198383e+01
2.057265199999999822e+03 4.150020557704050361e+01
2.065825600000000122e+03 4.157525849786281213e+01
2.097415100000000166e+03 4.161883319763892075e+01
2.106865699999999833e+03 4.168368613881538920e+01
2.139731499999999869e+03 4.176494962344799688e+01
2.160762700000000223e+03 4.168444382251170310e+01
2.174866799999999785e+03 4.177652503561978392e+01
2.218987500000000182e+03 4.184835945450844719e+01
2.252362500000000182e+03 4.197911408508040410e+01
2.257667800000000170e+03 4.190471707714227279e+01
2.306191600000000108e+03 4.198757938123346634e+01
2.314019499999999880e+03 4.198972572766130185e+01
2.348821300000000065e+03 4.219669092204355820e+01
2.361477400000000216e+03 4.208613881538774848e+01
2.411502199999999903e+03 4.224751730103805869e+01
2.417861399999999776e+03 4.227869071850193450e+01
2.455191299999999956e+03 4.228696468552818999e+01
