1.223488499999999988e+02 1.550230358233258876e+01
1.312601699999999880e+02 1.550779818847954417e+01
1.690353000000000065e+02 1.553028699369020948e+01
1.698984000000000094e+02 1.553138153877467964e+01
1.796287900000000093e+02 1.553874262161611952e+01
2.171753899999999931e+02 1.556464736413596661e+01
2.173247800000000041e+02 1.556368105027478244e+01
2.284686199999999872e+02 1.556703694280480299e+01
2.672299600000000055e+02 1.559588540606554119e+01
2.672403499999999781e+02 1.559722674536942932e+01
2.764022100000000250e+02 1.560047628740077386e+01
3.155189799999999991e+02 1.563565540403012477e+01
3.171465699999999970e+02 1.563353500915937211e+01
3.254925299999999879e+02 1.564386067575819439e+01
3.652054699999999912e+02 1.567100600447791514e+01
3.679506299999999896e+02 1.566893954813759393e+01
3.735520599999999831e+02 1.567502747811927577e+01
4.149103200000000129e+02 1.570410645226948709e+01
4.155831600000000208e+02 1.570350193364542868e+01
4.234734799999999950e+02 1.571358080602483120e+01
4.613000999999999863e+02 1.574068288214940026e+01
4.646929400000000214e+02 1.574080195399959159e+01
4.703063700000000154e+02 1.574905454915530179e+01
5.093197599999999738e+02 1.578297832281701751e+01
5.123925299999999652e+02 1.578310248320781817e+01
5.241475599999999986e+02 1.579919295745980001e+01
5.615844399999999723e+02 1.582467128027681724e+01
5.628931700000000546e+02 1.582467840423366745e+01
5.716921599999999444e+02 1.583530124160390962e+01
6.140484099999999899e+02 1.586745267657235914e+01
6.154914099999999735e+02 1.586798341135762236e+01
6.227320300000000088e+02 1.587809841237533170e+01
6.666161200000000235e+02 1.591384998982291776e+01
6.679807799999999816e+02 1.591421229391410463e+01
6.758070300000000543e+02 1.591730256462446569e+01
7.123305199999999786e+02 1.596207815998371693e+01
7.190807099999999537e+02 1.596214787299002680e+01
7.243799699999999575e+02 1.597631487889273316e+01
7.606061899999999696e+02 1.601127722369224315e+01
7.626770699999999579e+02 1.601078261754528853e+01
7.695276099999999815e+02 1.602515112965601674e+01
8.063360599999999749e+02 1.607216008548748221e+01
8.068672400000000380e+02 1.607184815794830257e+01
8.153467500000000427e+02 1.606588744148178449e+01
8.635469200000000001e+02 1.611374007734581681e+01
8.662742700000000013e+02 1.611458782821086899e+01
8.776941900000000487e+02 1.613573325870140351e+01
9.086567300000000387e+02 1.617775900671687239e+01
9.114188400000000456e+02 1.617781803378790784e+01
9.219450699999999870e+02 1.619112812945247271e+01
9.593628800000000183e+02 1.623247150417260443e+01
9.637255999999999858e+02 1.623292489314064824e+01
9.675369399999999587e+02 1.625466924486057607e+01
1.005285300000000007e+03 1.629635558721758670e+01
1.009903400000000033e+03 1.629608487685731433e+01
1.019449299999999994e+03 1.629716212090372451e+01
1.055526599999999917e+03 1.635342407897415029e+01
1.056428100000000086e+03 1.635304396499084234e+01
1.072732999999999947e+03 1.637359301852228555e+01
1.109200199999999995e+03 1.640746488906981426e+01
1.113633299999999963e+03 1.640855994300834553e+01
1.124526000000000067e+03 1.644539487075106976e+01
1.160447699999999941e+03 1.647482037451658954e+01
1.166694199999999910e+03 1.647424689599023040e+01
1.170090899999999920e+03 1.650448147771219354e+01
1.209208300000000008e+03 1.654650468145735687e+01
1.214395299999999907e+03 1.657796967229798568e+01
1.217882000000000062e+03 1.654704101363729052e+01
1.258898899999999912e+03 1.662340576022796412e+01
1.264815800000000081e+03 1.662334978628129534e+01
1.264822100000000091e+03 1.664682729493181412e+01
1.308658100000000104e+03 1.669501017708121537e+01
1.309847299999999905e+03 1.669516283329940975e+01
1.311155099999999948e+03 1.670251984530836609e+01
1.365153499999999894e+03 1.675583248524323210e+01
1.365525300000000016e+03 1.675598107062894115e+01
1.368756800000000112e+03 1.678413443924282333e+01
1.415168400000000020e+03 1.684700793812334751e+01
1.415685300000000097e+03 1.682022236922450631e+01
1.417670800000000099e+03 1.682018827600244393e+01
1.460306599999999889e+03 1.688004019947079115e+01
1.460614499999999907e+03 1.687930337879096143e+01
1.469055100000000039e+03 1.691325819255037644e+01
1.504414099999999962e+03 1.694974048442906422e+01
1.507261999999999944e+03 1.694847445552615284e+01
1.518889799999999923e+03 1.699652859759821055e+01
1.555412299999999959e+03 1.702404844290657238e+01
1.560333300000000008e+03 1.702418481579483256e+01
1.580443600000000060e+03 1.704897313250559776e+01
1.596273999999999887e+03 1.710145837573783822e+01
1.608185500000000047e+03 1.710177437410950674e+01
1.612220199999999977e+03 1.711870801953999432e+01
1.653864900000000034e+03 1.718067524933848844e+01
1.666544300000000021e+03 1.718040911866476961e+01
1.669002899999999954e+03 1.718497761042133121e+01
1.704340599999999995e+03 1.722955984123753126e+01
1.705840699999999970e+03 1.722887288825564767e+01
1.712776800000000094e+03 1.726512517809891989e+01
1.755059899999999971e+03 1.733791827803786134e+01
1.756681800000000067e+03 1.731139934866680363e+01
1.760979800000000068e+03 1.731111693466313994e+01
1.807412900000000036e+03 1.741379910441685297e+01
1.811095900000000029e+03 1.739936189700793889e+01
1.813832300000000032e+03 1.739895532261347455e+01
1.854093599999999924e+03 1.744733564013840876e+01
1.861603000000000065e+03 1.744820120089558202e+01
1.868549299999999903e+03 1.750364797476083822e+01
1.904518600000000106e+03 1.754722216568288218e+01
1.911627300000000105e+03 1.754687003867291040e+01
1.913889799999999923e+03 1.755869784245878407e+01
1.936367099999999937e+03 1.763743537553429874e+01
1.951944500000000062e+03 1.763720028495827563e+01
1.965359400000000051e+03 1.763102432322409996e+01
1.979419000000000096e+03 1.768686851211072764e+01
1.996559199999999919e+03 1.768751526562181908e+01
2.003385700000000043e+03 1.771535212700997164e+01
2.045568700000000035e+03 1.778210767351923494e+01
2.051126800000000003e+03 1.778228526358640238e+01
2.054310399999999845e+03 1.780603297374312888e+01
2.107260499999999865e+03 1.788704254019947015e+01
2.107706000000000131e+03 1.788625127213515142e+01
2.119460000000000036e+03 1.787767453694280562e+01
2.144483499999999822e+03 1.793758141664970296e+01
2.153552400000000034e+03 1.793777020150620771e+01
2.156178800000000138e+03 1.795047679625483639e+01
2.201550000000000182e+03 1.800819102381436920e+01
2.202559499999999844e+03 1.800807195196417609e+01
2.219993399999999838e+03 1.803112965601465589e+01
2.230188799999999901e+03 1.812156676165275826e+01
2.237756800000000112e+03 1.812171840016283397e+01
2.267230100000000220e+03 1.812507429269285808e+01
2.290925900000000183e+03 1.819172145328719736e+01
2.300102800000000116e+03 1.822982749847343698e+01
2.305631800000000112e+03 1.819121870547527209e+01
2.354069100000000162e+03 1.829653063301445215e+01
2.354820700000000215e+03 1.829742010991247980e+01
2.364290500000000065e+03 1.827952829228577158e+01
2.375797500000000127e+03 1.836026663952778293e+01
2.394382200000000012e+03 1.836026867494402737e+01
2.408985799999999927e+03 1.836960462039487041e+01
2.450596700000000055e+03 1.847256004477915781e+01
2.458083799999999883e+03 1.847307958477508905e+01
