9.978617900000000418e+01 -3.889501069705296743e+00
1.002694999999999936e+02 -3.889591517500922357e+00
1.269853700000000032e+02 -3.889412716070800080e+00
1.493139899999999898e+02 -3.889100333794790920e+00
1.499617100000000107e+02 -3.889302282615560546e+00
1.759272300000000087e+02 -3.889123221512611916e+00
1.987921599999999955e+02 -3.888497928955572114e+00
2.016811299999999960e+02 -3.889296077706390076e+00
2.222594499999999869e+02 -3.887981238564901521e+00
2.482521199999999908e+02 -3.888132827460058394e+00
2.496137600000000134e+02 -3.888208836066449958e+00
2.720182199999999852e+02 -3.887343242924258924e+00
2.984551200000000222e+02 -3.887098224902227006e+00
3.024303199999999947e+02 -3.888183953492804878e+00
3.231729900000000271e+02 -3.887006910463920661e+00
3.455613000000000170e+02 -3.885894622379891139e+00
3.506158500000000231e+02 -3.886278262919898197e+00
3.741353700000000231e+02 -3.886111580214385963e+00
3.998419200000000160e+02 -3.884983166384020858e+00
4.000304800000000114e+02 -3.885397728082267133e+00
4.221696699999999964e+02 -3.883204805073972476e+00
4.510871700000000146e+02 -3.882396257778792048e+00
4.533643400000000270e+02 -3.882041129048265926e+00
4.691402299999999741e+02 -3.879084094452838194e+00
4.997649900000000116e+02 -3.878969045044551756e+00
5.006125799999999799e+02 -3.877026348342932582e+00
5.199732800000000452e+02 -3.874542669534443373e+00
5.485950299999999515e+02 -3.874792765729280219e+00
5.562097099999999728e+02 -3.875156437288042710e+00
5.694741900000000214e+02 -3.869354091738382628e+00
5.997709700000000339e+02 -3.868718368581984812e+00
6.044240399999999909e+02 -3.869322816554218392e+00
6.223711299999999937e+02 -3.863844646027385643e+00
6.537216100000000552e+02 -3.863168583593422856e+00
6.543511300000000119e+02 -3.862879719067704887e+00
6.718187199999999848e+02 -3.858501687572819083e+00
6.983599199999999882e+02 -3.856967736576440320e+00
7.037229399999999941e+02 -3.856934074106328492e+00
7.184248499999999922e+02 -3.852162095296386646e+00
7.523422299999999723e+02 -3.851074876955325799e+00
7.534295499999999493e+02 -3.851216646580971847e+00
7.712515399999999772e+02 -3.846524626970087457e+00
7.976498000000000275e+02 -3.846065111291793404e+00
8.053386299999999665e+02 -3.845778147501768718e+00
8.165694899999999734e+02 -3.841697017570403716e+00
8.473835299999999506e+02 -3.840220510010574184e+00
8.509738599999999451e+02 -3.841240886151245260e+00
8.635563399999999774e+02 -3.834759533097126027e+00
8.967947699999999713e+02 -3.834735954072356900e+00
9.022346800000000258e+02 -3.835285114445351251e+00
9.233793500000000449e+02 -3.833160703930571067e+00
9.479843200000000252e+02 -3.830150267727858715e+00
9.493254100000000335e+02 -3.829181069591764519e+00
9.619056799999999612e+02 -3.825991380095681293e+00
1.003170899999999961e+03 -3.826073366449507240e+00
1.007230000000000018e+03 -3.827398879710846469e+00
1.023166799999999967e+03 -3.825379433783977934e+00
1.060693999999999960e+03 -3.824631338665008151e+00
1.060873800000000074e+03 -3.824286410001190184e+00
1.062628600000000006e+03 -3.819468536210737231e+00
1.098034499999999980e+03 -3.819050579344526852e+00
1.106722500000000082e+03 -3.821487369701259240e+00
1.119153800000000047e+03 -3.818243801101699919e+00
1.147118400000000065e+03 -3.815987658404243366e+00
1.151370100000000093e+03 -3.817230711429692391e+00
1.159995499999999993e+03 -3.812599822409182604e+00
1.200154299999999921e+03 -3.812496479383896464e+00
1.203843499999999949e+03 -3.812801218563219408e+00
1.210811099999999897e+03 -3.810052156214569052e+00
1.252786700000000110e+03 -3.811463881942164900e+00
1.262103599999999915e+03 -3.811292239796961745e+00
1.265660499999999956e+03 -3.807763214406815866e+00
1.283932000000000016e+03 -3.806607003138642309e+00
1.309587399999999889e+03 -3.805181323678274108e+00
1.324194700000000012e+03 -3.812430428738170285e+00
1.346292999999999893e+03 -3.802637122109091550e+00
1.356373199999999997e+03 -3.805683671226914644e+00
1.361530799999999999e+03 -3.804020321060967547e+00
1.400092499999999973e+03 -3.803763458803733677e+00
1.403107700000000023e+03 -3.802476695234652926e+00
1.413632200000000012e+03 -3.802236975092030846e+00
1.446346800000000030e+03 -3.800055891317098311e+00
1.447838400000000092e+03 -3.799278768084764835e+00
1.458493099999999913e+03 -3.800901121645041236e+00
1.495122100000000046e+03 -3.799270406683477042e+00
1.497020800000000008e+03 -3.797040212230746725e+00
1.511873499999999922e+03 -3.798335711465279818e+00
1.546349200000000110e+03 -3.796523300140963730e+00
1.556016800000000103e+03 -3.798862939694383822e+00
1.566775100000000066e+03 -3.797333162829506392e+00
1.605576999999999998e+03 -3.796317055715110911e+00
1.606462800000000016e+03 -3.797895075650706165e+00
1.616147999999999911e+03 -3.795636832832116170e+00
1.652357999999999947e+03 -3.791226924835112921e+00
1.655821699999999964e+03 -3.795453878664432512e+00
1.656202500000000100e+03 -3.792820082052497099e+00
1.680053400000000011e+03 -3.790094705777421247e+00
1.704431700000000092e+03 -3.792556761850041536e+00
1.715034000000000106e+03 -3.792190655472276628e+00
1.742367099999999937e+03 -3.791265812713837668e+00
1.760324399999999969e+03 -3.791872410720665609e+00
1.768908200000000079e+03 -3.793209904255454124e+00
1.797109500000000025e+03 -3.791034798528824634e+00
1.806007800000000088e+03 -3.788457921834508912e+00
1.810108400000000074e+03 -3.793643237557681847e+00
1.823640799999999899e+03 -3.784724270273684077e+00
1.830866800000000012e+03 -3.785134162939903568e+00
1.856862599999999929e+03 -3.786234454346565137e+00
1.884886400000000094e+03 -3.788781220342804623e+00
1.885788999999999987e+03 -3.785603558987876038e+00
1.908110799999999927e+03 -3.786118845724955939e+00
1.942514300000000048e+03 -3.785297284834143294e+00
1.956662900000000036e+03 -3.785583261727312188e+00
1.971959499999999935e+03 -3.787597222407012243e+00
2.001246300000000019e+03 -3.782163100310276693e+00
2.003007800000000088e+03 -3.785691707229308811e+00
2.016121499999999969e+03 -3.786228664156460866e+00
2.048519600000000082e+03 -3.786131543483290951e+00
2.054123300000000199e+03 -3.783961241417973298e+00
2.056980300000000170e+03 -3.783098265527479409e+00
2.075522300000000087e+03 -3.780808696697458338e+00
2.089830399999999827e+03 -3.780972616248047924e+00
2.101622600000000148e+03 -3.779124635634895313e+00
2.150315900000000056e+03 -3.779606828818970143e+00
2.158560800000000199e+03 -3.783228580504126359e+00
2.160658199999999852e+03 -3.784809015101217700e+00
2.202734699999999975e+03 -3.781709730026610039e+00
2.202831799999999930e+03 -3.781116167542829309e+00
2.220681099999999788e+03 -3.781013540697673037e+00
2.247704699999999775e+03 -3.777269321077266984e+00
2.250426399999999830e+03 -3.782209246539360414e+00
2.254813000000000102e+03 -3.780882655276474935e+00
2.299990699999999833e+03 -3.780120915469527887e+00
2.307289999999999964e+03 -3.781511339163498242e+00
2.324538799999999810e+03 -3.779404702539814309e+00
2.325589899999999943e+03 -3.776844812624835512e+00
2.348320000000000164e+03 -3.778534093911917413e+00
2.377281399999999849e+03 -3.782684788984930435e+00
2.404500599999999849e+03 -3.777509149292471946e+00
2.405913300000000163e+03 -3.778885911355093441e+00
2.412160400000000209e+03 -3.778457556712639498e+00
2.443765199999999822e+03 -3.773835791845568277e+00
