1.030734599999999972e+02 -3.330990323302893685e+00
1.283932000000000073e+02 -3.330728835872586391e+00
1.536863400000000013e+02 -3.330675767965761924e+00
1.769982599999999877e+02 -3.329696969549734042e+00
1.995904600000000073e+02 -3.328736566746372194e+00
2.273239000000000090e+02 -3.328492870977959317e+00
2.494652000000000100e+02 -3.326961443986057976e+00
2.746396899999999732e+02 -3.325950570593516620e+00
3.020614199999999983e+02 -3.325427380531958743e+00
3.259350499999999897e+02 -3.323773319046614994e+00
3.515229199999999992e+02 -3.322760112532639365e+00
3.728091600000000199e+02 -3.320325262212009854e+00
4.025564899999999966e+02 -3.319923436671623929e+00
4.250384000000000242e+02 -3.317475433573975341e+00
4.476510799999999790e+02 -3.315210127822974417e+00
4.698621600000000171e+02 -3.312714448471633766e+00
5.012475999999999772e+02 -3.312529461345348203e+00
5.253672199999999748e+02 -3.310662380105046765e+00
5.493572699999999713e+02 -3.308119272417746615e+00
5.726682200000000194e+02 -3.305815319919679141e+00
5.951776200000000472e+02 -3.303030387303919291e+00
6.267315999999999576e+02 -3.303249188912634526e+00
6.461099400000000514e+02 -3.299366905323082744e+00
6.729900000000000091e+02 -3.297830031245677418e+00
6.956772700000000214e+02 -3.295055258240261686e+00
7.198499100000000226e+02 -3.293410157692561402e+00
7.477208100000000286e+02 -3.292330941689809443e+00
7.716164300000000367e+02 -3.290804944458851633e+00
7.984172300000000178e+02 -3.288990405251204230e+00
8.177765500000000429e+02 -3.287441948761161470e+00
8.458731500000000096e+02 -3.285799159268937064e+00
8.722916599999999789e+02 -3.284898664493012710e+00
8.934273899999999458e+02 -3.281243497868255421e+00
9.233518699999999626e+02 -3.281613196791056009e+00
9.453928300000000036e+02 -3.279014256534729999e+00
9.649437400000000480e+02 -3.278151550106090273e+00
9.983546099999999797e+02 -3.277128127294933968e+00
1.011413199999999961e+03 -3.273851122148175197e+00
1.047702399999999898e+03 -3.273810355730326194e+00
1.068899100000000089e+03 -3.272579967958376024e+00
1.097958900000000085e+03 -3.272003200922289246e+00
1.123472600000000057e+03 -3.270858770322506714e+00
1.151909799999999905e+03 -3.268634482538277819e+00
1.160151200000000017e+03 -3.265598602353069868e+00
1.192002199999999903e+03 -3.265079615964859183e+00
1.220685699999999997e+03 -3.265738612869714341e+00
1.241786800000000085e+03 -3.262856042652269917e+00
1.264660100000000057e+03 -3.261066416858222183e+00
1.294635500000000093e+03 -3.261296012771719433e+00
1.318222500000000082e+03 -3.261002311321846481e+00
1.351402900000000045e+03 -3.261043315161844536e+00
1.363919799999999896e+03 -3.256875458199082640e+00
1.399679300000000012e+03 -3.257986884662700700e+00
1.413022400000000061e+03 -3.255495979356387792e+00
1.443508900000000040e+03 -3.254469143834658240e+00
1.470306900000000041e+03 -3.254784045639980583e+00
1.507765000000000100e+03 -3.255657818120354374e+00
1.521621900000000096e+03 -3.252674816671394797e+00
1.561624199999999973e+03 -3.252041802986436192e+00
1.565780600000000049e+03 -3.250066447438259676e+00
1.600854800000000068e+03 -3.250595662375957762e+00
1.612086600000000089e+03 -3.247764928109526217e+00
1.642382299999999987e+03 -3.247763670306888617e+00
1.665453099999999949e+03 -3.246691751899732914e+00
1.702099099999999908e+03 -3.241458114455229467e+00
1.706499499999999898e+03 -3.248038561151782133e+00
1.737259999999999991e+03 -3.242639653510724695e+00
1.757200700000000097e+03 -3.240906109613998165e+00
1.792811300000000074e+03 -3.241394928886939475e+00
1.821161900000000060e+03 -3.242687740353698445e+00
1.845840599999999995e+03 -3.241526356682211230e+00
1.877179599999999937e+03 -3.244285551556729263e+00
1.895248299999999972e+03 -3.239019920796216923e+00
1.915073699999999917e+03 -3.237917876291210639e+00
1.946795100000000048e+03 -3.236445632008158935e+00
1.963388899999999921e+03 -3.237560108564820904e+00
2.005915199999999913e+03 -3.236553444031461169e+00
2.008877300000000105e+03 -3.235396806098159939e+00
2.050375599999999849e+03 -3.233763605569342836e+00
2.069803100000000086e+03 -3.236430210342230662e+00
2.111653699999999844e+03 -3.238967874694064886e+00
2.135127399999999852e+03 -3.232610738831032116e+00
2.150893799999999828e+03 -3.236615631097422341e+00
2.169515699999999924e+03 -3.236414548254415546e+00
2.190510000000000218e+03 -3.232099778247063071e+00
2.226776899999999841e+03 -3.234315459332698151e+00
2.256258699999999862e+03 -3.235544256251028816e+00
2.258833900000000085e+03 -3.230139673089503116e+00
2.303843199999999797e+03 -3.231087044570996269e+00
2.326611199999999826e+03 -3.234726333410502086e+00
2.349233799999999974e+03 -3.230155633699489659e+00
2.378595100000000002e+03 -3.231131113285903300e+00
2.395613699999999881e+03 -3.229739085061642978e+00
2.406656599999999798e+03 -3.223785121920733410e+00
2.416007200000000012e+03 -3.222351532421600773e+00
