1.047606200000000030e+02 3.805366476694484135e+01
1.285165900000000079e+02 3.809481783024628498e+01
1.517275199999999984e+02 3.811877467942194642e+01
1.762683399999999949e+02 3.818870598412375017e+01
2.015048099999999920e+02 3.824663342153470325e+01
2.267180500000000052e+02 3.828949623447995521e+01
2.526228800000000092e+02 3.830885456950946377e+01
2.742087000000000216e+02 3.837587268471402524e+01
2.998815500000000043e+02 3.843461785060044633e+01
3.227761800000000108e+02 3.847599786281294598e+01
3.484648500000000126e+02 3.854054600040708323e+01
3.728840299999999957e+02 3.860748778750254218e+01
3.987506599999999821e+02 3.868349582739670467e+01
4.177644500000000107e+02 3.874720282922857706e+01
4.514598500000000172e+02 3.876404895176063548e+01
4.658036500000000046e+02 3.880435935273763448e+01
5.035196199999999749e+02 3.883895176063504806e+01
5.182394100000000208e+02 3.887444280480358572e+01
5.505402599999999893e+02 3.890375483411357749e+01
5.692553199999999833e+02 3.902058009362914248e+01
5.940926200000000108e+02 3.903209240789741585e+01
6.195606299999999464e+02 3.907362863830653055e+01
6.488984600000000000e+02 3.916800274781192570e+01
6.646587200000000166e+02 3.913875788723793647e+01
7.015275500000000193e+02 3.932337217585996569e+01
7.178702299999999923e+02 3.925178302462853708e+01
7.505158900000000131e+02 3.933258904946061563e+01
7.615170299999999770e+02 3.939909118664766652e+01
7.970191999999999553e+02 3.939841695501729646e+01
8.147544799999999441e+02 3.950302666395277384e+01
8.454377799999999752e+02 3.948961988601669049e+01
8.656741100000000415e+02 3.958959495216771529e+01
8.992058200000000170e+02 3.963196519438225351e+01
9.138686800000000403e+02 3.963056737227763193e+01
9.399036700000000337e+02 3.970789283533482461e+01
9.598712600000000066e+02 3.977306686342357267e+01
9.988426899999999478e+02 3.979440362304091394e+01
1.013487799999999993e+03 3.978434256055363250e+01
1.048810199999999895e+03 3.986498320781599602e+01
1.066380900000000111e+03 3.991271168328923125e+01
1.099395899999999983e+03 3.999722216568288502e+01
1.106270999999999958e+03 4.002699928760431192e+01
1.145736200000000053e+03 4.008594545084469729e+01
1.157638300000000072e+03 4.011254325259515241e+01
1.196983799999999974e+03 4.019404589863626853e+01
1.206664999999999964e+03 4.020931610014248037e+01
1.246889300000000048e+03 4.026147465906777967e+01
1.257924400000000105e+03 4.030293710563810095e+01
1.298048600000000079e+03 4.037160187258294286e+01
1.314728499999999940e+03 4.043535467128027250e+01
1.358453500000000076e+03 4.047679167514756671e+01
1.369449599999999919e+03 4.049091695501729760e+01
1.401618500000000040e+03 4.050762263382861761e+01
1.411648500000000013e+03 4.053373905963769630e+01
1.451759900000000016e+03 4.058041013637288330e+01
1.456748900000000049e+03 4.062157439446367135e+01
1.516825299999999970e+03 4.068761296560146690e+01
1.518816600000000108e+03 4.070977813962955594e+01
1.548545100000000048e+03 4.077666904131894654e+01
1.566635399999999890e+03 4.075727203338082916e+01
1.589340899999999920e+03 4.088249592916751851e+01
1.613338899999999967e+03 4.088847801750458189e+01
1.635984300000000076e+03 4.099218909016894230e+01
1.664219499999999925e+03 4.101816456340321793e+01
1.699294100000000071e+03 4.101041166293506990e+01
1.714884199999999964e+03 4.108090983106045258e+01
1.753155999999999949e+03 4.120645939344596087e+01
1.761386999999999944e+03 4.122113118257684050e+01
1.805952999999999975e+03 4.128012619580704268e+01
1.811312300000000050e+03 4.130705526155098539e+01
1.845891200000000026e+03 4.138269132912680703e+01
1.864073100000000068e+03 4.138819763891715553e+01
1.902678599999999960e+03 4.142131437003867234e+01
1.909699699999999893e+03 4.144410543456137219e+01
1.958505599999999959e+03 4.154991196824750688e+01
1.970125600000000077e+03 4.145523152859759364e+01
1.989222700000000032e+03 4.170542184001627817e+01
2.022397099999999909e+03 4.171201302666395350e+01
2.056882000000000062e+03 4.171842000814166340e+01
2.057850100000000111e+03 4.179007989008752588e+01
2.103430400000000191e+03 4.183764197028292386e+01
2.129130200000000059e+03 4.186807246081823308e+01
2.150743399999999838e+03 4.193970639120700383e+01
2.162928699999999935e+03 4.197976032973743088e+01
2.214432499999999891e+03 4.204108487685731887e+01
2.215260200000000168e+03 4.204749592916751766e+01
2.250163700000000063e+03 4.212622888255648235e+01
2.255921699999999873e+03 4.203878282108691167e+01
2.309848599999999806e+03 4.223571137797679143e+01
2.314036900000000060e+03 4.227236057398738467e+01
2.348894899999999780e+03 4.232767199267250646e+01
2.360536700000000110e+03 4.233654386322002949e+01
2.408257599999999911e+03 4.240161408508039642e+01
2.425988899999999830e+03 4.245637136169346348e+01
2.445257300000000214e+03 4.244609861591695221e+01
