9.983989599999999598e+01 -3.375853548111208635e+00
1.002599199999999939e+02 -3.375787086880601251e+00
1.276535599999999988e+02 -3.375799276965082196e+00
1.491336400000000140e+02 -3.375452040687883404e+00
1.510595800000000111e+02 -3.375513846591441158e+00
1.762576599999999871e+02 -3.375222434191186505e+00
1.977206400000000031e+02 -3.374657058518068631e+00
1.998496000000000095e+02 -3.374694461284986069e+00
2.264680799999999863e+02 -3.374955524326959555e+00
2.492867699999999900e+02 -3.374066751247146279e+00
2.499277500000000032e+02 -3.374231846713544147e+00
2.723317000000000121e+02 -3.373300988406435774e+00
2.970135799999999904e+02 -3.372873176675603268e+00
2.991221499999999764e+02 -3.372327657091920727e+00
3.234290500000000179e+02 -3.372420552624434631e+00
3.474616199999999822e+02 -3.369668510478650347e+00
3.500520300000000020e+02 -3.371876855944732743e+00
3.729865699999999720e+02 -3.365608964617015975e+00
3.958792900000000259e+02 -3.364015026896128635e+00
4.021160199999999918e+02 -3.358277101518237551e+00
4.226224300000000085e+02 -3.349254734697371116e+00
4.496455700000000206e+02 -3.347888220297843276e+00
4.505867400000000202e+02 -3.335072148211717824e+00
4.730275599999999940e+02 -3.325527220882321888e+00
5.003303500000000099e+02 -3.322097493738992657e+00
5.067550899999999956e+02 -3.325495797358437589e+00
5.244591400000000476e+02 -3.317662408609668656e+00
5.464976100000000088e+02 -3.314697518308625135e+00
5.546271400000000540e+02 -3.316674239992546624e+00
5.691445599999999558e+02 -3.310719262549865149e+00
5.955055599999999458e+02 -3.308799167951209874e+00
5.993777999999999793e+02 -3.309305409395054909e+00
6.131849300000000085e+02 -3.304993339496932414e+00
6.485821399999999812e+02 -3.305472128561672829e+00
6.532507399999999507e+02 -3.305076418744796296e+00
6.653113799999999856e+02 -3.300287607249395627e+00
6.980455799999999726e+02 -3.299343526145525729e+00
7.030065600000000359e+02 -3.300575763462484158e+00
7.173173399999999447e+02 -3.295773807558215029e+00
7.491284000000000560e+02 -3.296056525194832165e+00
7.575983800000000201e+02 -3.297429523771718163e+00
7.755724699999999530e+02 -3.293998736294844409e+00
7.952778299999999945e+02 -3.291012361685648813e+00
7.994458899999999630e+02 -3.288583985470451498e+00
8.200436200000000326e+02 -3.287778235032882357e+00
8.456700499999999465e+02 -3.285827714327281601e+00
8.479360599999999977e+02 -3.286649325997982540e+00
8.722066399999999931e+02 -3.284833025451945332e+00
8.978941600000000562e+02 -3.282171857670594051e+00
9.077989199999999528e+02 -3.282339396448010316e+00
9.167946100000000342e+02 -3.279645879380927997e+00
9.471741799999999785e+02 -3.277382871931272756e+00
9.488682900000000018e+02 -3.278812029919059956e+00
9.660338400000000547e+02 -3.276344313198276126e+00
9.936476000000000113e+02 -3.274185442065952856e+00
1.000067300000000046e+03 -3.275904598250857003e+00
1.015935100000000034e+03 -3.273131409707747519e+00
1.044638500000000022e+03 -3.271479858099561877e+00
1.045784900000000107e+03 -3.271622093428266709e+00
1.060302899999999909e+03 -3.268851776409526622e+00
1.097210000000000036e+03 -3.269687419502475656e+00
1.101736100000000079e+03 -3.269008330806178364e+00
1.117932999999999993e+03 -3.267836300953438133e+00
1.137231199999999944e+03 -3.263435436765433906e+00
1.154035399999999981e+03 -3.265264594940056053e+00
1.160652499999999918e+03 -3.263090909557886832e+00
1.190421900000000051e+03 -3.262004834331050152e+00
1.205087199999999939e+03 -3.265862969776078373e+00
1.212096299999999928e+03 -3.260468112494594006e+00
1.241306900000000041e+03 -3.257291056904382476e+00
1.258085600000000113e+03 -3.262906010364577725e+00
1.263446799999999939e+03 -3.258478380543127439e+00
1.298618899999999940e+03 -3.257661797313480712e+00
1.302728699999999890e+03 -3.258208029990953936e+00
1.323120599999999968e+03 -3.257473635874563289e+00
1.356534699999999930e+03 -3.258451404280555241e+00
1.359690299999999979e+03 -3.255579168129983714e+00
1.360733699999999999e+03 -3.253772477923123851e+00
1.391186799999999948e+03 -3.251622770099817039e+00
1.398114700000000084e+03 -3.252286912860056223e+00
1.418597099999999955e+03 -3.253212389454497977e+00
1.435226100000000088e+03 -3.250272969779248289e+00
1.473184700000000021e+03 -3.253504912259746806e+00
1.475663099999999986e+03 -3.253037801826759612e+00
1.487628699999999981e+03 -3.247717500183983308e+00
1.502603299999999990e+03 -3.248705361763997157e+00
1.508831500000000005e+03 -3.247792729684719770e+00
1.541850500000000011e+03 -3.244986848631230103e+00
1.546271700000000010e+03 -3.248704567514411057e+00
1.561635800000000017e+03 -3.245482925163605259e+00
1.604508900000000040e+03 -3.244451372285632296e+00
1.608076700000000073e+03 -3.244927607261986147e+00
1.617186500000000024e+03 -3.244175049295165536e+00
1.657421499999999924e+03 -3.244639695737301821e+00
1.667889200000000073e+03 -3.245665212282614842e+00
1.680700700000000097e+03 -3.248017744879996282e+00
1.697395999999999958e+03 -3.240539949096695960e+00
1.701180800000000090e+03 -3.239873066528555778e+00
1.717022400000000061e+03 -3.242539980399897992e+00
1.744134000000000015e+03 -3.239280244706122858e+00
1.749241199999999935e+03 -3.240295245148974157e+00
1.757132299999999987e+03 -3.237830875457961888e+00
1.798301699999999983e+03 -3.236999834785827979e+00
1.801449800000000096e+03 -3.238850166147499987e+00
1.809732400000000098e+03 -3.236707849663186032e+00
1.845816700000000083e+03 -3.238754454465911703e+00
1.853205699999999979e+03 -3.238197886243673551e+00
1.871164700000000039e+03 -3.238556806494370832e+00
1.897398699999999963e+03 -3.235092837734156124e+00
1.897762400000000071e+03 -3.237848422589317376e+00
1.932091200000000072e+03 -3.240183155797635273e+00
1.960312699999999950e+03 -3.236887890532621714e+00
1.965834900000000061e+03 -3.234826531307217756e+00
1.975406999999999925e+03 -3.238959058028583637e+00
1.975765599999999949e+03 -3.230981541407580870e+00
1.981564900000000080e+03 -3.229592164069722049e+00
2.018796900000000051e+03 -3.232687660244467853e+00
2.034315299999999979e+03 -3.231608797806684752e+00
2.051440999999999804e+03 -3.235815747518576035e+00
2.063739199999999983e+03 -3.232211950664090949e+00
2.094536099999999806e+03 -3.230860413660646024e+00
2.106133899999999812e+03 -3.231998050988459603e+00
2.111202299999999923e+03 -3.229281262259208418e+00
2.141465799999999945e+03 -3.229820580990729439e+00
2.142409599999999955e+03 -3.230035923597228908e+00
2.184910600000000159e+03 -3.228052791785155584e+00
2.191816899999999805e+03 -3.228285795864434427e+00
2.205207499999999982e+03 -3.231901715338269199e+00
2.213726000000000113e+03 -3.227743139654080995e+00
2.240758200000000215e+03 -3.225353779168926405e+00
2.242551899999999932e+03 -3.223834634711543412e+00
2.254891500000000178e+03 -3.221741082612636919e+00
2.305763300000000072e+03 -3.226355512914499624e+00
2.309179500000000189e+03 -3.224523830443216887e+00
2.316898499999999785e+03 -3.229166404444316907e+00
2.343720800000000054e+03 -3.221826993941885320e+00
2.349293200000000070e+03 -3.226816369387213612e+00
2.358527900000000045e+03 -3.223132076539115598e+00
2.392874400000000151e+03 -3.223334300265882302e+00
2.399760499999999865e+03 -3.225588339112529290e+00
2.418859199999999873e+03 -3.227447827741861452e+00
2.464425099999999929e+03 -3.227958132723653062e+00
