1.002564899999999994e+02 -4.414086220511475034e+00
1.271694600000000008e+02 -4.412796099795474269e+00
1.501664499999999975e+02 -4.412733036121766261e+00
1.754170699999999954e+02 -4.410779957019039799e+00
2.023264800000000037e+02 -4.411192508481831531e+00
2.234205000000000041e+02 -4.408295539248132222e+00
2.494232399999999927e+02 -4.408621520569649732e+00
2.720549599999999941e+02 -4.404632508908264299e+00
3.005211400000000026e+02 -4.404867117468206139e+00
3.222497599999999807e+02 -4.400836627114087740e+00
3.458676399999999944e+02 -4.400128814315689141e+00
3.733869799999999941e+02 -4.397487870391405984e+00
3.999279799999999909e+02 -4.396893161401609795e+00
4.187386000000000195e+02 -4.393332969020807610e+00
4.503640700000000265e+02 -4.393863352156754054e+00
4.734861799999999903e+02 -4.391485748680910461e+00
4.985276600000000258e+02 -4.390881157171802052e+00
5.152652600000000120e+02 -4.387715589269965299e+00
5.471435900000000174e+02 -4.388193592920466735e+00
5.720854100000000244e+02 -4.387637021156020722e+00
5.960812300000000050e+02 -4.386202010054303102e+00
6.158774799999999914e+02 -4.384181173842128132e+00
6.526816199999999526e+02 -4.384842784703874230e+00
6.671944700000000239e+02 -4.382805972456595534e+00
6.987187300000000505e+02 -4.383262154969226110e+00
7.128844400000000405e+02 -4.381415927822751577e+00
7.543489200000000210e+02 -4.383953914946460806e+00
7.665183700000000044e+02 -4.380839732086421634e+00
8.046035200000000032e+02 -4.381934229463521291e+00
8.087218400000000429e+02 -4.378936664323536121e+00
8.493572500000000218e+02 -4.380013780553902336e+00
8.651009699999999611e+02 -4.379114987484135746e+00
9.046236800000000358e+02 -4.380458285371375382e+00
9.121786799999999857e+02 -4.377477147228507448e+00
9.544664500000000089e+02 -4.379365463575285666e+00
9.698708199999999806e+02 -4.379535770595894384e+00
9.948342599999999720e+02 -4.376751325788853286e+00
1.009091699999999946e+03 -4.376249594273467380e+00
1.051897500000000036e+03 -4.378401843901202461e+00
1.059698000000000093e+03 -4.375814215139735452e+00
1.096194999999999936e+03 -4.376781321408111936e+00
1.111036000000000058e+03 -4.376922462762070865e+00
1.138929799999999886e+03 -4.376309476248502861e+00
1.160393800000000056e+03 -4.375616183927813374e+00
1.204005900000000111e+03 -4.379861571828030264e+00
1.209727599999999939e+03 -4.375809908635279299e+00
1.263202600000000075e+03 -4.377495852464556414e+00
1.270639699999999948e+03 -4.382083461366245380e+00
1.298429799999999886e+03 -4.377385199006545768e+00
1.312368300000000090e+03 -4.376048979735140954e+00
1.344400300000000016e+03 -4.377154538350928270e+00
1.368147500000000036e+03 -4.378844344198374650e+00
1.395487300000000005e+03 -4.377694131956054946e+00
1.406273300000000063e+03 -4.376204744262818025e+00
1.451323599999999942e+03 -4.379799342375865656e+00
1.460811099999999897e+03 -4.376903027012299496e+00
1.499458200000000033e+03 -4.377953047973043077e+00
1.504013099999999895e+03 -4.376076743546930103e+00
1.558214500000000044e+03 -4.377484518574762618e+00
1.560457100000000082e+03 -4.380010896531723041e+00
1.596663999999999987e+03 -4.379841434833159575e+00
1.613123599999999897e+03 -4.378845347877589944e+00
1.657142399999999952e+03 -4.381273018100392491e+00
1.660614299999999957e+03 -4.379617449008517127e+00
1.693297299999999950e+03 -4.379319555662509522e+00
1.706248399999999947e+03 -4.379007994451725949e+00
1.724170900000000074e+03 -4.374802573372600811e+00
1.752537199999999984e+03 -4.377304817100810652e+00
1.807917300000000068e+03 -4.379821604273653080e+00
1.811990399999999909e+03 -4.383678265818399922e+00
1.842670299999999997e+03 -4.381459366170417979e+00
1.860080300000000079e+03 -4.380529961677823714e+00
1.900773699999999963e+03 -4.382054290116833783e+00
1.908087600000000066e+03 -4.381002375846499319e+00
1.942090999999999894e+03 -4.377854859259371345e+00
1.966753699999999981e+03 -4.385303882318393853e+00
1.991973600000000033e+03 -4.383540907484470672e+00
2.011723799999999983e+03 -4.385830016623850192e+00
2.034324499999999944e+03 -4.379423154614435099e+00
2.057739399999999932e+03 -4.384946451812912649e+00
2.098178199999999833e+03 -4.384695974720380640e+00
2.102335900000000038e+03 -4.383836872203102253e+00
2.144455300000000079e+03 -4.384757480807840224e+00
2.154393199999999979e+03 -4.385231520987555420e+00
2.205192900000000009e+03 -4.386733072231945307e+00
2.207150900000000092e+03 -4.384239966609452921e+00
2.237084499999999935e+03 -4.387763509087680092e+00
2.265214699999999993e+03 -4.388485603706857141e+00
2.293851000000000113e+03 -4.385598407020756540e+00
2.297081700000000183e+03 -4.388267008471303576e+00
2.355086600000000089e+03 -4.389458033441773210e+00
2.361351500000000215e+03 -4.387585878255451100e+00
2.393068099999999959e+03 -4.387557742150720586e+00
2.394385900000000220e+03 -4.391266575599685140e+00
2.455416099999999915e+03 -4.390832210519080014e+00
