9.924370100000000150e+01 -3.467068847882098126e+00
1.270192499999999995e+02 -3.466871556141966515e+00
1.499816099999999892e+02 -3.466613401108421311e+00
1.500132499999999993e+02 -3.466621529792936585e+00
1.745381299999999953e+02 -3.466138984293504866e+00
1.993571300000000122e+02 -3.466058039497715626e+00
1.996051999999999964e+02 -3.466122170531541258e+00
2.247390499999999918e+02 -3.465891600985562260e+00
2.497188400000000001e+02 -3.465538769504577843e+00
2.497424100000000067e+02 -3.465544862818832783e+00
2.732452299999999923e+02 -3.464724870361880260e+00
2.991817300000000159e+02 -3.464235640615894507e+00
2.992761100000000170e+02 -3.464260039724905926e+00
3.224605799999999931e+02 -3.463439062333815599e+00
3.508836299999999824e+02 -3.463086599904232177e+00
3.512537899999999809e+02 -3.463182242748341633e+00
3.699396600000000035e+02 -3.461384782707854324e+00
4.012256399999999985e+02 -3.461590274927629274e+00
4.012730700000000184e+02 -3.461602485641507077e+00
4.220675699999999892e+02 -3.460244154135900363e+00
4.443125900000000001e+02 -3.459586172215078914e+00
4.443796100000000138e+02 -3.459603243792349847e+00
4.753482599999999820e+02 -3.458615973245803055e+00
4.956291200000000003e+02 -3.456105010265771771e+00
4.960594699999999762e+02 -3.456216111652391731e+00
5.213033299999999599e+02 -3.454090004678264769e+00
5.466948700000000372e+02 -3.452645572769403426e+00
5.467153700000000072e+02 -3.452651025083755876e+00
5.687848199999999679e+02 -3.449341813177895677e+00
6.057049500000000535e+02 -3.449912455153669288e+00
6.057186400000000503e+02 -3.449916299603660086e+00
6.205092100000000528e+02 -3.445889508622544728e+00
6.438843799999999646e+02 -3.444673245185306154e+00
6.440933999999999742e+02 -3.444726975704248684e+00
6.650665000000000191e+02 -3.439515467187586939e+00
7.020228499999999485e+02 -3.440301711305247867e+00
7.020717600000000402e+02 -3.440314253743185446e+00
7.220180699999999661e+02 -3.435594118213573633e+00
7.597259099999999989e+02 -3.435611224064610614e+00
7.600073899999999867e+02 -3.435684551988062996e+00
7.642557000000000471e+02 -3.427632051244494438e+00
7.990447500000000218e+02 -3.426553964862137924e+00
7.992201099999999769e+02 -3.426599298913380220e+00
8.193798399999999447e+02 -3.423897190356320230e+00
8.664756599999999480e+02 -3.424454241544116595e+00
8.664780899999999519e+02 -3.424453953810186579e+00
8.691050500000000056e+02 -3.419850457725044812e+00
8.928005000000000564e+02 -3.416231546270395381e+00
8.937144299999999930e+02 -3.416467560943797555e+00
9.142244100000000344e+02 -3.413534708530967077e+00
9.469516800000000103e+02 -3.413334307082987795e+00
9.474886199999999690e+02 -3.413473065877520085e+00
9.666665199999999913e+02 -3.410375520633125657e+00
9.989512899999999718e+02 -3.410052531575038071e+00
9.992219499999999925e+02 -3.410122604344420161e+00
1.018766899999999964e+03 -3.406493702140175550e+00
1.037141800000000103e+03 -3.403058960279605305e+00
1.037969599999999900e+03 -3.403272352435402937e+00
1.060198300000000017e+03 -3.399949811555154078e+00
1.094056399999999940e+03 -3.398615790441695150e+00
1.094927699999999959e+03 -3.398840835296782270e+00
1.112207000000000107e+03 -3.395427509950025957e+00
1.160493400000000065e+03 -3.396226453170224868e+00
1.160947799999999916e+03 -3.396343364877407289e+00
1.170384999999999991e+03 -3.394067365726310292e+00
1.205757000000000062e+03 -3.393523863028264476e+00
1.205759900000000016e+03 -3.393524307423564146e+00
1.212249199999999973e+03 -3.388790054192343248e+00
1.253672000000000025e+03 -3.390791314649151289e+00
1.254542500000000018e+03 -3.391016661542372468e+00
1.271984300000000076e+03 -3.386374737091371934e+00
1.285796900000000051e+03 -3.383246810790333736e+00
1.285839199999999892e+03 -3.383257135557611317e+00
1.309413399999999911e+03 -3.381580519923653938e+00
1.357420399999999972e+03 -3.382345651162857791e+00
1.357968000000000075e+03 -3.382486962237996053e+00
1.362669100000000071e+03 -3.377536963497888678e+00
1.391268900000000031e+03 -3.375463656705249171e+00
1.392753200000000106e+03 -3.375847937545645383e+00
1.407828999999999951e+03 -3.375363487902631299e+00
1.460773300000000063e+03 -3.375879414129289380e+00
1.461299700000000030e+03 -3.376014837499108356e+00
1.471973600000000033e+03 -3.374938663902780966e+00
1.492726799999999912e+03 -3.372881023324647565e+00
1.493306700000000092e+03 -3.373030684592846384e+00
1.525294000000000096e+03 -3.372246354374602628e+00
1.555726799999999912e+03 -3.366802267719878117e+00
1.558889200000000073e+03 -3.369129479307252595e+00
1.559313300000000027e+03 -3.369238557861192973e+00
1.594524599999999964e+03 -3.362410736741431982e+00
1.595388099999999895e+03 -3.362634273995289469e+00
1.611258900000000040e+03 -3.363754594575921519e+00
1.627939699999999903e+03 -3.363242671666518468e+00
1.629523899999999912e+03 -3.363653491041508126e+00
1.646048500000000104e+03 -3.358119658724722179e+00
1.689093299999999999e+03 -3.358385597724895089e+00
1.689888899999999921e+03 -3.358591683247743820e+00
1.718501500000000078e+03 -3.360631190903792920e+00
1.763933500000000095e+03 -3.358055740236673969e+00
1.773165400000000091e+03 -3.363139703789293389e+00
1.773262500000000045e+03 -3.363163737478929605e+00
1.797327999999999975e+03 -3.358244144888761884e+00
1.797603800000000092e+03 -3.358315648221287919e+00
1.809965599999999995e+03 -3.355996255781356741e+00
1.858976200000000063e+03 -3.357264934894129027e+00
1.860076000000000022e+03 -3.357549814829513757e+00
1.882746499999999969e+03 -3.357735341088008862e+00
1.913036000000000058e+03 -3.351507414310907151e+00
1.918588799999999992e+03 -3.355216534490017111e+00
1.919020800000000008e+03 -3.355327400924207559e+00
1.923951000000000022e+03 -3.348642714989817915e+00
1.925125600000000077e+03 -3.348947644610080765e+00
1.945104299999999967e+03 -3.347068774866802876e+00
1.996609899999999925e+03 -3.348964345947970767e+00
1.997827199999999948e+03 -3.349278889576978280e+00
2.006655799999999999e+03 -3.348102475624489038e+00
2.054105700000000070e+03 -3.345112451695540834e+00
2.059060599999999795e+03 -3.348499793376728206e+00
2.059330199999999877e+03 -3.348570151854473487e+00
2.103993800000000192e+03 -3.346414108631351247e+00
2.104126299999999901e+03 -3.346448871373354450e+00
2.111276499999999942e+03 -3.344601075415491565e+00
2.144404399999999896e+03 -3.346093955769548600e+00
2.144783800000000156e+03 -3.346192394420866023e+00
2.151802000000000135e+03 -3.340441401984821201e+00
2.194682600000000093e+03 -3.341224835024281692e+00
2.195668799999999919e+03 -3.341480143556380344e+00
2.231456099999999878e+03 -3.338535760740759084e+00
2.231625599999999849e+03 -3.345957251349152894e+00
2.232446899999999914e+03 -3.338793021745529721e+00
2.267443000000000211e+03 -3.341137126677277358e+00
2.300952299999999923e+03 -3.338258476257987439e+00
2.335326100000000224e+03 -3.344483735595774387e+00
2.337143999999999778e+03 -3.344955734354587928e+00
2.345132000000000062e+03 -3.339062161222811298e+00
2.346536000000000058e+03 -3.339425479372889694e+00
2.360699599999999919e+03 -3.337915110168906629e+00
2.389365299999999934e+03 -3.332095304320256801e+00
2.391390199999999822e+03 -3.332619595450487804e+00
2.403901199999999790e+03 -3.337281986067810458e+00
2.449492099999999937e+03 -3.336007485983008447e+00
2.449870600000000195e+03 -3.336105183112346495e+00
