1.037251600000000025e+02 1.701908966008548774e+01
1.277685599999999937e+02 1.705768827600244109e+01
1.535396200000000135e+02 1.709919753714634538e+01
1.771110600000000090e+02 1.714325005088540621e+01
2.009433999999999969e+02 1.718195857927945980e+01
2.260123600000000010e+02 1.722824190922043286e+01
2.514789700000000039e+02 1.729960970893547767e+01
2.756887800000000084e+02 1.733818898839813016e+01
2.995658099999999990e+02 1.738446519438225124e+01
3.226393199999999979e+02 1.745528495827396753e+01
3.490596699999999828e+02 1.750592560553633348e+01
3.736016599999999812e+02 1.756555668634235801e+01
3.984493899999999940e+02 1.762737583960920063e+01
4.233916600000000017e+02 1.768669295745980108e+01
4.491613699999999767e+02 1.776270455933238424e+01
4.747311100000000010e+02 1.784130266639527918e+01
5.001994799999999941e+02 1.791770761245674493e+01
5.208860499999999547e+02 1.796989721147974706e+01
5.496346499999999651e+02 1.804882149399552205e+01
5.691599999999999682e+02 1.813887899450437757e+01
5.967963999999999487e+02 1.818654996946875713e+01
6.194592000000000098e+02 1.832664665174027974e+01
6.495822100000000319e+02 1.833529462650112052e+01
6.723228199999999788e+02 1.845844036230409202e+01
6.972576400000000376e+02 1.851808569102381341e+01
7.161442399999999679e+02 1.861559739466720842e+01
7.477699699999999439e+02 1.865349379198046265e+01
7.697807800000000498e+02 1.874571086912273543e+01
7.965465900000000374e+02 1.883050020354162513e+01
8.154952700000000050e+02 1.888997150417260329e+01
8.431427700000000414e+02 1.895766690413189437e+01
8.712208200000000033e+02 1.903405353144717793e+01
9.017994999999999663e+02 1.910997659271320970e+01
9.203595299999999497e+02 1.916974455526155197e+01
9.492522699999999531e+02 1.922761143903928271e+01
9.690159499999999753e+02 1.931294931813555849e+01
9.990409700000000157e+02 1.937866578465295930e+01
1.019228100000000040e+03 1.943791726032973699e+01
1.049562500000000000e+03 1.950940922043557890e+01
1.065342599999999948e+03 1.956035721555058160e+01
1.095273799999999937e+03 1.962838438835741783e+01
1.118363700000000108e+03 1.966999542031345527e+01
1.141003799999999956e+03 1.975941685324648844e+01
1.163935099999999920e+03 1.979960258497862569e+01
1.204523999999999887e+03 1.985988703439853609e+01
1.215760999999999967e+03 1.993868766537757153e+01
1.249062300000000050e+03 2.002787756971300581e+01
1.262642299999999977e+03 2.009472521880724472e+01
1.301015400000000000e+03 2.017146702625687027e+01
1.314586000000000013e+03 2.020927437410950489e+01
1.350189800000000105e+03 2.027581976389171459e+01
1.372994300000000067e+03 2.030658508039894272e+01
1.387191100000000006e+03 2.039339914512517993e+01
1.416530600000000049e+03 2.044268725829432043e+01
1.429472800000000007e+03 2.051987380419295803e+01
1.473895700000000033e+03 2.059626857317321225e+01
1.487748000000000047e+03 2.064027121921432695e+01
1.526963799999999992e+03 2.068777885202523947e+01
1.548700000000000045e+03 2.075294728271931533e+01
1.571200399999999945e+03 2.082040301241604041e+01
1.613352100000000064e+03 2.091085385711377853e+01
1.624366999999999962e+03 2.091537553429676422e+01
1.653677100000000110e+03 2.099245878282108535e+01
1.654107500000000073e+03 2.102777834317117822e+01
1.695771700000000010e+03 2.110225931202930738e+01
1.705974200000000110e+03 2.113879808670873217e+01
1.749206699999999955e+03 2.122587472013026755e+01
1.765435400000000072e+03 2.130345562792590997e+01
1.793843299999999999e+03 2.131716822715245385e+01
1.814544599999999946e+03 2.138954966415631986e+01
1.854855399999999918e+03 2.144385202523916334e+01
1.872608999999999924e+03 2.148102941176470537e+01
1.897374199999999973e+03 2.158347699979645640e+01
1.907263300000000072e+03 2.161355943415428271e+01
1.956260800000000017e+03 2.172911001424791166e+01
1.959777100000000019e+03 2.170124618359454516e+01
2.000788700000000063e+03 2.183628485650315554e+01
2.022419699999999921e+03 2.182027529004681554e+01
2.054818200000000161e+03 2.191738805210665575e+01
2.059204000000000178e+03 2.198215092611438948e+01
2.093582800000000134e+03 2.205585029513535389e+01
2.112455500000000029e+03 2.199008701404437360e+01
2.141820000000000164e+03 2.220298748219010676e+01
2.160482599999999820e+03 2.213439955220842492e+01
2.203513199999999870e+03 2.221391359658050035e+01
2.205391500000000178e+03 2.228651791166293705e+01
2.267948300000000017e+03 2.238675249338489692e+01
2.269929000000000087e+03 2.237404081009566426e+01
2.296802799999999934e+03 2.247353857113779796e+01
2.311043500000000222e+03 2.243718400162833149e+01
2.324698199999999815e+03 2.252903114186851141e+01
2.379874899999999798e+03 2.263454101363728910e+01
2.404280200000000150e+03 2.261005546509261066e+01
2.416856099999999969e+03 2.277372379401587565e+01
2.452416000000000167e+03 2.280943262772236935e+01
