1.004151399999999938e+02 -3.868230786496381857e+00
1.261438600000000037e+02 -3.867956211115294085e+00
1.490854600000000119e+02 -3.867800311842266137e+00
1.754740899999999897e+02 -3.867859780258608993e+00
1.986669500000000141e+02 -3.867418338020937707e+00
2.234639899999999955e+02 -3.867246025104132290e+00
2.491721100000000035e+02 -3.867345067831888805e+00
2.725039499999999748e+02 -3.866654901729639437e+00
2.987876800000000230e+02 -3.866727908846974593e+00
3.241972200000000157e+02 -3.866483377599548632e+00
3.512101599999999735e+02 -3.866403713372055684e+00
3.745903700000000072e+02 -3.865831486439172515e+00
3.961747899999999731e+02 -3.864854344422378407e+00
4.229708999999999719e+02 -3.864366142115201797e+00
4.516404800000000250e+02 -3.863554259739024221e+00
4.701009999999999991e+02 -3.862554536537877947e+00
4.984615900000000011e+02 -3.862407787325224273e+00
5.200080199999999877e+02 -3.861056484629657781e+00
5.553622400000000425e+02 -3.860817158091635726e+00
5.723631500000000187e+02 -3.859559931777398312e+00
5.995875300000000152e+02 -3.859119398773533494e+00
6.201790499999999611e+02 -3.856065910218190229e+00
6.475000999999999749e+02 -3.854799920542354652e+00
6.686912899999999809e+02 -3.852315156972154320e+00
7.026426300000000538e+02 -3.852429420999972542e+00
7.175345499999999674e+02 -3.847741470946500986e+00
7.527451499999999669e+02 -3.847705245781183336e+00
7.607377300000000560e+02 -3.840738360436109833e+00
8.044528999999999996e+02 -3.842771334345651990e+00
8.159077800000000025e+02 -3.835770660279188782e+00
8.515517599999999447e+02 -3.836025182018135915e+00
8.675659000000000560e+02 -3.829828345530901679e+00
8.927832899999999654e+02 -3.828325000664032363e+00
9.200198699999999690e+02 -3.823413471389338181e+00
9.425877100000000155e+02 -3.822197992290738977e+00
9.687799499999999853e+02 -3.817910994887505627e+00
9.898521100000000388e+02 -3.815086229079876379e+00
1.016452499999999986e+03 -3.809649556266083703e+00
1.048400300000000016e+03 -3.809177577100483880e+00
1.061952299999999923e+03 -3.803522479981951143e+00
1.101134700000000066e+03 -3.804608403442167219e+00
1.116174600000000055e+03 -3.798183317347203047e+00
1.136143600000000106e+03 -3.796079672507113312e+00
1.171230299999999943e+03 -3.794566169421996982e+00
1.203792400000000043e+03 -3.791689494049726328e+00
1.209853699999999890e+03 -3.786571543208506530e+00
1.265980700000000070e+03 -3.788754093438323700e+00
1.268939399999999978e+03 -3.783345507943804087e+00
1.299835700000000088e+03 -3.781612838997819637e+00
1.318978800000000092e+03 -3.779125470881597781e+00
1.348964600000000019e+03 -3.768744535373652838e+00
1.353868600000000015e+03 -3.777342207094911419e+00
1.399803100000000086e+03 -3.771750926879093413e+00
1.420189699999999903e+03 -3.768906725806859814e+00
1.440720299999999952e+03 -3.765481951886479717e+00
1.472579300000000103e+03 -3.763093010453795628e+00
1.509347199999999930e+03 -3.760659103561571293e+00
1.512756900000000087e+03 -3.756764525567382496e+00
1.545476599999999962e+03 -3.755902030750804421e+00
1.561074900000000071e+03 -3.751334512024440571e+00
1.609081100000000106e+03 -3.753342414261679583e+00
1.619133000000000038e+03 -3.749465099332025542e+00
1.651805399999999963e+03 -3.749302466896232477e+00
1.667085100000000011e+03 -3.745778118023624703e+00
1.698380900000000111e+03 -3.742187298919083638e+00
1.709294699999999921e+03 -3.737304174169544080e+00
1.755115900000000011e+03 -3.733507438372237530e+00
1.767508800000000065e+03 -3.742432499498056231e+00
1.796197100000000091e+03 -3.733395658120783445e+00
1.805459900000000061e+03 -3.727614925224566722e+00
1.853652900000000045e+03 -3.724156209556829911e+00
1.865394700000000057e+03 -3.728917070087790275e+00
1.887600100000000111e+03 -3.722000321284950619e+00
1.907578500000000076e+03 -3.719728182453031273e+00
1.928939200000000028e+03 -3.716583088343470287e+00
1.971037100000000009e+03 -3.717883392179486712e+00
2.011010999999999967e+03 -3.716633989103914182e+00
2.018872299999999996e+03 -3.713824952360647913e+00
2.068205500000000029e+03 -3.714044117315420834e+00
2.077327000000000226e+03 -3.712071909494592870e+00
2.109385200000000168e+03 -3.704955664087948186e+00
2.117211499999999887e+03 -3.713428643670561691e+00
2.160641700000000128e+03 -3.704732492246106013e+00
2.167425699999999779e+03 -3.701451638347231565e+00
2.197128799999999956e+03 -3.698588653252463665e+00
2.200520899999999983e+03 -3.695350984701322616e+00
2.248315799999999854e+03 -3.695094664694206443e+00
2.285844000000000051e+03 -3.697389775377864396e+00
2.318551199999999881e+03 -3.697779900884120785e+00
2.340029100000000199e+03 -3.691298170644755849e+00
2.349815000000000055e+03 -3.691657096543264682e+00
2.369517699999999877e+03 -3.687179753383669656e+00
2.410469900000000052e+03 -3.683124029722411930e+00
2.425099000000000160e+03 -3.688290229909771067e+00
2.430910899999999856e+03 -3.680094268685232706e+00
