1.033176500000000004e+02 2.338316405454915525e+01
1.281386099999999999e+02 2.339676419702829335e+01
1.503443699999999978e+02 2.340681813555871926e+01
1.756009300000000053e+02 2.341302513739059776e+01
1.991299500000000080e+02 2.342425503765520034e+01
2.237133200000000102e+02 2.343260482393649369e+01
2.485468600000000094e+02 2.344185528190515200e+01
2.723308900000000108e+02 2.345777986973335771e+01
2.980259699999999725e+02 2.346805108894768921e+01
3.220367600000000152e+02 2.347599480968858288e+01
3.461575399999999831e+02 2.349283228170160953e+01
3.718957700000000273e+02 2.350241247710156500e+01
3.987767900000000054e+02 2.350362253205780760e+01
4.218282699999999750e+02 2.350896041115408153e+01
4.482005100000000084e+02 2.354463006309790529e+01
4.701029599999999959e+02 2.352858335029513270e+01
4.967156600000000140e+02 2.355922857724404906e+01
5.209470199999999522e+02 2.355682933034805515e+01
5.429190300000000207e+02 2.357303938530429477e+01
5.717251800000000230e+02 2.359255241196824926e+01
5.989613200000000006e+02 2.360714939955220970e+01
6.199356199999999717e+02 2.362787604315082390e+01
6.466375100000000202e+02 2.363135660492570622e+01
6.744670599999999467e+02 2.364402757989008563e+01
6.903491900000000214e+02 2.364441380012212690e+01
7.198317899999999554e+02 2.365251831874618205e+01
7.478894800000000487e+02 2.367401943822511612e+01
7.742006599999999708e+02 2.368018369631589692e+01
7.956162199999999984e+02 2.370183798086709004e+01
8.180620199999999613e+02 2.373818237329533787e+01
8.388241600000000062e+02 2.372943008345206550e+01
8.663902600000000120e+02 2.375212599226541954e+01
8.953837800000000016e+02 2.376168074496234439e+01
9.094232100000000401e+02 2.377712039487074946e+01
9.429437599999999975e+02 2.380467178913087523e+01
9.632342399999999998e+02 2.382542031345409939e+01
1.002733899999999949e+03 2.380136474659067858e+01
1.018775200000000041e+03 2.388169346631385892e+01
1.046248800000000074e+03 2.382495827396702737e+01
1.066578600000000051e+03 2.391309790352126896e+01
1.101124399999999923e+03 2.385710309383268779e+01
1.116191399999999931e+03 2.395992926928557054e+01
1.149900699999999915e+03 2.391336912273560245e+01
1.162715500000000020e+03 2.397576175452880065e+01
1.204190700000000106e+03 2.395509413800122189e+01
1.220502500000000055e+03 2.398607113779767985e+01
1.250589600000000019e+03 2.399801292489314264e+01
1.265322400000000016e+03 2.401791929574597972e+01
1.310660200000000032e+03 2.403035721555058046e+01
1.319836800000000039e+03 2.405558721758599816e+01
1.352212999999999965e+03 2.408119173621005515e+01
1.361846600000000080e+03 2.407274730307347710e+01
1.395818999999999960e+03 2.411822511703643457e+01
1.411154199999999946e+03 2.412428404233665802e+01
1.441317399999999907e+03 2.416232698961937686e+01
1.455089500000000044e+03 2.416158508039893960e+01
1.504192399999999907e+03 2.419208528394056401e+01
1.508644399999999905e+03 2.421173213922247314e+01
1.549391399999999976e+03 2.421799613270913909e+01
1.563044699999999921e+03 2.424347852635864342e+01
1.590915299999999888e+03 2.428710411154080973e+01
1.610062899999999900e+03 2.425605536332179923e+01
1.635319400000000087e+03 2.430629605129249171e+01
1.680671000000000049e+03 2.433024475880317539e+01
1.680801500000000033e+03 2.434490077345817127e+01
1.703303599999999960e+03 2.436717077142275656e+01
1.735514899999999898e+03 2.439608640341949908e+01
1.764874900000000025e+03 2.439973234276409286e+01
1.791354299999999967e+03 2.442761347445552644e+01
1.819838600000000042e+03 2.442568084673315454e+01
1.835990199999999959e+03 2.446147771219214562e+01
1.859507000000000062e+03 2.446134693669855409e+01
1.899021999999999935e+03 2.448902554447384716e+01
1.914339500000000044e+03 2.449888204762874011e+01
1.949927100000000110e+03 2.455012568695298114e+01
1.962977499999999964e+03 2.457905353144717964e+01
2.005818199999999933e+03 2.460685426419702893e+01
2.007718200000000024e+03 2.461073224099328272e+01
2.047324499999999944e+03 2.462717077142275457e+01
2.065421299999999974e+03 2.464006411561164001e+01
2.101313799999999901e+03 2.466605739873804026e+01
2.107892600000000130e+03 2.467066100142479357e+01
2.148722200000000157e+03 2.470186647669448377e+01
2.182771600000000035e+03 2.469967789537960456e+01
2.204326700000000073e+03 2.476811622226745513e+01
2.210923800000000028e+03 2.473898483614899391e+01
2.251340900000000147e+03 2.480544830042743598e+01
2.271827400000000125e+03 2.480337421127620345e+01
2.303990499999999884e+03 2.484779666191736425e+01
2.325391000000000076e+03 2.485069204152248901e+01
2.354413000000000011e+03 2.494719774068797236e+01
2.362572200000000066e+03 2.491439344595969629e+01
2.402999299999999948e+03 2.498628994504376166e+01
2.421166700000000219e+03 2.500708375737838551e+01
2.430733000000000175e+03 2.500433136576429760e+01
