1.032845499999999959e+02 -1.456589469886198085e+00
1.281666899999999885e+02 -1.456286907878700854e+00
1.514504799999999989e+02 -1.455870804730972967e+00
1.754509799999999871e+02 -1.455215092246577191e+00
1.995335399999999879e+02 -1.454746531215094008e+00
2.264721999999999866e+02 -1.454544417639853648e+00
2.486646299999999883e+02 -1.453270764032450701e+00
2.750755500000000211e+02 -1.452960002592146527e+00
3.008638399999999820e+02 -1.452407778188506082e+00
3.213718600000000265e+02 -1.450444956426541587e+00
3.481091200000000185e+02 -1.450044328742971844e+00
3.716978300000000104e+02 -1.448678506773093844e+00
3.990224099999999794e+02 -1.447729377158798236e+00
4.232617399999999748e+02 -1.446470283841586379e+00
4.439945900000000165e+02 -1.443813295267489361e+00
4.697241300000000024e+02 -1.442497256725158827e+00
4.967602200000000039e+02 -1.440996852218293878e+00
5.258108899999999721e+02 -1.440772141748684287e+00
5.462279300000000148e+02 -1.437731199804690663e+00
5.685642900000000282e+02 -1.435543503186800685e+00
5.954937200000000530e+02 -1.434261199686926114e+00
6.210262500000000045e+02 -1.433293985887374555e+00
6.530473399999999629e+02 -1.432872095514417854e+00
6.731551600000000235e+02 -1.429785968776505767e+00
6.967896600000000262e+02 -1.427141326993814463e+00
7.251710199999999986e+02 -1.427012719476592917e+00
7.467516500000000406e+02 -1.423490378251472954e+00
7.663223600000000033e+02 -1.421218786853282179e+00
7.967349400000000514e+02 -1.421129232746881410e+00
8.153815100000000484e+02 -1.417923180144477158e+00
8.521524100000000317e+02 -1.418431021740943709e+00
8.697439900000000534e+02 -1.416265229352452693e+00
8.942391599999999698e+02 -1.413754394637068090e+00
9.129329800000000432e+02 -1.410733007741520328e+00
9.581712499999999864e+02 -1.413174184779782960e+00
9.678045100000000502e+02 -1.408894423657554240e+00
9.957635800000000472e+02 -1.406731091117034982e+00
1.019147000000000048e+03 -1.405672771582418434e+00
1.049322400000000016e+03 -1.404912141903117861e+00
1.068346900000000005e+03 -1.401790052670284226e+00
1.096572400000000016e+03 -1.401064822095531515e+00
1.108744899999999916e+03 -1.397966693343034583e+00
1.136495300000000043e+03 -1.396241477329757785e+00
1.167308500000000095e+03 -1.395704606063235209e+00
1.200772200000000112e+03 -1.395697130702144406e+00
1.213586399999999912e+03 -1.393442789554857786e+00
1.248466599999999971e+03 -1.393765124579528614e+00
1.263077099999999973e+03 -1.391115708236331461e+00
1.294286200000000008e+03 -1.390050765706035918e+00
1.306900100000000066e+03 -1.386683834960728445e+00
1.340788199999999961e+03 -1.386802511435176521e+00
1.358494300000000067e+03 -1.383600326374997191e+00
1.389289299999999912e+03 -1.383875308157264339e+00
1.411959200000000010e+03 -1.382240508328849593e+00
1.457735300000000052e+03 -1.385935929689102064e+00
1.477568299999999908e+03 -1.383838953945173866e+00
1.498979100000000017e+03 -1.381195616893719613e+00
1.511311999999999898e+03 -1.377470320498924705e+00
1.535659200000000055e+03 -1.375786996891404490e+00
1.554660900000000083e+03 -1.373582176441487057e+00
1.593395700000000033e+03 -1.375071112219866443e+00
1.614070600000000013e+03 -1.372288008690195626e+00
1.628221199999999953e+03 -1.366576639810236804e+00
1.660209100000000035e+03 -1.369710132116924717e+00
1.694480800000000045e+03 -1.367394392460461905e+00
1.703438000000000102e+03 -1.366122229663893517e+00
1.767714999999999918e+03 -1.364810607850208690e+00
1.769531500000000051e+03 -1.372141444762566387e+00
1.806554599999999937e+03 -1.367067477141959309e+00
1.806622000000000071e+03 -1.357474480052663690e+00
1.834181800000000067e+03 -1.361285528512327758e+00
1.857335000000000036e+03 -1.356859734046752752e+00
1.908794499999999971e+03 -1.353612459210309149e+00
1.918166500000000042e+03 -1.362717223124141563e+00
1.945640499999999975e+03 -1.353385593934050224e+00
1.955649799999999914e+03 -1.349388473058104720e+00
2.006995300000000043e+03 -1.353976168230276667e+00
2.012569400000000087e+03 -1.348026231480232040e+00
2.049423800000000028e+03 -1.349905242228770286e+00
2.051747400000000198e+03 -1.342753191277395119e+00
2.098840900000000147e+03 -1.341620298103032516e+00
2.112747499999999945e+03 -1.340788451627235922e+00
2.158345899999999801e+03 -1.333396004425061010e+00
2.159805600000000140e+03 -1.341386382423099821e+00
2.207690399999999954e+03 -1.338488231098525993e+00
2.212145899999999983e+03 -1.329456828205833219e+00
2.261154100000000199e+03 -1.333610089394740239e+00
2.261409599999999955e+03 -1.327997024602138865e+00
2.294388199999999870e+03 -1.325106355766064059e+00
2.309371799999999894e+03 -1.320373258863443144e+00
2.352862500000000182e+03 -1.320784036311963394e+00
2.360923400000000129e+03 -1.316234568797123750e+00
2.409585099999999784e+03 -1.316933658903102433e+00
2.411925799999999981e+03 -1.310652098253406672e+00
2.460973599999999806e+03 -1.313242423616787447e+00
