1.000789299999999997e+02 -3.305949792579043311e+00
1.271412100000000009e+02 -3.305727021725081372e+00
1.504014899999999955e+02 -3.305781535258315529e+00
1.744989199999999983e+02 -3.304831218987795527e+00
1.992276400000000081e+02 -3.304767846881098148e+00
2.250560999999999865e+02 -3.304467000505328489e+00
2.499161000000000001e+02 -3.304028855310766843e+00
2.719283599999999979e+02 -3.302801540922834622e+00
3.011615800000000149e+02 -3.302810823588279820e+00
3.230252500000000282e+02 -3.301334989885424953e+00
3.513150600000000168e+02 -3.300938617577638290e+00
3.739984499999999912e+02 -3.299175817293521717e+00
4.012277599999999893e+02 -3.298362143974978178e+00
4.215313499999999749e+02 -3.294625121471631335e+00
4.502224899999999934e+02 -3.294832042990268661e+00
4.711928500000000213e+02 -3.290512305266039661e+00
5.032005899999999770e+02 -3.289762060334569416e+00
5.202328800000000228e+02 -3.286693335139579286e+00
5.446342499999999518e+02 -3.285377007617405809e+00
5.692811599999999999e+02 -3.281547014798093187e+00
6.000421099999999797e+02 -3.280670562184257566e+00
6.163449900000000525e+02 -3.276754405744707110e+00
6.517273699999999508e+02 -3.276783910114499321e+00
6.647924799999999550e+02 -3.272091889927276398e+00
7.014757600000000366e+02 -3.272211773679171820e+00
7.158256599999999708e+02 -3.269253841108344716e+00
7.546825999999999794e+02 -3.270096915097458812e+00
7.677983900000000403e+02 -3.265877186603559412e+00
8.048955600000000459e+02 -3.266183806591895777e+00
8.133802299999999832e+02 -3.261704710296222665e+00
8.486293699999999944e+02 -3.262375120582641230e+00
8.800915999999999713e+02 -3.261780817685410838e+00
9.025306600000000117e+02 -3.258573874196716069e+00
9.186460299999999961e+02 -3.255931092882393685e+00
9.510701900000000251e+02 -3.254802697839721315e+00
9.662123299999999517e+02 -3.252933556355770861e+00
1.003733399999999961e+03 -3.252606072723884356e+00
1.010839000000000055e+03 -3.249785521457502213e+00
1.040834200000000010e+03 -3.247799495173684825e+00
1.064076700000000073e+03 -3.248136507683959007e+00
1.098352799999999888e+03 -3.245692402156658662e+00
1.111816499999999905e+03 -3.245318976000058253e+00
1.145812500000000000e+03 -3.243733865518870552e+00
1.164693700000000035e+03 -3.244215988270315432e+00
1.190729100000000017e+03 -3.244615698828043460e+00
1.202463799999999992e+03 -3.239100604185175314e+00
1.248238499999999931e+03 -3.241023324924292126e+00
1.255336600000000089e+03 -3.237363515401784131e+00
1.307155899999999974e+03 -3.242608706466212798e+00
1.314523100000000113e+03 -3.237320367765402995e+00
1.351622299999999996e+03 -3.237362094271116320e+00
1.372789299999999912e+03 -3.238015540772137157e+00
1.400183800000000019e+03 -3.235312555259864720e+00
1.419836199999999963e+03 -3.235481276328207922e+00
1.452654800000000023e+03 -3.234762963012168147e+00
1.459201800000000048e+03 -3.232938242703734755e+00
1.503578500000000076e+03 -3.231422868303129192e+00
1.525044100000000071e+03 -3.233473476282317627e+00
1.557045200000000023e+03 -3.228700651762164142e+00
1.557885500000000093e+03 -3.231446330983687609e+00
1.609983099999999922e+03 -3.228607504369200409e+00
1.615185799999999972e+03 -3.231420600750151362e+00
1.653146899999999960e+03 -3.225407413019127034e+00
1.675735899999999901e+03 -3.230393058588123534e+00
1.701587399999999889e+03 -3.224504335822272694e+00
1.714744400000000041e+03 -3.226873064719697481e+00
1.746172199999999975e+03 -3.224881045594253148e+00
1.776936799999999948e+03 -3.225922186282950133e+00
1.803053900000000112e+03 -3.227678759826464017e+00
1.814910699999999906e+03 -3.224332213977612938e+00
1.862356299999999919e+03 -3.222644966058080040e+00
1.872403099999999995e+03 -3.226117798176585172e+00
1.896675099999999929e+03 -3.220898496114936282e+00
1.903154299999999921e+03 -3.218786402848307304e+00
1.946495799999999917e+03 -3.218600090909429667e+00
1.955348400000000083e+03 -3.219216569812529016e+00
1.990089799999999968e+03 -3.218564898927606333e+00
2.023594299999999976e+03 -3.220704954691930855e+00
2.043063000000000102e+03 -3.216903836782647019e+00
2.063610400000000027e+03 -3.218297012754320452e+00
2.084840700000000197e+03 -3.213008295171523976e+00
2.122405099999999948e+03 -3.220458449193453365e+00
2.149041000000000167e+03 -3.211781312619471418e+00
2.160875799999999799e+03 -3.212711442450880028e+00
2.207945900000000165e+03 -3.212473273368819271e+00
2.210762400000000071e+03 -3.217591176902979466e+00
2.263807600000000093e+03 -3.215660665907731364e+00
2.270044400000000223e+03 -3.215780483030874048e+00
2.290319399999999860e+03 -3.207463048885625057e+00
2.315544100000000071e+03 -3.211296165344171616e+00
2.340139099999999871e+03 -3.208526231282740948e+00
2.371186299999999846e+03 -3.213962890515958293e+00
2.401408800000000156e+03 -3.209945253326285108e+00
2.408394899999999780e+03 -3.208709929427418395e+00
2.441900000000000091e+03 -3.211696466377370829e+00
