1.010709599999999995e+02 -3.472477980152758548e+00
1.263275200000000069e+02 -3.472070147222102054e+00
1.491465399999999875e+02 -3.472006108344556363e+00
1.492263000000000090e+02 -3.472026727892498332e+00
1.754502200000000016e+02 -3.471932227340752686e+00
1.995996000000000095e+02 -3.471716082071016896e+00
1.997277799999999957e+02 -3.471749270038358759e+00
2.242769800000000089e+02 -3.471650428799902155e+00
2.502408000000000072e+02 -3.471109743600854891e+00
2.503200699999999870e+02 -3.471130236474041286e+00
2.755142999999999915e+02 -3.471807908153369926e+00
2.985077200000000062e+02 -3.470534324576002749e+00
2.986609199999999760e+02 -3.470573980711467499e+00
3.221140899999999760e+02 -3.470800281582880675e+00
3.493234499999999798e+02 -3.470524296304059675e+00
3.496111999999999966e+02 -3.470598685407874306e+00
3.724260899999999879e+02 -3.470199210839848281e+00
4.009155700000000024e+02 -3.469862853294292115e+00
4.009770500000000197e+02 -3.469878696212890912e+00
4.201335199999999759e+02 -3.468595527434781278e+00
4.540698800000000119e+02 -3.469135951401022933e+00
4.541006100000000174e+02 -3.469144099259450442e+00
4.715020400000000222e+02 -3.468029088247776226e+00
4.979592499999999973e+02 -3.467568020134116580e+00
4.980184100000000171e+02 -3.467583263286527107e+00
5.183151599999999917e+02 -3.465470973626481488e+00
5.507548299999999699e+02 -3.465221868097331459e+00
5.508148400000000038e+02 -3.465237432762476644e+00
5.662821699999999510e+02 -3.462927934372822758e+00
5.969399899999999661e+02 -3.462770139143413584e+00
5.970742000000000189e+02 -3.462804682444182269e+00
6.179116999999999962e+02 -3.460576640915667745e+00
6.441419100000000526e+02 -3.458595001951807912e+00
6.443099600000000464e+02 -3.458638802420358260e+00
6.640721999999999525e+02 -3.456358359779580613e+00
6.978652499999999463e+02 -3.456282455795013142e+00
6.980687100000000100e+02 -3.456335003370292203e+00
7.189507599999999456e+02 -3.453228544037044045e+00
7.440262000000000171e+02 -3.451623826917982196e+00
7.442688399999999547e+02 -3.451686859501138294e+00
7.667168299999999590e+02 -3.448427013929649565e+00
8.000655000000000427e+02 -3.448485211159799668e+00
8.001719299999999748e+02 -3.448512725433714454e+00
8.206365799999999808e+02 -3.443888885027839741e+00
8.432198399999999765e+02 -3.441521377651240332e+00
8.434122899999999845e+02 -3.441570722724478948e+00
8.709594499999999471e+02 -3.438585200011931242e+00
8.983731800000000476e+02 -3.437544421742251277e+00
8.985480800000000272e+02 -3.437589687759741608e+00
9.208417200000000093e+02 -3.434129701496598575e+00
9.569984100000000353e+02 -3.431042313451933889e+00
9.572311700000000201e+02 -3.431102893629201844e+00
9.653334300000000212e+02 -3.427634493014386496e+00
1.001823099999999954e+03 -3.426787624136429677e+00
1.001999900000000025e+03 -3.426833432227152532e+00
1.006777699999999982e+03 -3.420319809898118901e+00
1.058385800000000017e+03 -3.416345532842114618e+00
1.061386400000000094e+03 -3.422662821057815830e+00
1.061632900000000063e+03 -3.422725935590511526e+00
1.106767800000000079e+03 -3.418110621463231968e+00
1.108094100000000026e+03 -3.418454005272599794e+00
1.118961700000000064e+03 -3.413014005089708647e+00
1.158388599999999997e+03 -3.412252847638568287e+00
1.159814000000000078e+03 -3.412621901656323509e+00
1.176520400000000109e+03 -3.412449387412260560e+00
1.200008000000000038e+03 -3.407947717558905687e+00
1.200628799999999956e+03 -3.408108206718412969e+00
1.210221500000000106e+03 -3.402416575945630406e+00
1.243525200000000041e+03 -3.401731059198407348e+00
1.243889100000000099e+03 -3.401824880166262499e+00
1.262863599999999906e+03 -3.398937982177954620e+00
1.297372499999999945e+03 -3.397326653205762437e+00
1.297702500000000100e+03 -3.397412168317357040e+00
1.322282200000000103e+03 -3.395279943871805539e+00
1.345942600000000084e+03 -3.391884212287628930e+00
1.346275300000000016e+03 -3.391970425402977440e+00
1.366898899999999912e+03 -3.388886608143110823e+00
1.416534900000000107e+03 -3.390017097909026944e+00
1.416824299999999994e+03 -3.390092829508001060e+00
1.423216799999999921e+03 -3.386193107828848081e+00
1.456455099999999902e+03 -3.382762869916621895e+00
1.456731600000000071e+03 -3.382834605098490321e+00
1.464544399999999996e+03 -3.381675609012017247e+00
1.505542300000000068e+03 -3.383052929102011053e+00
1.506316299999999956e+03 -3.383252718199140752e+00
1.518687200000000075e+03 -3.376932777822235554e+00
1.547354399999999941e+03 -3.368942791872317599e+00
1.550654399999999896e+03 -3.372410450621071032e+00
1.551400399999999991e+03 -3.372603510014809736e+00
1.605457400000000007e+03 -3.372469883935296675e+00
1.606369500000000016e+03 -3.372705476402671820e+00
1.610808600000000069e+03 -3.368423090449459423e+00
1.649142499999999927e+03 -3.367131507924836953e+00
1.649914600000000064e+03 -3.367331212917388239e+00
1.669832200000000057e+03 -3.367561522164967069e+00
1.698337199999999939e+03 -3.365717218777973141e+00
1.699189699999999903e+03 -3.365937708771207681e+00
1.723829700000000003e+03 -3.363477393043602159e+00
1.754792899999999918e+03 -3.356625035566401571e+00
1.769624700000000075e+03 -3.361936350949166208e+00
1.769981600000000071e+03 -3.362029736183621775e+00
1.797644000000000005e+03 -3.357068306139908476e+00
1.797712899999999991e+03 -3.357086270817856377e+00
1.818541699999999992e+03 -3.355756753624305588e+00
1.842586600000000089e+03 -3.352767363714527438e+00
1.843817099999999982e+03 -3.353085319806333509e+00
1.851666199999999890e+03 -3.349364773736501544e+00
1.912880900000000111e+03 -3.348078451599868277e+00
1.913294699999999921e+03 -3.350183595263594327e+00
1.914261199999999917e+03 -3.350432742359958027e+00
1.953244099999999889e+03 -3.346354634350923174e+00
1.953879699999999957e+03 -3.346519153146708003e+00
1.979190800000000081e+03 -3.345983907577620542e+00
2.000032699999999977e+03 -3.337332568364712593e+00
2.023820099999999911e+03 -3.346662778924997639e+00
2.025786599999999908e+03 -3.347172684888228389e+00
2.033499900000000025e+03 -3.341165250825542277e+00
2.034280299999999897e+03 -3.341367864814428934e+00
2.044562899999999900e+03 -3.331952388677323018e+00
2.088911500000000160e+03 -3.336634868939124754e+00
2.090026199999999790e+03 -3.336923804362778245e+00
2.104939199999999801e+03 -3.333226140057981013e+00
2.157179099999999835e+03 -3.334748189977776001e+00
2.157687199999999848e+03 -3.334879289516508472e+00
2.179768900000000031e+03 -3.335469285594941269e+00
2.210241100000000188e+03 -3.329502207339877007e+00
2.235592299999999796e+03 -3.336853117142934089e+00
2.235943299999999908e+03 -3.336945791276423545e+00
2.247595200000000204e+03 -3.324231446690890657e+00
2.247911300000000210e+03 -3.324313419261156533e+00
2.284651400000000194e+03 -3.334247961583037601e+00
2.303932099999999991e+03 -3.324890660005357379e+00
2.305405600000000049e+03 -3.325271945289111741e+00
2.321654100000000199e+03 -3.326268760864611540e+00
2.341363800000000083e+03 -3.326366146131271684e+00
2.342432600000000093e+03 -3.326642146897574648e+00
2.383746200000000044e+03 -3.328658684002505641e+00
2.387251200000000154e+03 -3.319004649733581225e+00
2.388765899999999874e+03 -3.319395619214870585e+00
2.417364799999999832e+03 -3.318836073240981399e+00
2.459955599999999777e+03 -3.320495482793960562e+00
2.460815200000000004e+03 -3.320718418903421565e+00
