1.223886799999999937e+02 -4.267721174409715879e+00
1.312896599999999978e+02 -4.267316576138011186e+00
1.698275399999999991e+02 -4.267400390864287907e+00
1.699530799999999999e+02 -4.267313926259688195e+00
1.782995899999999949e+02 -4.266735506095805874e+00
2.172511599999999987e+02 -4.266813556748801695e+00
2.186095400000000097e+02 -4.267058170982487297e+00
2.277690699999999993e+02 -4.266643677840906257e+00
2.662753000000000156e+02 -4.266300421749332550e+00
2.666350899999999911e+02 -4.266489150076200332e+00
2.773000099999999861e+02 -4.266374628103596578e+00
3.150891100000000051e+02 -4.265670984718220815e+00
3.158802000000000021e+02 -4.265785226522671891e+00
3.245626800000000003e+02 -4.265215857506740704e+00
3.655821700000000192e+02 -4.265047924520911415e+00
3.656825299999999856e+02 -4.265163885862308213e+00
3.722749999999999773e+02 -4.264008919639970863e+00
4.119662799999999834e+02 -4.263323233639220611e+00
4.125707300000000259e+02 -4.263549412546150386e+00
4.258068700000000035e+02 -4.264016251838829596e+00
4.605669500000000198e+02 -4.261785550956610713e+00
4.613424999999999727e+02 -4.262047820954999011e+00
4.725544800000000123e+02 -4.261895201171213010e+00
5.098156599999999798e+02 -4.260331235054197307e+00
5.110123199999999883e+02 -4.260698401309790384e+00
5.202592300000000023e+02 -4.260070236697496071e+00
5.616614899999999579e+02 -4.259554025543323519e+00
5.636577200000000403e+02 -4.260140159945419391e+00
5.693085499999999683e+02 -4.258476495414151408e+00
6.087588899999999512e+02 -4.256898427997378498e+00
6.100699399999999741e+02 -4.257290026919352321e+00
6.172258399999999483e+02 -4.256143887712432239e+00
6.595709299999999757e+02 -4.255371060686219842e+00
6.623849300000000540e+02 -4.256032435567665750e+00
6.671585199999999531e+02 -4.254388068855160299e+00
7.124686100000000124e+02 -4.253959964228256396e+00
7.142509599999999637e+02 -4.254341915694066500e+00
7.220148299999999608e+02 -4.253335037173286537e+00
7.625022900000000163e+02 -4.250909626938174313e+00
7.633525799999999890e+02 -4.251202413503895272e+00
7.753399899999999434e+02 -4.251350756490125171e+00
8.088135200000000395e+02 -4.247694031213446131e+00
8.108892299999999977e+02 -4.248171667388126238e+00
8.153785000000000309e+02 -4.246049920827151603e+00
8.569514500000000226e+02 -4.244474539061934060e+00
8.599687999999999874e+02 -4.245300686287249547e+00
8.743515899999999874e+02 -4.245433996106492636e+00
9.037835499999999911e+02 -4.240350905746517185e+00
9.040625099999999748e+02 -4.240401243506535245e+00
9.183472500000000309e+02 -4.240456386397204014e+00
9.554279599999999846e+02 -4.237499744430965443e+00
9.604940000000000282e+02 -4.235616408285547863e+00
9.610700199999999995e+02 -4.239001785405517531e+00
1.011733600000000024e+03 -4.235742877227242964e+00
1.016293599999999969e+03 -4.236995511851077367e+00
1.018507700000000000e+03 -4.234100925410131389e+00
1.059817900000000009e+03 -4.231833966002083613e+00
1.063044100000000071e+03 -4.232729981357087112e+00
1.069853100000000040e+03 -4.231308277205378054e+00
1.103352499999999964e+03 -4.226611527035976756e+00
1.105398999999999887e+03 -4.227112855483439624e+00
1.126724099999999908e+03 -4.229140269850177880e+00
1.155202800000000025e+03 -4.224133101849174565e+00
1.157294100000000071e+03 -4.224708092183960595e+00
1.166658799999999928e+03 -4.224264917609968251e+00
1.212623100000000022e+03 -4.222228664715078850e+00
1.212638400000000047e+03 -4.218561695990712401e+00
1.217141499999999951e+03 -4.223475124597245056e+00
1.261787399999999934e+03 -4.217979221631168230e+00
1.265291899999999941e+03 -4.218806790241511173e+00
1.270618500000000040e+03 -4.215586173294552097e+00
1.309205500000000029e+03 -4.213285169726574075e+00
1.310822200000000066e+03 -4.213758838383096617e+00
1.314179399999999987e+03 -4.211438261877524347e+00
1.356046000000000049e+03 -4.208288071910817330e+00
1.357770999999999958e+03 -4.208773709370573712e+00
1.373445300000000088e+03 -4.208938742696271440e+00
1.403936799999999948e+03 -4.205059342660307564e+00
1.409380200000000059e+03 -4.206500714040427802e+00
1.411794000000000096e+03 -4.203492427341002369e+00
1.449585399999999936e+03 -4.201455672058440172e+00
1.459298600000000079e+03 -4.203986165863655700e+00
1.460073300000000017e+03 -4.200838792142918443e+00
1.506749700000000075e+03 -4.198421803267900820e+00
1.507387400000000071e+03 -4.198627318853316304e+00
1.510202600000000075e+03 -4.195909144402374835e+00
1.563023999999999887e+03 -4.191146148114956560e+00
1.570192500000000109e+03 -4.197127019566441852e+00
1.574489000000000033e+03 -4.198108297882429341e+00
1.599592200000000048e+03 -4.188308793099367655e+00
1.601542699999999968e+03 -4.185460858286491614e+00
1.609038800000000037e+03 -4.190768126538977789e+00
1.649825199999999995e+03 -4.185076572639925274e+00
1.656737499999999955e+03 -4.186876210273016596e+00
1.657643399999999929e+03 -4.183056057844900977e+00
1.709201299999999947e+03 -4.183283081534407088e+00
1.711110400000000027e+03 -4.179757946948653213e+00
1.711264499999999998e+03 -4.183875995735752973e+00
1.751500999999999976e+03 -4.175859145162312380e+00
1.762094499999999925e+03 -4.179092127538230450e+00
1.762373700000000099e+03 -4.179094745946731138e+00
1.809597999999999956e+03 -4.177211268641965347e+00
1.813692299999999932e+03 -4.175473522756676381e+00
1.815446799999999939e+03 -4.178795608047744636e+00
1.836974699999999984e+03 -4.169108454526401886e+00
1.840328199999999924e+03 -4.170026998842984334e+00
1.863594700000000103e+03 -4.171770531320591502e+00
1.897542599999999993e+03 -4.165746668099763461e+00
1.898404999999999973e+03 -4.169748416809119007e+00
1.901152900000000045e+03 -4.170458294812998901e+00
1.942854499999999916e+03 -4.163776745621453834e+00
1.944276800000000094e+03 -4.164176038325191342e+00
1.964798000000000002e+03 -4.164533232852166478e+00
1.990352000000000089e+03 -4.161628306702824354e+00
1.999513099999999895e+03 -4.163965033603997945e+00
2.005268900000000031e+03 -4.161440657342546423e+00
2.048181700000000092e+03 -4.160505262270399740e+00
2.053339399999999841e+03 -4.157341581758601023e+00
2.058829400000000078e+03 -4.163270676942381954e+00
2.100984699999999975e+03 -4.158432552978105434e+00
2.104773499999999785e+03 -4.154339114422431756e+00
2.108232599999999820e+03 -4.160269031309305809e+00
2.143042300000000068e+03 -4.153951677216113580e+00
2.144494000000000142e+03 -4.154355161082969872e+00
2.162898499999999785e+03 -4.154979414786426517e+00
2.205698100000000068e+03 -4.155002186565282862e+00
2.208835500000000138e+03 -4.155769403707751053e+00
2.210216899999999896e+03 -4.150694760439577635e+00
2.244111499999999978e+03 -4.151258532721889161e+00
2.247709800000000087e+03 -4.147394138409323361e+00
2.255716399999999794e+03 -4.154241838229840944e+00
2.308767800000000079e+03 -4.151273748295357890e+00
2.313642699999999877e+03 -4.152597766413542502e+00
2.316054700000000139e+03 -4.148825275318642980e+00
2.345870100000000093e+03 -4.143039256062168718e+00
2.347043799999999919e+03 -4.143321512550437902e+00
2.365745399999999790e+03 -4.147026439809719633e+00
2.398750599999999849e+03 -4.140712258838722626e+00
2.412755200000000059e+03 -4.144299447700736216e+00
2.427717000000000098e+03 -4.148270362937090283e+00
2.464049899999999980e+03 -4.145761298887095769e+00
2.466286200000000008e+03 -4.146250886353039178e+00
