9.967709999999999582e+01 -4.337804439918066635e+00
1.266052200000000028e+02 -4.337846548418620607e+00
1.505867000000000075e+02 -4.337927624564366980e+00
1.507121600000000115e+02 -4.337960109357557492e+00
1.752855099999999879e+02 -4.337645040379583428e+00
2.011085199999999986e+02 -4.337681427447676263e+00
2.011991999999999905e+02 -4.337704819147618629e+00
2.232682200000000137e+02 -4.337111911710193723e+00
2.504841099999999869e+02 -4.337360767426138075e+00
2.509763299999999902e+02 -4.337488016095746524e+00
2.727334099999999921e+02 -4.336747806075962330e+00
3.020341999999999985e+02 -4.337104701446210520e+00
3.021374500000000012e+02 -4.337131546283034211e+00
3.216924200000000269e+02 -4.336150308740969628e+00
3.485646399999999971e+02 -4.336045256839592632e+00
3.488097999999999956e+02 -4.336108686465890649e+00
3.729675399999999854e+02 -4.335877299613719593e+00
3.995356499999999755e+02 -4.334809189979990762e+00
4.001042800000000170e+02 -4.334956243041252044e+00
4.178911899999999946e+02 -4.333761667883935687e+00
4.504301600000000008e+02 -4.334199133035729012e+00
4.506178800000000138e+02 -4.334247662393046596e+00
4.708049800000000005e+02 -4.333315554419034932e+00
5.038707699999999932e+02 -4.333440709060226048e+00
5.041277499999999918e+02 -4.333507397933471061e+00
5.190722200000000157e+02 -4.331051229722426399e+00
5.499872100000000046e+02 -4.330151603382664582e+00
5.500052799999999706e+02 -4.330156274837420050e+00
5.708636800000000449e+02 -4.329946205070301701e+00
6.016692299999999705e+02 -4.329199591013509263e+00
6.021799700000000257e+02 -4.329331780128049978e+00
6.167076700000000073e+02 -4.327080304967774183e+00
6.519052500000000236e+02 -4.327344957716107388e+00
6.521166399999999612e+02 -4.327399708010482904e+00
6.735143500000000358e+02 -4.326440804967207399e+00
7.043406899999999951e+02 -4.325403666903052446e+00
7.051992599999999811e+02 -4.325625471685103918e+00
7.234396600000000035e+02 -4.322809225739843164e+00
7.482815799999999626e+02 -4.319677926961259296e+00
7.487755499999999529e+02 -4.319805729811520223e+00
7.623581299999999601e+02 -4.315416679896776131e+00
8.035205899999999701e+02 -4.316738434960100790e+00
8.040709399999999505e+02 -4.316880507850394011e+00
8.172289899999999534e+02 -4.312853925046970183e+00
8.544042299999999841e+02 -4.312589948120181482e+00
8.551537299999999959e+02 -4.312783505250352256e+00
8.778857299999999668e+02 -4.309386263680889506e+00
9.041069899999999961e+02 -4.305643762215624726e+00
9.043028699999999844e+02 -4.305694655522430914e+00
9.157345100000000002e+02 -4.299012317031543517e+00
9.520963000000000420e+02 -4.299024867764607905e+00
9.530261600000000044e+02 -4.299265458628814152e+00
9.635408700000000408e+02 -4.290683903688638168e+00
9.997931700000000319e+02 -4.290754043642304616e+00
9.998080999999999676e+02 -4.290757852459138988e+00
1.009291299999999978e+03 -4.282366379052474414e+00
1.041826999999999998e+03 -4.281763460883651007e+00
1.042602900000000091e+03 -4.281963741168608450e+00
1.061309799999999996e+03 -4.276930775404086837e+00
1.099351699999999937e+03 -4.277552866474543691e+00
1.101203800000000001e+03 -4.278031874739626872e+00
1.130105299999999943e+03 -4.276348898025964296e+00
1.146894900000000007e+03 -4.270766129967863201e+00
1.148637400000000071e+03 -4.271216702680107780e+00
1.169894900000000007e+03 -4.265374666747242749e+00
1.210589999999999918e+03 -4.265138952276448236e+00
1.212330600000000004e+03 -4.265589644425737958e+00
1.216026699999999892e+03 -4.259022973824349023e+00
1.236688200000000052e+03 -4.252492868574467622e+00
1.236709900000000061e+03 -4.252499139966772645e+00
1.260988900000000058e+03 -4.254035769262378253e+00
1.313817099999999982e+03 -4.248285929241299108e+00
1.314839699999999993e+03 -4.256946281930245490e+00
1.315456500000000005e+03 -4.257104922843619299e+00
1.357643499999999904e+03 -4.248872032429824586e+00
1.357937899999999900e+03 -4.248948649545095435e+00
1.371197100000000091e+03 -4.244107029382797158e+00
1.404315000000000055e+03 -4.241911236607783131e+00
1.404682999999999993e+03 -4.242006626361325416e+00
1.408315700000000106e+03 -4.235902651695812260e+00
1.452957599999999957e+03 -4.237324247114987230e+00
1.454181399999999940e+03 -4.237640572894215474e+00
1.458056700000000092e+03 -4.231693758472284017e+00
1.498320600000000013e+03 -4.229676256762627595e+00
1.499051300000000083e+03 -4.229865309916351457e+00
1.503056800000000067e+03 -4.225202867182256128e+00
1.546648599999999988e+03 -4.224074189705158133e+00
1.546925099999999929e+03 -4.224145568689183783e+00
1.561729199999999992e+03 -4.222125023294365675e+00
1.596615800000000036e+03 -4.220217026280201011e+00
1.597099999999999909e+03 -4.220342099849326623e+00
1.611329600000000028e+03 -4.216641638471244846e+00
1.637191700000000083e+03 -4.211710317119624847e+00
1.637289299999999912e+03 -4.211736159287615244e+00
1.680292699999999968e+03 -4.216983813638052858e+00
1.706730199999999968e+03 -4.211245972914002600e+00
1.709771099999999933e+03 -4.212032869386371559e+00
1.722152199999999993e+03 -4.209236021845776499e+00
1.752169300000000021e+03 -4.204003977929566815e+00
1.752229000000000042e+03 -4.204019411568133968e+00
1.756916500000000042e+03 -4.200944840576235073e+00
1.769397200000000112e+03 -4.196895958186864561e+00
1.770633499999999913e+03 -4.197214141558990974e+00
1.822769800000000032e+03 -4.200930353249350269e+00
1.847672000000000025e+03 -4.192625751423565639e+00
1.868662199999999984e+03 -4.201043281956802211e+00
1.869118099999999913e+03 -4.201160225246006519e+00
1.891424099999999953e+03 -4.189109398058529443e+00
1.891563400000000001e+03 -4.189145816965101687e+00
1.906127799999999979e+03 -4.187618718555301101e+00
1.943059999999999945e+03 -4.184914341236821933e+00
1.943897600000000011e+03 -4.185130724856382045e+00
1.966434299999999894e+03 -4.185106869781217043e+00
1.988073000000000093e+03 -4.178585394664326991e+00
1.988616700000000037e+03 -4.178725392199384103e+00
2.021553000000000111e+03 -4.181895638164522921e+00
2.068077400000000125e+03 -4.180970699673473234e+00
2.068588299999999890e+03 -4.178704700963331575e+00
2.069719200000000001e+03 -4.181394323493573317e+00
2.099458000000000084e+03 -4.175140608267881248e+00
2.101271299999999883e+03 -4.175609636845901029e+00
2.115650000000000091e+03 -4.173034785716029482e+00
2.148006499999999960e+03 -4.166271862782362945e+00
2.153437199999999848e+03 -4.170836095881275796e+00
2.154727699999999913e+03 -4.171169614053028774e+00
2.207983200000000124e+03 -4.169328377183203926e+00
2.208082699999999932e+03 -4.169353641945494182e+00
2.224251400000000103e+03 -4.168083542266900032e+00
2.247706900000000132e+03 -4.156917559269468931e+00
2.264440700000000106e+03 -4.164373133966535967e+00
2.264782600000000002e+03 -4.164462183433701448e+00
2.314004500000000007e+03 -4.156382424501800621e+00
2.317987399999999980e+03 -4.157877430485825698e+00
2.318981200000000172e+03 -4.158133635175705223e+00
2.349200499999999920e+03 -4.155431067323177352e+00
2.349604400000000169e+03 -4.155535330858205256e+00
2.361470499999999902e+03 -4.153098730461686650e+00
2.418324000000000069e+03 -4.154459427178239572e+00
2.418396299999999883e+03 -4.154479034104969770e+00
2.422261199999999917e+03 -4.151347564863892892e+00
2.465943900000000212e+03 -4.149239995232438361e+00
2.466958599999999933e+03 -4.149501552103009416e+00
