1.236347600000000000e+02 -3.329485199764196768e+00
1.340720900000000029e+02 -3.329302325674568852e+00
1.735827500000000043e+02 -3.328686676929369703e+00
1.737251500000000135e+02 -3.328865969301395111e+00
1.824567800000000091e+02 -3.328060426017925622e+00
2.214612300000000005e+02 -3.326988245310772196e+00
2.227793499999999938e+02 -3.327196398205016337e+00
2.313563599999999951e+02 -3.326398511313295003e+00
2.698396700000000124e+02 -3.324907054350047186e+00
2.702189799999999877e+02 -3.324889552779554780e+00
2.759602199999999925e+02 -3.323322434247181878e+00
3.192856800000000135e+02 -3.322596203208499244e+00
3.193720900000000142e+02 -3.322508883863764861e+00
3.281167300000000182e+02 -3.321637906855311240e+00
3.685621600000000058e+02 -3.319686314521197890e+00
3.691776699999999778e+02 -3.319955857441548641e+00
3.780288899999999899e+02 -3.318909451600200899e+00
4.186224900000000275e+02 -3.316616304604724785e+00
4.199645100000000184e+02 -3.317071171439266219e+00
4.269010000000000105e+02 -3.315442246874125587e+00
4.679758899999999926e+02 -3.312952232471754410e+00
4.704528500000000122e+02 -3.313698112277731145e+00
4.765024999999999977e+02 -3.311789850676924996e+00
5.147826199999999517e+02 -3.308741488908445660e+00
5.183611200000000281e+02 -3.309758348789938243e+00
5.228825299999999743e+02 -3.307680123759835666e+00
5.643916400000000522e+02 -3.305118718441860448e+00
5.716509200000000419e+02 -3.307092577972451153e+00
5.746859200000000101e+02 -3.304302180807725531e+00
6.157293300000000045e+02 -3.301878168235256261e+00
6.171315899999999601e+02 -3.302335632530569054e+00
6.204659299999999575e+02 -3.299794206304656363e+00
6.612123599999999897e+02 -3.297058684111432658e+00
6.628099300000000085e+02 -3.297406808869720152e+00
6.718206099999999878e+02 -3.296468184724195005e+00
7.091936200000000099e+02 -3.292841789584713741e+00
7.148114699999999857e+02 -3.294356043194671457e+00
7.242496200000000499e+02 -3.293284136574186949e+00
7.658269400000000360e+02 -3.291526289995886145e+00
7.677699599999999691e+02 -3.292120040424171279e+00
7.709205100000000357e+02 -3.289414827671323760e+00
8.112225300000000061e+02 -3.287614284343285842e+00
8.113412700000000086e+02 -3.287714134264122734e+00
8.259761799999999994e+02 -3.288350796354453376e+00
8.569059799999999996e+02 -3.282759954933093471e+00
8.587035700000000134e+02 -3.283271533195299074e+00
8.655915899999999965e+02 -3.282584790158771249e+00
9.087517699999999650e+02 -3.280915362803793922e+00
9.116621699999999464e+02 -3.281614125928954184e+00
9.164833399999999983e+02 -3.279677510438415489e+00
9.568217100000000528e+02 -3.276715440230095311e+00
9.625325699999999642e+02 -3.278240406800399853e+00
9.684641900000000305e+02 -3.276793439544357422e+00
1.006841199999999958e+03 -3.273956162814437132e+00
1.010764800000000037e+03 -3.274911108260510684e+00
1.020623600000000010e+03 -3.273989521416502235e+00
1.046886899999999969e+03 -3.269238500788501423e+00
1.048372599999999920e+03 -3.269602280540282457e+00
1.060320400000000063e+03 -3.270424690493686448e+00
1.114203600000000051e+03 -3.270221199805017243e+00
1.114588700000000017e+03 -3.270393776379676876e+00
1.116792300000000068e+03 -3.268122162432667732e+00
1.157999700000000075e+03 -3.267178515230082070e+00
1.158366800000000012e+03 -3.264268074921039098e+00
1.159317000000000007e+03 -3.267472045391002666e+00
1.198547100000000000e+03 -3.262892201329648412e+00
1.200245499999999993e+03 -3.263349030549810958e+00
1.203435199999999895e+03 -3.261214238057588588e+00
1.249974600000000009e+03 -3.260844520739894392e+00
1.261745200000000068e+03 -3.263906791635075244e+00
1.263620200000000068e+03 -3.261075823405219065e+00
1.305637899999999945e+03 -3.260267769275289051e+00
1.309148300000000063e+03 -3.261219904064962094e+00
1.324907400000000052e+03 -3.261763159492214292e+00
1.351168300000000045e+03 -3.256611813551787638e+00
1.359143199999999979e+03 -3.258716889225445001e+00
1.370750800000000027e+03 -3.258308260943950430e+00
1.394353499999999940e+03 -3.254554390697112609e+00
1.402928200000000061e+03 -3.256765727507771935e+00
1.409529299999999921e+03 -3.255500077596189534e+00
1.441413700000000063e+03 -3.250829284087614734e+00
1.444859899999999925e+03 -3.251688493790031664e+00
1.458159799999999905e+03 -3.252056052013309717e+00
1.494972299999999905e+03 -3.250003866438153644e+00
1.501067600000000084e+03 -3.251591275597470077e+00
1.515948599999999942e+03 -3.252080127990003788e+00
1.551065399999999954e+03 -3.250377378061862998e+00
1.555125099999999975e+03 -3.251451265445935768e+00
1.555422399999999925e+03 -3.248601347514209703e+00
1.591449299999999994e+03 -3.247249284656206214e+00
1.598799999999999955e+03 -3.249161748563342389e+00
1.606752700000000004e+03 -3.247585733985718814e+00
1.649411499999999933e+03 -3.246462753423753345e+00
1.653718000000000075e+03 -3.247566808267957406e+00
1.666925500000000056e+03 -3.247065628854737707e+00
1.690141699999999901e+03 -3.242511657475609432e+00
1.697903299999999945e+03 -3.244536911430736303e+00
1.722773100000000113e+03 -3.247301432033338209e+00
1.746202399999999898e+03 -3.241101553892859144e+00
1.757841499999999996e+03 -3.244133187856805822e+00
1.775344100000000026e+03 -3.244486067514380068e+00
1.778189399999999978e+03 -3.237494634414999517e+00
1.782198000000000093e+03 -3.238629604124578343e+00
1.802244599999999991e+03 -3.240728597266389954e+00
1.840176799999999957e+03 -3.238126216347853692e+00
1.851028900000000021e+03 -3.240928443586323926e+00
1.852677200000000084e+03 -3.238671679802929582e+00
1.892678300000000036e+03 -3.238499275902221974e+00
1.900973199999999906e+03 -3.240608663536012735e+00
1.912090999999999894e+03 -3.239533976013388994e+00
1.940524899999999889e+03 -3.236141829210753329e+00
1.946337299999999914e+03 -3.237683632092495323e+00
1.964343900000000076e+03 -3.238064831430450319e+00
1.984505400000000009e+03 -3.233336669157068854e+00
1.986708900000000085e+03 -3.233838029561609595e+00
2.013399200000000064e+03 -3.237041891133815685e+00
2.043997399999999971e+03 -3.233339169411914238e+00
2.050970899999999801e+03 -3.235151626224478161e+00
2.063921600000000126e+03 -3.234339401866264119e+00
2.081753200000000106e+03 -3.230223548699687974e+00
2.088484599999999773e+03 -3.232056513710388046e+00
2.119177499999999782e+03 -3.236733911926860774e+00
2.139145500000000084e+03 -3.229968498288010359e+00
2.157889599999999973e+03 -3.232140752965019459e+00
2.160438599999999951e+03 -3.235479447467283887e+00
2.179551199999999881e+03 -3.228373620506456820e+00
2.187058100000000195e+03 -3.230406762394149922e+00
2.223793999999999869e+03 -3.235412781521463277e+00
2.243113299999999981e+03 -3.229535690849722140e+00
2.245004199999999855e+03 -3.230039181142597027e+00
2.254048999999999978e+03 -3.228119910975422613e+00
2.291981699999999819e+03 -3.229506820725348781e+00
2.296017600000000130e+03 -3.230567380493331697e+00
2.319929900000000089e+03 -3.233170110192287172e+00
2.339722699999999804e+03 -3.225097649336578165e+00
2.347166600000000017e+03 -3.225514972615740383e+00
2.352301500000000033e+03 -3.228351097015495608e+00
2.383494000000000142e+03 -3.226195764947647593e+00
2.386540800000000218e+03 -3.226902210298308482e+00
2.409706299999999828e+03 -3.229477509325964668e+00
2.447281599999999798e+03 -3.225335936130433012e+00
2.460781599999999798e+03 -3.228830941671727572e+00
