1.004515899999999959e+02 -3.302572898331921358e+00
1.270952199999999976e+02 -3.301854303980055860e+00
1.491947600000000023e+02 -3.301530023390934154e+00
1.760186400000000049e+02 -3.300998572744218151e+00
1.995229300000000023e+02 -3.300698754734491480e+00
2.251833900000000028e+02 -3.299454772149364778e+00
2.530923899999999946e+02 -3.299481680943421757e+00
2.752914000000000101e+02 -3.297574983841758289e+00
2.991950600000000122e+02 -3.296208606328048241e+00
3.223438100000000190e+02 -3.293762274109167443e+00
3.538586300000000051e+02 -3.293996852749933257e+00
3.746419999999999959e+02 -3.290266979150793691e+00
3.981446599999999876e+02 -3.288685648770509395e+00
4.229021900000000187e+02 -3.284210886845064792e+00
4.510656200000000240e+02 -3.283666943544282901e+00
4.725004799999999818e+02 -3.277358546205021650e+00
5.043496499999999969e+02 -3.276709125398285849e+00
5.178110799999999472e+02 -3.269638847390297087e+00
5.560802300000000287e+02 -3.270131512878444724e+00
5.748272899999999481e+02 -3.266317712094555237e+00
6.057160199999999577e+02 -3.264601710211479713e+00
6.228345199999999977e+02 -3.260054508736753398e+00
6.504135999999999740e+02 -3.258149291714690143e+00
6.725326099999999769e+02 -3.254589102110475807e+00
6.993529499999999643e+02 -3.253201861481381574e+00
7.164769099999999753e+02 -3.248907801629164815e+00
7.416109199999999646e+02 -3.246351555962146307e+00
7.666062500000000455e+02 -3.243903362682501346e+00
8.081228800000000092e+02 -3.244676742875316044e+00
8.201387700000000223e+02 -3.240991261860884265e+00
8.522854800000000068e+02 -3.240002314904632197e+00
8.596432099999999537e+02 -3.234700333230949632e+00
9.008855099999999538e+02 -3.236296086960608775e+00
9.136916800000000194e+02 -3.232446854917789381e+00
9.474094499999999925e+02 -3.233438147401001661e+00
9.629244999999999663e+02 -3.228806515807336908e+00
1.005190000000000055e+03 -3.228694774081221297e+00
1.020771399999999971e+03 -3.228156826934240442e+00
1.056421000000000049e+03 -3.228330926936716860e+00
1.068839500000000044e+03 -3.224496882581732393e+00
1.099078700000000026e+03 -3.225585180830452092e+00
1.117461600000000089e+03 -3.221857422659379466e+00
1.152646600000000035e+03 -3.221767917467029729e+00
1.162667099999999891e+03 -3.217764329099348952e+00
1.201431900000000041e+03 -3.217633145449555254e+00
1.217405099999999948e+03 -3.217767980398443584e+00
1.244091300000000047e+03 -3.215602727896950341e+00
1.268072400000000016e+03 -3.215949989135072684e+00
1.314291799999999967e+03 -3.215968998733695905e+00
1.324228100000000040e+03 -3.215213946266697764e+00
1.362795200000000023e+03 -3.214009772506286833e+00
1.369050500000000056e+03 -3.213160629117275846e+00
1.401862200000000030e+03 -3.211095172762897132e+00
1.417016599999999926e+03 -3.210686304335718333e+00
1.449063200000000052e+03 -3.206845097956871449e+00
1.473602000000000089e+03 -3.208275676802589071e+00
1.489782799999999952e+03 -3.205887292636020014e+00
1.504615099999999984e+03 -3.204111265265712216e+00
1.560250600000000077e+03 -3.204424436656572173e+00
1.567575599999999895e+03 -3.209350101910412256e+00
1.597164899999999989e+03 -3.203205254750508768e+00
1.619153999999999996e+03 -3.206789732402363757e+00
1.647417200000000093e+03 -3.200595009273854874e+00
1.671999299999999948e+03 -3.205118911077021515e+00
1.714584700000000112e+03 -3.202740490671748930e+00
1.720298399999999901e+03 -3.205884754434727313e+00
1.743884999999999991e+03 -3.202427403881795698e+00
1.756618500000000040e+03 -3.200650470074046794e+00
1.796440599999999904e+03 -3.198816739206513660e+00
1.819033200000000079e+03 -3.202232330305721852e+00
1.850666199999999890e+03 -3.197430546520357186e+00
1.856215699999999970e+03 -3.197922906805831023e+00
1.884038299999999936e+03 -3.194569755075109541e+00
1.922269700000000057e+03 -3.202431910368098933e+00
1.954085399999999936e+03 -3.198419470932167830e+00
1.962294599999999946e+03 -3.197352724171003580e+00
2.010149400000000014e+03 -3.199221293129476784e+00
2.014239199999999983e+03 -3.198751516817278429e+00
2.047541300000000092e+03 -3.194708879741681606e+00
2.077197700000000168e+03 -3.200018383134962896e+00
2.103103399999999965e+03 -3.197177968911868007e+00
2.120326700000000073e+03 -3.198740498223055173e+00
2.137639700000000175e+03 -3.192469204761124502e+00
2.160639599999999973e+03 -3.199348069850938892e+00
2.199229800000000068e+03 -3.193748687359005078e+00
2.210609199999999873e+03 -3.200421610325829391e+00
2.231260699999999815e+03 -3.194215960381641572e+00
2.262057600000000093e+03 -3.191383912488719332e+00
2.284012299999999868e+03 -3.195569358647400549e+00
2.320041299999999865e+03 -3.198622021461584364e+00
2.344762900000000172e+03 -3.195789812967509746e+00
2.368184799999999996e+03 -3.199502076328858635e+00
2.392015499999999975e+03 -3.192291526801611212e+00
2.421901199999999790e+03 -3.197819529245605086e+00
2.439862999999999829e+03 -3.194993288963690503e+00
