9.933549899999999866e+01 -3.576132117453217685e+00
9.979996099999999615e+01 -3.576495880336839406e+00
1.263690600000000046e+02 -3.576189322939448356e+00
1.500579500000000053e+02 -3.576158426565088977e+00
1.501125999999999863e+02 -3.576207767379113722e+00
1.740715899999999863e+02 -3.575943521982837048e+00
1.989872300000000109e+02 -3.576144582737090794e+00
2.009316100000000063e+02 -3.576585316138570558e+00
2.246812500000000057e+02 -3.576236825438954714e+00
2.485248899999999992e+02 -3.575884038012575594e+00
2.485263199999999983e+02 -3.575753479546238456e+00
2.735004999999999882e+02 -3.575936242344179394e+00
2.979669099999999844e+02 -3.575445094517645472e+00
3.010501100000000179e+02 -3.575532820540520795e+00
3.225105199999999854e+02 -3.575524179209278230e+00
3.512280499999999961e+02 -3.575079516799232415e+00
3.521989899999999807e+02 -3.575772311215137833e+00
3.712993099999999913e+02 -3.574916210097974112e+00
4.007424100000000067e+02 -3.574525242474942743e+00
4.030472100000000069e+02 -3.575391840406880295e+00
4.232794700000000034e+02 -3.574660293819276191e+00
4.471708499999999731e+02 -3.573718179092034042e+00
4.500754099999999767e+02 -3.573435328654697152e+00
4.697819000000000074e+02 -3.573193547007519122e+00
5.007016699999999787e+02 -3.573108305181849076e+00
5.018713000000000193e+02 -3.572734716088838081e+00
5.187807800000000498e+02 -3.572165638359365847e+00
5.484639899999999670e+02 -3.571442636481706678e+00
5.523056599999999889e+02 -3.571912122946694801e+00
5.676695499999999583e+02 -3.570682437297954426e+00
5.976983400000000302e+02 -3.569764376195947886e+00
5.982345100000000002e+02 -3.569789359703812615e+00
6.212883900000000494e+02 -3.563344962112318548e+00
6.442777899999999818e+02 -3.558717143681414896e+00
6.472468400000000202e+02 -3.561511009972168296e+00
6.654697400000000016e+02 -3.537295114750400149e+00
7.030654200000000174e+02 -3.538185219716361463e+00
7.060054900000000089e+02 -3.529241490293922201e+00
7.200853899999999612e+02 -3.511101351485666378e+00
7.496925400000000081e+02 -3.509965545936466924e+00
7.567313400000000456e+02 -3.510273105145292227e+00
7.640362499999999955e+02 -3.503140859453476530e+00
7.936531099999999697e+02 -3.502618494317816467e+00
8.092765100000000302e+02 -3.505014110075199696e+00
8.185514100000000326e+02 -3.498485334905542476e+00
8.470007299999999759e+02 -3.497683679670215096e+00
8.472054100000000290e+02 -3.497595742721200107e+00
8.661738599999999906e+02 -3.493039765930674889e+00
8.933948599999999942e+02 -3.490980610299882159e+00
9.044032499999999573e+02 -3.492714041533513392e+00
9.251433200000000170e+02 -3.489798844162758762e+00
9.441431599999999662e+02 -3.486474318359398250e+00
9.500551100000000133e+02 -3.488405280468201752e+00
9.647950100000000475e+02 -3.482276697020525003e+00
9.947652299999999741e+02 -3.482282024836921064e+00
1.007626899999999978e+03 -3.482214594343331360e+00
1.017802900000000022e+03 -3.478703984164670970e+00
1.045691800000000057e+03 -3.478144738027506566e+00
1.047192399999999907e+03 -3.477090071740994048e+00
1.070752999999999929e+03 -3.474140654667375649e+00
1.097577399999999898e+03 -3.471830079342525188e+00
1.101820400000000063e+03 -3.471924842129357813e+00
1.118988900000000058e+03 -3.468612172593496634e+00
1.150509700000000066e+03 -3.464098551610348853e+00
1.160016599999999926e+03 -3.469499639076270014e+00
1.170530999999999949e+03 -3.465332974481386330e+00
1.207057700000000068e+03 -3.458304451239664790e+00
1.207672100000000000e+03 -3.464682245774055147e+00
1.210800999999999931e+03 -3.464834198125018361e+00
1.253503200000000106e+03 -3.459818814286191646e+00
1.254070099999999911e+03 -3.458723663543793236e+00
1.287280500000000075e+03 -3.460921924304081632e+00
1.298030099999999948e+03 -3.454123411444429692e+00
1.304596000000000004e+03 -3.455608686057046519e+00
1.322011199999999917e+03 -3.452973064296636974e+00
1.351589799999999968e+03 -3.449729786410304477e+00
1.358007499999999936e+03 -3.449517782363857865e+00
1.363518199999999979e+03 -3.446853155024145021e+00
1.400824399999999969e+03 -3.445228315769788274e+00
1.408785100000000057e+03 -3.446149535237860384e+00
1.419707499999999982e+03 -3.447131955558846439e+00
1.448900300000000016e+03 -3.442443327013624099e+00
1.457498000000000047e+03 -3.439591049432099368e+00
1.466515000000000100e+03 -3.446980387241497024e+00
1.487507299999999987e+03 -3.437200363780729351e+00
1.494620300000000043e+03 -3.438915004617240534e+00
1.511129100000000108e+03 -3.436228247873150288e+00
1.540077500000000100e+03 -3.434437102643279616e+00
1.554653600000000097e+03 -3.436410281104486319e+00
1.564460600000000113e+03 -3.434767232503789458e+00
1.594785100000000057e+03 -3.434199127381675432e+00
1.598509900000000016e+03 -3.432571893399170460e+00
1.601020600000000059e+03 -3.429269402241271081e+00
1.636572300000000041e+03 -3.427493554431039424e+00
1.655839300000000094e+03 -3.430688430650247867e+00
1.672412499999999909e+03 -3.429472373066619895e+00
1.696379200000000083e+03 -3.425255052672397937e+00
1.704530299999999897e+03 -3.427090190036415240e+00
1.719179300000000012e+03 -3.426432611505155990e+00
1.747831300000000056e+03 -3.423202282456040635e+00
1.751855499999999893e+03 -3.427551289147031888e+00
1.769086499999999887e+03 -3.423200126179369196e+00
1.802258900000000040e+03 -3.422379251153806035e+00
1.803693800000000010e+03 -3.423288925165246077e+00
1.815118300000000090e+03 -3.420863544017458402e+00
1.819361699999999928e+03 -3.412218536408061276e+00
1.839411200000000008e+03 -3.417081407692374562e+00
1.863594700000000103e+03 -3.415678174308582005e+00
1.891650100000000066e+03 -3.415300838009418527e+00
1.892112599999999929e+03 -3.415086798745165630e+00
1.906030600000000049e+03 -3.412792399701644275e+00
1.934844499999999925e+03 -3.410323190240532654e+00
1.947308500000000095e+03 -3.414081867222457767e+00
1.962554599999999937e+03 -3.406257767558212635e+00
1.997843000000000075e+03 -3.406130419744155979e+00
1.998876700000000028e+03 -3.413716347072278001e+00
2.005486000000000104e+03 -3.410814510490263185e+00
2.036997299999999996e+03 -3.406046398151737264e+00
2.043484200000000101e+03 -3.404797225673630301e+00
2.060581000000000131e+03 -3.407617048145496597e+00
2.093365299999999934e+03 -3.403923044881333126e+00
2.102809299999999894e+03 -3.403580159252834747e+00
2.112089300000000094e+03 -3.406045527692458386e+00
2.137429099999999835e+03 -3.400744955868248098e+00
2.146483700000000226e+03 -3.402754282701168531e+00
2.160024199999999837e+03 -3.400516678714002428e+00
2.180896600000000035e+03 -3.398134520918465462e+00
2.194638899999999921e+03 -3.396163924433344583e+00
2.199712100000000191e+03 -3.399303302306963648e+00
2.253377300000000105e+03 -3.402646446340009234e+00
2.260501299999999901e+03 -3.396785669140990560e+00
2.275407200000000103e+03 -3.402800040706532858e+00
2.283356699999999819e+03 -3.391191090173973244e+00
2.308956900000000132e+03 -3.401016100724011615e+00
2.316832199999999830e+03 -3.396939871128390465e+00
2.349448899999999867e+03 -3.396658931134480586e+00
2.364932400000000143e+03 -3.394579188016843663e+00
2.371361899999999878e+03 -3.395756607393578541e+00
2.389349700000000212e+03 -3.395509752989159580e+00
2.402441499999999905e+03 -3.388778123437163892e+00
2.428612200000000030e+03 -3.396872184830377339e+00
2.473769299999999930e+03 -3.391222970113752844e+00
