1.007007200000000040e+02 -3.851524693993227721e+00
1.268658499999999947e+02 -3.851244121862462677e+00
1.505240799999999979e+02 -3.851311700651777858e+00
1.746973999999999876e+02 -3.850885532258291555e+00
1.981541300000000092e+02 -3.850702617087693014e+00
2.236125000000000114e+02 -3.850456054370476888e+00
2.523556600000000003e+02 -3.850763997878619449e+00
2.754636699999999792e+02 -3.850512557942932013e+00
3.013281299999999874e+02 -3.849405019912219839e+00
3.216068900000000212e+02 -3.849310214630649707e+00
3.469828600000000165e+02 -3.848926738230351585e+00
3.715922299999999723e+02 -3.848219953254298442e+00
4.039225700000000074e+02 -3.848591474441644511e+00
4.215332700000000159e+02 -3.846929810787316661e+00
4.536925200000000018e+02 -3.846859585011248139e+00
4.701689499999999953e+02 -3.845045489898322622e+00
4.928063599999999838e+02 -3.843519632504451167e+00
5.209107500000000073e+02 -3.843208899626059605e+00
5.479015200000000050e+02 -3.842057760067547623e+00
5.700636500000000524e+02 -3.840535229138369644e+00
6.075730800000000045e+02 -3.839992340649823976e+00
6.166397600000000239e+02 -3.836066107317553708e+00
6.475483000000000402e+02 -3.835939798258756639e+00
6.684908100000000104e+02 -3.830125683877390497e+00
7.038957699999999704e+02 -3.830081695278671372e+00
7.172000000000000455e+02 -3.822686124979456590e+00
7.588514800000000378e+02 -3.823130128845383169e+00
7.679121199999999590e+02 -3.814523929819197523e+00
7.915670199999999568e+02 -3.812238673383459897e+00
8.175484800000000405e+02 -3.804647694007868619e+00
8.455462099999999737e+02 -3.802976087986253972e+00
8.603138400000000274e+02 -3.793827500488814675e+00
9.023405599999999822e+02 -3.796009158627759561e+00
9.244237000000000535e+02 -3.787777218812841795e+00
9.429683099999999740e+02 -3.784379582607021231e+00
9.616951000000000249e+02 -3.777607203541939018e+00
1.002245300000000043e+03 -3.777296272565029867e+00
1.016215000000000032e+03 -3.772405631836138529e+00
1.039154299999999921e+03 -3.770441841000091276e+00
1.064105199999999968e+03 -3.765766102246734803e+00
1.103126999999999953e+03 -3.765159479524362585e+00
1.110736200000000053e+03 -3.759585442922417808e+00
1.155357099999999946e+03 -3.761009038692789908e+00
1.162670200000000023e+03 -3.753928981518597663e+00
1.192052899999999909e+03 -3.751167880669004084e+00
1.213466499999999996e+03 -3.749695377385771522e+00
1.241858099999999922e+03 -3.747497516033647891e+00
1.256843699999999899e+03 -3.741613399431582110e+00
1.302406300000000101e+03 -3.743307107353037289e+00
1.309998499999999922e+03 -3.738845508804966578e+00
1.349898799999999937e+03 -3.739430834007059445e+00
1.365208399999999983e+03 -3.733182380969696013e+00
1.407319700000000012e+03 -3.728387431284725828e+00
1.420523799999999937e+03 -3.735363034210553046e+00
1.458147300000000087e+03 -3.731282924320675765e+00
1.468031700000000001e+03 -3.723534910603638615e+00
1.503635700000000043e+03 -3.722748514587578494e+00
1.513366299999999910e+03 -3.720317548975868860e+00
1.538744099999999889e+03 -3.716358268443311186e+00
1.581042400000000043e+03 -3.718136188747047655e+00
1.610105900000000020e+03 -3.709635688635601003e+00
1.615567800000000034e+03 -3.716901606525754520e+00
1.657773999999999887e+03 -3.702320891173960238e+00
1.663894199999999955e+03 -3.709740556734048678e+00
1.710240700000000061e+03 -3.699320970925908725e+00
1.728564699999999903e+03 -3.709698177261323337e+00
1.748328400000000101e+03 -3.698772681569077569e+00
1.771606600000000071e+03 -3.696390753079304758e+00
1.802024799999999914e+03 -3.698484210983634224e+00
1.810916799999999967e+03 -3.691165373841045039e+00
1.872515900000000101e+03 -3.692742165817068489e+00
1.879155799999999999e+03 -3.688762447149642743e+00
1.889489499999999907e+03 -3.688777899678279404e+00
1.922653499999999894e+03 -3.687834610870947660e+00
1.948024599999999964e+03 -3.683572203994873728e+00
1.955526900000000069e+03 -3.676606446534258499e+00
1.985562500000000000e+03 -3.680490318963212104e+00
2.023080999999999904e+03 -3.677237023367481594e+00
2.049471500000000106e+03 -3.670525806887130926e+00
2.061396999999999935e+03 -3.672145779752119754e+00
2.094257200000000012e+03 -3.672456234298041799e+00
2.125617799999999988e+03 -3.670731393825431788e+00
2.163288300000000163e+03 -3.670481824357029410e+00
2.164419899999999870e+03 -3.662427581443717273e+00
2.200289099999999962e+03 -3.664215494958409813e+00
2.226123500000000149e+03 -3.660856597380396593e+00
2.237563799999999901e+03 -3.661347472636301781e+00
2.249543500000000222e+03 -3.653979981603582949e+00
2.293174599999999828e+03 -3.647738881015696766e+00
2.307192399999999907e+03 -3.658681202267235033e+00
2.344165700000000015e+03 -3.650095428948686660e+00
2.350741700000000037e+03 -3.646281818581445400e+00
2.389317799999999806e+03 -3.643868339096389075e+00
2.415413799999999810e+03 -3.640734051804282778e+00
2.440694399999999860e+03 -3.644002645375528537e+00
