1.009633000000000038e+02 -4.414075682196119566e+00
1.259001300000000043e+02 -4.412392540547593889e+00
1.504229799999999955e+02 -4.412730251852583940e+00
1.504380600000000072e+02 -4.412734099447406244e+00
1.749727100000000064e+02 -4.410750670365279014e+00
1.990003499999999974e+02 -4.410621819419579204e+00
1.990569600000000037e+02 -4.410636454231627646e+00
2.242387999999999977e+02 -4.408555223683804591e+00
2.478711600000000033e+02 -4.408330342122608769e+00
2.479627800000000093e+02 -4.408353976831266507e+00
2.721780899999999974e+02 -4.405099919540580444e+00
2.997793500000000222e+02 -4.405479237629931433e+00
2.998034599999999728e+02 -4.405485470544937776e+00
3.231032599999999775e+02 -4.402391387432644798e+00
3.478020999999999958e+02 -4.401851330848765897e+00
3.478989700000000198e+02 -4.401876271901539184e+00
3.731842599999999948e+02 -4.399073464456701998e+00
4.040368700000000217e+02 -4.399559808123746585e+00
4.041587900000000104e+02 -4.399591123329427589e+00
4.192389499999999884e+02 -4.394949241907916360e+00
4.509740199999999959e+02 -4.396195980401301995e+00
4.510165600000000268e+02 -4.396206876067418889e+00
4.691760600000000068e+02 -4.392105162635384197e+00
5.075151900000000182e+02 -4.393661258243568568e+00
5.076418699999999831e+02 -4.393693549576985546e+00
5.168885199999999713e+02 -4.389912763302129761e+00
5.474348999999999705e+02 -4.389660058471583248e+00
5.475323700000000144e+02 -4.389685358177925600e+00
5.683789199999999937e+02 -4.387742070258251026e+00
6.001179899999999634e+02 -4.388378861760643623e+00
6.001894600000000537e+02 -4.388397338178539719e+00
6.140345800000000054e+02 -4.385139105328007325e+00
6.495293500000000222e+02 -4.386935961106976478e+00
6.495464200000000119e+02 -4.386940374041823354e+00
6.683787399999999934e+02 -4.385226621992874385e+00
6.961653099999999768e+02 -4.385230428942691105e+00
6.962244899999999461e+02 -4.385245524609281631e+00
7.139436500000000478e+02 -4.382389530799777333e+00
7.510790200000000141e+02 -4.383872777724313607e+00
7.510854299999999739e+02 -4.383874383951524401e+00
7.629613200000000006e+02 -4.381656373899069479e+00
7.957858400000000074e+02 -4.381157024361009178e+00
7.958066400000000158e+02 -4.381162605116740494e+00
8.161058900000000449e+02 -4.380901969287507747e+00
8.478128699999999753e+02 -4.381974440053942210e+00
8.479825799999999845e+02 -4.382018415238511544e+00
8.644010600000000295e+02 -4.380881482190162934e+00
8.999809900000000198e+02 -4.381512128407545781e+00
9.001486300000000256e+02 -4.381555466685091105e+00
9.062855399999999690e+02 -4.377256268721854582e+00
9.462273500000000013e+02 -4.378350696752375981e+00
9.463661399999999730e+02 -4.378386373188921432e+00
9.658807799999999588e+02 -4.377728874000561099e+00
1.012880599999999959e+03 -4.377943887655680655e+00
1.016877399999999966e+03 -4.381972305914396237e+00
1.016929499999999962e+03 -4.381984858864345078e+00
1.042222700000000032e+03 -4.378382803822674418e+00
1.042394299999999930e+03 -4.378427522036901998e+00
1.060666400000000067e+03 -4.376821995088896244e+00
1.107088500000000067e+03 -4.379777082634808139e+00
1.107405299999999897e+03 -4.379859337939821629e+00
1.111834399999999960e+03 -4.376563121112779342e+00
1.152273400000000038e+03 -4.376454411580121828e+00
1.152629799999999932e+03 -4.376546395419470770e+00
1.168254300000000057e+03 -4.377718603303690337e+00
1.208320500000000038e+03 -4.380737667762676146e+00
1.208573599999999942e+03 -4.380802641182989454e+00
1.211141000000000076e+03 -4.377601516835865958e+00
1.244845800000000054e+03 -4.376802462625649426e+00
1.245152700000000095e+03 -4.376881547958690888e+00
1.263169399999999996e+03 -4.376936842166167629e+00
1.309663000000000011e+03 -4.375853778428621332e+00
1.318875999999999976e+03 -4.380789867963915896e+00
1.319084000000000060e+03 -4.380844657813110388e+00
1.354769900000000007e+03 -4.377926065963714919e+00
1.354970499999999902e+03 -4.377978179484490973e+00
1.373481800000000021e+03 -4.379619866033015896e+00
1.411859799999999950e+03 -4.376248497588710151e+00
1.425231700000000046e+03 -4.382446952982460786e+00
1.425300600000000031e+03 -4.382463441983633246e+00
1.455406300000000101e+03 -4.378626326135105273e+00
1.455454199999999901e+03 -4.378638454811715874e+00
1.470489499999999907e+03 -4.379659156932050657e+00
1.497662100000000009e+03 -4.375777291502286559e+00
1.498014200000000073e+03 -4.375868418133057602e+00
1.522060500000000047e+03 -4.380123385673235781e+00
1.555048299999999927e+03 -4.379662685287492252e+00
1.555416300000000092e+03 -4.379757515301567317e+00
1.561470299999999952e+03 -4.378556515042337338e+00
1.606421900000000051e+03 -4.379331479593307819e+00
1.606780600000000049e+03 -4.379423854486824474e+00
1.610651800000000094e+03 -4.379703692325407793e+00
1.638527599999999893e+03 -4.376085950682666592e+00
1.638790500000000065e+03 -4.376154475306210045e+00
1.665878300000000081e+03 -4.380500636502755896e+00
1.707653700000000072e+03 -4.378170956636163957e+00
1.707734200000000101e+03 -4.380122766878213447e+00
1.707871699999999919e+03 -4.380157906282452274e+00
1.758565399999999954e+03 -4.379564275055608746e+00
1.768063900000000103e+03 -4.381616305141146306e+00
1.768555499999999938e+03 -4.381742426705695692e+00
1.792613900000000058e+03 -4.377224621665085635e+00
1.803982700000000023e+03 -4.381089288342857380e+00
1.804326999999999998e+03 -4.381178042320494903e+00
1.841031099999999924e+03 -4.380389253907740255e+00
1.841133299999999963e+03 -4.380415216673784862e+00
1.848443500000000085e+03 -4.379417760086992573e+00
1.892504500000000007e+03 -4.381607815526731287e+00
1.893136899999999969e+03 -4.381771659715025358e+00
1.918358500000000049e+03 -4.383604992469975592e+00
1.945338299999999890e+03 -4.382480326941955440e+00
1.945402599999999893e+03 -4.382496746230479800e+00
1.961818199999999933e+03 -4.384116803226515202e+00
2.006469800000000077e+03 -4.381563499409100615e+00
2.006588199999999915e+03 -4.381593751968483552e+00
2.008084599999999909e+03 -4.382224087828335612e+00
2.046212099999999964e+03 -4.382116374557572414e+00
2.046223700000000008e+03 -4.382119220732298537e+00
2.053246599999999944e+03 -4.382426994734086811e+00
2.097798299999999927e+03 -4.387613181284988784e+00
2.098317199999999957e+03 -4.387747429036581437e+00
2.105725100000000111e+03 -4.383914350545080829e+00
2.145972499999999854e+03 -4.383651793515423556e+00
2.146592200000000048e+03 -4.383812201844654588e+00
2.153526899999999841e+03 -4.385645566411637830e+00
2.192528800000000047e+03 -4.383495889515558019e+00
2.193198300000000017e+03 -4.383669324792475841e+00
2.220249400000000151e+03 -4.387553423506814987e+00
2.228130900000000111e+03 -4.385639289305361288e+00
2.228647399999999834e+03 -4.385771746244831348e+00
2.260116899999999987e+03 -4.387687311796091727e+00
2.278400900000000092e+03 -4.385050666242127804e+00
2.278786799999999857e+03 -4.385149360481483960e+00
2.309201199999999972e+03 -4.387812261412153525e+00
2.347218299999999999e+03 -4.385500452892511447e+00
2.347620399999999790e+03 -4.385604251091701933e+00
2.350365099999999984e+03 -4.386326532037450932e+00
2.417784400000000005e+03 -4.391937271581730862e+00
2.418024800000000141e+03 -4.392000386590569683e+00
2.422001200000000154e+03 -4.390878711177477633e+00
2.451210199999999986e+03 -4.392538205114378869e+00
2.451396200000000135e+03 -4.392586188046640139e+00
