9.835689600000000610e+01 -3.297672330804460206e+00
1.274013400000000047e+02 -3.297319407899605981e+00
1.503397699999999872e+02 -3.297216322336460337e+00
1.748855599999999981e+02 -3.295866904857550406e+00
1.985484299999999962e+02 -3.295607675851744300e+00
2.247400100000000123e+02 -3.294403247495634179e+00
2.492451499999999953e+02 -3.294085454298645299e+00
2.745660700000000247e+02 -3.292449399135345622e+00
3.002308899999999880e+02 -3.291591746220938308e+00
3.232715099999999779e+02 -3.289144582165730135e+00
3.519327299999999923e+02 -3.288715588430811021e+00
3.728797099999999887e+02 -3.286016765599242717e+00
3.979697199999999953e+02 -3.284559362845766550e+00
4.236740399999999909e+02 -3.282363407321621906e+00
4.457643600000000106e+02 -3.280408359299435528e+00
4.718958900000000085e+02 -3.278138386468627097e+00
5.069827900000000227e+02 -3.278551965415195557e+00
5.165111299999999801e+02 -3.272967144296184294e+00
5.471366199999999935e+02 -3.272981939622086056e+00
5.661609300000000076e+02 -3.269110717207778904e+00
5.971020899999999756e+02 -3.269378908644232418e+00
6.206739300000000412e+02 -3.266005723204531641e+00
6.551798599999999624e+02 -3.265352154822266595e+00
6.726982699999999795e+02 -3.263433831632787108e+00
7.018737599999999475e+02 -3.261419692081073407e+00
7.139668699999999717e+02 -3.258192704403486850e+00
7.490061899999999468e+02 -3.259305462720393010e+00
7.724921600000000126e+02 -3.256443611658703219e+00
8.027580199999999877e+02 -3.255954739357376226e+00
8.192138800000000174e+02 -3.253364310817217664e+00
8.477125800000000027e+02 -3.251492274541485372e+00
8.653886899999999969e+02 -3.248685603312304604e+00
9.047377999999999929e+02 -3.249760177242059456e+00
9.181856500000000096e+02 -3.247478012795868008e+00
9.415113000000000056e+02 -3.244914884761915808e+00
9.746921999999999571e+02 -3.245769675504856178e+00
1.011531899999999951e+03 -3.245107841435116658e+00
1.020114799999999946e+03 -3.242113532996063974e+00
1.057659499999999980e+03 -3.241445933886756947e+00
1.071881200000000035e+03 -3.240109703354254300e+00
1.103695200000000114e+03 -3.237693862903845421e+00
1.115838400000000092e+03 -3.235686673664157187e+00
1.150032799999999952e+03 -3.235582173703890341e+00
1.165067099999999982e+03 -3.234978355142703599e+00
1.198602200000000039e+03 -3.235542716894077575e+00
1.222006699999999910e+03 -3.235071619806690446e+00
1.254828899999999976e+03 -3.232147184445042676e+00
1.262221900000000005e+03 -3.230358900455096993e+00
1.294510399999999890e+03 -3.228426098147264334e+00
1.317039899999999989e+03 -3.229787874095944478e+00
1.341221999999999980e+03 -3.224930635389204880e+00
1.356454600000000028e+03 -3.224282467647975547e+00
1.384697400000000016e+03 -3.225319647590994876e+00
1.406952999999999975e+03 -3.222921270340629363e+00
1.464922900000000027e+03 -3.225408763092302067e+00
1.466539500000000089e+03 -3.223553482632025347e+00
1.492371399999999994e+03 -3.223271488113084171e+00
1.516376099999999951e+03 -3.222161131715583160e+00
1.566038399999999911e+03 -3.224760256500557531e+00
1.569023599999999988e+03 -3.220615391313445652e+00
1.601475799999999936e+03 -3.220767906882841647e+00
1.611842200000000048e+03 -3.216849415292168946e+00
1.646912399999999934e+03 -3.218818060225134836e+00
1.665262600000000020e+03 -3.216863702717235540e+00
1.687195799999999963e+03 -3.217861064746315947e+00
1.715004799999999932e+03 -3.216772308807766656e+00
1.740498700000000099e+03 -3.213541342864081773e+00
1.765467499999999973e+03 -3.213672236502095547e+00
1.805945200000000114e+03 -3.210678152084786241e+00
1.807017700000000104e+03 -3.213234419368646400e+00
1.834480199999999968e+03 -3.209521535090910316e+00
1.854538399999999911e+03 -3.209457589754486584e+00
1.898736300000000028e+03 -3.210195961462908087e+00
1.909084499999999935e+03 -3.205363391718093702e+00
1.927821899999999914e+03 -3.206488626300314948e+00
1.967294799999999896e+03 -3.208093217878768222e+00
1.994144399999999905e+03 -3.208205959616707847e+00
2.013528800000000047e+03 -3.207067864273924762e+00
2.067095400000000154e+03 -3.208201363959391816e+00
2.070152700000000095e+03 -3.214352005552121749e+00
2.098475199999999859e+03 -3.206221106446196956e+00
2.109632200000000012e+03 -3.205522622515241338e+00
2.159430100000000039e+03 -3.207310222099163166e+00
2.168143700000000081e+03 -3.205064642167438027e+00
2.205154500000000098e+03 -3.201567333954066896e+00
2.212765100000000075e+03 -3.208958395693591648e+00
2.246109199999999873e+03 -3.205140793128303134e+00
2.266748500000000149e+03 -3.204096756186065598e+00
2.305616100000000188e+03 -3.206073412376404530e+00
2.308924599999999828e+03 -3.201698977886944686e+00
2.351598300000000108e+03 -3.201050030423668868e+00
2.358740400000000136e+03 -3.197871268075141771e+00
2.403512600000000020e+03 -3.204769455212854279e+00
2.411046899999999823e+03 -3.198641148081164953e+00
2.447995399999999790e+03 -3.200826797785992106e+00
