1.036118400000000008e+02 1.701945399959291549e+01
1.273547200000000004e+02 1.705395481375941458e+01
1.511902000000000044e+02 1.710106146957052786e+01
1.771191100000000063e+02 1.713972267453694442e+01
2.009082500000000095e+02 1.718651333197638920e+01
2.260058099999999968e+02 1.724266792184001673e+01
2.510302100000000110e+02 1.728138357419092230e+01
2.760283800000000269e+02 1.732461937716263023e+01
2.987229899999999816e+02 1.739295186240586233e+01
3.269445699999999988e+02 1.744928098921229420e+01
3.513441199999999753e+02 1.749117494402605288e+01
3.756796100000000251e+02 1.755570272745776350e+01
3.999056400000000053e+02 1.762174384286586815e+01
4.260274699999999939e+02 1.769556431915326655e+01
4.490301200000000108e+02 1.775914003663749341e+01
4.712502200000000130e+02 1.783285823325870112e+01
4.992654099999999744e+02 1.791570832485243159e+01
5.225869500000000016e+02 1.798990535314471728e+01
5.442882399999999734e+02 1.804130571951964157e+01
5.753714400000000069e+02 1.815063199674333205e+01
5.978798500000000331e+02 1.819162070018318644e+01
6.258087799999999561e+02 1.831005292082230795e+01
6.492682899999999790e+02 1.833676826786077640e+01
6.720273600000000442e+02 1.844800885406065660e+01
6.984320300000000543e+02 1.849943364543048929e+01
7.163656999999999471e+02 1.860733869326277201e+01
7.522346800000000258e+02 1.865975931202931193e+01
7.648991600000000517e+02 1.874867545288011428e+01
7.970352299999999559e+02 1.881825259515570892e+01
8.204670599999999467e+02 1.889262263382861917e+01
8.541108400000000529e+02 1.894800427437411017e+01
8.703116099999999733e+02 1.902898839812741727e+01
9.050433399999999438e+02 1.911442143293303531e+01
9.166467900000000100e+02 1.917280633014451396e+01
9.462128000000000156e+02 1.924503154895176138e+01
9.668801600000000462e+02 1.929411052310197405e+01
9.946396700000000237e+02 1.938936393242418177e+01
1.010323099999999954e+03 1.946637695908813370e+01
1.048776200000000017e+03 1.951906116425809046e+01
1.070800899999999956e+03 1.954772593120292967e+01
1.106885800000000017e+03 1.963712497455729888e+01
1.116440000000000055e+03 1.970107520863016504e+01
1.144687899999999900e+03 1.977925249338489522e+01
1.163148100000000113e+03 1.984197384490128258e+01
1.187762699999999995e+03 1.992231528597598356e+01
1.206239900000000034e+03 1.998878231223284985e+01
1.252889200000000073e+03 2.003773967026256742e+01
1.267296100000000024e+03 2.004669702829228584e+01
1.296143299999999954e+03 2.010585487482190103e+01
1.316268000000000029e+03 2.016104976592713172e+01
1.334395899999999983e+03 2.025442092407897476e+01
1.369719000000000051e+03 2.030198147771218942e+01
1.392068800000000010e+03 2.040402401791166298e+01
1.421372900000000072e+03 2.046138764502340734e+01
1.441564200000000028e+03 2.049742977813962952e+01
1.466104599999999891e+03 2.058972318339100127e+01
1.480121300000000019e+03 2.063456187665377328e+01
1.514908100000000104e+03 2.069350905760228088e+01
1.544114100000000008e+03 2.075722114797476081e+01
1.562463999999999942e+03 2.083434764909423720e+01
1.586447899999999890e+03 2.084767453694280448e+01
1.609752500000000055e+03 2.094007073071443159e+01
1.660156799999999976e+03 2.101049002646041330e+01
1.664065000000000055e+03 2.102493232240993137e+01
1.698248499999999922e+03 2.110087217585996555e+01
1.701984999999999900e+03 2.114016283329941004e+01
1.746954700000000003e+03 2.124288469366985410e+01
1.761163600000000088e+03 2.124932118868308351e+01
1.794802300000000059e+03 2.131394056584571572e+01
1.815118099999999913e+03 2.136710207612456713e+01
1.840088099999999940e+03 2.143023101974353750e+01
1.862986799999999903e+03 2.151187054752697136e+01
1.872459000000000060e+03 2.155178200692041557e+01
1.912894399999999905e+03 2.162185477305109060e+01
1.939212299999999914e+03 2.164161306737227619e+01
1.967845700000000079e+03 2.169941634439242861e+01
2.002543300000000045e+03 2.176913800122124698e+01
2.027271899999999960e+03 2.180835894565438693e+01
2.037414800000000014e+03 2.184480612660289012e+01
2.062466399999999794e+03 2.191473437818033787e+01
2.103701500000000124e+03 2.203791878689191819e+01
2.111058100000000195e+03 2.198814878892733304e+01
2.133833000000000084e+03 2.211827803785874380e+01
2.170427400000000034e+03 2.218017199267250206e+01
2.206470200000000204e+03 2.219251577447587920e+01
2.219974299999999857e+03 2.223889934866680207e+01
2.253192399999999907e+03 2.232053531447180816e+01
2.259620800000000145e+03 2.239639069814777272e+01
2.299227300000000014e+03 2.240606350498677202e+01
2.308905299999999897e+03 2.247180846733157011e+01
2.355184900000000198e+03 2.254185324648890543e+01
2.363333299999999781e+03 2.255073427640952843e+01
2.388497400000000198e+03 2.267641766741298781e+01
2.422204499999999825e+03 2.262367596173417539e+01
2.453344099999999798e+03 2.278745064115611640e+01
