1.027331499999999949e+02 -4.907404534465122481e+00
1.267121099999999956e+02 -4.907097466773509886e+00
1.519120399999999904e+02 -4.907454660052144035e+00
1.759522000000000048e+02 -4.907116650090786791e+00
1.997035199999999975e+02 -4.906985518190674966e+00
2.241558400000000120e+02 -4.906588478683674204e+00
2.496332199999999943e+02 -4.906535767942649784e+00
2.734820000000000277e+02 -4.906035265954237445e+00
2.978611000000000217e+02 -4.905725953430613018e+00
3.211457199999999830e+02 -4.904990758931348616e+00
3.462607100000000173e+02 -4.904756738491256485e+00
3.724051000000000045e+02 -4.904622595823872722e+00
3.966777099999999905e+02 -4.903785906171357567e+00
4.216871800000000121e+02 -4.904026591241303912e+00
4.492768300000000181e+02 -4.903835433866069238e+00
4.724512399999999843e+02 -4.903214227024617955e+00
4.956773299999999836e+02 -4.901569590343477500e+00
5.200189299999999548e+02 -4.901743103168573867e+00
5.489877900000000182e+02 -4.901693660852622259e+00
5.673564599999999700e+02 -4.900481204199707008e+00
5.939318500000000540e+02 -4.900123759412003288e+00
6.230031999999999925e+02 -4.900753519905127753e+00
6.441149900000000343e+02 -4.898622695557389051e+00
6.677505800000000136e+02 -4.897777490863657768e+00
6.941833199999999806e+02 -4.896951761738311149e+00
7.158271499999999605e+02 -4.896612713988740317e+00
7.487087900000000218e+02 -4.896745320198051310e+00
7.686016799999999876e+02 -4.897193696944834862e+00
7.959714000000000169e+02 -4.896301881128471756e+00
8.131279100000000426e+02 -4.894783893335198144e+00
8.470084799999999632e+02 -4.895237891626133653e+00
8.631287099999999555e+02 -4.894044819802223500e+00
8.982502500000000509e+02 -4.894918961857271711e+00
9.104670700000000352e+02 -4.892803998421368483e+00
9.463391900000000305e+02 -4.894212196633042744e+00
9.648400699999999688e+02 -4.893978810002527879e+00
9.959241399999999658e+02 -4.893425764145880486e+00
1.015939600000000041e+03 -4.894542709420226956e+00
1.039421900000000051e+03 -4.892431945006713079e+00
1.068362900000000081e+03 -4.894776989721577820e+00
1.102031300000000101e+03 -4.893854898274930143e+00
1.117527199999999993e+03 -4.894289453822686653e+00
1.153556000000000040e+03 -4.894370408104067316e+00
1.163840099999999893e+03 -4.893379602262600159e+00
1.190540799999999990e+03 -4.891719523091157207e+00
1.206672199999999975e+03 -4.891413981719080262e+00
1.240748000000000047e+03 -4.892316730925124979e+00
1.269786399999999958e+03 -4.894872432784235450e+00
1.301745599999999968e+03 -4.892406911838618200e+00
1.302860799999999927e+03 -4.890330517535862676e+00
1.355310999999999922e+03 -4.893736773394636863e+00
1.365675099999999929e+03 -4.892980520507583364e+00
1.402713899999999967e+03 -4.893005665588077591e+00
1.414306800000000067e+03 -4.892357993831678797e+00
1.450674899999999980e+03 -4.891625992230824060e+00
1.453608300000000099e+03 -4.889057090485477097e+00
1.503134999999999991e+03 -4.890872737418379579e+00
1.509880599999999959e+03 -4.890449247215979511e+00
1.560921399999999949e+03 -4.892177080388774080e+00
1.560922600000000102e+03 -4.890937720350095219e+00
1.597029199999999946e+03 -4.890576086483042317e+00
1.598944899999999961e+03 -4.886591738120545259e+00
1.640809799999999996e+03 -4.887628926703782462e+00
1.662833900000000085e+03 -4.889729067655240513e+00
1.689769800000000032e+03 -4.885789521656034751e+00
1.713672299999999950e+03 -4.889748968826704179e+00
1.754070600000000013e+03 -4.885815265724264833e+00
1.762663999999999987e+03 -4.890176511149914695e+00
1.812979800000000068e+03 -4.890164861618278458e+00
1.818394000000000005e+03 -4.888294745686626364e+00
1.856917599999999993e+03 -4.888112961563582992e+00
1.875577500000000100e+03 -4.886826444996964725e+00
1.889903099999999995e+03 -4.887797656812051805e+00
1.907915500000000065e+03 -4.884469639098960592e+00
1.951940700000000106e+03 -4.880332151311017164e+00
1.960246000000000095e+03 -4.885051799300284436e+00
1.995672600000000102e+03 -4.881302892147503236e+00
2.017854000000000042e+03 -4.883768805139999891e+00
2.047533200000000079e+03 -4.882245102441185480e+00
2.076405400000000100e+03 -4.880537300941532486e+00
2.093279199999999946e+03 -4.881146562828464930e+00
2.116498300000000199e+03 -4.880748643416385590e+00
2.138081299999999828e+03 -4.874380487038955323e+00
2.164420500000000175e+03 -4.878239562324032441e+00
2.198512999999999920e+03 -4.877223109577872862e+00
2.221749499999999898e+03 -4.876158662562424695e+00
2.248142899999999827e+03 -4.873634690803039682e+00
2.257181199999999990e+03 -4.872228751451245898e+00
2.306938400000000001e+03 -4.869289922496935930e+00
2.308902799999999843e+03 -4.872318876449692304e+00
2.346959899999999834e+03 -4.870155613489283830e+00
2.367042899999999918e+03 -4.867046888728101095e+00
2.415012999999999920e+03 -4.866399519052030165e+00
2.426361100000000079e+03 -4.871856534347331014e+00
2.430515100000000075e+03 -4.859561506855341939e+00
