1.026773100000000056e+02 -4.909812956437808573e+00
1.273912299999999931e+02 -4.909652078203892600e+00
1.507497600000000091e+02 -4.909442453357672598e+00
1.740788400000000138e+02 -4.908988547076521769e+00
1.997753399999999999e+02 -4.909355754131858873e+00
2.231353400000000136e+02 -4.908996346476604877e+00
2.515341999999999985e+02 -4.909770594016472423e+00
2.730645400000000222e+02 -4.908548502384868506e+00
2.974383199999999761e+02 -4.908083377327919550e+00
3.239985800000000040e+02 -4.907756470553898964e+00
3.494157099999999900e+02 -4.907189761435945208e+00
3.726016000000000190e+02 -4.906610755051124428e+00
3.998786699999999996e+02 -4.906583802752940038e+00
4.206263299999999958e+02 -4.904997302740641274e+00
4.467597799999999779e+02 -4.904426737320368268e+00
4.697080199999999763e+02 -4.903456759789493802e+00
4.993171600000000012e+02 -4.903540886565867396e+00
5.218952100000000200e+02 -4.902962638854583055e+00
5.503607299999999896e+02 -4.902402195863234446e+00
5.688105900000000474e+02 -4.901050134100187528e+00
5.960809400000000551e+02 -4.900335712816075606e+00
6.208579700000000230e+02 -4.900356120260079607e+00
6.500522399999999834e+02 -4.899780684684371224e+00
6.669964999999999691e+02 -4.898064125653682765e+00
6.959338500000000067e+02 -4.897582611057466728e+00
7.222298299999999927e+02 -4.898480889664082127e+00
7.469402199999999539e+02 -4.896920869667017229e+00
7.688879600000000210e+02 -4.897056277162180393e+00
8.013354500000000371e+02 -4.897213274268285232e+00
8.151307299999999714e+02 -4.895279323486078304e+00
8.467961999999999989e+02 -4.894534020550890041e+00
8.644797800000000052e+02 -4.894005995303614576e+00
9.073660099999999602e+02 -4.896513965430353998e+00
9.195202100000000200e+02 -4.895253615431750305e+00
9.426633600000000115e+02 -4.892942513702069895e+00
9.677395199999999704e+02 -4.894660952389640940e+00
9.960867899999999509e+02 -4.894568769054714608e+00
1.013354000000000042e+03 -4.893644583620536004e+00
1.051213199999999915e+03 -4.894577879903945217e+00
1.070666699999999992e+03 -4.895020593534177955e+00
1.106924299999999903e+03 -4.891683748259684883e+00
1.113456799999999930e+03 -4.896799814319959587e+00
1.141456599999999980e+03 -4.892513793302254221e+00
1.167043899999999894e+03 -4.894068982073900287e+00
1.202019999999999982e+03 -4.893162089210766119e+00
1.207467399999999998e+03 -4.891490409590122823e+00
1.257051500000000033e+03 -4.893698923247462140e+00
1.258905199999999923e+03 -4.892183535455819410e+00
1.294068099999999959e+03 -4.891324119945188009e+00
1.322784799999999905e+03 -4.895509713144768682e+00
1.340013599999999997e+03 -4.890833230771796103e+00
1.371471700000000055e+03 -4.894198729310077489e+00
1.396599699999999984e+03 -4.891401972071522941e+00
1.419369099999999889e+03 -4.893661152657748481e+00
1.450289999999999964e+03 -4.891238120321676597e+00
1.456134800000000041e+03 -4.890621700429012009e+00
1.517531600000000026e+03 -4.891670517051544209e+00
1.518711700000000064e+03 -4.896576247729353071e+00
1.546828700000000026e+03 -4.890668988505717962e+00
1.556753200000000106e+03 -4.889178949822947651e+00
1.607984500000000025e+03 -4.889385605636411114e+00
1.610738299999999981e+03 -4.892836780941135721e+00
1.653274100000000089e+03 -4.889963704038341241e+00
1.653558800000000019e+03 -4.888215759775505376e+00
1.701170100000000048e+03 -4.886044633766710277e+00
1.712673099999999977e+03 -4.891302939470655531e+00
1.753972199999999930e+03 -4.886455052278713573e+00
1.758437699999999950e+03 -4.889179694792723296e+00
1.813581100000000106e+03 -4.889573820732578291e+00
1.819857600000000048e+03 -4.889038218213959119e+00
1.841729900000000043e+03 -4.886408855309952060e+00
1.850390599999999949e+03 -4.883970737472719925e+00
1.897987699999999904e+03 -4.880998209970327295e+00
1.911650699999999915e+03 -4.886972103697049263e+00
1.947922399999999925e+03 -4.882387427876498265e+00
1.969829500000000053e+03 -4.884785380211508432e+00
2.008784699999999930e+03 -4.881913931677281937e+00
2.012824599999999919e+03 -4.884113017892089736e+00
2.057288399999999911e+03 -4.878003683881073194e+00
2.058633699999999862e+03 -4.882646809611455474e+00
2.103915300000000116e+03 -4.879774284999646383e+00
2.120083500000000186e+03 -4.879436174929405290e+00
2.168500500000000102e+03 -4.880463110444671848e+00
2.176705599999999777e+03 -4.881292515231628215e+00
2.189664499999999862e+03 -4.873579601862253696e+00
2.223876200000000154e+03 -4.878135283638972197e+00
2.242576799999999821e+03 -4.867004719323184680e+00
2.263099999999999909e+03 -4.876375559324743314e+00
2.310786000000000058e+03 -4.871845259102834724e+00
2.333979899999999816e+03 -4.874187568323058883e+00
2.363607700000000023e+03 -4.867941133369556361e+00
2.363764200000000073e+03 -4.869140099775209229e+00
2.382704900000000180e+03 -4.860568858277645177e+00
2.415813299999999799e+03 -4.866857124930887402e+00
2.434041299999999865e+03 -4.862175776330816213e+00
