1.007434499999999957e+02 -4.556820495281282746e+00
1.268705300000000022e+02 -4.556328376718335349e+00
1.508394999999999868e+02 -4.556387340294370425e+00
1.760831799999999987e+02 -4.555764290796430416e+00
2.010106199999999887e+02 -4.555613578149114495e+00
2.254928400000000011e+02 -4.554761414733821567e+00
2.491631500000000017e+02 -4.554018662342271817e+00
2.742315199999999891e+02 -4.553028492411126393e+00
2.990873199999999770e+02 -4.552420220113996052e+00
3.237192200000000071e+02 -4.550515107342358867e+00
3.477674299999999903e+02 -4.549265581885768128e+00
3.726515999999999735e+02 -4.546284886012990079e+00
3.995554399999999760e+02 -4.545819852598251387e+00
4.231270299999999907e+02 -4.540453166745956004e+00
4.478688999999999965e+02 -4.538911970890899816e+00
4.740524599999999964e+02 -4.533061361735142292e+00
4.920416700000000105e+02 -4.530257829303595329e+00
5.194062500000000000e+02 -4.522223630349285983e+00
5.476090799999999490e+02 -4.521105911812910882e+00
5.697566900000000487e+02 -4.512604306596596615e+00
5.983684299999999894e+02 -4.510591892352960208e+00
6.235267700000000559e+02 -4.505496902890960165e+00
6.502217799999999670e+02 -4.503560368006856329e+00
6.703585799999999608e+02 -4.496480868124004715e+00
7.016235900000000356e+02 -4.495292429105978371e+00
7.212549000000000206e+02 -4.490337643847367666e+00
7.541437499999999545e+02 -4.489367951559007253e+00
7.658340699999999970e+02 -4.483475721274589709e+00
8.020576499999999669e+02 -4.483150689742250172e+00
8.181545700000000352e+02 -4.476994132018733197e+00
8.599601400000000240e+02 -4.478380271237790922e+00
8.716719100000000253e+02 -4.472987072873445769e+00
9.006586600000000544e+02 -4.471459098548073108e+00
9.158649199999999837e+02 -4.468113250234289069e+00
9.464274400000000469e+02 -4.467297905376909739e+00
9.617397700000000214e+02 -4.463866309126783172e+00
1.000738399999999956e+03 -4.463130910013282993e+00
1.013911899999999946e+03 -4.460922131641658517e+00
1.048834100000000035e+03 -4.462267079031309258e+00
1.071114900000000034e+03 -4.460545479051345907e+00
1.099171100000000024e+03 -4.458795206885431739e+00
1.113154500000000098e+03 -4.456618061064720138e+00
1.142731999999999971e+03 -4.455540690542695970e+00
1.172430900000000065e+03 -4.457274828498017705e+00
1.198436500000000024e+03 -4.454287840658081699e+00
1.212916799999999967e+03 -4.453415573082981638e+00
1.250017399999999952e+03 -4.453160592515956751e+00
1.267832100000000082e+03 -4.453600669569106607e+00
1.301285100000000057e+03 -4.453212960102794327e+00
1.303951099999999997e+03 -4.450313124719574631e+00
1.347849699999999984e+03 -4.451604489829571243e+00
1.363251400000000103e+03 -4.451208057344949509e+00
1.404581599999999980e+03 -4.451543612116886095e+00
1.415387300000000096e+03 -4.450522934200519032e+00
1.451502600000000029e+03 -4.450968963663878952e+00
1.462221099999999979e+03 -4.451269015760765946e+00
1.506421299999999974e+03 -4.449284798673973640e+00
1.513375099999999975e+03 -4.454290463071767903e+00
1.555684500000000071e+03 -4.449960984271550402e+00
1.559405099999999948e+03 -4.450531473786925929e+00
1.593725400000000036e+03 -4.448665251179925839e+00
1.610690299999999979e+03 -4.450917186966166561e+00
1.642669900000000098e+03 -4.451957448680752272e+00
1.656087999999999965e+03 -4.451317552558943902e+00
1.702047100000000000e+03 -4.452612745916195713e+00
1.721258399999999938e+03 -4.454764726749076864e+00
1.732181199999999990e+03 -4.451773252920526502e+00
1.772986400000000003e+03 -4.456463162086055085e+00
1.789019299999999930e+03 -4.451560153653359109e+00
1.817758199999999988e+03 -4.454944290798502848e+00
1.856043300000000045e+03 -4.457348773552595844e+00
1.856922399999999925e+03 -4.455198977545652639e+00
1.895390300000000025e+03 -4.457716563454559022e+00
1.900513799999999947e+03 -4.455426496273860337e+00
1.947418699999999944e+03 -4.455849771951967853e+00
1.962639499999999998e+03 -4.459560908652405509e+00
2.003812400000000025e+03 -4.457817023563233505e+00
2.004643000000000029e+03 -4.459159472568873461e+00
2.045427500000000009e+03 -4.459073625324453616e+00
2.054849600000000009e+03 -4.459496297324276881e+00
2.101924300000000130e+03 -4.460932073387390062e+00
2.104759199999999964e+03 -4.464390933565750785e+00
2.152189600000000155e+03 -4.462509648266539841e+00
2.157109599999999773e+03 -4.462935291030544427e+00
2.206345499999999902e+03 -4.463923266989011651e+00
2.217382399999999961e+03 -4.467638269724373501e+00
2.249095699999999852e+03 -4.465760461045365837e+00
2.260857199999999921e+03 -4.465484790156371453e+00
2.307348300000000108e+03 -4.469311674460596073e+00
2.316276199999999790e+03 -4.470438104341909025e+00
2.357417199999999866e+03 -4.470128624615004931e+00
2.359597000000000207e+03 -4.471679170534097025e+00
2.406523200000000088e+03 -4.473453261051826502e+00
2.422232599999999820e+03 -4.472059232867608536e+00
2.446932899999999790e+03 -4.470683353844922436e+00
