9.891627300000000389e+01 -3.894817856832905711e+00
9.995293399999999906e+01 -3.894920120572734401e+00
1.255426300000000026e+02 -3.894807396293194390e+00
1.492851400000000126e+02 -3.895041226808259704e+00
1.509201199999999972e+02 -3.895313484428746253e+00
1.744929099999999949e+02 -3.894913168234495959e+00
1.987614100000000121e+02 -3.894767559358457643e+00
2.000276100000000099e+02 -3.895300423422332958e+00
2.239952999999999861e+02 -3.895015070747880337e+00
2.463041599999999960e+02 -3.894445850014662813e+00
2.482743499999999983e+02 -3.894171955184015488e+00
2.727685900000000174e+02 -3.894502270234408314e+00
2.987305299999999875e+02 -3.893907516685345627e+00
3.007731499999999869e+02 -3.894797726056835163e+00
3.200099399999999719e+02 -3.893505248322831402e+00
3.480778099999999995e+02 -3.893456598824128534e+00
3.492832099999999969e+02 -3.893723439565099476e+00
3.739279900000000225e+02 -3.885642845212975427e+00
3.989498300000000199e+02 -3.841243078672872624e+00
4.018434899999999743e+02 -3.885046256287518318e+00
4.199893700000000081e+02 -3.825349224541781723e+00
4.502796099999999910e+02 -3.825225295297786765e+00
4.516076400000000035e+02 -3.823405987734750155e+00
4.763392699999999991e+02 -3.819408603011564374e+00
4.956042299999999727e+02 -3.817494973018487503e+00
5.011896600000000035e+02 -3.817064859253825659e+00
5.206515600000000177e+02 -3.813249821797111139e+00
5.492571199999999862e+02 -3.812754790156900331e+00
5.515290400000000091e+02 -3.812554675049690811e+00
5.725240199999999504e+02 -3.808934666628670751e+00
5.970326400000000149e+02 -3.806459366811883349e+00
5.976968299999999772e+02 -3.808261492445987439e+00
6.204685399999999618e+02 -3.802871768890183635e+00
6.446126299999999674e+02 -3.800378406263849040e+00
6.537985200000000532e+02 -3.802749477961496538e+00
6.621811999999999898e+02 -3.796380795191808488e+00
6.985410500000000411e+02 -3.796990137292645784e+00
7.008394899999999552e+02 -3.797506373350195918e+00
7.186277099999999791e+02 -3.793581880391514005e+00
7.459822299999999586e+02 -3.791369627846806978e+00
7.503327199999999948e+02 -3.791320644234810633e+00
7.679673800000000483e+02 -3.788075718173639306e+00
7.940737400000000434e+02 -3.787588165732362011e+00
8.081330900000000383e+02 -3.788236221362161871e+00
8.193094300000000203e+02 -3.784264037837225647e+00
8.547324200000000474e+02 -3.784368258082976944e+00
8.610204400000000078e+02 -3.783645067867993816e+00
8.693959899999999834e+02 -3.781181574214472985e+00
8.914395700000000033e+02 -3.780218920887473466e+00
8.997848599999999806e+02 -3.779520655510453242e+00
9.168948599999999942e+02 -3.776849538725192357e+00
9.402503600000000006e+02 -3.775169051182414748e+00
9.515928499999999985e+02 -3.776727710013714212e+00
9.570774400000000242e+02 -3.771040761784921980e+00
9.961262199999999893e+02 -3.772746731678524146e+00
1.004927199999999971e+03 -3.772796181680521777e+00
1.020008100000000013e+03 -3.771184615724134659e+00
1.045014499999999998e+03 -3.768785386437777163e+00
1.046991299999999910e+03 -3.767979310743288845e+00
1.066046100000000024e+03 -3.767794934574139276e+00
1.088849200000000110e+03 -3.766904929866278451e+00
1.103117400000000089e+03 -3.767021489896882791e+00
1.117956799999999930e+03 -3.765548997590492331e+00
1.146307399999999916e+03 -3.764043671463113139e+00
1.146412900000000036e+03 -3.764023825427495584e+00
1.170376099999999951e+03 -3.763872158324725881e+00
1.199843000000000075e+03 -3.762632773966063660e+00
1.213373900000000049e+03 -3.764690622240284945e+00
1.224825100000000020e+03 -3.762317126273030166e+00
1.242552500000000009e+03 -3.758315694989986078e+00
1.245461099999999988e+03 -3.758707815291014054e+00
1.262701600000000099e+03 -3.757910655178831050e+00
1.282443299999999908e+03 -3.754737511942745964e+00
1.303923000000000002e+03 -3.758399438571885298e+00
1.310144099999999980e+03 -3.755311095568728774e+00
1.356034100000000080e+03 -3.755903558520032881e+00
1.358147300000000087e+03 -3.758331706878847989e+00
1.365178200000000061e+03 -3.754858269984341135e+00
1.394868400000000065e+03 -3.753346519492211542e+00
1.402891699999999901e+03 -3.752952912740130209e+00
1.407572899999999890e+03 -3.751967594408037510e+00
1.446555100000000039e+03 -3.750923653084160758e+00
1.463805200000000013e+03 -3.754637319969699405e+00
1.467698200000000043e+03 -3.751692944163101728e+00
1.500468800000000101e+03 -3.750276032190635878e+00
1.501057800000000043e+03 -3.752045285965581733e+00
1.511753699999999981e+03 -3.749972255536949461e+00
1.536806100000000015e+03 -3.749108834307257609e+00
1.552433199999999943e+03 -3.751209151754191229e+00
1.558370300000000043e+03 -3.747336367317923855e+00
1.593691499999999905e+03 -3.746579701277257257e+00
1.608976100000000088e+03 -3.749128876428816426e+00
1.616988599999999906e+03 -3.748050613220440308e+00
1.653259700000000066e+03 -3.748583632888391026e+00
1.656360400000000027e+03 -3.747023582989319479e+00
1.662784799999999905e+03 -3.746649358247919892e+00
1.701976300000000037e+03 -3.746501729496787725e+00
1.703832300000000032e+03 -3.746650431110623458e+00
1.713535900000000083e+03 -3.744973934677735095e+00
1.751017499999999927e+03 -3.741796841606583435e+00
1.757048000000000002e+03 -3.744711127822957231e+00
1.764834100000000035e+03 -3.745331001695378248e+00
1.793966200000000072e+03 -3.739759695443134913e+00
1.814367299999999886e+03 -3.742464429150167859e+00
1.815179100000000062e+03 -3.744877888121961984e+00
1.837316299999999956e+03 -3.740735590492144436e+00
1.844136099999999942e+03 -3.741966027022254337e+00
1.863025799999999890e+03 -3.741576746541592779e+00
1.896170499999999947e+03 -3.743043794984323824e+00
1.912178400000000011e+03 -3.747224797805888574e+00
1.915186300000000074e+03 -3.741834478000153119e+00
1.961197499999999991e+03 -3.742242417671898913e+00
1.964562300000000050e+03 -3.742805904431781183e+00
1.965623199999999997e+03 -3.742614821164770067e+00
2.001366400000000112e+03 -3.739536047594701706e+00
2.006646899999999960e+03 -3.740251915078186329e+00
2.006903399999999920e+03 -3.735862495738121680e+00
2.032518600000000106e+03 -3.739666959091883847e+00
2.036343900000000076e+03 -3.735707931070186394e+00
2.050471000000000004e+03 -3.736349178199722232e+00
2.092682200000000194e+03 -3.737083769288303881e+00
2.116804500000000189e+03 -3.741188986824774076e+00
2.128644400000000132e+03 -3.736896539321030275e+00
2.159593400000000202e+03 -3.737744205141601661e+00
2.165300900000000183e+03 -3.740166481387474651e+00
2.169629600000000210e+03 -3.739457020336003801e+00
2.198951700000000073e+03 -3.732999660873797865e+00
2.202826199999999972e+03 -3.731699240490813363e+00
2.221998599999999897e+03 -3.739366607602266690e+00
2.237593600000000151e+03 -3.736326833358411648e+00
2.242846199999999953e+03 -3.732332150053797371e+00
2.261602699999999913e+03 -3.735753844857629069e+00
2.304848599999999806e+03 -3.737749056966234384e+00
2.309246399999999994e+03 -3.736481487729220063e+00
2.320501600000000053e+03 -3.735856171849623486e+00
2.343207199999999830e+03 -3.733755484145525827e+00
2.355700400000000172e+03 -3.735055039849766167e+00
2.369669699999999921e+03 -3.738799752663858555e+00
2.395162800000000061e+03 -3.730970879924599970e+00
2.396534400000000005e+03 -3.730672911384399715e+00
2.397990099999999984e+03 -3.729861471667549111e+00
2.430146200000000135e+03 -3.729160063143427628e+00
