9.997618799999999339e+01 -3.377444552711693859e+00
1.267459900000000061e+02 -3.377113196728658284e+00
1.500632999999999981e+02 -3.377031323996286805e+00
1.747674199999999871e+02 -3.376330664150021921e+00
1.985038099999999872e+02 -3.376076295385038950e+00
2.240882499999999879e+02 -3.375349094067173095e+00
2.486550699999999949e+02 -3.375042717577032114e+00
2.749112400000000207e+02 -3.374226399600716686e+00
2.989005999999999972e+02 -3.373240512272721148e+00
3.236831099999999992e+02 -3.372150795595731498e+00
3.514223499999999945e+02 -3.371489965007088863e+00
3.701272500000000036e+02 -3.368477599646266807e+00
3.967332900000000109e+02 -3.367878790889458962e+00
4.247887900000000059e+02 -3.365958380503349279e+00
4.470952700000000277e+02 -3.364433272764679739e+00
4.742640999999999849e+02 -3.360384546291084629e+00
5.006926199999999767e+02 -3.358811644387989848e+00
5.233420599999999467e+02 -3.355389599207227125e+00
5.470326499999999896e+02 -3.352841739507839591e+00
5.660969800000000305e+02 -3.348160030575047852e+00
5.954903699999999844e+02 -3.347180240016083719e+00
6.223939199999999801e+02 -3.344190604864847760e+00
6.535477399999999761e+02 -3.343204033678428111e+00
6.694696699999999510e+02 -3.339072561187217847e+00
7.122063100000000304e+02 -3.340580634000191562e+00
7.197366899999999532e+02 -3.334732760651407446e+00
7.504938700000000154e+02 -3.332026053954864508e+00
7.741960000000000264e+02 -3.332218710650741045e+00
8.110015499999999520e+02 -3.332333617024948680e+00
8.186969100000000026e+02 -3.326356961357716635e+00
8.541004400000000487e+02 -3.325816826564230944e+00
8.764936800000000403e+02 -3.324390883205213587e+00
9.020991999999999962e+02 -3.321474240381798726e+00
9.170760999999999967e+02 -3.319064569140545817e+00
9.586857599999999593e+02 -3.320974201760869438e+00
9.643779899999999543e+02 -3.315354111926152925e+00
9.942172299999999723e+02 -3.314758206527236517e+00
1.017661299999999983e+03 -3.312519657411749030e+00
1.051252500000000055e+03 -3.310245173870299151e+00
1.058264200000000073e+03 -3.307416376487371856e+00
1.094168899999999894e+03 -3.305622331696570271e+00
1.113436899999999923e+03 -3.305103595073994871e+00
1.145818500000000085e+03 -3.306185090971725415e+00
1.165293899999999894e+03 -3.303426209929059887e+00
1.190082599999999957e+03 -3.300192357687335321e+00
1.205632499999999936e+03 -3.298123674042927611e+00
1.242459000000000060e+03 -3.299149298668541341e+00
1.260868799999999965e+03 -3.297194523585932124e+00
1.306331899999999905e+03 -3.297162987099258924e+00
1.319887899999999945e+03 -3.295882270284665960e+00
1.354527399999999943e+03 -3.294720997519611672e+00
1.377931299999999965e+03 -3.296527783179020510e+00
1.396653099999999995e+03 -3.290597895902971359e+00
1.427583699999999908e+03 -3.293410680796826195e+00
1.454624399999999923e+03 -3.291555728192938179e+00
1.469669300000000021e+03 -3.288480092645819308e+00
1.509170800000000099e+03 -3.287117876794545257e+00
1.518733799999999974e+03 -3.286854248827198344e+00
1.555792599999999993e+03 -3.283212927831213879e+00
1.570767499999999927e+03 -3.284770427317291741e+00
1.598762300000000096e+03 -3.283727719846998294e+00
1.612796499999999924e+03 -3.280248522632494002e+00
1.646753899999999931e+03 -3.283782020703946536e+00
1.658291899999999941e+03 -3.280809602571326700e+00
1.697406099999999924e+03 -3.279290880929376151e+00
1.712955799999999954e+03 -3.278038805462933247e+00
1.753919599999999946e+03 -3.275441454131500230e+00
1.769255699999999933e+03 -3.275385227406022004e+00
1.803002799999999979e+03 -3.277405779461149304e+00
1.827383599999999888e+03 -3.278722135405697902e+00
1.846494999999999891e+03 -3.269008070274715738e+00
1.847782799999999952e+03 -3.271165946416660031e+00
1.888998800000000074e+03 -3.270614304695753649e+00
1.917385399999999890e+03 -3.272943086832014625e+00
1.951397099999999909e+03 -3.266547614189319493e+00
1.951745499999999993e+03 -3.270962433187125207e+00
1.990553200000000061e+03 -3.268685867417776336e+00
2.018227799999999888e+03 -3.267146836177526659e+00
2.040734600000000000e+03 -3.271608738025106877e+00
2.071024399999999787e+03 -3.268897172133918616e+00
2.114923400000000129e+03 -3.268402359357355014e+00
2.122382300000000214e+03 -3.267249013315266293e+00
2.142999200000000201e+03 -3.264113494503253055e+00
2.158882999999999811e+03 -3.261460257462893253e+00
2.201610499999999774e+03 -3.267207265999461097e+00
2.219458099999999831e+03 -3.264701441681451044e+00
2.243456599999999980e+03 -3.261393471876350425e+00
2.247358700000000226e+03 -3.258326117845785408e+00
2.300788399999999911e+03 -3.262959947710768027e+00
2.321747800000000097e+03 -3.263244388617292380e+00
2.345815099999999802e+03 -3.260531805226180246e+00
2.355133400000000165e+03 -3.256510942269180031e+00
2.392318800000000010e+03 -3.260291368823045932e+00
2.411345800000000054e+03 -3.260257906757071833e+00
2.432020199999999932e+03 -3.256153943253015548e+00
