9.974947899999999379e+01 -3.464786513838193027e+00
1.269184400000000039e+02 -3.464485938470681425e+00
1.503456600000000094e+02 -3.464424490652756372e+00
1.744080500000000029e+02 -3.463982213341063598e+00
1.999787900000000036e+02 -3.464137537876263551e+00
2.225954000000000121e+02 -3.463365208214347124e+00
2.495669800000000009e+02 -3.463388529600568422e+00
2.760617899999999736e+02 -3.463951277092967018e+00
3.000473499999999945e+02 -3.462844063403973216e+00
3.234451099999999997e+02 -3.462779528390668382e+00
3.499828499999999849e+02 -3.461910365797554512e+00
3.724566699999999742e+02 -3.461833108644083890e+00
4.025822699999999941e+02 -3.461475033128434298e+00
4.209539100000000076e+02 -3.460510342040691079e+00
4.509979299999999967e+02 -3.459691373906240486e+00
4.722174999999999727e+02 -3.459798416905125684e+00
4.957083000000000084e+02 -3.458549558846316430e+00
5.175182600000000548e+02 -3.456966617975237632e+00
5.479957699999999932e+02 -3.456107822699033605e+00
5.717732799999999997e+02 -3.456270811323390646e+00
6.032790800000000218e+02 -3.454373707412358829e+00
6.235724599999999782e+02 -3.454307869967861766e+00
6.542336999999999989e+02 -3.452824121913382172e+00
6.689153199999999515e+02 -3.450720722281607422e+00
7.003146799999999530e+02 -3.449835537701162025e+00
7.208792999999999438e+02 -3.448644523008301821e+00
7.473062499999999773e+02 -3.446242699047390445e+00
7.713550599999999804e+02 -3.445069911238875182e+00
7.991583200000000033e+02 -3.442847165798653464e+00
8.199142699999999877e+02 -3.440244032201562163e+00
8.597586400000000140e+02 -3.440075736976636378e+00
8.684318799999999783e+02 -3.436463016484864408e+00
9.061245900000000120e+02 -3.433662044432630012e+00
9.153230700000000297e+02 -3.432092293957197171e+00
9.470359200000000328e+02 -3.431283522211072246e+00
9.708954199999999446e+02 -3.428679288401189407e+00
1.001118500000000040e+03 -3.425663683913087620e+00
1.012325500000000034e+03 -3.421239676964758836e+00
1.058115500000000111e+03 -3.422214134454778733e+00
1.075802400000000034e+03 -3.420062807102800750e+00
1.100136099999999942e+03 -3.415517454905371064e+00
1.114698799999999892e+03 -3.411488950189009550e+00
1.141375500000000102e+03 -3.410776818788886278e+00
1.167713099999999940e+03 -3.407927613558331181e+00
1.193594900000000052e+03 -3.407003878433815469e+00
1.211152399999999943e+03 -3.402684150508727079e+00
1.239809500000000071e+03 -3.399638683570826547e+00
1.263314800000000105e+03 -3.398574268127636522e+00
1.301965599999999995e+03 -3.397655013574592431e+00
1.320086399999999912e+03 -3.395454195076059278e+00
1.358848600000000033e+03 -3.394319795004198781e+00
1.371397999999999911e+03 -3.390410339938479289e+00
1.411289999999999964e+03 -3.388898160174360630e+00
1.422271999999999935e+03 -3.386867441569120452e+00
1.446287900000000036e+03 -3.383070890425660782e+00
1.462744400000000041e+03 -3.378289705294685419e+00
1.509109799999999950e+03 -3.381683218417364412e+00
1.509631200000000035e+03 -3.375459980980839880e+00
1.550983500000000049e+03 -3.375273211184023125e+00
1.569562899999999900e+03 -3.373397188466540797e+00
1.608230700000000070e+03 -3.371064050714090765e+00
1.611011400000000094e+03 -3.368355784926532870e+00
1.653393600000000106e+03 -3.367312630955376918e+00
1.671837099999999964e+03 -3.367747801455942991e+00
1.699159599999999955e+03 -3.366735494185370214e+00
1.718303200000000061e+03 -3.362764386002826011e+00
1.741961299999999937e+03 -3.355522904113516169e+00
1.755457200000000057e+03 -3.356084730854875353e+00
1.796298600000000079e+03 -3.357103711447419148e+00
1.813752999999999929e+03 -3.356671842637522385e+00
1.851767000000000053e+03 -3.354584655055032894e+00
1.854862499999999955e+03 -3.348357018230818216e+00
1.897380799999999908e+03 -3.348146524903136356e+00
1.909380699999999933e+03 -3.348859820800586196e+00
1.946125199999999950e+03 -3.342949581619633292e+00
1.953120499999999993e+03 -3.343078940195116644e+00
2.004439100000000053e+03 -3.343847244788494155e+00
2.018183800000000019e+03 -3.343509011067458125e+00
2.039937699999999950e+03 -3.339349650031098182e+00
2.047199900000000071e+03 -3.334982365396469195e+00
2.096078700000000026e+03 -3.332621663219674346e+00
2.110351299999999810e+03 -3.340582379260166768e+00
2.151930400000000191e+03 -3.330054435143253944e+00
2.155769400000000132e+03 -3.332561548070851920e+00
2.209975100000000111e+03 -3.335693312812859634e+00
2.213169300000000021e+03 -3.332290550747547542e+00
2.271137000000000171e+03 -3.332522080902377226e+00
2.271634100000000217e+03 -3.326298362368354855e+00
2.280150399999999991e+03 -3.330672496995934040e+00
2.306858099999999922e+03 -3.324676093940548860e+00
2.341311700000000201e+03 -3.323150509525714558e+00
2.362121000000000095e+03 -3.320952985592472650e+00
2.403253000000000156e+03 -3.318488115884941969e+00
2.407084899999999834e+03 -3.320158262036838615e+00
2.453767499999999927e+03 -3.319833859091302131e+00
