9.951699600000000601e+01 2.314868919193975216e+01
1.000614000000000061e+02 2.316856350498676775e+01
1.268382500000000022e+02 2.318715601465499532e+01
1.510406299999999931e+02 2.322826073682067971e+01
1.512060600000000079e+02 2.325281854264197179e+01
1.760077499999999873e+02 2.328965754121717779e+01
1.992269400000000132e+02 2.331762212497455522e+01
1.998555900000000065e+02 2.333688937512721395e+01
2.234237300000000062e+02 2.339521371870547384e+01
2.504416600000000130e+02 2.345677997150417227e+01
2.507448100000000011e+02 2.342221962141258018e+01
2.735354199999999878e+02 2.349225066151027974e+01
2.997659400000000005e+02 2.356089151231426726e+01
3.010832899999999768e+02 2.353877366171381880e+01
3.236759200000000192e+02 2.359706492977814207e+01
3.489498699999999758e+02 2.365503511093018574e+01
3.511576900000000023e+02 2.366263230205576917e+01
3.751681399999999940e+02 2.373669906370852800e+01
4.007606299999999919e+02 2.380389375127213469e+01
4.042244600000000219e+02 2.383290708324852503e+01
4.242597099999999841e+02 2.390421025849786218e+01
4.486616500000000087e+02 2.398217280683899588e+01
4.507653199999999742e+02 2.400041268064319055e+01
4.676717399999999998e+02 2.410658508039893988e+01
4.965520700000000147e+02 2.420586963158966043e+01
5.028255399999999895e+02 2.414295695094646987e+01
5.246784599999999728e+02 2.425243893751272140e+01
5.493451599999999644e+02 2.431747659271320927e+01
5.514095499999999674e+02 2.434060960716466226e+01
5.667910000000000537e+02 2.441489161408508224e+01
5.969222700000000259e+02 2.445628740077345853e+01
6.015391899999999623e+02 2.450390494606146774e+01
6.192196699999999510e+02 2.459361184612253126e+01
6.473971599999999853e+02 2.462417769183798200e+01
6.505648200000000543e+02 2.466439039283533319e+01
6.665826799999999821e+02 2.477310502747812038e+01
7.011218499999999949e+02 2.485643293303480661e+01
7.105455299999999852e+02 2.487033024628536282e+01
7.158873200000000452e+02 2.493424333401180704e+01
7.481689400000000205e+02 2.502797577854671474e+01
7.652585000000000264e+02 2.503336098107062924e+01
7.701462400000000343e+02 2.507942295949521849e+01
7.960183500000000549e+02 2.518115357215550887e+01
8.012360499999999774e+02 2.516252747811927648e+01
8.148567199999999957e+02 2.532003205780582178e+01
8.510693499999999858e+02 2.536523559943008266e+01
8.560314799999999877e+02 2.539212141257887012e+01
8.693433599999999615e+02 2.544908864237736523e+01
8.990938700000000381e+02 2.556364848361489805e+01
9.015469399999999496e+02 2.550744809688581327e+01
9.186431099999999788e+02 2.561754528801139941e+01
9.490244800000000396e+02 2.571725829432118715e+01
9.620513899999999694e+02 2.574124160390799787e+01
9.709756700000000365e+02 2.578657999185833560e+01
1.000817300000000046e+03 2.586704508446977258e+01
1.010404499999999985e+03 2.589555515978017652e+01
1.018626399999999990e+03 2.598305058009362867e+01
1.043883900000000040e+03 2.612460614695705274e+01
1.047563300000000027e+03 2.609441380012212264e+01
1.068297499999999900e+03 2.617247252188072437e+01
1.093966899999999896e+03 2.631737125992265192e+01
1.100012099999999919e+03 2.629877620598412236e+01
1.114568199999999933e+03 2.638663240382658159e+01
1.141211399999999912e+03 2.642712650111948136e+01
1.149150100000000066e+03 2.650472267453694286e+01
1.153519000000000005e+03 2.659722827193160910e+01
1.194941800000000057e+03 2.665974048442906508e+01
1.207261899999999969e+03 2.672911052310197277e+01
1.221188599999999951e+03 2.673320730714431193e+01
1.254272699999999986e+03 2.682710156727050332e+01
1.257141300000000001e+03 2.681038469366985666e+01
1.268039199999999937e+03 2.688127111744351794e+01
1.288687300000000050e+03 2.708362049664156501e+01
1.293180399999999963e+03 2.707404233665784332e+01
1.313439699999999903e+03 2.714717280683899858e+01
1.350533100000000104e+03 2.719507887237939769e+01
1.361818099999999959e+03 2.725596173417464030e+01
1.366588799999999992e+03 2.730801546916344336e+01
1.384366800000000012e+03 2.738764146142886347e+01
1.387221600000000080e+03 2.746206849175656117e+01
1.420738800000000083e+03 2.755883472420109825e+01
1.444093900000000076e+03 2.762070578058212789e+01
1.457137600000000020e+03 2.772635304294728442e+01
1.464645700000000033e+03 2.771555261550987481e+01
1.501209900000000061e+03 2.797350651333197646e+01
1.507796199999999999e+03 2.789282719316100057e+01
1.515549299999999903e+03 2.798819356808467163e+01
1.542190399999999954e+03 2.817999236718908662e+01
1.561321400000000040e+03 2.823801139833096130e+01
1.571385299999999916e+03 2.813114797476083595e+01
1.593588099999999940e+03 2.831522491349481285e+01
1.598740999999999985e+03 2.828637899450437843e+01
1.609559199999999919e+03 2.843289283533482248e+01
1.639406700000000001e+03 2.862990738856095874e+01
1.654862800000000107e+03 2.861881844087115923e+01
1.658760700000000043e+03 2.872239568491756501e+01
1.677484400000000051e+03 2.871748982291878605e+01
1.705524400000000014e+03 2.884079279462650192e+01
1.712518199999999979e+03 2.895990026460410860e+01
1.735461700000000064e+03 2.899760227966619297e+01
1.749889799999999923e+03 2.898405760227966255e+01
1.756992899999999963e+03 2.918649959291674989e+01
1.790951999999999998e+03 2.938021575412171771e+01
1.802180000000000064e+03 2.926201048239365221e+01
1.815980399999999918e+03 2.951108385914919197e+01
1.855035599999999931e+03 2.968334266232444918e+01
1.858570699999999988e+03 2.956848921229391181e+01
1.859853599999999915e+03 2.952382302055770680e+01
1.883835199999999986e+03 2.995341542845511995e+01
1.904060899999999947e+03 3.003755088540606266e+01
1.907941600000000108e+03 3.002022338693263137e+01
1.943649400000000014e+03 3.011096427844494272e+01
1.944046900000000051e+03 3.005541624262161804e+01
1.970699100000000044e+03 3.038999694687563391e+01
1.989075499999999920e+03 3.044697893344189055e+01
2.014974500000000035e+03 3.070008497862812646e+01
2.018336800000000039e+03 3.046627417056787834e+01
2.042224500000000035e+03 3.067636779971504168e+01
2.056281700000000001e+03 3.074583960920008252e+01
2.056787800000000061e+03 3.096418532464889140e+01
2.087993599999999788e+03 3.114862049664155919e+01
2.097669199999999819e+03 3.146588795033584418e+01
2.119242000000000189e+03 3.135912273559942776e+01
2.122411099999999806e+03 3.115586556075717084e+01
2.147429900000000089e+03 3.150196214125789140e+01
2.166389900000000125e+03 3.176348514146143032e+01
2.187428699999999935e+03 3.178392631793201417e+01
2.198900099999999838e+03 3.207952116832892386e+01
2.208391200000000026e+03 3.183625076328108960e+01
2.244186900000000151e+03 3.223625992265418461e+01
2.245463600000000042e+03 3.228891563199674408e+01
2.269574900000000071e+03 3.254905709342560272e+01
2.288736100000000079e+03 3.285391359658049737e+01
2.311955100000000130e+03 3.278097089354773175e+01
2.314127700000000004e+03 3.307201607978831959e+01
2.345822500000000218e+03 3.313923671890901801e+01
2.355743899999999940e+03 3.305701658864237658e+01
2.379345299999999952e+03 3.343648178302462526e+01
2.385557699999999841e+03 3.364173264807652686e+01
2.399704600000000028e+03 3.360719723183390784e+01
2.419403999999999996e+03 3.393710360268674719e+01
2.455098800000000210e+03 3.427527834317118050e+01
