1.236458300000000037e+02 1.704971402401790925e+01
1.333775699999999915e+02 1.706896295542438580e+01
1.708611099999999965e+02 1.712935629961327066e+01
1.723513499999999965e+02 1.712833655607571615e+01
1.803670299999999997e+02 1.714502391614085042e+01
2.206527499999999975e+02 1.721795542438428583e+01
2.209622200000000021e+02 1.721534042336657677e+01
2.293193799999999953e+02 1.723608640341949894e+01
2.699907099999999787e+02 1.729591135762263221e+01
2.710295600000000036e+02 1.729731935680846533e+01
2.806802799999999820e+02 1.731582994097292882e+01
3.172319899999999961e+02 1.740012772236922345e+01
3.178668099999999868e+02 1.739896702625686942e+01
3.287024200000000178e+02 1.741976745369428059e+01
3.674870999999999981e+02 1.750415835538367304e+01
3.696844699999999762e+02 1.750419193975167786e+01
3.804457199999999943e+02 1.752383523305515922e+01
4.196479199999999992e+02 1.761910136372888402e+01
4.212613600000000247e+02 1.761980510889476648e+01
4.278516500000000065e+02 1.765016130673722472e+01
4.706219399999999951e+02 1.774380979035212746e+01
4.723335599999999772e+02 1.774352635864034511e+01
4.793543700000000172e+02 1.776499033177285014e+01
5.188556499999999687e+02 1.787297984937919892e+01
5.195067000000000235e+02 1.787267504579686417e+01
5.243254200000000083e+02 1.789684154284551099e+01
5.696888099999999895e+02 1.801067575819255140e+01
5.710321699999999510e+02 1.801154996946875642e+01
5.789801800000000185e+02 1.802560604518624032e+01
6.133834699999999884e+02 1.816267962548340975e+01
6.161740399999999909e+02 1.816183899857520956e+01
6.314267200000000457e+02 1.816174791369834907e+01
6.638699699999999666e+02 1.829002340728678888e+01
6.682750300000000152e+02 1.828991349480968864e+01
6.704909699999999475e+02 1.831902554447384546e+01
7.125802599999999529e+02 1.841790453897822033e+01
7.166692900000000463e+02 1.841846834927742549e+01
7.202456399999999803e+02 1.846614288622023281e+01
7.605647800000000416e+02 1.852831671076734921e+01
7.684056399999999485e+02 1.852991553022593152e+01
7.745300899999999729e+02 1.859489975575004905e+01
8.123582099999999855e+02 1.867595969875839756e+01
8.143352200000000494e+02 1.867633065336861264e+01
8.213340299999999843e+02 1.872382352941176720e+01
8.596133300000000190e+02 1.881774017911662966e+01
8.600566800000000285e+02 1.881763230205577031e+01
8.649039500000000089e+02 1.883583655607571572e+01
9.137220899999999801e+02 1.894504019947079243e+01
9.148052199999999630e+02 1.894458070425402241e+01
9.174389599999999518e+02 1.897150671687359846e+01
9.602539199999999937e+02 1.907738092814980746e+01
9.625820899999999938e+02 1.907693517199267319e+01
9.693584899999999607e+02 1.909340168939548121e+01
1.008243699999999990e+03 1.918860217789537970e+01
1.009079899999999952e+03 1.918762008955831533e+01
1.014576500000000010e+03 1.925141868512110577e+01
1.060130400000000009e+03 1.934628994504376109e+01
1.063976000000000113e+03 1.936189751679218318e+01
1.064300799999999981e+03 1.934696163240382560e+01
1.108894700000000057e+03 1.944554905353144747e+01
1.109018499999999904e+03 1.944494097292896129e+01
1.112674800000000005e+03 1.951152503561978335e+01
1.154621900000000096e+03 1.961562690820272792e+01
1.161365500000000111e+03 1.961491807449623437e+01
1.164906500000000051e+03 1.961990026460411229e+01
1.203699000000000069e+03 1.972384388357419027e+01
1.206772500000000036e+03 1.972451760635049567e+01
1.223284000000000106e+03 1.972289639731324939e+01
1.262661800000000085e+03 1.982875483411357465e+01
1.267404899999999998e+03 1.989316201913291238e+01
1.269250700000000052e+03 1.982879757785467234e+01
1.294981500000000096e+03 1.999408915123142805e+01
1.308018299999999954e+03 1.998204508446977457e+01
1.315514599999999973e+03 1.999322511703643457e+01
1.358271700000000010e+03 2.007852839405658329e+01
1.362260700000000043e+03 2.012437716262975940e+01
1.364231600000000071e+03 2.007831874618359436e+01
1.395247399999999971e+03 2.022743791980460060e+01
1.396148300000000063e+03 2.022665937309179540e+01
1.406878799999999956e+03 2.021391664970486701e+01
1.444897200000000112e+03 2.033582943211886729e+01
1.446023799999999937e+03 2.037374821901078903e+01
1.448407600000000002e+03 2.033601058416446250e+01
1.495303900000000112e+03 2.045270506818644307e+01
1.496888099999999895e+03 2.045241654793405317e+01
1.509666400000000067e+03 2.046210767351923465e+01
1.549317500000000109e+03 2.060250661510279002e+01
1.551433199999999943e+03 2.060290097699979839e+01
1.552960000000000036e+03 2.060172450641156416e+01
1.588279600000000073e+03 2.070986159169550334e+01
1.596451000000000022e+03 2.071022389578669021e+01
1.606958200000000033e+03 2.073934612253205856e+01
1.657358199999999897e+03 2.083972470995318460e+01
1.658010700000000043e+03 2.084022389578668921e+01
1.664476300000000037e+03 2.085785009159372905e+01
1.691046499999999924e+03 2.095208884591898979e+01
1.696249900000000025e+03 2.095202320374516347e+01
1.720256800000000112e+03 2.095674129859556345e+01
1.741544699999999921e+03 2.108487991044168552e+01
1.747975500000000011e+03 2.108463922247099731e+01
1.762501400000000103e+03 2.108764400569916475e+01
1.794695200000000114e+03 2.120660034602076038e+01
1.795265100000000075e+03 2.120588591491960173e+01
1.812351000000000113e+03 2.119808518216975557e+01
1.841061200000000099e+03 2.132695857927946292e+01
1.847009099999999989e+03 2.132694229594952162e+01
1.864307800000000043e+03 2.133554956238550560e+01
1.891969499999999925e+03 2.145367138204762725e+01
1.903938799999999901e+03 2.145328770608589508e+01
1.907797600000000102e+03 2.147439700793812278e+01
1.943081699999999955e+03 2.158564115611642720e+01
1.945891800000000103e+03 2.158514247913698370e+01
1.962469299999999976e+03 2.156607826175453013e+01
1.985801200000000108e+03 2.173490789741502027e+01
1.995019399999999905e+03 2.173445298188479313e+01
2.006912199999999984e+03 2.173874516588642436e+01
2.038971500000000106e+03 2.183034703846936608e+01
2.048035199999999804e+03 2.182959495216771728e+01
2.060799700000000030e+03 2.181205729696722884e+01
2.089361899999999878e+03 2.196468959902300000e+01
2.091679900000000089e+03 2.196446163240382532e+01
2.106338099999999940e+03 2.198256208019540026e+01
2.145783899999999903e+03 2.209765214736413697e+01
2.150251299999999901e+03 2.212108792998168028e+01
2.151696600000000217e+03 2.209835487482190075e+01
2.173211699999999837e+03 2.221012975778546661e+01
2.184804999999999836e+03 2.221002849582739458e+01
2.219784400000000005e+03 2.218536077752900582e+01
2.236435599999999795e+03 2.232694484021982362e+01
2.252176899999999932e+03 2.232650213718705245e+01
2.260282700000000204e+03 2.232991044168532468e+01
2.289177599999999984e+03 2.248413545695094484e+01
2.292074599999999919e+03 2.248415021371870637e+01
2.324177599999999984e+03 2.248114237736616872e+01
2.352061900000000151e+03 2.260483309586810563e+01
2.355762999999999920e+03 2.260320578058212959e+01
2.358675999999999931e+03 2.260289843272949284e+01
2.390874800000000050e+03 2.271999287604315043e+01
2.391688200000000052e+03 2.271895074292692840e+01
2.412056300000000192e+03 2.270579940972928767e+01
2.452282499999999800e+03 2.280729086098106961e+01
2.454697400000000016e+03 2.280723946672094371e+01
