1.028951299999999947e+02 -6.194831154075244761e+00
1.268496099999999984e+02 -6.194392477946525588e+00
1.505532300000000134e+02 -6.194243620793711713e+00
1.764821499999999901e+02 -6.194141857479435131e+00
1.988997500000000116e+02 -6.193530271913720853e+00
2.254570999999999970e+02 -6.193526854654215263e+00
2.500115000000000123e+02 -6.193200526048208587e+00
2.747373999999999796e+02 -6.192869174762711815e+00
2.992143300000000181e+02 -6.192279586378361067e+00
3.229418400000000133e+02 -6.191552231950480767e+00
3.487429500000000075e+02 -6.191151805386972740e+00
3.706032000000000153e+02 -6.189849624488833690e+00
3.964128499999999917e+02 -6.189077397950767612e+00
4.241796400000000062e+02 -6.189270117430112350e+00
4.487724099999999794e+02 -6.187787414725991475e+00
4.738867000000000189e+02 -6.187389565856056706e+00
5.001823800000000233e+02 -6.186350661268595452e+00
5.221443000000000438e+02 -6.185148039074339188e+00
5.500438000000000329e+02 -6.184361429441981528e+00
5.714079799999999523e+02 -6.182770206689418124e+00
5.984407499999999800e+02 -6.181724928020209120e+00
6.241098299999999881e+02 -6.180990654031389475e+00
6.506224099999999453e+02 -6.179664345921248803e+00
6.699804400000000442e+02 -6.177139777393810149e+00
7.007489500000000362e+02 -6.176557005223459740e+00
7.182728799999999865e+02 -6.174137361251950118e+00
7.493204100000000381e+02 -6.173843493136449645e+00
7.654417399999999816e+02 -6.170288808676501979e+00
7.919968599999999697e+02 -6.168126255992298468e+00
8.209247400000000425e+02 -6.167795814482643024e+00
8.456135799999999563e+02 -6.165158932927641722e+00
8.594504899999999452e+02 -6.160690049234600174e+00
8.959499799999999823e+02 -6.160636274690783232e+00
9.190961399999999912e+02 -6.159799338038658867e+00
9.535694700000000239e+02 -6.158956647830421183e+00
9.672441800000000285e+02 -6.155680821013349124e+00
9.994234199999999646e+02 -6.154824647642161750e+00
1.022771200000000022e+03 -6.152970731392651160e+00
1.050926300000000083e+03 -6.151625326662549575e+00
1.067644999999999982e+03 -6.147892792539033202e+00
1.092802699999999959e+03 -6.143829186576051704e+00
1.119692199999999957e+03 -6.143533558137253436e+00
1.152500700000000052e+03 -6.143160639062214656e+00
1.174350799999999936e+03 -6.141121048923413817e+00
1.207672199999999975e+03 -6.140217179014606508e+00
1.215739600000000110e+03 -6.133983507490817999e+00
1.234073000000000093e+03 -6.129285848981563589e+00
1.266859200000000101e+03 -6.129921311055440469e+00
1.293377300000000105e+03 -6.125997712287429842e+00
1.314552799999999934e+03 -6.125084864451113553e+00
1.351882399999999961e+03 -6.124671702488536873e+00
1.366239800000000059e+03 -6.121105236600459243e+00
1.389913299999999936e+03 -6.117478208134317974e+00
1.411510199999999941e+03 -6.115385882106073367e+00
1.440780500000000075e+03 -6.112357478147508516e+00
1.453524699999999939e+03 -6.109727519743576529e+00
1.494857400000000098e+03 -6.110370101845205681e+00
1.500144199999999955e+03 -6.104140162628581834e+00
1.541259700000000066e+03 -6.106384949589652500e+00
1.557333699999999908e+03 -6.101658859832238768e+00
1.598645800000000008e+03 -6.103047185017270948e+00
1.621755000000000109e+03 -6.101066457768107298e+00
1.655677400000000034e+03 -6.094578593374476938e+00
1.659226200000000063e+03 -6.099378585310336831e+00
1.695656899999999951e+03 -6.088658747108705249e+00
1.699552599999999984e+03 -6.095067348972054155e+00
1.732255900000000111e+03 -6.088886142619482911e+00
1.768817700000000059e+03 -6.090012225687916114e+00
1.796919000000000096e+03 -6.086926370758905414e+00
1.820030400000000100e+03 -6.086415273926654379e+00
1.848640900000000101e+03 -6.083936835882020944e+00
1.864712600000000066e+03 -6.081744244750879602e+00
1.904032500000000027e+03 -6.080269185083277073e+00
1.919379699999999957e+03 -6.078816937230641315e+00
1.942586399999999912e+03 -6.073955858986262335e+00
1.961458000000000084e+03 -6.073300246537259639e+00
1.990934099999999944e+03 -6.070886312004870611e+00
2.000866099999999960e+03 -6.068783669172362671e+00
2.050467200000000048e+03 -6.067535199691358905e+00
2.062352400000000216e+03 -6.072994794912340843e+00
2.074487000000000080e+03 -6.064367124717738200e+00
2.105345699999999852e+03 -6.063976099152058374e+00
2.155842200000000048e+03 -6.067117463781248610e+00
2.168478500000000167e+03 -6.063949739310357856e+00
2.189394999999999982e+03 -6.061333969012602019e+00
2.210752599999999802e+03 -6.055896143916725372e+00
2.253382399999999961e+03 -6.060138859845483950e+00
2.261742699999999786e+03 -6.052509811713685295e+00
2.278696500000000015e+03 -6.050200766795211571e+00
2.313681300000000192e+03 -6.054234348172320423e+00
2.367360799999999927e+03 -6.053718121667787777e+00
2.376062899999999900e+03 -6.056801799573309886e+00
2.405115600000000086e+03 -6.053786854688858021e+00
2.412874899999999798e+03 -6.049283018220797281e+00
2.452396799999999985e+03 -6.047286701048452784e+00
