1.227340700000000027e+02 -1.520099391936726496e+00
1.331921199999999885e+02 -1.520001459154699530e+00
1.715730200000000139e+02 -1.519293164863479539e+00
1.734225500000000011e+02 -1.519905490006567161e+00
1.822080599999999890e+02 -1.519135756500402890e+00
2.209175700000000120e+02 -1.518328769005988788e+00
2.209476600000000133e+02 -1.518212743677093135e+00
2.311934100000000001e+02 -1.517938412768701006e+00
2.683814899999999852e+02 -1.516192206692866140e+00
2.701257800000000202e+02 -1.516752951091224988e+00
2.777905000000000086e+02 -1.515700289700665504e+00
3.173711400000000253e+02 -1.513996534336239597e+00
3.189712499999999977e+02 -1.514514407939451690e+00
3.284069600000000264e+02 -1.513762906557256427e+00
3.686190700000000220e+02 -1.512275370467481173e+00
3.699120700000000284e+02 -1.512496823764570619e+00
3.770955200000000218e+02 -1.511211256811674897e+00
4.164865899999999783e+02 -1.509339014894657938e+00
4.189084399999999846e+02 -1.510066322408933903e+00
4.271343100000000277e+02 -1.508852399320795179e+00
4.665701300000000060e+02 -1.506556248864596936e+00
4.676702900000000227e+02 -1.506936479347304125e+00
4.737386799999999880e+02 -1.505209075029172894e+00
5.159478000000000293e+02 -1.503600924040553233e+00
5.159788300000000163e+02 -1.503517861036472336e+00
5.225052100000000337e+02 -1.501869725374199493e+00
5.631275900000000547e+02 -1.500272040157117015e+00
5.641068900000000212e+02 -1.500448422626247780e+00
5.759032799999999952e+02 -1.500416404104247370e+00
6.105504899999999679e+02 -1.496297425769295364e+00
6.128292500000000018e+02 -1.496950290010928386e+00
6.248981499999999869e+02 -1.496744521685620555e+00
6.633014799999999696e+02 -1.493998875171616003e+00
6.650554899999999634e+02 -1.494369276694502258e+00
6.741527499999999691e+02 -1.493347804182954652e+00
7.104695400000000518e+02 -1.489527889034870212e+00
7.142377999999999929e+02 -1.490573451491868484e+00
7.186973500000000286e+02 -1.488421174171874473e+00
7.558087199999999939e+02 -1.485370280530665221e+00
7.613410800000000336e+02 -1.486844470725261047e+00
7.746947400000000243e+02 -1.487258391867916529e+00
8.103152199999999539e+02 -1.484232922248151620e+00
8.153157300000000305e+02 -1.485447697196212502e+00
8.240268300000000181e+02 -1.484492586372815559e+00
8.653034300000000485e+02 -1.478814284477629748e+00
8.664853699999999890e+02 -1.482218251874203752e+00
8.706439699999999675e+02 -1.483399428839417888e+00
9.136403599999999869e+02 -1.479286732394154535e+00
9.161639800000000378e+02 -1.479845254832714119e+00
9.211793400000000247e+02 -1.477727261840300566e+00
9.586074999999999591e+02 -1.475628710477220329e+00
9.603176700000000210e+02 -1.476014798637916625e+00
9.651991299999999683e+02 -1.474559625205222213e+00
1.008998100000000022e+03 -1.472952803689692391e+00
1.012950600000000009e+03 -1.474030119608032541e+00
1.023070000000000050e+03 -1.473115909158558168e+00
1.053164600000000064e+03 -1.469569176334196481e+00
1.054601799999999912e+03 -1.469917822714681854e+00
1.065009999999999991e+03 -1.469845319425958641e+00
1.105051300000000083e+03 -1.467956562656164810e+00
1.107806499999999915e+03 -1.468626601822407229e+00
1.114836800000000039e+03 -1.467244603546873138e+00
1.152819500000000062e+03 -1.464638333043521312e+00
1.153959599999999909e+03 -1.464917348001297803e+00
1.168606399999999894e+03 -1.465467322037046438e+00
1.202126299999999901e+03 -1.462485722940394028e+00
1.205632800000000088e+03 -1.463407030654467755e+00
1.213941600000000108e+03 -1.462457931519593579e+00
1.258462600000000066e+03 -1.463164372024250426e+00
1.261058800000000019e+03 -1.463776768767990566e+00
1.266026200000000017e+03 -1.461733645632143475e+00
1.304148500000000013e+03 -1.459929900494247201e+00
1.307379300000000057e+03 -1.460735256882883970e+00
1.321671700000000101e+03 -1.461171578082056666e+00
1.349427100000000110e+03 -1.457107027760122131e+00
1.350584399999999960e+03 -1.457405958423777514e+00
1.367074299999999994e+03 -1.458503599186889765e+00
1.404979100000000017e+03 -1.456908280965732772e+00
1.407311699999999973e+03 -1.457549366789203438e+00
1.412217599999999948e+03 -1.455583821169895264e+00
1.449601899999999887e+03 -1.453744539713063055e+00
1.452193700000000035e+03 -1.454402053803316885e+00
1.461452999999999975e+03 -1.453522563451554950e+00
1.501935300000000097e+03 -1.452430797881841817e+00
1.501993699999999990e+03 -1.452452663203534167e+00
1.519830699999999979e+03 -1.453380440931500983e+00
1.552106800000000021e+03 -1.450820221700590995e+00
1.556374099999999999e+03 -1.451950016775639174e+00
1.563415899999999965e+03 -1.450352743972443292e+00
1.589090500000000020e+03 -1.446966579285046350e+00
1.598655099999999948e+03 -1.449407771625719210e+00
1.610828899999999976e+03 -1.449169840540799337e+00
1.642864499999999907e+03 -1.445690079064976930e+00
1.648649100000000089e+03 -1.447160528596200146e+00
1.671155299999999897e+03 -1.449522845248382596e+00
1.693181499999999915e+03 -1.443535649995374648e+00
1.702420000000000073e+03 -1.445905260345239141e+00
1.714668699999999944e+03 -1.445587567630487680e+00
1.746372399999999971e+03 -1.443651608526117069e+00
1.749143399999999929e+03 -1.444353057769978799e+00
1.765013899999999921e+03 -1.444205694444139043e+00
1.790388099999999895e+03 -1.439680248149333153e+00
1.798063300000000027e+03 -1.441624240684098224e+00
1.806440000000000055e+03 -1.439767954566616215e+00
1.840595199999999977e+03 -1.437811421582562144e+00
1.841633700000000090e+03 -1.438029823268490492e+00
1.860965599999999995e+03 -1.440108106780495278e+00
1.894826499999999896e+03 -1.436832768000289917e+00
1.900947499999999991e+03 -1.438387283160754926e+00
1.925781999999999925e+03 -1.440179010190500097e+00
1.951090999999999894e+03 -1.437941715521584118e+00
1.963196200000000090e+03 -1.441101427540619984e+00
1.969008399999999938e+03 -1.437947422561246302e+00
1.991650900000000092e+03 -1.432971731023534812e+00
2.002275399999999991e+03 -1.435685402053574755e+00
2.007971700000000055e+03 -1.433228179986175910e+00
2.038766100000000051e+03 -1.430985756503841522e+00
2.048469500000000153e+03 -1.433450160941772911e+00
2.069272199999999884e+03 -1.435004340099338416e+00
2.100447900000000118e+03 -1.430735922784257319e+00
2.108970800000000054e+03 -1.432961193726687732e+00
2.120805899999999838e+03 -1.431322196961819726e+00
2.126593299999999999e+03 -1.418808585085201912e+00
2.140337100000000191e+03 -1.422258537177827353e+00
2.150607199999999921e+03 -1.420986583052952223e+00
2.178792699999999968e+03 -1.419364587908177544e+00
2.186147899999999936e+03 -1.421344009984946588e+00
2.209711800000000039e+03 -1.422798407557660960e+00
2.244729699999999866e+03 -1.419656595200831317e+00
2.249940599999999904e+03 -1.421007024146033526e+00
2.251384399999999914e+03 -1.416663096277560152e+00
2.286956900000000132e+03 -1.414733659672887001e+00
2.292960700000000088e+03 -1.416220322870340720e+00
2.325678399999999783e+03 -1.419630107675861730e+00
2.336399899999999889e+03 -1.410802347911347177e+00
2.348611699999999928e+03 -1.413926825561597322e+00
2.348797000000000025e+03 -1.409334794434054849e+00
2.391092200000000048e+03 -1.407647838422755759e+00
2.400012299999999868e+03 -1.409915901350101697e+00
2.415102699999999913e+03 -1.409142329700446172e+00
2.444805400000000191e+03 -1.405250592714099911e+00
2.448171400000000176e+03 -1.406110695417392975e+00
