9.825345799999999485e+01 1.734444738449012746e+01
1.001987599999999929e+02 1.734987024221453566e+01
1.269481499999999983e+02 1.736885304294728272e+01
1.495903000000000134e+02 1.739679116629350730e+01
1.502335199999999986e+02 1.739932118868308564e+01
1.771671399999999892e+02 1.742109963362507585e+01
1.980698800000000119e+02 1.744908864237736523e+01
1.997992199999999912e+02 1.743538978221046420e+01
2.255530100000000004e+02 1.747632760024425025e+01
2.485664400000000001e+02 1.749817372277630767e+01
2.504969499999999982e+02 1.750515876246692315e+01
2.742996600000000171e+02 1.753201404437207600e+01
2.988604399999999828e+02 1.756245674740484475e+01
2.994800099999999929e+02 1.755107520863016290e+01
3.223285999999999945e+02 1.758353399145125096e+01
3.494483299999999986e+02 1.762294830042743854e+01
3.519241299999999910e+02 1.761752646041115256e+01
3.723399900000000002e+02 1.768192652147363830e+01
3.978795499999999947e+02 1.774073834724201149e+01
4.041536800000000085e+02 1.772447791573376819e+01
4.231104300000000080e+02 1.777872888255648220e+01
4.486386999999999716e+02 1.783108742112762357e+01
4.511834999999999809e+02 1.783179879910441556e+01
4.687129800000000159e+02 1.789873244453490742e+01
4.956277699999999982e+02 1.793821392224710110e+01
4.995764500000000226e+02 1.796325310400976960e+01
5.207702500000000327e+02 1.802303175249338452e+01
5.524458700000000135e+02 1.806777478119275315e+01
5.573748100000000250e+02 1.806443669855485368e+01
5.721753999999999678e+02 1.814746743334011825e+01
5.968240899999999556e+02 1.818112507632810804e+01
5.997294000000000551e+02 1.818329126806431972e+01
6.182549299999999448e+02 1.825681610014247980e+01
6.457633200000000215e+02 1.828818695298188501e+01
6.515217900000000100e+02 1.829555159780175089e+01
6.702877999999999474e+02 1.837408609810706039e+01
6.972324599999999464e+02 1.840531345410136055e+01
7.067270099999999502e+02 1.842667870954610265e+01
7.145580800000000181e+02 1.849733309586810748e+01
7.452582400000000007e+02 1.852401027885202467e+01
7.522713300000000345e+02 1.852387594138001248e+01
7.666915299999999434e+02 1.857752391614085141e+01
8.001659200000000283e+02 1.863341390189293634e+01
8.077714600000000473e+02 1.862553277020150588e+01
8.191517099999999800e+02 1.872396651740281115e+01
8.499978899999999840e+02 1.873183187461836141e+01
8.553511799999999994e+02 1.874877264400570098e+01
8.648786300000000438e+02 1.883741247710156941e+01
8.964580499999999574e+02 1.889522084266232582e+01
9.078177799999999706e+02 1.890863118257683695e+01
9.132923399999999674e+02 1.893739721147974819e+01
9.565004699999999502e+02 1.900923468349277456e+01
9.593030499999999847e+02 1.899617239975574989e+01
9.722064699999999675e+02 1.904396549969468921e+01
9.942377400000000307e+02 1.908366578465296115e+01
9.986174899999999752e+02 1.907387288825564653e+01
1.015253299999999967e+03 1.915159729289639756e+01
1.042150499999999965e+03 1.921829483004274408e+01
1.055143600000000106e+03 1.920666395277834226e+01
1.061300700000000006e+03 1.928809637695908563e+01
1.092569999999999936e+03 1.931358589456543839e+01
1.107584399999999960e+03 1.931257174842255253e+01
1.120015799999999899e+03 1.937712141257887311e+01
1.140333399999999983e+03 1.945248575208630015e+01
1.153664999999999964e+03 1.944796203948707358e+01
1.167139599999999973e+03 1.949036891919397263e+01
1.188457100000000082e+03 1.953433543659678406e+01
1.205759800000000041e+03 1.955690362304091323e+01
1.218983500000000049e+03 1.954687105638102906e+01
1.228603699999999890e+03 1.964360065133319821e+01
1.261898799999999937e+03 1.962983513128434865e+01
1.269871100000000069e+03 1.966414359861591521e+01
1.300226300000000037e+03 1.975062843476490926e+01
1.307541899999999941e+03 1.970294473844901262e+01
1.314186200000000099e+03 1.976176928556889933e+01
1.351838700000000017e+03 1.986945247303073359e+01
1.355908200000000079e+03 1.985733614899247002e+01
1.367655799999999999e+03 1.990113372684714221e+01
1.393361100000000079e+03 1.998700488499898142e+01
1.395531600000000026e+03 1.996556940769387367e+01
1.411013300000000072e+03 2.004470130266639316e+01
1.443514400000000023e+03 2.009281599837166965e+01
1.456853200000000015e+03 2.006513026663952814e+01
1.467070999999999913e+03 2.009649704864644804e+01
1.509057700000000068e+03 2.021641308772644052e+01
1.509259199999999964e+03 2.018082994097292726e+01
1.522802500000000009e+03 2.020298341135762499e+01
1.548081500000000005e+03 2.031253765520048660e+01
1.564515699999999924e+03 2.031730460004070693e+01
1.565587500000000091e+03 2.030835894565438693e+01
1.585828899999999976e+03 2.037182118868308578e+01
1.599218800000000101e+03 2.042807246081823536e+01
1.616039600000000064e+03 2.043078159983716446e+01
1.645163999999999987e+03 2.057427182983920488e+01
1.654780099999999948e+03 2.053164105434561293e+01
1.659993500000000040e+03 2.054005444738449171e+01
1.697558600000000069e+03 2.065985039690616887e+01
1.698479100000000017e+03 2.062956747404844293e+01
1.711303100000000086e+03 2.071515011194789224e+01
1.729774100000000089e+03 2.078364390392835404e+01
1.740643700000000081e+03 2.071441125585182164e+01
1.760310400000000072e+03 2.077205424384286303e+01
1.788716599999999971e+03 2.083463209851414533e+01
1.803595299999999952e+03 2.088409423977203261e+01
1.814247800000000097e+03 2.087798595562792414e+01
1.836062799999999925e+03 2.103600396906167092e+01
1.845618999999999915e+03 2.101890240179116631e+01
1.866906700000000001e+03 2.105070323631182561e+01
1.894255699999999933e+03 2.105953388968044138e+01
1.895756100000000060e+03 2.109623600651332964e+01
1.903732999999999947e+03 2.113079025035619551e+01
1.953688400000000001e+03 2.118649450437614590e+01
1.955026200000000017e+03 2.122019234683492783e+01
1.967349699999999984e+03 2.124098717687767035e+01
1.987245400000000018e+03 2.129914258090779455e+01
1.994285000000000082e+03 2.131565489517606338e+01
2.012182399999999916e+03 2.141871768776714902e+01
2.035528000000000020e+03 2.146899959291675231e+01
2.048154700000000048e+03 2.147523000203541343e+01
2.075539999999999964e+03 2.147583299409729207e+01
2.085729899999999816e+03 2.168336454304905203e+01
2.101586499999999887e+03 2.151853602686749412e+01
2.125523200000000088e+03 2.157224455526155182e+01
2.149413199999999961e+03 2.165916955017301149e+01
2.157465099999999893e+03 2.172229238754325209e+01
2.166678300000000036e+03 2.174794880928149965e+01
2.207398499999999785e+03 2.186572206391207018e+01
2.209027700000000095e+03 2.191624618359454502e+01
2.224325299999999970e+03 2.183832637899450191e+01
2.238192700000000059e+03 2.200043099938937274e+01
2.258116799999999785e+03 2.202939090168939629e+01
2.267253799999999956e+03 2.192769997964583695e+01
2.295931099999999788e+03 2.204222114797476095e+01
2.313988800000000083e+03 2.207025544473844647e+01
2.321070999999999913e+03 2.204536586606961279e+01
2.344863400000000183e+03 2.225966822715245286e+01
2.344891299999999774e+03 2.224430846733157097e+01
2.370326100000000224e+03 2.223102584978628116e+01
2.389024399999999787e+03 2.236450132302055849e+01
2.408025999999999840e+03 2.240356452269488940e+01
2.410243199999999888e+03 2.237042896397313285e+01
2.449124800000000050e+03 2.252841237533075613e+01
