1.000155199999999951e+02 -3.318644676037597829e+00
1.002250400000000070e+02 -3.318724436488182050e+00
1.269256100000000060e+02 -3.318441333682691230e+00
1.491622399999999971e+02 -3.318219204355245200e+00
1.514831800000000044e+02 -3.318578169384307497e+00
1.751083700000000078e+02 -3.317835812415702357e+00
1.996847099999999955e+02 -3.318082935097378616e+00
1.998273299999999892e+02 -3.317722033987585917e+00
2.255116500000000030e+02 -3.317642218873321891e+00
2.502503600000000006e+02 -3.317068606258187113e+00
2.516106499999999926e+02 -3.316945151268766434e+00
2.727126600000000280e+02 -3.316179750967577444e+00
2.998720700000000079e+02 -3.315302922637620497e+00
3.019564700000000244e+02 -3.316680881881960641e+00
3.227009400000000028e+02 -3.314630092912707049e+00
3.499184200000000260e+02 -3.313266953813307936e+00
3.509237699999999904e+02 -3.314200172496880814e+00
3.717706499999999892e+02 -3.311232443123052871e+00
4.023995800000000145e+02 -3.311038174572014992e+00
4.044560900000000174e+02 -3.310520769818625642e+00
4.230714500000000271e+02 -3.307351071769356832e+00
4.507452499999999986e+02 -3.306960622640515268e+00
4.535301699999999983e+02 -3.306668469178844383e+00
4.734230699999999956e+02 -3.302923433082370686e+00
4.981637299999999868e+02 -3.301447363050425743e+00
5.052235900000000015e+02 -3.302510672000971148e+00
5.203133800000000520e+02 -3.297882831113361224e+00
5.470100400000000036e+02 -3.296731172207014282e+00
5.548933600000000297e+02 -3.297942686610715768e+00
5.717027900000000500e+02 -3.293959539201473774e+00
5.960031500000000051e+02 -3.292403990502690281e+00
5.960090800000000399e+02 -3.292400231443520120e+00
6.165223200000000361e+02 -3.288285390541598741e+00
6.487890899999999874e+02 -3.288180117349655429e+00
6.568608000000000402e+02 -3.289870672198109247e+00
6.714559799999999541e+02 -3.285580260931372010e+00
6.988856899999999541e+02 -3.282816664898785319e+00
7.005430499999999938e+02 -3.284401903391253708e+00
7.189978599999999460e+02 -3.281122360870249111e+00
7.422082100000000082e+02 -3.280968363003510468e+00
7.499715300000000298e+02 -3.280658981213938841e+00
7.676748400000000174e+02 -3.278263677162879919e+00
8.014100399999999809e+02 -3.276845471984357161e+00
8.034134400000000369e+02 -3.278812098280733611e+00
8.129340099999999438e+02 -3.272626143691014011e+00
8.418749699999999621e+02 -3.271519417430032384e+00
8.478070500000000038e+02 -3.274508504366912209e+00
8.679449499999999489e+02 -3.270713941817490422e+00
9.051674600000000055e+02 -3.270383567174428130e+00
9.084358600000000479e+02 -3.270580487998759001e+00
9.145565900000000283e+02 -3.267857404354167272e+00
9.545559899999999516e+02 -3.267831823334768071e+00
9.567640699999999470e+02 -3.268768827357480866e+00
9.687031799999999748e+02 -3.265973887984354285e+00
9.964310000000000400e+02 -3.263761356879340880e+00
1.005083399999999983e+03 -3.266852184309970042e+00
1.019309899999999971e+03 -3.263185370940076435e+00
1.050382900000000063e+03 -3.261500010795006510e+00
1.056668100000000095e+03 -3.262660734338329593e+00
1.069206100000000106e+03 -3.260846083010699115e+00
1.102090300000000070e+03 -3.258562090701239367e+00
1.104817500000000109e+03 -3.259391184817052256e+00
1.120528999999999996e+03 -3.259105525700096706e+00
1.141121599999999944e+03 -3.255968457197058186e+00
1.147723400000000083e+03 -3.256865261809355427e+00
1.159446300000000065e+03 -3.253840806841208799e+00
1.197000500000000102e+03 -3.254356764831224602e+00
1.204028499999999894e+03 -3.254899930152450160e+00
1.222916799999999967e+03 -3.254813819191096691e+00
1.251614399999999932e+03 -3.252310422146677205e+00
1.261151200000000017e+03 -3.251154716662985944e+00
1.261978000000000065e+03 -3.255813708226821035e+00
1.293992600000000039e+03 -3.250103248140256973e+00
1.299429000000000087e+03 -3.250959663127503507e+00
1.320289299999999912e+03 -3.250772626783099639e+00
1.347137899999999945e+03 -3.247060969964492116e+00
1.349860300000000052e+03 -3.248223445615028737e+00
1.359622100000000046e+03 -3.247632318672026841e+00
1.388912600000000111e+03 -3.246452867733597536e+00
1.392479299999999967e+03 -3.247721612964552307e+00
1.414549700000000030e+03 -3.245857283330805476e+00
1.441617600000000039e+03 -3.245220893101456117e+00
1.463858999999999924e+03 -3.245186695468831317e+00
1.466727300000000014e+03 -3.248975735093081241e+00
1.502517599999999902e+03 -3.244981751285182181e+00
1.511567800000000034e+03 -3.243493044640273215e+00
1.513919000000000096e+03 -3.247274039687154890e+00
1.533949000000000069e+03 -3.237700565131430785e+00
1.534485100000000102e+03 -3.238415180451307496e+00
1.570495899999999892e+03 -3.241648462852038559e+00
1.580543899999999894e+03 -3.242879034463720167e+00
1.609622100000000046e+03 -3.239837453666785994e+00
1.610475400000000036e+03 -3.243266984182440194e+00
1.636674999999999955e+03 -3.238059235302957362e+00
1.645641300000000001e+03 -3.237923762509574477e+00
1.671629599999999982e+03 -3.242078699588463842e+00
1.701376800000000003e+03 -3.236180046221071471e+00
1.705324200000000019e+03 -3.237879033714336163e+00
1.714237800000000107e+03 -3.239378420536648040e+00
1.754911200000000008e+03 -3.236317790260767158e+00
1.759180100000000039e+03 -3.241685837355619881e+00
1.764911900000000060e+03 -3.237644570681078360e+00
1.808912800000000061e+03 -3.238131830779964915e+00
1.814360899999999901e+03 -3.236353014801866657e+00
1.824465899999999920e+03 -3.240700041975085988e+00
1.846841499999999996e+03 -3.235227303437838486e+00
1.851912600000000111e+03 -3.233811741920565197e+00
1.853217900000000100e+03 -3.231075556775206081e+00
1.890442299999999932e+03 -3.234475876311812215e+00
1.896711499999999887e+03 -3.233368571820735227e+00
1.911643399999999929e+03 -3.232675640886000235e+00
1.955429100000000062e+03 -3.234064879957216920e+00
1.963233699999999999e+03 -3.232331404960064880e+00
1.964503400000000056e+03 -3.234531416465237452e+00
1.992396899999999960e+03 -3.231406954064738990e+00
1.996180100000000039e+03 -3.234126285180030091e+00
2.011462199999999939e+03 -3.230993254902975398e+00
2.045618999999999915e+03 -3.232637227144506742e+00
2.055878400000000056e+03 -3.230763432970995552e+00
2.060892600000000130e+03 -3.229423279725041507e+00
2.095471900000000005e+03 -3.228417419025845891e+00
2.101558100000000195e+03 -3.226693703009985370e+00
2.111956099999999878e+03 -3.225294117469116095e+00
2.140595800000000054e+03 -3.227815849821944916e+00
2.159159900000000107e+03 -3.227352317913095625e+00
2.172971700000000055e+03 -3.231095241177159405e+00
2.210498199999999997e+03 -3.230736543763090829e+00
2.213732100000000173e+03 -3.226672662890537335e+00
2.214885099999999966e+03 -3.226013327430491184e+00
2.245403899999999794e+03 -3.220588674790606731e+00
2.249177400000000034e+03 -3.225055243835751373e+00
2.267083200000000033e+03 -3.224776962832175187e+00
2.288069399999999860e+03 -3.225094843368820019e+00
2.296795200000000023e+03 -3.229683121634004728e+00
2.317268399999999929e+03 -3.223692775921001008e+00
2.329215400000000045e+03 -3.219566678631039292e+00
2.361796100000000024e+03 -3.220855355185213043e+00
2.378298099999999977e+03 -3.226256195278792482e+00
2.390522399999999834e+03 -3.222153698850864778e+00
2.407077000000000226e+03 -3.222735092108959254e+00
2.414895199999999932e+03 -3.222163590137057554e+00
2.445340700000000197e+03 -3.221563057395537832e+00
