1.008270399999999967e+02 -4.252376605265788534e+00
1.267704499999999967e+02 -4.252147201786531383e+00
1.502750299999999868e+02 -4.252090690988571176e+00
1.754181800000000067e+02 -4.251935902433293002e+00
2.010769099999999980e+02 -4.252177224695026680e+00
2.249466600000000085e+02 -4.251734250524917158e+00
2.499270199999999988e+02 -4.251495091741211318e+00
2.745033999999999992e+02 -4.251343283180129440e+00
2.993406899999999951e+02 -4.250720557452332571e+00
3.210286899999999832e+02 -4.250032965164636245e+00
3.541478999999999928e+02 -4.250907783796478157e+00
3.716924099999999953e+02 -4.249739033134368960e+00
3.994747699999999782e+02 -4.249094184037778277e+00
4.167973299999999881e+02 -4.247999135687892114e+00
4.500951400000000149e+02 -4.248175977797179037e+00
4.692388000000000261e+02 -4.247489639858171628e+00
5.064304000000000201e+02 -4.248575048026436818e+00
5.207536999999999807e+02 -4.246741268746649034e+00
5.492097899999999981e+02 -4.246285959660981213e+00
5.690348099999999931e+02 -4.244837134646885168e+00
5.932723999999999478e+02 -4.243837463273807842e+00
6.218863900000000058e+02 -4.244192005623640185e+00
6.513516200000000254e+02 -4.242873113615703851e+00
6.683953099999999949e+02 -4.241366973243585470e+00
6.982009600000000091e+02 -4.240867971378511569e+00
7.194736000000000331e+02 -4.238693446017570032e+00
7.541235100000000102e+02 -4.237438538371086416e+00
7.710674699999999575e+02 -4.236276705366757156e+00
7.962180200000000241e+02 -4.233930821513599341e+00
8.216545200000000477e+02 -4.233378584611810602e+00
8.493093400000000202e+02 -4.231806859957673694e+00
8.655413499999999658e+02 -4.227754073643071209e+00
9.030908500000000458e+02 -4.227614481152916603e+00
9.228963199999999460e+02 -4.224235454506922061e+00
9.451133499999999685e+02 -4.221375752591865371e+00
9.651373800000000074e+02 -4.218914310898623121e+00
9.956320100000000366e+02 -4.217830244760281566e+00
1.014560399999999959e+03 -4.213305790351394187e+00
1.060846900000000005e+03 -4.213690101042587344e+00
1.066952800000000025e+03 -4.211056863580311393e+00
1.098600899999999911e+03 -4.209901920551210708e+00
1.119740199999999959e+03 -4.205386492230275941e+00
1.156825900000000047e+03 -4.204325909258638916e+00
1.166594800000000077e+03 -4.200593070076480195e+00
1.199440200000000004e+03 -4.200595963538943600e+00
1.211186300000000074e+03 -4.197993036458615990e+00
1.246520899999999983e+03 -4.197701263446932174e+00
1.261323399999999992e+03 -4.190105095790094936e+00
1.301165199999999913e+03 -4.192062128434421275e+00
1.314210800000000063e+03 -4.188651040505861900e+00
1.352694300000000112e+03 -4.188692046665060786e+00
1.361082400000000007e+03 -4.182095424548141871e+00
1.399658599999999979e+03 -4.183633782435532744e+00
1.417148699999999963e+03 -4.179193485550482201e+00
1.447141200000000026e+03 -4.176133435392770821e+00
1.462827099999999973e+03 -4.174133749251021541e+00
1.494330400000000054e+03 -4.171307136837897112e+00
1.512888400000000047e+03 -4.171241631051435306e+00
1.541664199999999937e+03 -4.167581012852948241e+00
1.558161100000000033e+03 -4.165759182978606923e+00
1.587883700000000090e+03 -4.163043718159048723e+00
1.626591699999999946e+03 -4.164651870525503341e+00
1.634002400000000080e+03 -4.159844907707373807e+00
1.653777700000000095e+03 -4.156773367491706672e+00
1.708277100000000019e+03 -4.158827843573325467e+00
1.711931399999999940e+03 -4.153267616992395439e+00
1.751869799999999941e+03 -4.151202604544726782e+00
1.761176699999999983e+03 -4.152275069649038919e+00
1.797361400000000003e+03 -4.150467770294349101e+00
1.812946799999999939e+03 -4.148792398037100426e+00
1.854695099999999911e+03 -4.147645514845598846e+00
1.877559899999999971e+03 -4.146169028493712716e+00
1.889092799999999897e+03 -4.135705265449145962e+00
1.892486300000000028e+03 -4.146610539733672773e+00
1.959460000000000036e+03 -4.142040033549429623e+00
1.965774799999999914e+03 -4.137175537309739859e+00
1.983814800000000105e+03 -4.138292320123706958e+00
2.022569300000000112e+03 -4.136703151105377785e+00
2.031007299999999987e+03 -4.133121718975190539e+00
2.049166799999999967e+03 -4.129444440715150044e+00
2.072385299999999916e+03 -4.129903734397922577e+00
2.109010200000000168e+03 -4.129505879716414363e+00
2.171210799999999836e+03 -4.131609533111168631e+00
2.173422199999999975e+03 -4.133749715794495572e+00
2.202872199999999793e+03 -4.125436860067933864e+00
2.208794800000000123e+03 -4.124133856504751172e+00
2.250068800000000010e+03 -4.120655676270136958e+00
2.264822400000000016e+03 -4.124734176169475575e+00
2.300504500000000007e+03 -4.118797148250146201e+00
2.307193000000000211e+03 -4.122165989986548595e+00
2.358367600000000039e+03 -4.120521482530859814e+00
2.372284700000000157e+03 -4.122737791181724454e+00
2.391009100000000217e+03 -4.112807812776347660e+00
2.404773200000000088e+03 -4.118570208019542989e+00
2.439841199999999844e+03 -4.114913971161691997e+00
