1.001575200000000052e+02 -4.411637624415458703e+00
1.275458399999999983e+02 -4.410318498201095672e+00
1.501402099999999962e+02 -4.410219077717098202e+00
1.754706099999999935e+02 -4.408239350790477573e+00
1.999612300000000005e+02 -4.408321783123164472e+00
2.237477499999999964e+02 -4.405488576688678215e+00
2.522746400000000051e+02 -4.406041953470821504e+00
2.719804700000000253e+02 -4.402867424363540394e+00
3.005521200000000022e+02 -4.403333247725794486e+00
3.193412000000000148e+02 -4.399659355338263467e+00
3.508891100000000165e+02 -4.400349669351322213e+00
3.711218900000000076e+02 -4.397233919722057571e+00
4.021514199999999732e+02 -4.397643926642250456e+00
4.188628199999999993e+02 -4.393698839742286921e+00
4.532173599999999851e+02 -4.394525317829085509e+00
4.686200799999999731e+02 -4.392314931652316012e+00
4.952153400000000261e+02 -4.391956517406476301e+00
5.213424300000000358e+02 -4.390495797724272009e+00
5.501696200000000090e+02 -4.390585743512392725e+00
5.714501199999999699e+02 -4.388724872344680783e+00
6.010447699999999713e+02 -4.388168727623098953e+00
6.181157500000000482e+02 -4.386150102263367323e+00
6.572398699999999963e+02 -4.387910151123038283e+00
6.690283699999999953e+02 -4.385760990090435740e+00
7.047016499999999724e+02 -4.385825600201775920e+00
7.121419899999999643e+02 -4.382060494906626857e+00
7.499579700000000457e+02 -4.384655780996409291e+00
7.629760700000000497e+02 -4.382035975791520599e+00
7.988278500000000122e+02 -4.382719955805946199e+00
8.137862000000000080e+02 -4.380626983015904585e+00
8.463279499999999871e+02 -4.381635795796663402e+00
8.652389699999999948e+02 -4.380334563089099298e+00
9.025228399999999738e+02 -4.381315797207705032e+00
9.145082700000000386e+02 -4.379229758998238076e+00
9.470267800000000307e+02 -4.378823852194793531e+00
9.647642600000000357e+02 -4.378740658789175733e+00
1.007457700000000045e+03 -4.380358874350140042e+00
1.010391200000000026e+03 -4.377018015961365194e+00
1.053693899999999985e+03 -4.379194409049446790e+00
1.067944999999999936e+03 -4.378040061518043480e+00
1.075580600000000004e+03 -4.376119450696571711e+00
1.101739199999999983e+03 -4.374629170890804275e+00
1.135629100000000108e+03 -4.376306067636973829e+00
1.156298299999999927e+03 -4.374625805626255470e+00
1.204081100000000106e+03 -4.375882437316557017e+00
1.208061200000000099e+03 -4.377674602611945076e+00
1.239067600000000084e+03 -4.377288074298008702e+00
1.252960900000000038e+03 -4.374490241166286708e+00
1.298172100000000000e+03 -4.377007617709529619e+00
1.316692500000000109e+03 -4.378683561938828461e+00
1.342874800000000050e+03 -4.377600284283890808e+00
1.356937599999999975e+03 -4.375897257453621236e+00
1.390778900000000021e+03 -4.376532331023725853e+00
1.408451399999999921e+03 -4.375981596067491708e+00
1.450400599999999940e+03 -4.377172014882923179e+00
1.462613599999999906e+03 -4.377954801942898655e+00
1.489373800000000074e+03 -4.376229298681209912e+00
1.509146300000000110e+03 -4.376709548348856949e+00
1.532760299999999916e+03 -4.376719183541451841e+00
1.564013899999999921e+03 -4.378727520030070153e+00
1.592704500000000053e+03 -4.377655755235155155e+00
1.616952500000000100e+03 -4.380943428015861230e+00
1.643702600000000075e+03 -4.379047340977669123e+00
1.657900799999999890e+03 -4.377969283141002421e+00
1.717960499999999911e+03 -4.382071374376764972e+00
1.719187300000000050e+03 -4.380412137429540387e+00
1.757819700000000012e+03 -4.377945636796106044e+00
1.767572799999999916e+03 -4.382522879496433710e+00
1.804531099999999924e+03 -4.378578913296816033e+00
1.806924800000000005e+03 -4.383186588499061287e+00
1.857905299999999897e+03 -4.383834564653481536e+00
1.859409200000000055e+03 -4.379466737641838137e+00
1.896839199999999892e+03 -4.381731881983886190e+00
1.910734099999999899e+03 -4.384481938567877712e+00
1.952607899999999972e+03 -4.381565087656707824e+00
1.957551300000000083e+03 -4.384861475491854677e+00
2.000280899999999974e+03 -4.381553918025463012e+00
2.010232899999999972e+03 -4.385104573008193007e+00
2.046702199999999948e+03 -4.380834618010485570e+00
2.051454600000000028e+03 -4.386243851217550116e+00
2.087848300000000108e+03 -4.382794470168863477e+00
2.112553499999999985e+03 -4.384270051258274847e+00
2.131698699999999917e+03 -4.384532411867364310e+00
2.150442100000000210e+03 -4.383325643732279175e+00
2.209860799999999927e+03 -4.384752202823003486e+00
2.223686599999999999e+03 -4.388512331769212516e+00
2.248851299999999810e+03 -4.385621408639162055e+00
2.252521799999999985e+03 -4.385501661552364538e+00
2.311316899999999805e+03 -4.388507695598524272e+00
2.320603700000000117e+03 -4.389819774141248132e+00
2.360340900000000147e+03 -4.389363698027273664e+00
2.376320600000000013e+03 -4.389478841485022542e+00
2.406411500000000160e+03 -4.389149806726861058e+00
2.427275700000000143e+03 -4.390256064382542789e+00
2.457624699999999848e+03 -4.392946124872817215e+00
