1.035767199999999946e+02 -2.798571779584098529e+00
1.261059999999999945e+02 -2.797676171159924952e+00
1.519461699999999951e+02 -2.797914887773845116e+00
1.755042300000000068e+02 -2.797118233558945288e+00
1.995376599999999883e+02 -2.796539932974965392e+00
2.248567899999999895e+02 -2.795928094482970305e+00
2.502437899999999900e+02 -2.795463559522665786e+00
2.744004299999999716e+02 -2.794528906413800140e+00
3.033586199999999735e+02 -2.794999960320990962e+00
3.224629400000000032e+02 -2.792967812070355382e+00
3.504451399999999808e+02 -2.792517817125048207e+00
3.723029700000000162e+02 -2.791016353983450049e+00
3.989301100000000133e+02 -2.790402849375919647e+00
4.235251200000000154e+02 -2.789205480488738065e+00
4.464484299999999735e+02 -2.787283098357774325e+00
4.708034999999999854e+02 -2.785829063525425919e+00
4.969794800000000237e+02 -2.784738452859183422e+00
5.192096199999999726e+02 -2.782610462957149977e+00
5.516161799999999857e+02 -2.782810410290559755e+00
5.713670399999999745e+02 -2.779188892169912606e+00
6.003908300000000509e+02 -2.778537377199702618e+00
6.191575299999999515e+02 -2.775051572533717703e+00
6.494310699999999770e+02 -2.774280592443228777e+00
6.706311600000000226e+02 -2.771395320825803310e+00
6.994714400000000296e+02 -2.769466210175457910e+00
7.239271899999999960e+02 -2.767939892523029854e+00
7.425450899999999592e+02 -2.764692029620334779e+00
7.749718199999999797e+02 -2.764864726411238927e+00
7.976151599999999462e+02 -2.761379532917692892e+00
8.236297200000000203e+02 -2.760039884823427769e+00
8.508548899999999549e+02 -2.758163468120309325e+00
8.696684699999999566e+02 -2.754822441121271837e+00
8.994728999999999814e+02 -2.752864748124071781e+00
9.201601699999999937e+02 -2.750334384517020503e+00
9.451598000000000184e+02 -2.748120714230606776e+00
9.706393600000000106e+02 -2.746792564620483823e+00
1.001525800000000004e+03 -2.746331008382016936e+00
1.018927000000000021e+03 -2.742153450632115241e+00
1.041662100000000009e+03 -2.740071431398448887e+00
1.068885600000000068e+03 -2.738994705092056670e+00
1.098872699999999895e+03 -2.736831946083360112e+00
1.115613200000000006e+03 -2.734349552070005629e+00
1.148561799999999948e+03 -2.734610398957646016e+00
1.164741099999999960e+03 -2.730454631285587297e+00
1.195738299999999981e+03 -2.728461714818489980e+00
1.202986799999999903e+03 -2.722953090781481844e+00
1.244315100000000029e+03 -2.725045481864064811e+00
1.263934299999999894e+03 -2.723252434645008879e+00
1.295526299999999992e+03 -2.721907332227275766e+00
1.310592900000000100e+03 -2.718851045621819118e+00
1.353710800000000063e+03 -2.720345835612766550e+00
1.365091599999999971e+03 -2.715859900071884159e+00
1.387560199999999895e+03 -2.713567574739013999e+00
1.410769399999999905e+03 -2.713288762985737623e+00
1.447641800000000103e+03 -2.712093249400799877e+00
1.455967799999999897e+03 -2.707036140060956164e+00
1.502458900000000085e+03 -2.709617044312259360e+00
1.520474799999999959e+03 -2.708498459812907377e+00
1.543646199999999908e+03 -2.705061850360825915e+00
1.550855000000000018e+03 -2.699925621337043502e+00
1.591797199999999975e+03 -2.701525973172807848e+00
1.618128200000000106e+03 -2.701061841682357745e+00
1.640818400000000111e+03 -2.697746914273798424e+00
1.655808999999999969e+03 -2.695877371362260355e+00
1.693093599999999924e+03 -2.694447283921549197e+00
1.724663299999999936e+03 -2.695357713069991501e+00
1.761529299999999921e+03 -2.691338389451834789e+00
1.777319600000000037e+03 -2.694469855214800980e+00
1.793322799999999916e+03 -2.692295022597921861e+00
1.820643000000000029e+03 -2.690082802595999745e+00
1.857866400000000112e+03 -2.691177856488740527e+00
1.869289800000000014e+03 -2.685067629601253003e+00
1.916571699999999964e+03 -2.683836840722871653e+00
1.922544900000000098e+03 -2.685384542936328778e+00
1.950728800000000092e+03 -2.682817497481499114e+00
1.964765900000000101e+03 -2.678425148081793772e+00
2.009286499999999933e+03 -2.674039891447568706e+00
2.014102900000000091e+03 -2.677810774752745093e+00
2.059621700000000146e+03 -2.676782035952420813e+00
2.071008400000000165e+03 -2.676157843468539355e+00
2.087302900000000136e+03 -2.672327247072209033e+00
2.117302099999999882e+03 -2.672684510109224920e+00
2.162893000000000029e+03 -2.667335564675348714e+00
2.171085099999999784e+03 -2.674373139336502447e+00
2.193923499999999876e+03 -2.667689237788308798e+00
2.211539200000000164e+03 -2.665073493234645596e+00
2.264203100000000177e+03 -2.665681341225818013e+00
2.267217099999999846e+03 -2.663774635843186189e+00
2.297524800000000141e+03 -2.662558334543653427e+00
2.320381199999999808e+03 -2.661417453949995071e+00
2.331566499999999905e+03 -2.652537297734336441e+00
2.372123999999999796e+03 -2.657483138951745261e+00
2.403804999999999836e+03 -2.655135703873692243e+00
2.419190599999999904e+03 -2.653179745896736552e+00
2.453617499999999836e+03 -2.654838333700107356e+00
