9.898554500000000189e+01 -1.458203819166114412e+00
1.285102599999999882e+02 -1.458114736316125537e+00
1.505585199999999872e+02 -1.457769922213002278e+00
1.749858600000000024e+02 -1.456864949201899240e+00
1.990512799999999913e+02 -1.456687855775446572e+00
2.255720399999999870e+02 -1.456214568118389341e+00
2.516843000000000075e+02 -1.455838046338427727e+00
2.732354700000000207e+02 -1.454278219383428494e+00
2.996420200000000023e+02 -1.453772353043200294e+00
3.256986099999999738e+02 -1.453424997367496641e+00
3.490859500000000253e+02 -1.451716968658157469e+00
3.732257999999999925e+02 -1.450417960752106161e+00
4.011199300000000108e+02 -1.449485397429205014e+00
4.213438800000000128e+02 -1.447722443432668982e+00
4.506963299999999890e+02 -1.447445940430324152e+00
4.704866999999999848e+02 -1.444484188639708178e+00
5.021623700000000099e+02 -1.443675676892143933e+00
5.241010899999999992e+02 -1.441662609651508387e+00
5.513744400000000496e+02 -1.439519236672899716e+00
5.697128699999999526e+02 -1.437580307788072886e+00
5.986228700000000345e+02 -1.436992139932675050e+00
6.208843100000000277e+02 -1.433717702725572085e+00
6.560275799999999435e+02 -1.433843442471162799e+00
6.717222000000000435e+02 -1.430594738487868112e+00
7.015174299999999903e+02 -1.428364516486702485e+00
7.227159100000000080e+02 -1.426612809926394165e+00
7.515257199999999784e+02 -1.424469380082013847e+00
7.712970100000000002e+02 -1.423311722802570234e+00
7.947410099999999602e+02 -1.421069898924700592e+00
8.122094499999999471e+02 -1.417498671743282035e+00
8.434881400000000440e+02 -1.415798503655790519e+00
8.710027900000000045e+02 -1.415346353379381306e+00
9.089625200000000405e+02 -1.415358457720737873e+00
9.258472199999999930e+02 -1.413153266967859700e+00
9.511178200000000516e+02 -1.411408589404741676e+00
9.748447700000000395e+02 -1.409627406102312630e+00
1.010181699999999978e+03 -1.409766725977330992e+00
1.013942099999999982e+03 -1.405465456956344283e+00
1.046161700000000110e+03 -1.404054024389452593e+00
1.068539999999999964e+03 -1.402987591427708569e+00
1.092894500000000107e+03 -1.402031730020612432e+00
1.108748299999999972e+03 -1.397780161360185680e+00
1.150887699999999995e+03 -1.397126457358829121e+00
1.165712700000000041e+03 -1.396308852176454618e+00
1.197891100000000051e+03 -1.393225461852084290e+00
1.214220399999999927e+03 -1.393511739009445360e+00
1.244266699999999901e+03 -1.392626038908162833e+00
1.259120899999999892e+03 -1.390032856107782377e+00
1.298030299999999897e+03 -1.389063723681691176e+00
1.316954799999999977e+03 -1.388893850847943368e+00
1.336643700000000081e+03 -1.385140652305747455e+00
1.367747599999999920e+03 -1.387023681402864916e+00
1.402382700000000114e+03 -1.386038759446567958e+00
1.415733699999999999e+03 -1.383899580958018127e+00
1.445592000000000098e+03 -1.382790029775353702e+00
1.473479199999999992e+03 -1.383371194958333383e+00
1.499486100000000079e+03 -1.380261858480254844e+00
1.502673900000000003e+03 -1.375930767757665318e+00
1.546501899999999978e+03 -1.378078143523699506e+00
1.557182499999999891e+03 -1.374227139828796407e+00
1.595744899999999916e+03 -1.373271801910219247e+00
1.614556599999999889e+03 -1.373346175317526452e+00
1.652546800000000076e+03 -1.373209633251452733e+00
1.652881900000000087e+03 -1.365732096775910120e+00
1.704892900000000054e+03 -1.362648258685766889e+00
1.711805900000000065e+03 -1.369624089902374831e+00
1.749742700000000013e+03 -1.360831009309146467e+00
1.772208399999999983e+03 -1.365535593539860981e+00
1.815574399999999969e+03 -1.360751249370913074e+00
1.822719399999999951e+03 -1.364485815602500818e+00
1.853264799999999923e+03 -1.359253669553523780e+00
1.860196999999999889e+03 -1.356082062561218216e+00
1.910507100000000037e+03 -1.355722460736200174e+00
1.921717300000000023e+03 -1.356644233219298501e+00
1.961313699999999926e+03 -1.350666208957459702e+00
1.971055399999999963e+03 -1.354780500459992432e+00
1.998442800000000034e+03 -1.351367049291497313e+00
2.006447599999999966e+03 -1.347492576061950942e+00
2.058436499999999796e+03 -1.347433759467082215e+00
2.067637000000000171e+03 -1.344242304456496839e+00
2.110754800000000159e+03 -1.345621864036120607e+00
2.121752800000000207e+03 -1.343638483459173916e+00
2.143134300000000167e+03 -1.338423354391931053e+00
2.160276899999999841e+03 -1.334526541602395255e+00
2.214918599999999969e+03 -1.334905714694582635e+00
2.230255900000000111e+03 -1.335461695200933496e+00
2.239387999999999920e+03 -1.325470601393563097e+00
2.263722600000000057e+03 -1.326634264685138564e+00
2.293149399999999787e+03 -1.318367925035748289e+00
2.302414699999999812e+03 -1.326091553073946994e+00
2.344392499999999927e+03 -1.326664492772291482e+00
2.361846300000000156e+03 -1.314515544364392330e+00
2.402305199999999786e+03 -1.313310412107416392e+00
2.410925999999999931e+03 -1.307124904218956107e+00
2.429099499999999807e+03 -1.304785460584679146e+00
