1.002426700000000039e+02 -4.290663097593323094e+00
1.263030899999999974e+02 -4.290205038582556973e+00
1.505155300000000125e+02 -4.290388108258926358e+00
1.505345800000000054e+02 -4.290393083948599084e+00
1.758463600000000042e+02 -4.289922842180376783e+00
2.012158000000000015e+02 -4.289904408766587629e+00
2.013258600000000058e+02 -4.289932912353178196e+00
2.254882499999999936e+02 -4.289340067329555417e+00
2.518524199999999951e+02 -4.289325178561013807e+00
2.520053900000000056e+02 -4.289364826122307406e+00
2.720213299999999776e+02 -4.287848117753661370e+00
2.978623400000000174e+02 -4.287924879735173889e+00
2.979257600000000252e+02 -4.287941173296990982e+00
3.236077099999999973e+02 -4.287492894890093886e+00
3.474651900000000069e+02 -4.286467011249396997e+00
3.475607999999999720e+02 -4.286491575681678157e+00
3.702528199999999856e+02 -4.285494796369420101e+00
3.964252200000000244e+02 -4.285194375610004158e+00
3.964577499999999759e+02 -4.285202988804268642e+00
4.197410100000000170e+02 -4.283937522099161122e+00
4.477047800000000279e+02 -4.283257900022527487e+00
4.477310800000000199e+02 -4.283264800866946054e+00
4.700331100000000220e+02 -4.282301691503609398e+00
5.022973700000000008e+02 -4.281749860613341063e+00
5.025706999999999880e+02 -4.281820674516286118e+00
5.192887600000000248e+02 -4.280140285137464140e+00
5.536811300000000529e+02 -4.280555262755603607e+00
5.538084999999999809e+02 -4.280587986894788699e+00
5.671523600000000442e+02 -4.278129183213208897e+00
5.975593599999999697e+02 -4.278099910563272879e+00
5.977737799999999879e+02 -4.278155240631349443e+00
6.137452600000000302e+02 -4.274564208577123381e+00
6.538665499999999611e+02 -4.276013350436262961e+00
6.540618899999999485e+02 -4.276064053256911635e+00
6.715544499999999744e+02 -4.273953977105923840e+00
7.029742099999999709e+02 -4.273223567654643062e+00
7.029912799999999606e+02 -4.273228133245708271e+00
7.136640200000000505e+02 -4.268869856387495609e+00
7.526757499999999936e+02 -4.268872069408923053e+00
7.530922100000000228e+02 -4.268979579954007342e+00
7.702908999999999651e+02 -4.267296890994161984e+00
7.937404099999999971e+02 -4.263830509472653851e+00
7.938585399999999481e+02 -4.263861353741940974e+00
8.116930599999999458e+02 -4.260841411162840764e+00
8.476525599999999940e+02 -4.261570082011271410e+00
8.476971200000000408e+02 -4.261581754314635262e+00
8.749454600000000255e+02 -4.259368105453895659e+00
8.948729399999999714e+02 -4.256717038489410854e+00
8.948920399999999518e+02 -4.256722179761296410e+00
9.165154999999999745e+02 -4.251059425090022437e+00
9.584872400000000425e+02 -4.251584899521446914e+00
9.587930099999999811e+02 -4.251664405122676627e+00
9.642352399999999761e+02 -4.246447780161107133e+00
9.968867699999999559e+02 -4.244529040019128452e+00
9.971570000000000391e+02 -4.244598747197919408e+00
1.012996300000000019e+03 -4.241169961649534415e+00
1.050123599999999897e+03 -4.240517497242077383e+00
1.050371200000000044e+03 -4.240581455886140105e+00
1.063939499999999953e+03 -4.238603684793559090e+00
1.096073900000000094e+03 -4.236832754317394034e+00
1.096102699999999913e+03 -4.236840047034554857e+00
1.108138500000000022e+03 -4.231555041871234657e+00
1.144997000000000071e+03 -4.231480960302264727e+00
1.145069700000000012e+03 -4.231499500272619230e+00
1.168983899999999949e+03 -4.230022067790786267e+00
1.204099799999999959e+03 -4.228146329241135426e+00
1.204624800000000050e+03 -4.228281797766330286e+00
1.220386400000000094e+03 -4.224434390720710475e+00
1.235642599999999902e+03 -4.221310642795517154e+00
1.235850300000000061e+03 -4.221365049776301781e+00
1.263167799999999943e+03 -4.217409764581534048e+00
1.298717499999999973e+03 -4.215515549131036543e+00
1.298872399999999971e+03 -4.215555644750346609e+00
1.310594700000000103e+03 -4.213206385779557195e+00
1.343689100000000053e+03 -4.213529706062683289e+00
1.343781700000000001e+03 -4.213553339693819844e+00
1.359565900000000056e+03 -4.208979992173516038e+00
1.404572699999999941e+03 -4.208884787780638348e+00
1.404815100000000029e+03 -4.208947707433610574e+00
1.415711499999999887e+03 -4.205479939923101540e+00
1.455444300000000112e+03 -4.204007715126738098e+00
1.456489600000000110e+03 -4.204278302185458394e+00
1.465617500000000064e+03 -4.201700838653904313e+00
1.489708200000000033e+03 -4.197368973873523146e+00
1.489909000000000106e+03 -4.197420426702596963e+00
1.516438699999999926e+03 -4.198496264787105581e+00
1.550552500000000009e+03 -4.196403240355024877e+00
1.551413099999999986e+03 -4.196625671703303695e+00
1.553631499999999960e+03 -4.191401441758539903e+00
1.604561999999999898e+03 -4.193387143250707716e+00
1.604602300000000014e+03 -4.193397816030071112e+00
1.615925300000000107e+03 -4.191190088862792429e+00
1.661871499999999969e+03 -4.184834583177253542e+00
1.665132599999999911e+03 -4.192557502008772197e+00
1.665427300000000059e+03 -4.192632873659457360e+00
1.701305100000000039e+03 -4.183140901754139662e+00
1.702264799999999923e+03 -4.183389105081618986e+00
1.719286299999999983e+03 -4.184020623227012514e+00
1.749643600000000106e+03 -4.179623525544886142e+00
1.750890000000000100e+03 -4.179945744759463899e+00
1.756682600000000093e+03 -4.175642514434490415e+00
1.794840599999999995e+03 -4.176214882235077752e+00
1.795189800000000105e+03 -4.176304902960270127e+00
1.822380799999999908e+03 -4.179628333682136265e+00
1.845594599999999900e+03 -4.172790818997501816e+00
1.846031400000000076e+03 -4.172903587837534900e+00
1.863657200000000103e+03 -4.173282261784575731e+00
1.882178599999999960e+03 -4.168100587472925334e+00
1.882903800000000047e+03 -4.168287201059029279e+00
1.905714799999999968e+03 -4.166666997665165795e+00
1.934964300000000094e+03 -4.167510633549282417e+00
1.935518800000000056e+03 -4.167654746119914044e+00
1.959144299999999930e+03 -4.164250348388756073e+00
1.996259000000000015e+03 -4.161054478045059568e+00
1.996319700000000012e+03 -4.167070984370033315e+00
1.996980600000000095e+03 -4.167241992834108899e+00
2.058230599999999868e+03 -4.158545144506440749e+00
2.070178600000000188e+03 -4.163573132318924230e+00
2.070996099999999842e+03 -4.163783403751004641e+00
2.108585700000000088e+03 -4.161597084483597442e+00
2.108637499999999818e+03 -4.155743693807963268e+00
2.108931500000000142e+03 -4.161686022699474741e+00
2.141791299999999865e+03 -4.156272630706963511e+00
2.142340700000000197e+03 -4.156415068628216858e+00
2.158320900000000165e+03 -4.154645342363627591e+00
2.208631899999999860e+03 -4.152697737912410147e+00
2.218351400000000012e+03 -4.155992072890507316e+00
2.218799100000000180e+03 -4.156106845431051688e+00
2.229308100000000195e+03 -4.150770455905393952e+00
2.229555899999999838e+03 -4.150833499430723883e+00
2.264043799999999919e+03 -4.149365886665620451e+00
2.274485900000000129e+03 -4.147330643029208730e+00
2.275066600000000108e+03 -4.147482037675517041e+00
2.320618599999999788e+03 -4.148157994091148382e+00
2.323908300000000054e+03 -4.141429065802324061e+00
2.324896200000000135e+03 -4.141685780640982806e+00
2.348375399999999900e+03 -4.140647998654546136e+00
2.404584499999999935e+03 -4.143616631907463876e+00
2.404843199999999797e+03 -4.143683256580890983e+00
2.409831599999999980e+03 -4.139390117624684784e+00
2.455599000000000160e+03 -4.144540902318476050e+00
2.456878799999999956e+03 -4.144871450785577949e+00
