1.036367900000000049e+02 1.742826175452880122e+01
1.257145000000000010e+02 1.746704864644819821e+01
1.510450099999999907e+02 1.750099633625076478e+01
1.763834999999999980e+02 1.752756157134134085e+01
2.007051500000000033e+02 1.756104823936494697e+01
2.235392400000000066e+02 1.760054396499084106e+01
2.499757099999999923e+02 1.763611947893344123e+01
2.733242099999999937e+02 1.766182271524526826e+01
2.983634599999999750e+02 1.769651231426826854e+01
3.243682000000000016e+02 1.773825005088540863e+01
3.503007700000000000e+02 1.777180337879096328e+01
3.722397900000000277e+02 1.782537960512924968e+01
3.957380200000000059e+02 1.785593527376348533e+01
4.222522099999999909e+02 1.789986668023610861e+01
4.513536500000000160e+02 1.795533482597191011e+01
4.727524700000000166e+02 1.799774832078160003e+01
4.994423300000000268e+02 1.804199725218807160e+01
5.196356100000000424e+02 1.809018115204559152e+01
5.453739799999999605e+02 1.815290046814573444e+01
5.753918499999999767e+02 1.819188581314879016e+01
5.997061200000000554e+02 1.823200590270710464e+01
6.212567999999999984e+02 1.829187716262975627e+01
6.495302000000000362e+02 1.833949877875025436e+01
6.703297000000000025e+02 1.840200539385304523e+01
7.040458700000000363e+02 1.843823224099328328e+01
7.133580500000000484e+02 1.852973437818033986e+01
7.518491800000000467e+02 1.856556889883981398e+01
7.663200199999999995e+02 1.862827905556686403e+01
7.981633199999999988e+02 1.869445450844697731e+01
8.205293799999999464e+02 1.875239466720944392e+01
8.505601599999999962e+02 1.880584876857317056e+01
8.692716799999999466e+02 1.889203236311825762e+01
9.041848199999999451e+02 1.890834673315693237e+01
9.154838399999999865e+02 1.900943924282515951e+01
9.503950999999999567e+02 1.904925910848768567e+01
9.611932299999999714e+02 1.911801241603907897e+01
1.000260999999999967e+03 1.915952422145328526e+01
1.011322999999999979e+03 1.924506513331976620e+01
1.045082200000000057e+03 1.927078821493995520e+01
1.065019399999999905e+03 1.935894311011601943e+01
1.094626099999999951e+03 1.943877671483818403e+01
1.110467799999999897e+03 1.948065693059230696e+01
1.144221999999999980e+03 1.953082688784856558e+01
1.165980299999999943e+03 1.958562589049460456e+01
1.199218599999999924e+03 1.966513586403419467e+01
1.211102499999999964e+03 1.973977203338082731e+01
1.250280400000000100e+03 1.980799257073071473e+01
1.264330200000000104e+03 1.984530073274984474e+01
1.291743099999999913e+03 1.991458884591899192e+01
1.326261799999999994e+03 1.995267097496438069e+01
1.349160300000000007e+03 2.011548849989823040e+01
1.350655700000000024e+03 2.004292285772440607e+01
1.401002400000000080e+03 2.018559586810502893e+01
1.416377799999999979e+03 2.021587268471402510e+01
1.441395500000000084e+03 2.028042591084876989e+01
1.451414600000000064e+03 2.037803785874211471e+01
1.499346299999999928e+03 2.040966415631996611e+01
1.517511899999999969e+03 2.048198707510686134e+01
1.554804499999999962e+03 2.052913138611846122e+01
1.575275100000000066e+03 2.058430592306126883e+01
1.601077999999999975e+03 2.068555668634235545e+01
1.627222199999999930e+03 2.070310706289436453e+01
1.646090400000000045e+03 2.080465805007123947e+01
1.657736599999999953e+03 2.089029411764705912e+01
1.697791500000000042e+03 2.095639782210461988e+01
1.721292999999999893e+03 2.100768471402401971e+01
1.739826299999999947e+03 2.105263331976389196e+01
1.771528099999999995e+03 2.116313759413800000e+01
1.802250500000000102e+03 2.123106655811113441e+01
1.813649300000000039e+03 2.127938276002442564e+01
1.843255599999999959e+03 2.135386118461225280e+01
1.854183399999999892e+03 2.146626552004885014e+01
1.904748299999999972e+03 2.153947893344189168e+01
1.916000099999999975e+03 2.158959342560553551e+01
1.950465099999999893e+03 2.171453694280480562e+01
1.967571699999999964e+03 2.165591899043354474e+01
1.996566800000000057e+03 2.179290046814573500e+01
2.020252400000000080e+03 2.189944026053327875e+01
2.051663599999999860e+03 2.195534449419906409e+01
2.055199000000000069e+03 2.201861489924689508e+01
2.111344200000000001e+03 2.218315998371667064e+01
2.114058899999999994e+03 2.208859200081416674e+01
2.144186200000000099e+03 2.225301088947689720e+01
2.166134100000000217e+03 2.238162477101567305e+01
2.204422799999999825e+03 2.254051445145532284e+01
2.216074200000000019e+03 2.234308162019132737e+01
2.231820900000000165e+03 2.261183696315896796e+01
2.272905099999999948e+03 2.267324699776104424e+01
2.302564699999999903e+03 2.271769387339710988e+01
2.318292699999999968e+03 2.283484174638713782e+01
2.342226200000000063e+03 2.297557856706696455e+01
2.373807299999999941e+03 2.298791624262161903e+01
2.398291999999999916e+03 2.301926114390392897e+01
2.412007599999999911e+03 2.318723030734785340e+01
2.451110299999999825e+03 2.329155505800936510e+01
