9.958948100000000636e+01 -6.173825448340563682e+00
1.272488799999999998e+02 -6.173613853103476323e+00
1.499728399999999908e+02 -6.173540962913854457e+00
1.758857399999999984e+02 -6.173042222775810828e+00
2.001873899999999935e+02 -6.172708053771658321e+00
2.238498600000000067e+02 -6.172244263796317298e+00
2.511709799999999859e+02 -6.172210329668534889e+00
2.739184200000000260e+02 -6.171679434623059457e+00
3.022956100000000106e+02 -6.171702252639795105e+00
3.218150899999999979e+02 -6.170528703649732272e+00
3.483525799999999890e+02 -6.169893243982105702e+00
3.710449199999999905e+02 -6.169548592989542612e+00
4.008372699999999895e+02 -6.169746437767953395e+00
4.174092899999999986e+02 -6.167744760659023662e+00
4.488388400000000047e+02 -6.167385801311627169e+00
4.695045600000000263e+02 -6.166839842175542152e+00
4.956532300000000077e+02 -6.165935434102822299e+00
5.136689599999999700e+02 -6.163795077586694759e+00
5.480776200000000244e+02 -6.164852013288370181e+00
5.712222699999999804e+02 -6.163743975910914052e+00
5.949021800000000439e+02 -6.161712844329420236e+00
6.193212600000000521e+02 -6.160642190248775130e+00
6.546321900000000369e+02 -6.161061222556901917e+00
6.719524000000000115e+02 -6.158494774908310099e+00
7.061479900000000498e+02 -6.158071327549080820e+00
7.208599500000000262e+02 -6.155214271309572993e+00
7.424163200000000415e+02 -6.151853071377416882e+00
7.703605700000000525e+02 -6.150137668206896002e+00
7.985822299999999814e+02 -6.148019729059799765e+00
8.218849900000000162e+02 -6.146441676788256814e+00
8.548975500000000238e+02 -6.145458983298875744e+00
8.733246599999999944e+02 -6.142715125288298772e+00
9.004260299999999688e+02 -6.139490349250937840e+00
9.170166100000000142e+02 -6.136995811000196532e+00
9.560469299999999748e+02 -6.137788653232603586e+00
9.683567000000000462e+02 -6.133729471715627213e+00
9.996641200000000254e+02 -6.131707553213282758e+00
1.012230099999999993e+03 -6.126201783959862368e+00
1.064059899999999971e+03 -6.128444193859481359e+00
1.074815200000000004e+03 -6.126397663417372463e+00
1.092569099999999935e+03 -6.122195928423822764e+00
1.112352200000000039e+03 -6.119693726055671412e+00
1.156594800000000077e+03 -6.119749271352854514e+00
1.156830999999999904e+03 -6.112682814927760333e+00
1.204824399999999969e+03 -6.113661710980100139e+00
1.210547000000000025e+03 -6.107547996718244221e+00
1.256433399999999892e+03 -6.110080196614405601e+00
1.264074800000000096e+03 -6.104041708045775394e+00
1.300202099999999973e+03 -6.101986565373934468e+00
1.318500000000000000e+03 -6.100071811638726693e+00
1.353159799999999905e+03 -6.098508958006330971e+00
1.358967399999999998e+03 -6.095324301185264027e+00
1.393258599999999888e+03 -6.095174400550193106e+00
1.427054599999999937e+03 -6.092894648981568295e+00
1.448109999999999900e+03 -6.089983523105686913e+00
1.470418400000000020e+03 -6.088342282374540559e+00
1.488850500000000011e+03 -6.085201281648815907e+00
1.530209499999999935e+03 -6.087463730196329692e+00
1.554380200000000059e+03 -6.080385958366291810e+00
1.554859799999999950e+03 -6.077361155587311714e+00
1.590583399999999983e+03 -6.075023040652918205e+00
1.599161900000000060e+03 -6.073333263360502166e+00
1.648716100000000097e+03 -6.074087222521900920e+00
1.667999299999999948e+03 -6.072533538951707222e+00
1.701750099999999975e+03 -6.070559118362983675e+00
1.706192700000000059e+03 -6.066192658601322840e+00
1.736055299999999988e+03 -6.064672963202445644e+00
1.772739199999999983e+03 -6.065993953705238084e+00
1.799461600000000089e+03 -6.062024961720929639e+00
1.812009499999999889e+03 -6.061014314885929899e+00
1.840189100000000053e+03 -6.056250147211327928e+00
1.848178599999999960e+03 -6.053550682600306487e+00
1.915675400000000081e+03 -6.058764044451576680e+00
1.922476699999999937e+03 -6.052675786293352012e+00
1.950795000000000073e+03 -6.053840005352517650e+00
1.973733300000000099e+03 -6.050740397274801730e+00
1.998902800000000070e+03 -6.045502353550389785e+00
2.012198699999999917e+03 -6.046269651152203828e+00
2.044011999999999944e+03 -6.043953110706717702e+00
2.073056000000000040e+03 -6.044131011345911908e+00
2.091548999999999978e+03 -6.038644162787144332e+00
2.110335199999999986e+03 -6.039923525455193065e+00
2.149829499999999825e+03 -6.036444905211519441e+00
2.164514799999999923e+03 -6.038043098089126204e+00
2.204503900000000158e+03 -6.035091335079981079e+00
2.216639700000000175e+03 -6.033818951701983124e+00
2.247781800000000203e+03 -6.034971778913807761e+00
2.276868399999999838e+03 -6.033653466773464480e+00
2.306805199999999786e+03 -6.028639825117069861e+00
2.319041700000000219e+03 -6.028465121345649713e+00
2.354248799999999846e+03 -6.029329019245852628e+00
2.354602699999999913e+03 -6.024880513512480107e+00
2.394406500000000051e+03 -6.016000020385201985e+00
2.412088799999999992e+03 -6.027327302335434567e+00
2.475590499999999793e+03 -6.022492483905628191e+00
