1.005998199999999940e+02 -1.459963905487472902e+00
1.268003400000000056e+02 -1.459359539164401198e+00
1.497141000000000020e+02 -1.459147541821878225e+00
1.767627500000000111e+02 -1.459091001056191717e+00
1.997456599999999867e+02 -1.458707077800751595e+00
2.244514200000000130e+02 -1.457885531119077038e+00
2.487844200000000114e+02 -1.457483393032003693e+00
2.743023699999999963e+02 -1.456797826254800476e+00
3.001217899999999759e+02 -1.456324176748734045e+00
3.215190900000000056e+02 -1.454506527370345914e+00
3.460550299999999879e+02 -1.453685552682626003e+00
3.737838899999999853e+02 -1.453068140835223732e+00
3.998991100000000074e+02 -1.452402133917995108e+00
4.202418799999999806e+02 -1.448849319198833641e+00
4.494917399999999930e+02 -1.448733807360375936e+00
4.725670499999999947e+02 -1.446322173542776923e+00
5.001975800000000163e+02 -1.445398657532865228e+00
5.230908200000000079e+02 -1.442843018296879887e+00
5.534746300000000474e+02 -1.443067673224437630e+00
5.676114900000000034e+02 -1.437723656005740924e+00
6.066290099999999939e+02 -1.437058273653085916e+00
6.204324900000000298e+02 -1.434842807480723348e+00
6.469073200000000270e+02 -1.433222952334390010e+00
6.722020700000000488e+02 -1.431099366388564054e+00
6.916515200000000050e+02 -1.428630235129997761e+00
7.294198199999999588e+02 -1.428567713614578016e+00
7.493514599999999746e+02 -1.425738351036534013e+00
7.721097899999999754e+02 -1.422914270865784481e+00
8.067173099999999977e+02 -1.421853320090584294e+00
8.158440000000000509e+02 -1.418308822805507186e+00
8.559945000000000164e+02 -1.419024115664814012e+00
8.592705399999999827e+02 -1.413042419275122974e+00
8.962842100000000300e+02 -1.413135462213972460e+00
9.193952199999999948e+02 -1.412509925051527615e+00
9.402477499999999964e+02 -1.409299711678507094e+00
9.628228100000000040e+02 -1.407520762232262523e+00
1.004743299999999977e+03 -1.407673278582873833e+00
1.017844200000000001e+03 -1.405048978154763706e+00
1.055778399999999920e+03 -1.406391649183433845e+00
1.059873199999999997e+03 -1.400886222665976621e+00
1.103768000000000029e+03 -1.403850735259876359e+00
1.115469100000000026e+03 -1.399266960454314201e+00
1.149034799999999905e+03 -1.397197975027665962e+00
1.172147300000000087e+03 -1.397347248054796820e+00
1.206837399999999889e+03 -1.397498109928585253e+00
1.223852799999999888e+03 -1.395813681063860612e+00
1.249372299999999996e+03 -1.391656807278288888e+00
1.268827999999999975e+03 -1.391744960403389353e+00
1.289309199999999919e+03 -1.386505614256130059e+00
1.323429000000000087e+03 -1.389264639620483077e+00
1.361048999999999978e+03 -1.388548727699444374e+00
1.364288000000000011e+03 -1.386010132304683395e+00
1.401913000000000011e+03 -1.383384002704337590e+00
1.408375900000000001e+03 -1.380628269550572274e+00
1.454113399999999956e+03 -1.380841291932424886e+00
1.458480299999999943e+03 -1.378608783483753486e+00
1.506889300000000048e+03 -1.382917489634781116e+00
1.512707200000000057e+03 -1.377053529356686346e+00
1.551693700000000035e+03 -1.376609773554027694e+00
1.560946400000000040e+03 -1.374992875769970535e+00
1.593038500000000113e+03 -1.375977903856468343e+00
1.614464699999999993e+03 -1.372688639605343264e+00
1.655000099999999975e+03 -1.372741784019634981e+00
1.669009700000000066e+03 -1.371100161674966289e+00
1.705104800000000068e+03 -1.371030130444673034e+00
1.711144299999999930e+03 -1.366864410753214187e+00
1.747274799999999914e+03 -1.364417158239444205e+00
1.760834800000000087e+03 -1.363209071270821138e+00
1.787196200000000090e+03 -1.366013739147908357e+00
1.808470700000000079e+03 -1.360427166647023567e+00
1.861209399999999960e+03 -1.361871266236365230e+00
1.870471500000000106e+03 -1.359487360314335813e+00
1.915649699999999939e+03 -1.361339173337463349e+00
1.923083100000000059e+03 -1.359713328259758880e+00
1.932023899999999912e+03 -1.350659956471468304e+00
1.962731600000000071e+03 -1.349415066392201323e+00
1.993529899999999998e+03 -1.348188916759331502e+00
2.004096900000000005e+03 -1.345088313165314631e+00
2.039722299999999905e+03 -1.346638306385545159e+00
2.054580599999999777e+03 -1.342780256384693338e+00
2.084886399999999867e+03 -1.339452584597516482e+00
2.114512400000000071e+03 -1.341051552413205172e+00
2.153970899999999801e+03 -1.342480123320031193e+00
2.162918799999999919e+03 -1.338094778759304493e+00
2.182343899999999849e+03 -1.337448632003604088e+00
2.193001299999999901e+03 -1.327287590345570756e+00
2.232312399999999798e+03 -1.329529113834255982e+00
2.287027900000000045e+03 -1.333007561095687077e+00
2.305625500000000102e+03 -1.319998140448486623e+00
2.318093199999999797e+03 -1.327924220117315368e+00
2.359888699999999972e+03 -1.320247049751453794e+00
2.376724099999999908e+03 -1.319368977594173931e+00
2.400468499999999949e+03 -1.305292997505679509e+00
2.401267899999999827e+03 -1.314994315353297027e+00
2.440220400000000154e+03 -1.305156007610349889e+00
