1.215886600000000044e+02 -3.887732499047921397e+00
1.321679200000000094e+02 -3.887737141032556298e+00
1.709727699999999970e+02 -3.887732380716353742e+00
1.715148299999999892e+02 -3.887743214201413888e+00
1.801280800000000113e+02 -3.887209784611800778e+00
2.190334300000000098e+02 -3.887007873040855710e+00
2.192914399999999944e+02 -3.886959878057305140e+00
2.282531299999999987e+02 -3.886489252567133068e+00
2.665218199999999911e+02 -3.885713582160750690e+00
2.674048300000000040e+02 -3.886040066659303349e+00
2.776183500000000208e+02 -3.885787120731386324e+00
3.146578600000000279e+02 -3.884491718646585490e+00
3.158800400000000081e+02 -3.884895301178211469e+00
3.246439300000000117e+02 -3.884236709593129167e+00
3.650068600000000174e+02 -3.883485293539127081e+00
3.670073499999999740e+02 -3.884094460846049035e+00
3.732283899999999903e+02 -3.882712544424105072e+00
4.114288199999999733e+02 -3.881384523601797643e+00
4.136667499999999791e+02 -3.882032073672371464e+00
4.243142000000000280e+02 -3.881740991799049301e+00
4.629331599999999867e+02 -3.880216671044359078e+00
4.635066800000000171e+02 -3.880440247783545349e+00
4.681904000000000110e+02 -3.878602334432716958e+00
5.110592399999999884e+02 -3.877721267884600920e+00
5.119962699999999813e+02 -3.878028591229288669e+00
5.212325100000000475e+02 -3.877452471791897448e+00
5.616250999999999749e+02 -3.876004113220606673e+00
5.645033899999999676e+02 -3.876822552067744621e+00
5.742483799999999974e+02 -3.876186472851032239e+00
6.121824299999999539e+02 -3.873595663212849427e+00
6.140227099999999609e+02 -3.874142702684881812e+00
6.205634599999999637e+02 -3.872835245112667746e+00
6.626780800000000227e+02 -3.871199356441253236e+00
6.677435299999999643e+02 -3.872594261825675677e+00
6.738700900000000047e+02 -3.870890189931839753e+00
7.119379999999999882e+02 -3.868011677606656651e+00
7.124932000000000016e+02 -3.868085851051666246e+00
7.176436200000000554e+02 -3.866328338586169089e+00
7.560415299999999661e+02 -3.863353934899956599e+00
7.590087200000000394e+02 -3.864164468725522994e+00
7.701197399999999789e+02 -3.864102988747298628e+00
8.025409799999999905e+02 -3.858624256086821802e+00
8.085839200000000346e+02 -3.860212529713620278e+00
8.196815900000000283e+02 -3.859559872054553864e+00
8.611499800000000278e+02 -3.857388051753777525e+00
8.619187200000000075e+02 -3.857650901960264278e+00
8.681424899999999525e+02 -3.856063147434451999e+00
9.090794600000000401e+02 -3.852945019183411368e+00
9.132569799999999987e+02 -3.853955532694377073e+00
9.221974400000000287e+02 -3.852804983654543936e+00
9.563044399999999996e+02 -3.847392421926203454e+00
9.571356100000000424e+02 -3.847568877437387069e+00
9.729643700000000308e+02 -3.848349508347049142e+00
1.007134099999999989e+03 -3.843332565160224590e+00
1.010474000000000046e+03 -3.844241894440564078e+00
1.022757899999999950e+03 -3.843803798268172756e+00
1.060736900000000105e+03 -3.839769693569674125e+00
1.061424600000000055e+03 -3.840009659677305898e+00
1.075346099999999979e+03 -3.839971508421102353e+00
1.105347299999999905e+03 -3.833418185302333026e+00
1.108767900000000054e+03 -3.834336011985655990e+00
1.115277199999999993e+03 -3.832610338474821354e+00
1.162221399999999903e+03 -3.829814789658056995e+00
1.163839199999999892e+03 -3.826679084636407602e+00
1.171464199999999892e+03 -3.832097886974285661e+00
1.206863900000000058e+03 -3.823911636871449193e+00
1.207760299999999916e+03 -3.820847526367012303e+00
1.208046100000000024e+03 -3.824251199673715185e+00
1.259591499999999996e+03 -3.821304118670791006e+00
1.261701299999999947e+03 -3.817633738967675328e+00
1.262251700000000028e+03 -3.822046433373420538e+00
1.300143100000000004e+03 -3.813671852084607572e+00
1.310073200000000043e+03 -3.816259029482958809e+00
1.322328199999999924e+03 -3.815501636316827483e+00
1.351508800000000065e+03 -3.808152770580191415e+00
1.357738200000000006e+03 -3.809786703558918131e+00
1.358282500000000027e+03 -3.806509087022122095e+00
1.401765499999999975e+03 -3.804043051966264244e+00
1.404189399999999978e+03 -3.804644744524717126e+00
1.421928699999999935e+03 -3.806085785109965869e+00
1.459885800000000017e+03 -3.801636645733662778e+00
1.464497900000000072e+03 -3.802895269090065256e+00
1.477288399999999911e+03 -3.801841853738215704e+00
1.509948300000000017e+03 -3.793651870121085068e+00
1.510112100000000055e+03 -3.797258433064634175e+00
1.514718000000000075e+03 -3.798512298702425127e+00
1.556703099999999949e+03 -3.790447343385642931e+00
1.558370400000000018e+03 -3.790917300965559011e+00
1.562005900000000111e+03 -3.787537386203012169e+00
1.606107600000000048e+03 -3.786818972969503871e+00
1.616448000000000093e+03 -3.789550436026472457e+00
1.634711199999999963e+03 -3.790205075175763660e+00
1.644865299999999934e+03 -3.778983175485184809e+00
1.647162600000000111e+03 -3.779557991244856474e+00
1.662921199999999999e+03 -3.780034457530208059e+00
1.690805499999999938e+03 -3.775926953200851699e+00
1.697466100000000097e+03 -3.777610177998127483e+00
1.710704700000000003e+03 -3.777272493469608250e+00
1.749339699999999993e+03 -3.773289007752031576e+00
1.750473199999999906e+03 -3.773575119653658216e+00
1.756614299999999957e+03 -3.771706681257659177e+00
1.799278099999999995e+03 -3.767963478945553835e+00
1.805173700000000053e+03 -3.769472190643016418e+00
1.816824599999999919e+03 -3.768438078072888775e+00
1.856354199999999992e+03 -3.765773641591367404e+00
1.858958699999999908e+03 -3.766402330193238335e+00
1.866819099999999935e+03 -3.763971648203182419e+00
1.905199100000000044e+03 -3.760722056721348849e+00
1.911448499999999967e+03 -3.762276741209592767e+00
1.917143100000000004e+03 -3.759698481245973500e+00
1.946435999999999922e+03 -3.755950141290639976e+00
1.949807700000000068e+03 -3.756836396979356341e+00
1.971347899999999981e+03 -3.757646266118761069e+00
1.996825000000000045e+03 -3.751424034589962986e+00
1.996887600000000020e+03 -3.751422000960895176e+00
2.015217900000000100e+03 -3.751782771652583115e+00
2.050170000000000073e+03 -3.749092145306950563e+00
2.060313999999999851e+03 -3.751746578184261161e+00
2.065081900000000132e+03 -3.748898725431392798e+00
2.093321100000000115e+03 -3.742619586955945543e+00
2.095514000000000124e+03 -3.743173112402596203e+00
2.121676899999999932e+03 -3.745792075720328018e+00
2.147835099999999784e+03 -3.739700735860963743e+00
2.154134900000000016e+03 -3.741312567399680766e+00
2.167207300000000032e+03 -3.740071800843558947e+00
2.191320600000000013e+03 -3.736181154147418582e+00
2.202900999999999840e+03 -3.739160466646279879e+00
2.206375700000000052e+03 -3.736476056989225469e+00
2.247377800000000207e+03 -3.727861027080219714e+00
2.248356699999999819e+03 -3.732655767366707789e+00
2.260853399999999965e+03 -3.735903968578600409e+00
2.290566499999999905e+03 -3.727387452257113321e+00
2.296737000000000080e+03 -3.729002647320181829e+00
2.300334800000000087e+03 -3.725528669239215329e+00
2.348718299999999999e+03 -3.725256897522956301e+00
2.357993800000000192e+03 -3.727668741540147934e+00
2.365458799999999883e+03 -3.724674564572088897e+00
2.391226999999999862e+03 -3.720545652507954770e+00
2.398136500000000069e+03 -3.722302789366920717e+00
2.409787600000000111e+03 -3.720062489949991225e+00
2.439088600000000042e+03 -3.720895523468570332e+00
2.442481999999999971e+03 -3.721724952646070061e+00
