1.217171799999999990e+02 -4.402665479776676882e+00
1.306237099999999884e+02 -4.402292593107074659e+00
1.688963099999999997e+02 -4.402293681529005909e+00
1.694644499999999994e+02 -4.402325403356178946e+00
1.785778200000000027e+02 -4.401972964316018810e+00
2.160156700000000001e+02 -4.401433349926182181e+00
2.166112200000000030e+02 -4.401683790187887801e+00
2.259674300000000073e+02 -4.401290222123241946e+00
2.639069999999999823e+02 -4.400777981790553461e+00
2.639364199999999983e+02 -4.400863950971617200e+00
2.751001099999999724e+02 -4.400895163158025980e+00
3.147698199999999815e+02 -4.400481531658332557e+00
3.158879200000000083e+02 -4.400857495042145295e+00
3.252021599999999921e+02 -4.400428295704164938e+00
3.623666400000000181e+02 -4.399165607935640487e+00
3.637398699999999963e+02 -4.399593279590138017e+00
3.740749999999999886e+02 -4.399449626939634150e+00
4.110318599999999947e+02 -4.398190358693209845e+00
4.119270000000000209e+02 -4.398355212093417954e+00
4.246074399999999969e+02 -4.398824840071323017e+00
4.610448900000000094e+02 -4.397060644701181964e+00
4.646464100000000030e+02 -4.398062490923680734e+00
4.701363799999999742e+02 -4.396620572856239306e+00
5.104588299999999776e+02 -4.395835539056561103e+00
5.133126800000000003e+02 -4.396639874209994581e+00
5.244703100000000404e+02 -4.396539304011633398e+00
5.537135799999999790e+02 -4.392299607354575919e+00
5.624361199999999599e+02 -4.394589770302621545e+00
5.721555799999999863e+02 -4.394199228259688894e+00
6.120867100000000391e+02 -4.392630351841444458e+00
6.137498199999999997e+02 -4.392978322498130694e+00
6.179275599999999713e+02 -4.391113155045088590e+00
6.607043499999999767e+02 -4.390431983984412589e+00
6.614031400000000076e+02 -4.390673392286465138e+00
6.750790299999999888e+02 -4.390931607547108761e+00
7.034929600000000391e+02 -4.386034094560266716e+00
7.105891000000000304e+02 -4.387902783020193098e+00
7.219814199999999573e+02 -4.387709872443236847e+00
7.582665600000000268e+02 -4.384778172453282608e+00
7.637602500000000418e+02 -4.386255595888575165e+00
7.718783100000000559e+02 -4.384978639953454937e+00
8.094799100000000180e+02 -4.381944771591758325e+00
8.136050500000000056e+02 -4.382941845600702990e+00
8.180387200000000121e+02 -4.380884699483000411e+00
8.630551900000000387e+02 -4.379546778205813062e+00
8.676432099999999537e+02 -4.380814085826784776e+00
8.717824299999999766e+02 -4.378400185507425491e+00
9.064426999999999452e+02 -4.373694516273749500e+00
9.109261099999999942e+02 -4.374794387291705000e+00
9.154643300000000181e+02 -4.372840393997963204e+00
9.674360900000000356e+02 -4.372081542870938087e+00
9.684815300000000207e+02 -4.372452410372394738e+00
9.687451200000000426e+02 -4.369176364748580177e+00
1.013459699999999998e+03 -4.367370464029385779e+00
1.015737399999999980e+03 -4.368049514651068499e+00
1.019576699999999960e+03 -4.365754700249640408e+00
1.069037299999999959e+03 -4.365038451363392191e+00
1.069400200000000041e+03 -4.365022711959109181e+00
1.073149300000000039e+03 -4.362849653354580859e+00
1.119392299999999977e+03 -4.360310037786542026e+00
1.120472800000000007e+03 -4.360699026598288341e+00
1.124891800000000103e+03 -4.357800361553463731e+00
1.158158699999999953e+03 -4.352530122643424093e+00
1.160655199999999923e+03 -4.353117610004140658e+00
1.167994400000000041e+03 -4.351191816991756944e+00
1.212739299999999957e+03 -4.349161310061295360e+00
1.213298600000000079e+03 -4.349229775678924881e+00
1.220192800000000034e+03 -4.347501123273247892e+00
1.258016100000000051e+03 -4.342685264887731655e+00
1.260096199999999953e+03 -4.343272930733792947e+00
1.265936899999999923e+03 -4.341223281155786040e+00
1.300569300000000112e+03 -4.335578847843404304e+00
1.301570400000000063e+03 -4.335841061446510381e+00
1.329534400000000005e+03 -4.339015406828641730e+00
1.360771799999999985e+03 -4.335129823969678498e+00
1.361245899999999892e+03 -4.335310855590104318e+00
1.370316700000000083e+03 -4.333903853449825760e+00
1.400688000000000102e+03 -4.328527676084487297e+00
1.409836999999999989e+03 -4.330908903634838936e+00
1.421494599999999991e+03 -4.330129220074623753e+00
1.458211199999999963e+03 -4.325309824365698219e+00
1.460950299999999970e+03 -4.326070144675062679e+00
1.468751099999999951e+03 -4.323605634381435081e+00
1.503510500000000093e+03 -4.318696811440666750e+00
1.513689900000000080e+03 -4.321278012450336270e+00
1.516561999999999898e+03 -4.318173876094856922e+00
1.552169300000000021e+03 -4.316386043351224444e+00
1.564226100000000088e+03 -4.319530902277985085e+00
1.567089300000000094e+03 -4.316396172809542797e+00
1.595896199999999908e+03 -4.310047278683625471e+00
1.609698900000000094e+03 -4.313584104250631768e+00
1.625511099999999942e+03 -4.314687392804571253e+00
1.641905400000000100e+03 -4.305476938238004259e+00
1.657629500000000007e+03 -4.305664514082322647e+00
1.658936999999999898e+03 -4.309869870609727371e+00
1.704396799999999985e+03 -4.304422052552235201e+00
1.704957300000000032e+03 -4.304534437186754658e+00
1.707678300000000036e+03 -4.301253339022587774e+00
1.755928100000000086e+03 -4.300965169284459932e+00
1.760373599999999897e+03 -4.302067757622557664e+00
1.767607600000000048e+03 -4.300008061619227995e+00
1.804474099999999908e+03 -4.297141981447877512e+00
1.811439100000000053e+03 -4.298892399603682080e+00
1.817476100000000088e+03 -4.296080297809478310e+00
1.844127999999999929e+03 -4.290632669017504952e+00
1.856488900000000058e+03 -4.293819150158383557e+00
1.865029299999999921e+03 -4.291741444690367224e+00
1.904116500000000087e+03 -4.289837969756242764e+00
1.911078899999999976e+03 -4.291584001125641201e+00
1.916438000000000102e+03 -4.289488618968050559e+00
1.935727699999999913e+03 -4.281837898089498218e+00
1.943650200000000041e+03 -4.283821957342314413e+00
1.952183700000000044e+03 -4.281837165827614200e+00
1.994107999999999947e+03 -4.282217870477161625e+00
2.001045299999999997e+03 -4.283992625697841561e+00
2.014939800000000105e+03 -4.283709045391272063e+00
2.047355800000000045e+03 -4.279200818456917688e+00
2.054251299999999901e+03 -4.280991584154397067e+00
2.064540800000000218e+03 -4.280077993575476469e+00
2.079266000000000076e+03 -4.272334730585320983e+00
2.091839199999999892e+03 -4.275655069653093499e+00
2.126758699999999862e+03 -4.280217159462355703e+00
2.144967599999999948e+03 -4.272415922999720728e+00
2.150238100000000031e+03 -4.270397473144893041e+00
2.157412899999999809e+03 -4.275633229937792379e+00
2.193296400000000176e+03 -4.270353295406255079e+00
2.198867600000000039e+03 -4.271832183546480088e+00
2.206146499999999833e+03 -4.269015827226286142e+00
2.242435399999999845e+03 -4.266866342910514476e+00
2.246076000000000022e+03 -4.267774994716743819e+00
2.262173600000000079e+03 -4.267941277146626966e+00
2.278523599999999988e+03 -4.261474611344915786e+00
2.278668299999999817e+03 -4.261399613313749057e+00
2.295640899999999874e+03 -4.262468011512774879e+00
2.335190000000000055e+03 -4.260900616983644973e+00
2.341119000000000142e+03 -4.262372115495203673e+00
2.344333099999999831e+03 -4.261180075016584468e+00
2.404283300000000054e+03 -4.264303064509976871e+00
2.410645799999999781e+03 -4.260599790368095441e+00
2.410989199999999983e+03 -4.265986601928172028e+00
2.470591899999999896e+03 -4.261006322005985503e+00
2.479957699999999932e+03 -4.263541754620908897e+00
