9.939164900000000102e+01 -3.375780614620278897e+00
1.272948499999999967e+02 -3.375652706528907476e+00
1.505204699999999889e+02 -3.375365418321020439e+00
1.505735400000000084e+02 -3.375379087087185148e+00
1.756401700000000119e+02 -3.374799672297812858e+00
2.012169800000000066e+02 -3.374597620394474529e+00
2.013715100000000007e+02 -3.374637671246824233e+00
2.266427099999999939e+02 -3.374224311018326095e+00
2.524411200000000122e+02 -3.373759681464294502e+00
2.525763300000000129e+02 -3.373794788597408445e+00
2.749410599999999931e+02 -3.372438566225974377e+00
2.979747499999999718e+02 -3.371251772239846289e+00
2.982218300000000113e+02 -3.371315749109773829e+00
3.238606800000000021e+02 -3.370575542824130189e+00
3.452398699999999963e+02 -3.369230211446648582e+00
3.456695399999999836e+02 -3.369341137039730594e+00
3.727122800000000211e+02 -3.367882600275645899e+00
3.959716799999999921e+02 -3.366510161296093706e+00
3.960825500000000261e+02 -3.366538619856781267e+00
4.223454100000000153e+02 -3.364262042776987371e+00
4.464042900000000031e+02 -3.363331833838960172e+00
4.464751699999999914e+02 -3.363350005073892035e+00
4.718748100000000250e+02 -3.359364669008168214e+00
5.006024199999999951e+02 -3.357968765542106215e+00
5.009586899999999901e+02 -3.358060868430085666e+00
5.196780700000000479e+02 -3.353864784601600757e+00
5.558393399999999929e+02 -3.354157167999246791e+00
5.563875000000000455e+02 -3.354299285355812454e+00
5.732339500000000498e+02 -3.350503247535364881e+00
6.016980800000000045e+02 -3.348532970338733428e+00
6.017082500000000209e+02 -3.348535701257020492e+00
6.168930699999999661e+02 -3.343375995601035822e+00
6.543896499999999605e+02 -3.344238089629929966e+00
6.544378000000000384e+02 -3.344250740905172936e+00
6.736862200000000485e+02 -3.340833445617673814e+00
6.996644300000000385e+02 -3.339673694035281137e+00
7.002776599999999689e+02 -3.339832327969889381e+00
7.205728100000000040e+02 -3.335431206196409981e+00
7.445691500000000360e+02 -3.332779099726550953e+00
7.450976200000000063e+02 -3.332916126826108716e+00
7.710998799999999846e+02 -3.330884972049114712e+00
8.039570599999999558e+02 -3.328776520483271106e+00
8.046936200000000099e+02 -3.328966834136632080e+00
8.138898299999999608e+02 -3.325371105003379402e+00
8.469593700000000354e+02 -3.325240461335221998e+00
8.471720699999999624e+02 -3.325295346749054026e+00
8.615945000000000391e+02 -3.321115222229507058e+00
8.976465799999999717e+02 -3.321278268536437039e+00
8.986316500000000360e+02 -3.321532928743195612e+00
9.160622399999999743e+02 -3.318883373941251769e+00
9.497208900000000540e+02 -3.317662201778939668e+00
9.498741400000000112e+02 -3.317701921725806358e+00
9.702483099999999467e+02 -3.315705667438361814e+00
1.006189499999999953e+03 -3.316451790824302748e+00
1.007057300000000055e+03 -3.316675930859708910e+00
1.022069899999999961e+03 -3.313386927818491312e+00
1.060290299999999888e+03 -3.314265372305162050e+00
1.061465999999999894e+03 -3.314568805308112598e+00
1.074093100000000049e+03 -3.310293573205127515e+00
1.098058099999999968e+03 -3.306584820043934059e+00
1.098554300000000012e+03 -3.306713148508185540e+00
1.110308800000000019e+03 -3.305683072824119328e+00
1.144149799999999914e+03 -3.304036163688647054e+00
1.144177200000000084e+03 -3.304043043592529205e+00
1.169742799999999988e+03 -3.303785274629515101e+00
1.193471900000000005e+03 -3.300088200981650122e+00
1.195132900000000063e+03 -3.300517551665092864e+00
1.215560899999999947e+03 -3.299482750650696072e+00
1.244554100000000062e+03 -3.297842053385902084e+00
1.245057800000000043e+03 -3.297972524291095553e+00
1.269117600000000039e+03 -3.298247163409174121e+00
1.315761299999999892e+03 -3.300518393027575659e+00
1.317047499999999900e+03 -3.300851766386434960e+00
1.319365199999999959e+03 -3.296686384753389376e+00
1.353847199999999930e+03 -3.293797849204030737e+00
1.354038500000000113e+03 -3.293847711145871493e+00
1.366126700000000028e+03 -3.293373423197205163e+00
1.395208800000000110e+03 -3.293124627546296423e+00
1.395699800000000096e+03 -3.293251815248645187e+00
1.418315700000000106e+03 -3.292279576818785802e+00
1.441708000000000084e+03 -3.287582753022377791e+00
1.442377500000000055e+03 -3.287755577674423169e+00
1.468518399999999929e+03 -3.289846616631706411e+00
1.499041799999999967e+03 -3.285831355910861618e+00
1.499342300000000023e+03 -3.285909142914328562e+00
1.506963799999999992e+03 -3.284836403347240363e+00
1.542022099999999909e+03 -3.285475592898784658e+00
1.543523200000000088e+03 -3.285864165988245489e+00
1.566572100000000091e+03 -3.285640443108862385e+00
1.595790700000000015e+03 -3.281624676113502836e+00
1.596510700000000043e+03 -3.281811166645825395e+00
1.623060699999999997e+03 -3.283890624351493148e+00
1.656980099999999993e+03 -3.277915926999398266e+00
1.664081500000000005e+03 -3.282986870857193207e+00
1.664110699999999952e+03 -3.282993707242851222e+00
1.695147200000000112e+03 -3.279251893005898033e+00
1.696646300000000110e+03 -3.279639134889043461e+00
1.705608899999999949e+03 -3.276143098407331422e+00
1.763759299999999939e+03 -3.279052381216093881e+00
1.764553900000000112e+03 -3.279258666187688132e+00
1.774523100000000113e+03 -3.278690777686392721e+00
1.808060099999999920e+03 -3.275616357269192758e+00
1.809809199999999919e+03 -3.276068076473370283e+00
1.819685500000000047e+03 -3.275008687247003891e+00
1.826193999999999960e+03 -3.270575855973773205e+00
1.827023400000000038e+03 -3.270791493636043157e+00
1.865019000000000005e+03 -3.272411639659709159e+00
1.892019999999999982e+03 -3.269320085529253461e+00
1.892128200000000106e+03 -3.269347497643940947e+00
1.916202399999999898e+03 -3.273411224805924391e+00
1.943104900000000043e+03 -3.271090105100703749e+00
1.943204199999999901e+03 -3.271115470815230797e+00
1.971474200000000110e+03 -3.270368109123019007e+00
1.976680000000000064e+03 -3.267201597797023460e+00
1.977442700000000059e+03 -3.267400144837581788e+00
2.023309199999999919e+03 -3.268796882662618586e+00
2.048787299999999959e+03 -3.268362005114751945e+00
2.049292399999999816e+03 -3.268492583520787864e+00
2.061112900000000081e+03 -3.266288037482285134e+00
2.082980199999999968e+03 -3.264044009294019055e+00
2.083689300000000003e+03 -3.264226358938775441e+00
2.104194300000000112e+03 -3.263096106741821600e+00
2.134159700000000157e+03 -3.260346982711674002e+00
2.135492900000000191e+03 -3.260691132600291198e+00
2.160330100000000130e+03 -3.264538564757747618e+00
2.187435300000000097e+03 -3.258246745063727801e+00
2.188795799999999872e+03 -3.258599479108043262e+00
2.213586499999999887e+03 -3.263492339713178758e+00
2.237407600000000002e+03 -3.260751270536062396e+00
2.239460799999999836e+03 -3.261282826894312148e+00
2.251715700000000197e+03 -3.260072171564364574e+00
2.301184600000000046e+03 -3.262702308165394083e+00
2.302846799999999803e+03 -3.263132121728946178e+00
2.303304500000000189e+03 -3.257525481911080156e+00
2.332168299999999817e+03 -3.258429339497559418e+00
2.332634000000000015e+03 -3.258550749927302093e+00
2.360943000000000211e+03 -3.260819576760268568e+00
2.406983600000000024e+03 -3.260884363813329578e+00
2.408374200000000201e+03 -3.261243963369597321e+00
2.417165300000000116e+03 -3.259324290906679078e+00
2.437243500000000040e+03 -3.259297166691008663e+00
2.438601599999999962e+03 -3.259649025860512417e+00
