9.980447800000000314e+01 3.816619122735599490e+01
1.002246499999999969e+02 3.817351058416446108e+01
1.273300700000000063e+02 3.824057195196417780e+01
1.499762200000000121e+02 3.827932831263993307e+01
1.510101400000000069e+02 3.827435324648890713e+01
1.748011700000000133e+02 3.832423417463871118e+01
2.010490399999999909e+02 3.835691278241400681e+01
2.015583499999999901e+02 3.837255088540606351e+01
2.255328700000000026e+02 3.841733665784652629e+01
2.488682000000000016e+02 3.847179625483411058e+01
2.514289899999999989e+02 3.849744707917768949e+01
2.739135299999999802e+02 3.855165479340524826e+01
2.995350500000000125e+02 3.864609454508447328e+01
3.031377800000000207e+02 3.860817117850600511e+01
3.242461799999999812e+02 3.868289843272948758e+01
3.502934300000000007e+02 3.874719875839608818e+01
3.507013200000000097e+02 3.872112202320374763e+01
3.692267499999999814e+02 3.877128587421128003e+01
3.989060799999999745e+02 3.886236464481986275e+01
4.009918099999999868e+02 3.882821290453897944e+01
4.213413699999999835e+02 3.889709851414614405e+01
4.478538599999999974e+02 3.890586657846529306e+01
4.508695500000000038e+02 3.893704711988601730e+01
4.711834200000000124e+02 3.901257785467128514e+01
4.971758399999999938e+02 3.902835996336250446e+01
5.006987300000000118e+02 3.908354264197028272e+01
5.173212099999999509e+02 3.910897923875432980e+01
5.509602599999999484e+02 3.914555108894769120e+01
5.521291499999999814e+02 3.915378027681660456e+01
5.663623300000000427e+02 3.924332841441074748e+01
5.949271800000000212e+02 3.927930744962344534e+01
5.988322600000000193e+02 3.922350346020761691e+01
6.197342300000000250e+02 3.933652605332790841e+01
6.490974800000000187e+02 3.933911815591288530e+01
6.566083300000000236e+02 3.934975524119682433e+01
6.660924400000000105e+02 3.944043456136780179e+01
6.990049699999999575e+02 3.942111998778749893e+01
7.027562699999999722e+02 3.941733767555464851e+01
7.172195000000000391e+02 3.953119886016690288e+01
7.444410299999999552e+02 3.958345613677997221e+01
7.506179499999999507e+02 3.952404081009566283e+01
7.644332100000000310e+02 3.962963413393038792e+01
8.033936899999999923e+02 3.960701607978831618e+01
8.038953199999999697e+02 3.967304345613678151e+01
8.137911800000000540e+02 3.965935935273763135e+01
8.431996000000000322e+02 3.969848157948300837e+01
8.437157499999999573e+02 3.976006004477915212e+01
8.636879999999999882e+02 3.977037807856706308e+01
8.990822200000000066e+02 3.985886322002849624e+01
9.054055899999999610e+02 3.981609861591695676e+01
9.129611499999999751e+02 3.985193568084672933e+01
9.518814499999999725e+02 3.992398076531650730e+01
9.531006300000000238e+02 3.994845410136372976e+01
9.626254199999999628e+02 3.996055566863423536e+01
9.914024699999999939e+02 3.996315642173824045e+01
1.002883600000000001e+03 3.999468807246081781e+01
1.011520399999999995e+03 4.007909780175045711e+01
1.040137899999999945e+03 4.009848005292082007e+01
1.045040400000000091e+03 4.010118257683696186e+01
1.062634600000000091e+03 4.016693517199266950e+01
1.088621200000000044e+03 4.024913342153470097e+01
1.097159000000000106e+03 4.021138662731528512e+01
1.104468499999999949e+03 4.023150671687359647e+01
1.151210100000000011e+03 4.031143649501322557e+01
1.153601899999999887e+03 4.031650926114390643e+01
1.162314200000000028e+03 4.035308670873193648e+01
1.195258800000000065e+03 4.037685375534297094e+01
1.208575399999999945e+03 4.036529615306330498e+01
1.210361000000000104e+03 4.043695043761449170e+01
1.247029299999999921e+03 4.053420211683289409e+01
1.252385299999999916e+03 4.045522033380826343e+01
1.263458599999999933e+03 4.050949318135558741e+01
1.297756699999999910e+03 4.056862609403623310e+01
1.303295599999999922e+03 4.055639120700183042e+01
1.314326900000000023e+03 4.060263179320170934e+01
1.346223700000000008e+03 4.062921534703846760e+01
1.351394999999999982e+03 4.063809739466721282e+01
1.370925400000000081e+03 4.065226898025646562e+01
1.395642000000000053e+03 4.081815896600854643e+01
1.406496599999999944e+03 4.074591186647669616e+01
1.410852900000000091e+03 4.068849633625075768e+01
1.449528199999999970e+03 4.087559332383472821e+01
1.451964899999999943e+03 4.088397974760838594e+01
1.460169300000000021e+03 4.078005546509261592e+01
1.492361100000000079e+03 4.097186902096478889e+01
1.506229700000000093e+03 4.096016028902910477e+01
1.507994200000000092e+03 4.093251679218399630e+01
1.550865999999999985e+03 4.102052310197434792e+01
1.559831899999999905e+03 4.100069611235498002e+01
1.570460299999999961e+03 4.105190667616527378e+01
1.602221399999999903e+03 4.111809383268878548e+01
1.605185199999999895e+03 4.111248829635660229e+01
1.606679000000000087e+03 4.113539995929167503e+01
1.643056499999999915e+03 4.122237787502544393e+01
1.652072899999999890e+03 4.124666089965398186e+01
1.654717300000000023e+03 4.119511703643394895e+01
1.682021500000000060e+03 4.128602127009973799e+01
1.700739199999999983e+03 4.128281752493385426e+01
1.709729199999999992e+03 4.135464125788723777e+01
1.741370799999999917e+03 4.134262568695298512e+01
1.749047499999999900e+03 4.141670262568695193e+01
1.756685199999999895e+03 4.137840626908202779e+01
1.785692600000000084e+03 4.150414817830246506e+01
1.797959299999999985e+03 4.150212344799511754e+01
1.814366899999999987e+03 4.146883574190922417e+01
1.835809600000000046e+03 4.156099633625075995e+01
1.860568099999999959e+03 4.150792387543252460e+01
1.861896600000000035e+03 4.160864339507429577e+01
1.905632599999999911e+03 4.161353755342967276e+01
1.905994500000000016e+03 4.163054294728271998e+01
1.910524699999999939e+03 4.169721809485039898e+01
1.940673800000000028e+03 4.173620801953999404e+01
1.950478599999999915e+03 4.165206391207001957e+01
1.971243600000000015e+03 4.170323274984734496e+01
1.983582699999999932e+03 4.189957001831874805e+01
2.007205400000000054e+03 4.186964736413597166e+01
2.008329500000000053e+03 4.179149857520862810e+01
2.037502400000000080e+03 4.196677437410950517e+01
2.042382499999999936e+03 4.198978577244046306e+01
2.047054200000000037e+03 4.191466008548748334e+01
2.098245100000000093e+03 4.199935426419703077e+01
2.103274199999999837e+03 4.218260227966619169e+01
2.116514400000000023e+03 4.201775544473845514e+01
2.131322900000000118e+03 4.218280073274984687e+01
2.158747100000000046e+03 4.210479951150010436e+01
2.166744900000000143e+03 4.215500559739466979e+01
2.199328700000000026e+03 4.215743079584775188e+01
2.209536099999999806e+03 4.226019438225117142e+01
2.216356499999999869e+03 4.225700844697740877e+01
2.229724700000000212e+03 4.236120394870751227e+01
2.238199000000000069e+03 4.225460614695705175e+01
2.266132000000000062e+03 4.232420771422755479e+01
2.304511300000000119e+03 4.241023254630572126e+01
2.308435300000000097e+03 4.234881894972522076e+01
2.321957499999999982e+03 4.240886932627721961e+01
2.349873900000000049e+03 4.253974353755343429e+01
2.365383499999999913e+03 4.246732495420313569e+01
2.372350800000000163e+03 4.251866680236108209e+01
2.374549899999999980e+03 4.265410797883167504e+01
2.400079299999999876e+03 4.262925198453083908e+01
2.402500000000000000e+03 4.266158813352330981e+01
2.433762700000000223e+03 4.270395023407287027e+01
