1.226003400000000028e+02 1.729583044982698681e+01
1.334226199999999949e+02 1.729976796254834071e+01
1.717038000000000011e+02 1.737010940362304012e+01
1.718281800000000032e+02 1.736852534093222289e+01
1.813552799999999934e+02 1.738526155098717396e+01
2.208027099999999905e+02 1.744817321392224585e+01
2.219893700000000081e+02 1.744612100549562328e+01
2.313797500000000014e+02 1.746475575005088388e+01
2.695593600000000265e+02 1.752772287807856699e+01
2.699807400000000257e+02 1.752765062080195335e+01
2.808117500000000177e+02 1.754308162019133022e+01
3.186680799999999749e+02 1.762245674740484347e+01
3.193614699999999971e+02 1.762232851618155749e+01
3.303506100000000174e+02 1.763431202930999220e+01
3.700616999999999734e+02 1.772171636474659095e+01
3.701513699999999858e+02 1.772170415224913498e+01
3.775275899999999751e+02 1.775301496030938253e+01
4.144324700000000234e+02 1.783340626908202609e+01
4.181718200000000252e+02 1.783276358640341641e+01
4.285284300000000144e+02 1.784096122532058004e+01
4.674545899999999961e+02 1.793143496845104679e+01
4.676790199999999800e+02 1.793283533482597392e+01
4.742358800000000087e+02 1.797199623447994909e+01
5.153870299999999816e+02 1.806293252595155607e+01
5.159569900000000189e+02 1.806262568695298043e+01
5.290748200000000452e+02 1.808609658050071189e+01
5.651111499999999523e+02 1.818016792184001673e+01
5.672356700000000274e+02 1.817973488703439955e+01
5.776847199999999702e+02 1.821443110116018715e+01
6.161223800000000210e+02 1.831140596376959095e+01
6.161237099999999600e+02 1.834502696926521281e+01
6.176570500000000266e+02 1.831112965601465703e+01
6.597875199999999722e+02 1.842028088744148207e+01
6.668387400000000298e+02 1.842173468349277243e+01
6.740184799999999541e+02 1.846964532871972153e+01
7.162257799999999861e+02 1.857089812741705614e+01
7.162468400000000202e+02 1.857041115408100751e+01
7.225254499999999780e+02 1.858783431711784928e+01
7.601820199999999659e+02 1.870600447791573373e+01
7.606452600000000075e+02 1.870590219824954303e+01
7.731459899999999834e+02 1.871570679829024897e+01
8.123026999999999589e+02 1.881478424587828258e+01
8.130666499999999814e+02 1.881557551394260130e+01
8.207885300000000370e+02 1.886656777936087792e+01
8.590628500000000258e+02 1.896058721758599575e+01
8.628400699999999688e+02 1.896083655607571572e+01
8.752398299999999836e+02 1.898737736617138339e+01
9.082889499999999998e+02 1.908793557907592131e+01
9.112940700000000334e+02 1.908798493791980633e+01
9.188902000000000498e+02 1.911967840423366383e+01
9.610928900000000112e+02 1.921841593730917808e+01
9.653785699999999679e+02 1.921821341339304112e+01
9.715317999999999756e+02 1.924671890901689508e+01
1.006266200000000026e+03 1.934691888866273146e+01
1.008223700000000008e+03 1.934705220842662499e+01
1.021423599999999965e+03 1.938591695501730072e+01
1.057470800000000054e+03 1.946899857520863009e+01
1.064794000000000096e+03 1.946925809077956515e+01
1.068287000000000035e+03 1.952960614695705388e+01
1.100157799999999952e+03 1.962527885202523947e+01
1.114048600000000079e+03 1.962522847547323224e+01
1.117766200000000026e+03 1.964779818847954473e+01
1.159910599999999931e+03 1.978730816201913356e+01
1.163306299999999965e+03 1.978584469774068566e+01
1.165255699999999933e+03 1.977965703236311867e+01
1.211347400000000107e+03 1.988080297170771260e+01
1.213024200000000064e+03 1.988099379198045824e+01
1.217599799999999959e+03 1.994276663952778250e+01
1.254582000000000107e+03 2.003283838795033844e+01
1.263598199999999906e+03 2.003223539588845981e+01
1.266806299999999965e+03 2.005636678200691847e+01
1.299929699999999912e+03 2.018050732749847498e+01
1.306709700000000112e+03 2.018037553429676478e+01
1.321868699999999990e+03 2.019229493181355650e+01
1.349694899999999961e+03 2.030320018318746023e+01
1.358400599999999940e+03 2.030317932017097604e+01
1.364535300000000007e+03 2.033199114593934453e+01
1.401096600000000080e+03 2.041848310604518701e+01
1.404200100000000020e+03 2.041783177284754558e+01
1.421059299999999894e+03 2.042951099124771019e+01
1.446056299999999965e+03 2.056892835334826231e+01
1.449244300000000067e+03 2.056846020761245697e+01
1.465798299999999927e+03 2.058368105027478023e+01
1.496879599999999982e+03 2.068097496438021565e+01
1.500909599999999955e+03 2.068100142479136849e+01
1.511968000000000075e+03 2.069304345613678109e+01
1.549702600000000075e+03 2.084010126195806833e+01
1.549976400000000012e+03 2.084082078159983809e+01
1.562238200000000006e+03 2.082405607571748263e+01
1.605103200000000015e+03 2.096159373091797207e+01
1.605998900000000049e+03 2.096214583757378591e+01
1.615468800000000101e+03 2.097427182983920346e+01
1.634089999999999918e+03 2.111127315285975925e+01
1.654492400000000089e+03 2.111121310808060159e+01
1.659760999999999967e+03 2.112062589049460470e+01
1.699070500000000038e+03 2.123616985548544633e+01
1.701578199999999924e+03 2.123558162019132922e+01
1.708555100000000039e+03 2.124063403215957635e+01
1.746769000000000005e+03 2.139283279055566922e+01
1.752404800000000023e+03 2.139255648280073530e+01
1.765693299999999908e+03 2.141036586606961123e+01
1.791386099999999942e+03 2.152466212090372366e+01
1.800558700000000044e+03 2.152401536739263221e+01
1.810442399999999907e+03 2.150263077549358925e+01
1.845356099999999969e+03 2.164832536128638552e+01
1.851583900000000085e+03 2.164811622226745413e+01
1.859621699999999919e+03 2.167941736210054771e+01
1.893732199999999921e+03 2.180010889476897873e+01
1.894501500000000078e+03 2.180088795033584148e+01
1.913942299999999932e+03 2.178664665174028059e+01
1.942791600000000017e+03 2.192033584368003218e+01
1.946822799999999916e+03 2.191983055159780136e+01
1.958175500000000056e+03 2.191992621616120474e+01
1.995461299999999937e+03 2.207477559535924883e+01
2.007012899999999945e+03 2.207438530429472934e+01
2.011830200000000104e+03 2.210739619377162413e+01
2.036155600000000049e+03 2.218791471605943499e+01
2.052420999999999822e+03 2.218775544473844974e+01
2.073088999999999942e+03 2.214898483614899050e+01
2.102386700000000019e+03 2.235112762059841174e+01
2.112765699999999924e+03 2.235063097903521268e+01
2.119047599999999875e+03 2.240728373702422260e+01
2.136449700000000121e+03 2.245332434357825946e+01
2.148377300000000105e+03 2.245272287807856415e+01
2.161403400000000147e+03 2.246929269285568864e+01
2.188536200000000008e+03 2.260870751068593520e+01
2.196362299999999777e+03 2.260820578058212860e+01
2.208656899999999951e+03 2.262726592713210039e+01
2.239192199999999957e+03 2.277020150620801786e+01
2.244773599999999988e+03 2.276967993079584929e+01
2.262341199999999844e+03 2.277831671076734921e+01
2.285701500000000124e+03 2.286300834520659464e+01
2.288019800000000032e+03 2.286291726032973770e+01
2.317588200000000143e+03 2.284801699572562583e+01
2.350432499999999891e+03 2.305858742112761917e+01
2.354975300000000061e+03 2.305932118868308578e+01
2.363153999999999996e+03 2.305406879706900014e+01
2.382966300000000047e+03 2.312709647872990004e+01
2.387281199999999899e+03 2.312707815998371785e+01
2.415527700000000095e+03 2.312627569713006181e+01
2.446992299999999886e+03 2.324869275391817780e+01
2.448675099999999929e+03 2.324853093832688700e+01
