1.003449700000000036e+02 -4.412879244973826331e+00
1.283605499999999893e+02 -4.411987136496153816e+00
1.504665999999999997e+02 -4.411868233152118179e+00
1.754666200000000060e+02 -4.409783861734469568e+00
2.006439399999999864e+02 -4.409778859379283489e+00
2.232448500000000138e+02 -4.406922428211053955e+00
2.497643999999999949e+02 -4.407320036782154560e+00
2.737771999999999935e+02 -4.404021106779389072e+00
3.017049900000000093e+02 -4.404166449388874582e+00
3.250554900000000202e+02 -4.400860865053593862e+00
3.509632399999999848e+02 -4.400343848697798599e+00
3.731196800000000167e+02 -4.396876126049447109e+00
3.979691599999999880e+02 -4.396236095746101746e+00
4.191643300000000067e+02 -4.393238876452531194e+00
4.550411300000000097e+02 -4.394688076924922804e+00
4.685060300000000097e+02 -4.390667240658404857e+00
5.004718899999999735e+02 -4.391057247683753495e+00
5.190382600000000366e+02 -4.388538125126800971e+00
5.516398299999999608e+02 -4.389155777288646476e+00
5.668949099999999817e+02 -4.386334813299680668e+00
5.946868500000000495e+02 -4.386783729242301533e+00
6.153895899999999983e+02 -4.384577535913207313e+00
6.462998400000000174e+02 -4.384796977289014741e+00
6.687390000000000327e+02 -4.383073572780745941e+00
7.087508400000000393e+02 -4.385307873737208872e+00
7.193368400000000520e+02 -4.382347486316191087e+00
7.488830299999999625e+02 -4.381950043111229931e+00
7.647210900000000038e+02 -4.380071720633410770e+00
7.997327599999999848e+02 -4.381754218723398431e+00
8.174637599999999793e+02 -4.380321853670748666e+00
8.506563499999999749e+02 -4.380325758512239709e+00
8.686621900000000096e+02 -4.380050288751411891e+00
9.004570300000000316e+02 -4.380228263632719887e+00
9.123776800000000549e+02 -4.377642626885391408e+00
9.695729800000000296e+02 -4.382564054931346931e+00
9.721127000000000180e+02 -4.379139969746018934e+00
1.001061599999999999e+03 -4.379039163423976255e+00
1.015046699999999987e+03 -4.378575819594742846e+00
1.049650100000000066e+03 -4.378561432457594549e+00
1.068858500000000049e+03 -4.377556394500712322e+00
1.112810999999999922e+03 -4.379913291635554984e+00
1.118114100000000008e+03 -4.377768117891250199e+00
1.154573300000000017e+03 -4.376924821128030274e+00
1.159513500000000022e+03 -4.375455828473333142e+00
1.203546900000000051e+03 -4.373772170298287243e+00
1.205422100000000000e+03 -4.378471276161992165e+00
1.255235599999999977e+03 -4.377140274827876709e+00
1.267079999999999927e+03 -4.377512485473411985e+00
1.297924600000000055e+03 -4.375842524730200189e+00
1.311422299999999950e+03 -4.376799076933591159e+00
1.353976200000000063e+03 -4.378298428070786841e+00
1.371704500000000053e+03 -4.380125898293437459e+00
1.395838600000000042e+03 -4.377366519306010062e+00
1.408991800000000012e+03 -4.375763830248704522e+00
1.440986900000000105e+03 -4.376358628230103243e+00
1.454575499999999920e+03 -4.375609084941054938e+00
1.502519099999999980e+03 -4.380136067418394674e+00
1.514464899999999943e+03 -4.379098251396501773e+00
1.545849099999999908e+03 -4.377056491436039920e+00
1.558935999999999922e+03 -4.377811026441192688e+00
1.602596000000000004e+03 -4.378636678576741659e+00
1.612571599999999989e+03 -4.378669264061442412e+00
1.653673600000000079e+03 -4.377260550826660435e+00
1.663668799999999919e+03 -4.380489735970007459e+00
1.684795000000000073e+03 -4.375874187881334976e+00
1.710242899999999963e+03 -4.380706029797940104e+00
1.749319600000000037e+03 -4.380701020946192514e+00
1.759450399999999945e+03 -4.380464498108109339e+00
1.786000800000000027e+03 -4.380867334206475228e+00
1.804553000000000111e+03 -4.379805671972178516e+00
1.848243199999999888e+03 -4.383140963283597813e+00
1.858769199999999955e+03 -4.380356292024034204e+00
1.901026599999999917e+03 -4.382166586146212239e+00
1.913060799999999972e+03 -4.382289675390931727e+00
1.942494300000000067e+03 -4.381657420766108757e+00
1.958908799999999928e+03 -4.381094514782468252e+00
2.008466499999999996e+03 -4.386504782793672952e+00
2.012345100000000002e+03 -4.382147769177242580e+00
2.058072700000000168e+03 -4.384752644994409643e+00
2.067636199999999917e+03 -4.385055195544090623e+00
2.095972299999999905e+03 -4.383890360650064544e+00
2.111868899999999940e+03 -4.385423416584750989e+00
2.152788599999999860e+03 -4.384888397478720279e+00
2.164196399999999812e+03 -4.385736431594758677e+00
2.202395799999999781e+03 -4.386158398923974744e+00
2.205096000000000004e+03 -4.385147010050890692e+00
2.235766700000000128e+03 -4.382080067456342043e+00
2.243848500000000058e+03 -4.385163012981140085e+00
2.301516900000000078e+03 -4.384607367597998184e+00
2.304639299999999821e+03 -4.386910855527216491e+00
2.329154199999999946e+03 -4.384734909726347496e+00
2.344818099999999959e+03 -4.385959283754985449e+00
2.412291099999999915e+03 -4.388322354831202254e+00
2.414391000000000076e+03 -4.396471927484630449e+00
2.447091699999999946e+03 -4.392346124697780851e+00
