1.028199599999999947e+02 -3.882183184597963077e+00
1.272884499999999974e+02 -3.881886753202385520e+00
1.514484999999999957e+02 -3.881760787467699814e+00
1.766648800000000108e+02 -3.881429225053629750e+00
1.990845300000000009e+02 -3.880555498987619423e+00
2.246781599999999912e+02 -3.880320038417850004e+00
2.504939799999999934e+02 -3.880047982156252129e+00
2.747927900000000250e+02 -3.879214809059364111e+00
2.987940399999999954e+02 -3.878436147782221788e+00
3.231813500000000090e+02 -3.877475283780732696e+00
3.461333300000000008e+02 -3.876074510443851651e+00
3.742101799999999798e+02 -3.875760270790996831e+00
3.997126000000000090e+02 -3.874693882767691111e+00
4.241892399999999839e+02 -3.873280588229991217e+00
4.496972200000000157e+02 -3.871652895871700917e+00
4.738921700000000214e+02 -3.870389148085339848e+00
5.006404800000000250e+02 -3.869207894449573359e+00
5.229834700000000112e+02 -3.866875056536775990e+00
5.481367199999999684e+02 -3.864965297107074704e+00
5.742995399999999790e+02 -3.863407616498760078e+00
6.006425699999999779e+02 -3.861563529665954064e+00
6.228361400000000003e+02 -3.858861359454333062e+00
6.482722400000000107e+02 -3.856690099950605521e+00
6.617822499999999764e+02 -3.851935250776698183e+00
7.008220999999999776e+02 -3.852973890715642113e+00
7.229295700000000124e+02 -3.849871434258195002e+00
7.510425199999999677e+02 -3.847736789742750130e+00
7.673512799999999743e+02 -3.843861233392123378e+00
8.007966900000000123e+02 -3.843596383660781601e+00
8.185328200000000152e+02 -3.839615731544350208e+00
8.583482699999999568e+02 -3.840735349705867385e+00
8.690600299999999834e+02 -3.835932651847526742e+00
8.965789499999999634e+02 -3.833404463175533294e+00
9.178684100000000399e+02 -3.831551912824121775e+00
9.441852999999999838e+02 -3.829393160688791209e+00
9.774725700000000188e+02 -3.830263237696996725e+00
1.004063300000000027e+03 -3.828042823941558481e+00
1.016566199999999981e+03 -3.824326873855169229e+00
1.048450599999999895e+03 -3.822749556837536478e+00
1.060216100000000097e+03 -3.819322314695388076e+00
1.098268800000000056e+03 -3.819310519580170649e+00
1.113747299999999996e+03 -3.816373642218372275e+00
1.146048299999999927e+03 -3.814651276782901501e+00
1.169399799999999914e+03 -3.814911236943512307e+00
1.197002799999999979e+03 -3.813015969237721237e+00
1.214631100000000060e+03 -3.811126156571854828e+00
1.248736699999999928e+03 -3.811873267517716712e+00
1.266951499999999896e+03 -3.809730639571069499e+00
1.296111799999999903e+03 -3.807707179248893681e+00
1.315941100000000006e+03 -3.806253049138843991e+00
1.341959200000000010e+03 -3.804497717385599387e+00
1.353799299999999903e+03 -3.801064826979689393e+00
1.401058099999999968e+03 -3.805248634172541333e+00
1.403743500000000040e+03 -3.800104831783677195e+00
1.443698000000000093e+03 -3.801646820912201630e+00
1.464143700000000081e+03 -3.799148399078985605e+00
1.504084499999999935e+03 -3.800081819006637218e+00
1.513723400000000083e+03 -3.797952966374310346e+00
1.553524599999999964e+03 -3.800029718864453177e+00
1.566246599999999944e+03 -3.797761057752490732e+00
1.589677699999999959e+03 -3.793794445680597427e+00
1.608926999999999907e+03 -3.794720549069124704e+00
1.651702900000000000e+03 -3.794110591035846802e+00
1.660077600000000075e+03 -3.793622096447649472e+00
1.701302300000000059e+03 -3.794194421741260648e+00
1.706985899999999901e+03 -3.789689951480176511e+00
1.744126899999999978e+03 -3.790309245770843827e+00
1.755835199999999986e+03 -3.788610652072518903e+00
1.790149899999999889e+03 -3.788655662397219182e+00
1.821678499999999985e+03 -3.793762773521712095e+00
1.849446400000000040e+03 -3.788764552602161384e+00
1.857353699999999890e+03 -3.787326709626938737e+00
1.897784499999999980e+03 -3.788453158879510507e+00
1.914261799999999994e+03 -3.787043217032253217e+00
1.949896999999999935e+03 -3.784484355593714877e+00
1.956574499999999944e+03 -3.787928564480240734e+00
1.997075199999999995e+03 -3.785400175664641154e+00
2.022927200000000084e+03 -3.787610198075699319e+00
2.060724099999999908e+03 -3.782130278859841876e+00
2.072175799999999981e+03 -3.788611837859848563e+00
2.103403400000000147e+03 -3.785058140394439885e+00
2.103738100000000031e+03 -3.781443873195647232e+00
2.153445099999999911e+03 -3.782868516775978129e+00
2.157882200000000012e+03 -3.778763254735523436e+00
2.214545799999999872e+03 -3.781745070204646897e+00
2.224560599999999795e+03 -3.782246572490866932e+00
2.268176199999999881e+03 -3.781472816360776257e+00
2.271708000000000084e+03 -3.785625272810920983e+00
2.303273700000000190e+03 -3.777763499550803594e+00
2.312002800000000207e+03 -3.778864131033458751e+00
2.341963400000000092e+03 -3.773159410316988538e+00
2.347928100000000086e+03 -3.778974505992553912e+00
2.404781599999999798e+03 -3.778626979627487614e+00
2.406226200000000063e+03 -3.776123274858270928e+00
2.413788500000000113e+03 -3.771431882652851009e+00
