1.033584900000000033e+02 2.324548442906574408e+01
1.268696300000000008e+02 2.325527732546305870e+01
1.520165800000000047e+02 2.326678811316914164e+01
1.748510899999999992e+02 2.328194229594951992e+01
2.007824200000000019e+02 2.328808162019132766e+01
2.241438400000000115e+02 2.330262314268268042e+01
2.492852599999999939e+02 2.331485548544677400e+01
2.750421999999999798e+02 2.332835233055159918e+01
3.006101300000000265e+02 2.334067524933848858e+01
3.195439799999999764e+02 2.335033177284754657e+01
3.485233600000000251e+02 2.336158558925300355e+01
3.742694599999999809e+02 2.337249847343781894e+01
3.988745599999999740e+02 2.339474811723997760e+01
4.220131099999999833e+02 2.340038672908610096e+01
4.472687500000000114e+02 2.342210767351923550e+01
4.747488399999999729e+02 2.342407846529615156e+01
4.945450299999999970e+02 2.344632098514146179e+01
5.230699499999999489e+02 2.345730561774882972e+01
5.460606400000000349e+02 2.347846326073682022e+01
5.670272999999999683e+02 2.348353755342967375e+01
5.961777299999999968e+02 2.349770405047832256e+01
6.180772399999999607e+02 2.351759159373091990e+01
6.471029499999999643e+02 2.352983665784652700e+01
6.718519599999999627e+02 2.353483767555465178e+01
6.958241799999999557e+02 2.355122735599429973e+01
7.245003000000000384e+02 2.355728271931609896e+01
7.525835899999999583e+02 2.358183136576430172e+01
7.687417900000000373e+02 2.359784652961530682e+01
7.993316099999999551e+02 2.361949928760431661e+01
8.210173399999999901e+02 2.363689446366781866e+01
8.443408200000000079e+02 2.365562741705678818e+01
8.701358400000000302e+02 2.367841797272542337e+01
8.934250600000000304e+02 2.369107673519234680e+01
9.240671800000000076e+02 2.370135151638510251e+01
9.521999899999999570e+02 2.372939700793812179e+01
9.682371299999999792e+02 2.373543608792997972e+01
1.001459699999999998e+03 2.377260177081213044e+01
1.018802099999999996e+03 2.376051699572562725e+01
1.051942000000000007e+03 2.382215041726033178e+01
1.069068700000000035e+03 2.378143598615917043e+01
1.093670599999999922e+03 2.385382047628740310e+01
1.111759800000000041e+03 2.380818593527376237e+01
1.149527100000000019e+03 2.388185273763484417e+01
1.160706200000000081e+03 2.385342764095257451e+01
1.206863900000000058e+03 2.392321137797679853e+01
1.229397799999999961e+03 2.389305719519641613e+01
1.244509600000000091e+03 2.395958986362711229e+01
1.267403099999999995e+03 2.393439853450030341e+01
1.290325599999999895e+03 2.398817066965194655e+01
1.309101499999999987e+03 2.397467840423366425e+01
1.349602200000000039e+03 2.401437716262975641e+01
1.368203400000000101e+03 2.401230002035416078e+01
1.400710800000000063e+03 2.406230765316507103e+01
1.410578199999999924e+03 2.404882149399552205e+01
1.440656199999999899e+03 2.407906676165275783e+01
1.460352499999999964e+03 2.410536077752900397e+01
1.499484799999999950e+03 2.412034703846936523e+01
1.514104800000000068e+03 2.415979544066761520e+01
1.562555499999999938e+03 2.416817524933848915e+01
1.565243099999999913e+03 2.419219570527172891e+01
1.599993400000000065e+03 2.420926928556889735e+01
1.631672399999999925e+03 2.421374923671890755e+01
1.658587800000000016e+03 2.423526104213311427e+01
1.658727599999999939e+03 2.423697944229595080e+01
1.692071300000000065e+03 2.428091797272542252e+01
1.712216100000000097e+03 2.427897109708935730e+01
1.744693099999999959e+03 2.431545338896804154e+01
1.751964400000000069e+03 2.430089202116833036e+01
1.781209599999999909e+03 2.434095308365560584e+01
1.805509800000000041e+03 2.437023305515977967e+01
1.853469100000000026e+03 2.438988856096071700e+01
1.878785499999999956e+03 2.437992163647465915e+01
1.889445099999999911e+03 2.443034093222063774e+01
1.929728000000000065e+03 2.442330348056177414e+01
1.948359400000000051e+03 2.446265469163444095e+01
1.971515100000000075e+03 2.449378638306533773e+01
2.015733199999999897e+03 2.450631996743334184e+01
2.018370699999999943e+03 2.453443364543048943e+01
2.041574699999999893e+03 2.455647211479747583e+01
2.082121500000000196e+03 2.456651892937105686e+01
2.095338799999999992e+03 2.457970537349887863e+01
2.120046499999999924e+03 2.459133930388764355e+01
2.153255200000000059e+03 2.462675300223896002e+01
2.187446300000000065e+03 2.461880215754121792e+01
2.203146699999999782e+03 2.464836912273559832e+01
2.222027099999999791e+03 2.465357012008955806e+01
2.260030200000000150e+03 2.474006920415224897e+01
2.270336400000000140e+03 2.468922603297374252e+01
2.296952999999999975e+03 2.478659831060451779e+01
2.308684400000000096e+03 2.480004630571951907e+01
2.323224799999999959e+03 2.482537349888051992e+01
2.363172700000000077e+03 2.483310757174842109e+01
2.410611399999999776e+03 2.484411561164258231e+01
2.422531500000000051e+03 2.488835945450844633e+01
2.440609300000000076e+03 2.492608843883574110e+01
