1.231290999999999940e+02 2.331940820272745896e+01
1.327420500000000061e+02 2.333289283533482816e+01
1.712187000000000126e+02 2.342088031752493293e+01
1.715658999999999992e+02 2.342047730510889281e+01
1.813165999999999940e+02 2.344772033380826315e+01
2.194337400000000002e+02 2.352654691634439388e+01
2.203774300000000039e+02 2.352646804396499292e+01
2.289967900000000043e+02 2.354928404233665873e+01
2.668495399999999904e+02 2.363243283126399419e+01
2.682644099999999980e+02 2.363263026663952715e+01
2.763119699999999739e+02 2.367030785670669601e+01
3.185237900000000195e+02 2.374872532057806040e+01
3.207135999999999854e+02 2.374900773458172054e+01
3.265908900000000017e+02 2.379160187258294457e+01
3.675782300000000191e+02 2.385581925503765532e+01
3.685377599999999916e+02 2.385734683492774266e+01
3.753096800000000144e+02 2.392252238957866695e+01
4.177074099999999817e+02 2.399051139833095903e+01
4.181548199999999724e+02 2.399182933034805743e+01
4.255630199999999945e+02 2.405845410136372919e+01
4.664245399999999790e+02 2.413461174435171941e+01
4.691414899999999761e+02 2.413526511296560173e+01
4.758290499999999952e+02 2.419635914919600950e+01
5.118927899999999909e+02 2.429251780989212151e+01
5.155345300000000179e+02 2.429237736617138310e+01
5.216546399999999721e+02 2.431779869733360400e+01
5.640036199999999553e+02 2.444940871158151907e+01
5.644559799999999541e+02 2.445019947079177669e+01
5.736726400000000012e+02 2.447024017911662952e+01
6.158948100000000068e+02 2.460781243639324245e+01
6.174610099999999875e+02 2.460712751882759974e+01
6.245306399999999485e+02 2.462139782210462258e+01
6.640857200000000375e+02 2.474601058416445909e+01
6.669709000000000287e+02 2.474634948096885978e+01
6.672737499999999500e+02 2.481676216161205062e+01
7.143364900000000262e+02 2.493851719926724897e+01
7.152319400000000087e+02 2.493771778953796314e+01
7.219628199999999651e+02 2.494754325259515682e+01
7.596206899999999678e+02 2.510386118461225280e+01
7.620076099999999997e+02 2.510426674129859492e+01
7.646777200000000221e+02 2.512947180948503956e+01
8.124465800000000399e+02 2.526781141868512393e+01
8.141364200000000437e+02 2.526815693059230483e+01
8.238065199999999777e+02 2.531263331976388997e+01
8.617531199999999671e+02 2.543059383268878548e+01
8.674071199999999635e+02 2.548539792387543201e+01
8.697378800000000183e+02 2.543040199470791762e+01
9.137454000000000178e+02 2.563942041522491522e+01
9.141457299999999577e+02 2.563824496234479966e+01
9.219406300000000556e+02 2.562799613270913923e+01
9.554001600000000280e+02 2.577289232648076478e+01
9.571861400000000231e+02 2.577346987583960924e+01
9.738167399999999816e+02 2.585876806431915398e+01
1.005930799999999977e+03 2.597816049257072990e+01
1.008180899999999951e+03 2.597852381437003899e+01
1.024821300000000065e+03 2.599212751882759775e+01
1.052701099999999997e+03 2.617338031752493421e+01
1.054405199999999923e+03 2.617410441685324685e+01
1.067894700000000057e+03 2.618163494809688530e+01
1.104785699999999906e+03 2.635457408915123168e+01
1.105335299999999961e+03 2.635422552411968056e+01
1.117095100000000002e+03 2.638106554040301432e+01
1.150325299999999970e+03 2.655153979238754403e+01
1.151856700000000046e+03 2.655106197842458471e+01
1.160834399999999960e+03 2.654367748829635687e+01
1.210164700000000039e+03 2.672633472420110223e+01
1.210971700000000055e+03 2.671369529818848321e+01
1.214183399999999892e+03 2.672702167718298583e+01
1.257876500000000078e+03 2.691338540606554020e+01
1.260487499999999955e+03 2.691296916344392542e+01
1.269190900000000056e+03 2.693077294931813626e+01
1.300027000000000044e+03 2.708931101160187183e+01
1.307402700000000095e+03 2.708867443517199192e+01
1.319919699999999921e+03 2.707774933848972410e+01
1.349631100000000060e+03 2.732064929778139728e+01
1.359868799999999965e+03 2.732028444941990486e+01
1.374232500000000073e+03 2.733018064319153240e+01
1.403681100000000015e+03 2.751252391614085013e+01
1.406358199999999897e+03 2.751199012823122203e+01
1.411640900000000101e+03 2.750465805007124231e+01
1.445706200000000081e+03 2.770977610421331150e+01
1.447976000000000113e+03 2.770942295949521395e+01
1.471422100000000000e+03 2.770604060655404055e+01
1.487590799999999945e+03 2.790953643395074124e+01
1.495891699999999901e+03 2.790952269489110193e+01
1.519242600000000039e+03 2.789924638713617000e+01
1.547289500000000089e+03 2.817040860981070693e+01
1.547895899999999983e+03 2.816981884795440649e+01
1.567034799999999905e+03 2.819315998371666865e+01
1.604683700000000044e+03 2.840425859963362498e+01
1.605351799999999912e+03 2.840325564828007643e+01
1.626312400000000025e+03 2.840069713006309726e+01
1.651117099999999937e+03 2.864200234072868057e+01
1.659844800000000077e+03 2.864144412782414051e+01
1.681565299999999979e+03 2.867513891715855578e+01
1.692497900000000072e+03 2.890349684510482575e+01
1.703794000000000096e+03 2.890368664766944917e+01
1.736468000000000075e+03 2.890120343985344675e+01
1.757907999999999902e+03 2.911666955017301106e+01
1.765311500000000024e+03 2.911614237736617383e+01
1.772422199999999975e+03 2.915430490535314689e+01
1.799971299999999928e+03 2.940170924078974224e+01
1.803835600000000113e+03 2.940075564828007515e+01
1.809900300000000016e+03 2.942999999999999972e+01
1.834605399999999918e+03 2.965532770201506096e+01
1.847869999999999891e+03 2.965490738856096087e+01
1.857800999999999931e+03 2.963436291471606054e+01
1.902398200000000088e+03 2.998059179727254175e+01
1.907845399999999927e+03 2.997972318339100539e+01
1.928852000000000089e+03 3.001917158558925181e+01
1.938696400000000040e+03 3.021437156523508705e+01
1.951918200000000070e+03 3.021478373702422360e+01
1.952900000000000091e+03 3.017846580500712150e+01
2.001524899999999889e+03 3.056625076328109003e+01
2.005429799999999886e+03 3.056508803175249156e+01
2.016696200000000090e+03 3.055991909220435687e+01
2.041495899999999892e+03 3.091984785263586133e+01
2.054922500000000127e+03 3.091931457358029789e+01
2.061433199999999943e+03 3.091498320781599674e+01
2.084902300000000196e+03 3.127810858945654360e+01
2.090882200000000012e+03 3.127748931406472366e+01
2.127662400000000162e+03 3.126136118461225522e+01
2.145188400000000001e+03 3.164842814980663732e+01
2.157246599999999944e+03 3.164897364135965674e+01
2.164195900000000165e+03 3.165718552819051368e+01
2.191956400000000031e+03 3.209103450030531235e+01
2.193360700000000179e+03 3.209205169957256487e+01
2.211864599999999882e+03 3.211397160594341926e+01
2.245136100000000170e+03 3.249484225524119552e+01
2.246687300000000050e+03 3.249613220028496130e+01
2.264190599999999904e+03 3.252817270506818659e+01
2.303929500000000189e+03 3.288559993893751709e+01
2.304506899999999860e+03 3.288624465703236410e+01
2.317686900000000151e+03 3.293374363932424131e+01
2.344130299999999806e+03 3.345953338082637885e+01
2.347496900000000096e+03 3.345845715448809443e+01
2.376009799999999814e+03 3.350752595155709201e+01
2.391099600000000009e+03 3.402953796051292557e+01
2.391873500000000149e+03 3.400369886016689946e+01
2.400235700000000179e+03 3.400514400569916518e+01
2.423066100000000006e+03 3.446866222267453850e+01
2.423071600000000217e+03 3.446793049053531632e+01
