1.008284100000000052e+02 -4.366990942747650095e+00
1.261763899999999978e+02 -4.366678237702596554e+00
1.494844500000000096e+02 -4.366735791287772450e+00
1.745189300000000117e+02 -4.366448085437488302e+00
1.988588599999999929e+02 -4.366415131525178239e+00
2.231447000000000003e+02 -4.366089393131155738e+00
2.494328299999999956e+02 -4.365883718888135867e+00
2.739797899999999800e+02 -4.366074294494251440e+00
2.982123500000000149e+02 -4.365125480307249006e+00
3.226817699999999718e+02 -4.365429533585135857e+00
3.478655600000000163e+02 -4.364843413298092223e+00
3.688827400000000125e+02 -4.363757894273478932e+00
3.993651600000000030e+02 -4.363763741014741626e+00
4.186342099999999959e+02 -4.363045855931699357e+00
4.490758799999999837e+02 -4.363124620052619029e+00
4.711470199999999977e+02 -4.362566099472434011e+00
5.013337599999999838e+02 -4.361612747022580727e+00
5.225481600000000526e+02 -4.361788929760936462e+00
5.529657200000000330e+02 -4.361176136317959973e+00
5.671066399999999703e+02 -4.358592175406966973e+00
5.998870399999999563e+02 -4.357761401651775834e+00
6.204550400000000536e+02 -4.357675728494861289e+00
6.466158199999999852e+02 -4.356234302512851819e+00
6.653668900000000122e+02 -4.353716521092760416e+00
6.995877600000000029e+02 -4.354126293423770555e+00
7.156261899999999514e+02 -4.351178612428276082e+00
7.523587999999999738e+02 -4.352250797104876945e+00
7.698788899999999558e+02 -4.348630486083515656e+00
7.980901400000000194e+02 -4.347518048294543469e+00
8.204485300000000052e+02 -4.344305413855797049e+00
8.607852000000000317e+02 -4.344914092846717146e+00
8.624912100000000237e+02 -4.337919500435343245e+00
8.973414699999999584e+02 -4.337634970602923801e+00
9.110742099999999937e+02 -4.332658646001483760e+00
9.481358400000000302e+02 -4.333073623480265368e+00
9.615495300000000043e+02 -4.327563159237621804e+00
9.950818000000000438e+02 -4.327220214983189983e+00
1.019719100000000026e+03 -4.324947070171024421e+00
1.046724200000000110e+03 -4.322126268624343126e+00
1.069787600000000111e+03 -4.319180108653679184e+00
1.105508199999999988e+03 -4.317820762226319609e+00
1.117068199999999933e+03 -4.313594210648326488e+00
1.146968399999999974e+03 -4.313223101871180631e+00
1.172057800000000043e+03 -4.308365124160229875e+00
1.183115199999999959e+03 -4.305113311756250560e+00
1.216690700000000106e+03 -4.302924887506371476e+00
1.254184899999999971e+03 -4.301361676658859601e+00
1.254198699999999917e+03 -4.295737928947627182e+00
1.290009000000000015e+03 -4.294933320707866820e+00
1.309345199999999977e+03 -4.290993226744956424e+00
1.364049199999999928e+03 -4.287674023640908771e+00
1.369552899999999909e+03 -4.294425813814285675e+00
1.406638899999999921e+03 -4.287995625923554321e+00
1.422210800000000063e+03 -4.284817170730782721e+00
1.450218100000000049e+03 -4.283387810778077842e+00
1.459381399999999985e+03 -4.276717626268359496e+00
1.507643900000000031e+03 -4.279486881805130594e+00
1.512516800000000103e+03 -4.275553666009896503e+00
1.547010800000000017e+03 -4.275061831315363214e+00
1.576640300000000025e+03 -4.274392062183991925e+00
1.608042999999999893e+03 -4.271070838963564320e+00
1.613367899999999963e+03 -4.265665119394147276e+00
1.654183800000000019e+03 -4.264768134637213493e+00
1.665534900000000107e+03 -4.261514700171663783e+00
1.694907899999999927e+03 -4.254478345902441561e+00
1.710395500000000084e+03 -4.260836870125346287e+00
1.756427200000000084e+03 -4.258531047782114776e+00
1.764840699999999970e+03 -4.254758466119327842e+00
1.800515000000000100e+03 -4.253007545090932595e+00
1.809421100000000024e+03 -4.249109460752579892e+00
1.858700499999999920e+03 -4.249847691079378542e+00
1.866351499999999987e+03 -4.248285376546939496e+00
1.897035100000000057e+03 -4.246705587300088958e+00
1.932123700000000099e+03 -4.246732418675748022e+00
1.951590999999999894e+03 -4.243661297071851024e+00
1.961492199999999912e+03 -4.238762731313221011e+00
2.009551899999999932e+03 -4.236180200168563559e+00
2.021875099999999975e+03 -4.239884667655178241e+00
2.057297000000000025e+03 -4.237307250527011071e+00
2.058915199999999913e+03 -4.231269145351347127e+00
2.097237399999999980e+03 -4.223915256645723204e+00
2.107825100000000020e+03 -4.230497289168553721e+00
2.159529799999999796e+03 -4.231386067773659221e+00
2.161225800000000163e+03 -4.226966436936839600e+00
2.178114999999999782e+03 -4.221705366983353080e+00
2.194952999999999975e+03 -4.220566619532283958e+00
2.254747499999999945e+03 -4.222871930241975491e+00
2.255375900000000001e+03 -4.220202967503086100e+00
2.284363100000000031e+03 -4.221176890500885293e+00
2.313524300000000039e+03 -4.220051586722060932e+00
2.360336600000000089e+03 -4.220041245052360779e+00
2.368757300000000214e+03 -4.215854587423738309e+00
2.388718299999999999e+03 -4.210612043567467211e+00
2.401302499999999782e+03 -4.218320021794906616e+00
2.440097600000000057e+03 -4.213515977221417685e+00
