1.216971800000000030e+02 -3.467802279661420073e+00
1.305839499999999873e+02 -3.467397315373201838e+00
1.688802599999999927e+02 -3.467399953615628583e+00
1.694743699999999933e+02 -3.467438134777808045e+00
1.798054600000000107e+02 -3.467379434043123432e+00
2.165618100000000084e+02 -3.466615348084948423e+00
2.194537400000000105e+02 -3.467467182877004728e+00
2.265925699999999949e+02 -3.466443284510935641e+00
2.671358500000000049e+02 -3.466458521018349170e+00
2.688804600000000278e+02 -3.467014106946254337e+00
2.749019200000000183e+02 -3.465726127382219079e+00
3.145721800000000030e+02 -3.465211935849872305e+00
3.159808899999999880e+02 -3.465663180360657680e+00
3.235449600000000032e+02 -3.464743770262242339e+00
3.641952800000000252e+02 -3.464538307073709245e+00
3.644619400000000269e+02 -3.464522468906138464e+00
3.756383000000000152e+02 -3.464619443818443223e+00
4.120456199999999853e+02 -3.463029527226345827e+00
4.135615700000000174e+02 -3.463494094842256121e+00
4.252111800000000130e+02 -3.463579534798137072e+00
4.646687600000000202e+02 -3.462329056549731998e+00
4.667786800000000085e+02 -3.462966768117326843e+00
4.730079400000000192e+02 -3.461691800665529062e+00
5.118473599999999806e+02 -3.460149111923594756e+00
5.130312099999999873e+02 -3.460528384817192382e+00
5.203218100000000277e+02 -3.459347304350299357e+00
5.638280399999999872e+02 -3.458756295676714387e+00
5.639728499999999940e+02 -3.458709669253916985e+00
5.698378000000000156e+02 -3.457331055728543490e+00
6.150212000000000216e+02 -3.456875847494440990e+00
6.151856199999999717e+02 -3.456831237522694611e+00
6.209148599999999760e+02 -3.455312207469915631e+00
6.606889999999999645e+02 -3.453268489955795051e+00
6.664651099999999815e+02 -3.454680160081445628e+00
6.729875799999999799e+02 -3.453281522460389663e+00
7.153635299999999688e+02 -3.451549189133044759e+00
7.162029800000000250e+02 -3.451857135891294170e+00
7.209921699999999873e+02 -3.450144035958695010e+00
7.658932399999999916e+02 -3.448672933224289583e+00
7.665426899999999932e+02 -3.448932066512265582e+00
7.704519599999999855e+02 -3.446434294544920895e+00
8.100993899999999712e+02 -3.443500655307957015e+00
8.159554900000000544e+02 -3.445085813315543533e+00
8.180289099999999962e+02 -3.442605652106133007e+00
8.588117499999999609e+02 -3.439734926298758211e+00
8.642891399999999749e+02 -3.441210018619557776e+00
8.692474499999999580e+02 -3.439065318995909504e+00
9.099841199999999617e+02 -3.435860145620692307e+00
9.156512500000000045e+02 -3.437243286048818014e+00
9.156888699999999517e+02 -3.434059138170685088e+00
9.656422400000000152e+02 -3.433297117103153440e+00
9.657835099999999784e+02 -3.433247082134980310e+00
9.718181899999999587e+02 -3.431481704002229183e+00
1.016023800000000051e+03 -3.426497409831370078e+00
1.017610900000000015e+03 -3.430378600326673855e+00
1.020186000000000035e+03 -3.430933130332086911e+00
1.052646500000000060e+03 -3.421700146593321001e+00
1.061278900000000021e+03 -3.423964462286466670e+00
1.074455999999999904e+03 -3.423794575099440074e+00
1.112093299999999999e+03 -3.420026296574251834e+00
1.112684700000000021e+03 -3.420245438047131881e+00
1.114373800000000074e+03 -3.417044102804173811e+00
1.153155500000000075e+03 -3.409574574930991364e+00
1.155104700000000093e+03 -3.413541997101465331e+00
1.161529299999999921e+03 -3.415145078287535441e+00
1.213329700000000003e+03 -3.411979419556093962e+00
1.220318800000000010e+03 -3.410270619232423694e+00
1.221194899999999961e+03 -3.413906532501902014e+00
1.263786200000000008e+03 -3.407853217661263479e+00
1.264988599999999906e+03 -3.408241306046252639e+00
1.271309400000000096e+03 -3.406555900107780310e+00
1.308883100000000013e+03 -3.401548301637812521e+00
1.310889400000000023e+03 -3.398683650367347653e+00
1.314541199999999890e+03 -3.403070874372458476e+00
1.358618500000000040e+03 -3.394469652133691451e+00
1.360124299999999948e+03 -3.398353283132589997e+00
1.364647500000000036e+03 -3.399454179513821117e+00
1.406518499999999904e+03 -3.393358251398646441e+00
1.406918799999999919e+03 -3.393512724095096633e+00
1.413353399999999965e+03 -3.392003491233361867e+00
1.456129100000000108e+03 -3.385660731648758581e+00
1.456819500000000062e+03 -3.389425769869649496e+00
1.457210700000000088e+03 -3.389483243179645999e+00
1.500042599999999993e+03 -3.383540418479468848e+00
1.500360799999999927e+03 -3.383622781285325232e+00
1.524020600000000059e+03 -3.386118356018064990e+00
1.557410399999999981e+03 -3.379998045117726946e+00
1.557817099999999982e+03 -3.380158039632455313e+00
1.576298800000000028e+03 -3.381052658156134871e+00
1.598349899999999934e+03 -3.375828057182995501e+00
1.603844299999999976e+03 -3.377258544281406039e+00
1.617755699999999933e+03 -3.377369980223664303e+00
1.652903399999999920e+03 -3.373295359004432115e+00
1.653540199999999913e+03 -3.373487208174728025e+00
1.663611900000000105e+03 -3.371969276136300930e+00
1.689780999999999949e+03 -3.365037430309220756e+00
1.699495499999999993e+03 -3.367520326137804609e+00
1.713099500000000035e+03 -3.367604501486659352e+00
1.761994500000000016e+03 -3.367586324397319864e+00
1.765932900000000018e+03 -3.368679687837090597e+00
1.766227599999999939e+03 -3.365009435632697610e+00
1.790901800000000094e+03 -3.359282569468352797e+00
1.796792899999999918e+03 -3.360835863806278301e+00
1.800463700000000017e+03 -3.358072341232505309e+00
1.849884299999999939e+03 -3.359314914993821510e+00
1.860149599999999964e+03 -3.357671172446414332e+00
1.862237699999999904e+03 -3.362539911133204829e+00
1.882201499999999896e+03 -3.351709499640717738e+00
1.890256499999999960e+03 -3.353709086952044505e+00
1.920083699999999908e+03 -3.357713010149894650e+00
1.944473899999999958e+03 -3.351490680773486552e+00
1.950070099999999911e+03 -3.352914714997127454e+00
1.957530099999999948e+03 -3.350914869284601583e+00
1.998679799999999886e+03 -3.350621275969730917e+00
2.003788900000000012e+03 -3.351910581970448444e+00
2.008142399999999952e+03 -3.349031417822327938e+00
2.046068500000000085e+03 -3.346611868643927679e+00
2.049221500000000106e+03 -3.347420417699622064e+00
2.055738899999999830e+03 -3.344975130485822845e+00
2.096053499999999985e+03 -3.342452366103963790e+00
2.101277799999999843e+03 -3.343782851929156585e+00
2.103631600000000162e+03 -3.342740226434946393e+00
2.133349099999999908e+03 -3.337287385765113079e+00
2.138480500000000120e+03 -3.338684431113556617e+00
2.151137499999999818e+03 -3.338027909826479345e+00
2.186224499999999807e+03 -3.333299035488054507e+00
2.200968100000000049e+03 -3.338008219066789017e+00
2.205872400000000198e+03 -3.339280047318171185e+00
2.253126900000000205e+03 -3.336405547678996886e+00
2.261157200000000103e+03 -3.338420426731554702e+00
2.267616599999999835e+03 -3.336934753545406807e+00
2.281341300000000047e+03 -3.328074913440031590e+00
2.296070299999999861e+03 -3.331792993094205624e+00
2.316782799999999952e+03 -3.332131710462675311e+00
2.337279799999999796e+03 -3.327772084997554281e+00
2.344605199999999968e+03 -3.329712305114680859e+00
2.360072200000000066e+03 -3.329730118116082771e+00
2.383902300000000196e+03 -3.324820400653767383e+00
2.392110999999999876e+03 -3.326984646146997626e+00
2.413788799999999810e+03 -3.327728978324028031e+00
2.451559499999999844e+03 -3.318570344099459390e+00
2.456663100000000213e+03 -3.319877615580388408e+00
