1.001191000000000031e+02 -1.508464248156272669e+00
1.272841600000000000e+02 -1.508251764648617543e+00
1.498946699999999908e+02 -1.508031338577030311e+00
1.759431299999999965e+02 -1.507636186039820192e+00
1.999278799999999876e+02 -1.507436405937690349e+00
2.257345699999999908e+02 -1.506993965778494982e+00
2.469811599999999885e+02 -1.505853414298775395e+00
2.722216300000000047e+02 -1.504988236356363807e+00
3.011263099999999895e+02 -1.505072314180545989e+00
3.223579199999999787e+02 -1.503574796239901090e+00
3.505536999999999921e+02 -1.503386458069165821e+00
3.700900300000000129e+02 -1.501037792312375663e+00
3.970454500000000166e+02 -1.500348356737405187e+00
4.227035000000000196e+02 -1.498883569967252471e+00
4.509302599999999757e+02 -1.497532774632978736e+00
4.715781999999999812e+02 -1.495215070631067844e+00
4.970037399999999934e+02 -1.493779988138579151e+00
5.178315400000000182e+02 -1.490768704181683724e+00
5.473928200000000288e+02 -1.490244946288027617e+00
5.738806100000000470e+02 -1.488402815669220169e+00
5.983923200000000406e+02 -1.486047844497799808e+00
6.225398699999999508e+02 -1.483250928965859750e+00
6.555313400000000001e+02 -1.482644830920337942e+00
6.698285600000000386e+02 -1.478892697391659627e+00
7.041733400000000529e+02 -1.478635490101471328e+00
7.128980099999999993e+02 -1.474094176422346303e+00
7.457674100000000408e+02 -1.473742089750372575e+00
7.712710799999999836e+02 -1.471375750095760715e+00
8.017097499999999854e+02 -1.469926158766865276e+00
8.153018499999999449e+02 -1.466706932062204150e+00
8.420007699999999886e+02 -1.464535452363019630e+00
8.656593699999999671e+02 -1.462816234885302880e+00
8.991819299999999657e+02 -1.462885700003613287e+00
9.122772300000000314e+02 -1.458326967943800900e+00
9.540128700000000208e+02 -1.460097634198413541e+00
9.699471300000000156e+02 -1.456467415612250349e+00
1.004999599999999987e+03 -1.455938041204612343e+00
1.019843100000000049e+03 -1.454504620228179057e+00
1.052642700000000104e+03 -1.453483308325136836e+00
1.066387199999999893e+03 -1.450594137494053193e+00
1.099892900000000054e+03 -1.449749565562464149e+00
1.116493500000000040e+03 -1.446844021100711863e+00
1.148135899999999992e+03 -1.445374761031638755e+00
1.172544699999999921e+03 -1.446162379551551025e+00
1.183304900000000089e+03 -1.440345540444823991e+00
1.216084200000000010e+03 -1.440354803913498793e+00
1.264972199999999930e+03 -1.441661654147955662e+00
1.266041400000000067e+03 -1.437751415965209834e+00
1.306798999999999978e+03 -1.436732093061596327e+00
1.319974799999999959e+03 -1.435387434626695269e+00
1.364207599999999957e+03 -1.433118799777030272e+00
1.365625600000000077e+03 -1.435814406043612212e+00
1.409026599999999917e+03 -1.432393577810131546e+00
1.416402499999999918e+03 -1.430742334558603890e+00
1.458601300000000037e+03 -1.432328085968154419e+00
1.465082300000000032e+03 -1.427997040166407050e+00
1.497081799999999930e+03 -1.426247870811468754e+00
1.514816700000000083e+03 -1.424119129496336011e+00
1.545249800000000050e+03 -1.417836427134812283e+00
1.557758399999999938e+03 -1.426798472085545555e+00
1.577840099999999893e+03 -1.421350768871115555e+00
1.623184500000000071e+03 -1.421676852604930597e+00
1.634008299999999963e+03 -1.415835899695781830e+00
1.663288099999999986e+03 -1.417006521999984336e+00
1.687229599999999891e+03 -1.413918500052844696e+00
1.700927400000000034e+03 -1.412377270589924683e+00
1.737320200000000114e+03 -1.411115932875763423e+00
1.751800199999999904e+03 -1.408962445876178471e+00
1.807650599999999940e+03 -1.409551303462121652e+00
1.819762999999999920e+03 -1.410698730681615887e+00
1.861954400000000078e+03 -1.410963517547809021e+00
1.864128799999999956e+03 -1.405853904992467207e+00
1.889478800000000092e+03 -1.400274217577943903e+00
1.916062400000000025e+03 -1.403961689865194096e+00
1.957193999999999960e+03 -1.398109478809541173e+00
1.961863800000000083e+03 -1.406035420555859172e+00
1.990779800000000023e+03 -1.390510985786127307e+00
1.990994200000000092e+03 -1.404136634314987253e+00
2.048496999999999844e+03 -1.385735918722885485e+00
2.085522899999999936e+03 -1.403618659081776965e+00
2.105433799999999792e+03 -1.388485542779651638e+00
2.113761399999999867e+03 -1.387147756088556116e+00
2.171348800000000210e+03 -1.386902129273835271e+00
2.171876600000000053e+03 -1.386020104679403842e+00
2.210190300000000207e+03 -1.379577157166399282e+00
2.214227300000000014e+03 -1.384310197520408181e+00
2.246722499999999854e+03 -1.377361830667141351e+00
2.266911700000000110e+03 -1.374332107636639488e+00
2.299130400000000009e+03 -1.368082970388802888e+00
2.317188900000000103e+03 -1.378705349987583872e+00
2.334431700000000092e+03 -1.369812611053727869e+00
2.368078700000000026e+03 -1.366933124875164385e+00
2.410831499999999778e+03 -1.356119250802393816e+00
2.423976799999999912e+03 -1.369549070628526266e+00
2.430218699999999899e+03 -1.350374765535588439e+00
