1.034431500000000028e+02 -3.331234786226199951e+00
1.283594699999999875e+02 -3.330818223058950256e+00
1.532874700000000132e+02 -3.330669232630371734e+00
1.770321099999999888e+02 -3.329704193886471764e+00
1.997659500000000037e+02 -3.328705860723134791e+00
2.250748499999999979e+02 -3.327856388767259421e+00
2.514619500000000016e+02 -3.327517181574866534e+00
2.756296100000000138e+02 -3.326202464674754999e+00
3.008902899999999931e+02 -3.325211939467739963e+00
3.236849599999999896e+02 -3.323334410433992581e+00
3.492217299999999796e+02 -3.322161596239416870e+00
3.746852600000000280e+02 -3.320798415113671798e+00
4.019453500000000190e+02 -3.319808544753375834e+00
4.268837500000000205e+02 -3.317745694997798367e+00
4.513544400000000110e+02 -3.315578725079584732e+00
4.742631900000000087e+02 -3.313587954433041549e+00
4.996265099999999961e+02 -3.311684517342704748e+00
5.210424699999999802e+02 -3.308938657140200856e+00
5.517578600000000506e+02 -3.308979848301097704e+00
5.700940699999999879e+02 -3.305220072756296812e+00
5.985182700000000295e+02 -3.304165180166843463e+00
6.216916300000000319e+02 -3.302027062351703623e+00
6.476576400000000149e+02 -3.299734348155547892e+00
6.686529600000000073e+02 -3.296940145115522025e+00
6.981504999999999654e+02 -3.295997151173857276e+00
7.172129300000000285e+02 -3.293638378694190738e+00
7.515086400000000140e+02 -3.294061137979432008e+00
7.692050500000000284e+02 -3.290847542915273038e+00
7.972358699999999772e+02 -3.288650703407819620e+00
8.181705799999999726e+02 -3.286938989424409652e+00
8.496166399999999612e+02 -3.285494841696847246e+00
8.704985500000000229e+02 -3.285414552154934942e+00
8.968975000000000364e+02 -3.283713051207912681e+00
9.114032999999999447e+02 -3.279106840576020421e+00
9.475751900000000205e+02 -3.279081442282293146e+00
9.711960500000000138e+02 -3.277908696636913088e+00
9.894421700000000328e+02 -3.274662319411283384e+00
1.008685399999999959e+03 -3.271975465430085439e+00
1.041859899999999925e+03 -3.272294610194356856e+00
1.067724799999999959e+03 -3.271102309055086366e+00
1.091456100000000106e+03 -3.269529862771009210e+00
1.116761199999999917e+03 -3.269791051020387584e+00
1.147858999999999924e+03 -3.268906779555585729e+00
1.163489800000000059e+03 -3.266276016074524335e+00
1.196868699999999990e+03 -3.265936369904368419e+00
1.222743199999999888e+03 -3.265689457130619644e+00
1.243277599999999893e+03 -3.263145423371361264e+00
1.259849200000000110e+03 -3.260482687144683922e+00
1.293324499999999944e+03 -3.261365041471447679e+00
1.317583300000000008e+03 -3.260085335292207009e+00
1.354079999999999927e+03 -3.261885052789466943e+00
1.372492700000000013e+03 -3.259640980600020388e+00
1.394876899999999978e+03 -3.256612761283511848e+00
1.413123299999999972e+03 -3.255438459293039433e+00
1.437827500000000100e+03 -3.253978202786620866e+00
1.468630799999999908e+03 -3.255442283266017700e+00
1.496982600000000048e+03 -3.254514613179748661e+00
1.512440200000000004e+03 -3.250580728843853073e+00
1.547326099999999997e+03 -3.250397718787592094e+00
1.551867199999999912e+03 -3.248102774529458170e+00
1.607462800000000016e+03 -3.251502720330722074e+00
1.611087299999999914e+03 -3.248540529730308268e+00
1.650898699999999963e+03 -3.246987362640722630e+00
1.672450900000000047e+03 -3.246822112972831409e+00
1.700440399999999954e+03 -3.242730711919378894e+00
1.706189200000000028e+03 -3.247587998438674184e+00
1.745502899999999954e+03 -3.245598258398276315e+00
1.778609999999999900e+03 -3.246352960805476418e+00
1.808752099999999928e+03 -3.240398601305940041e+00
1.817098799999999983e+03 -3.248131241862711960e+00
1.851130599999999959e+03 -3.241668199339514445e+00
1.858630400000000009e+03 -3.239405489859607190e+00
1.893904999999999973e+03 -3.238399345486478786e+00
1.908686500000000024e+03 -3.237015741991136952e+00
1.945910699999999906e+03 -3.239885325923903547e+00
1.966150499999999965e+03 -3.236454425910017640e+00
2.011252600000000029e+03 -3.237266007864020079e+00
2.022313499999999976e+03 -3.239876793746035766e+00
2.043253999999999905e+03 -3.236713085854042493e+00
2.068329499999999825e+03 -3.233985445105121759e+00
2.111325600000000122e+03 -3.237293750424277139e+00
2.118765199999999822e+03 -3.235839261884642770e+00
2.146578700000000026e+03 -3.230926867738768138e+00
2.169103500000000167e+03 -3.233047147756434647e+00
2.200300699999999779e+03 -3.234931703640767875e+00
2.231900200000000041e+03 -3.233275238677206342e+00
2.255861800000000130e+03 -3.230074409723571627e+00
2.263151899999999841e+03 -3.236840991570100634e+00
2.299632999999999811e+03 -3.234323069399198225e+00
2.317900099999999838e+03 -3.229481769900497845e+00
2.369668400000000020e+03 -3.232922966353903416e+00
2.377493100000000140e+03 -3.235228424631143795e+00
2.410560399999999845e+03 -3.227463220604219529e+00
2.413228599999999915e+03 -3.232484369189712048e+00
2.474418700000000172e+03 -3.228508042032826708e+00
