9.983135299999999290e+01 -3.434409247167728552e+00
1.258866100000000046e+02 -3.433944154253194103e+00
1.500060000000000002e+02 -3.434210740400453155e+00
1.501571399999999983e+02 -3.434249863984905726e+00
1.770347099999999898e+02 -3.434133524698931961e+00
2.010635399999999890e+02 -3.433816908931105250e+00
2.012706100000000049e+02 -3.433870542419473981e+00
2.252692099999999868e+02 -3.433305474509515065e+00
2.499341699999999946e+02 -3.432935368817221722e+00
2.501034899999999936e+02 -3.432979090522807031e+00
2.744327700000000050e+02 -3.432564439754496100e+00
3.026079700000000230e+02 -3.432276083503345898e+00
3.026531499999999824e+02 -3.432287610776616038e+00
3.231130200000000059e+02 -3.431460366927278294e+00
3.521684700000000134e+02 -3.431123977466773667e+00
3.521726199999999949e+02 -3.431125202980614741e+00
3.719992399999999861e+02 -3.429927656650276102e+00
3.982583999999999946e+02 -3.429386129560151097e+00
3.984544000000000210e+02 -3.429436901233127610e+00
4.209402299999999855e+02 -3.427969302944065433e+00
4.504452600000000189e+02 -3.427800736666000159e+00
4.504668599999999969e+02 -3.427806320696034525e+00
4.707757700000000227e+02 -3.425566551800713011e+00
5.029944399999999973e+02 -3.425040335761252219e+00
5.032966099999999869e+02 -3.425118300065936428e+00
5.228149799999999914e+02 -3.423850122575928356e+00
5.502631400000000212e+02 -3.422387958153024989e+00
5.504016000000000304e+02 -3.422423701934218965e+00
5.694507300000000214e+02 -3.419962213712528509e+00
5.970925999999999476e+02 -3.418545649265463560e+00
5.972286699999999655e+02 -3.418580927840293437e+00
6.220772399999999607e+02 -3.416242972481266627e+00
6.505907999999999447e+02 -3.414763491428316922e+00
6.507809399999999869e+02 -3.414812697289220544e+00
6.653304299999999785e+02 -3.409865399955148035e+00
6.953924100000000408e+02 -3.409235229122814292e+00
6.957171499999999469e+02 -3.409319384419687626e+00
7.192330699999999979e+02 -3.406941716086264282e+00
7.445656300000000556e+02 -3.404728271153121266e+00
7.449505299999999579e+02 -3.404827571924470941e+00
7.689767799999999625e+02 -3.401225636213748960e+00
8.019914599999999609e+02 -3.400603606805300494e+00
8.024134900000000243e+02 -3.400712557306277972e+00
8.186274200000000292e+02 -3.396256053597353386e+00
8.486490700000000516e+02 -3.396101208743391275e+00
8.490688099999999849e+02 -3.396209770775401093e+00
8.695328700000000026e+02 -3.390175590584485477e+00
9.035373399999999720e+02 -3.388666860688970939e+00
9.037962599999999611e+02 -3.388733542236778806e+00
9.107853599999999687e+02 -3.383703553230022809e+00
9.466642799999999625e+02 -3.383992860079297227e+00
9.467575199999999995e+02 -3.384016862704799955e+00
9.716138700000000199e+02 -3.381975697788002666e+00
1.009254299999999944e+03 -3.381504025295588800e+00
1.009841900000000010e+03 -3.381655473625462704e+00
1.019671900000000051e+03 -3.375848566382632310e+00
1.054300500000000056e+03 -3.374052122809393595e+00
1.054852699999999913e+03 -3.374195131930173286e+00
1.064288299999999936e+03 -3.370170194823997711e+00
1.093343499999999949e+03 -3.368130453536284818e+00
1.093926699999999983e+03 -3.368280967920183500e+00
1.116082499999999982e+03 -3.366904978862443887e+00
1.142760800000000017e+03 -3.364989414157476322e+00
1.143059899999999971e+03 -3.365067093660100817e+00
1.169549700000000030e+03 -3.363000263859064365e+00
1.199932399999999916e+03 -3.362707737874709224e+00
1.200305299999999988e+03 -3.362804139948775806e+00
1.211125000000000000e+03 -3.358484313145043920e+00
1.250788399999999911e+03 -3.357716363635284473e+00
1.251121699999999919e+03 -3.357802630091766716e+00
1.259497000000000071e+03 -3.354415705229803368e+00
1.295113900000000058e+03 -3.352973016601741740e+00
1.295604000000000042e+03 -3.353099564552924683e+00
1.314402499999999918e+03 -3.350931923828391668e+00
1.342454799999999977e+03 -3.349942347078227023e+00
1.342698200000000043e+03 -3.350005627021920063e+00
1.367735200000000077e+03 -3.348775767838224393e+00
1.389302100000000110e+03 -3.346844778417065847e+00
1.389528600000000097e+03 -3.346902926093206165e+00
1.429102200000000039e+03 -3.347793320624460556e+00
1.464710299999999961e+03 -3.344920308985376511e+00
1.464850100000000111e+03 -3.344957264235151495e+00
1.472147799999999961e+03 -3.344539163163540163e+00
1.487381300000000010e+03 -3.339380593040361500e+00
1.487968299999999999e+03 -3.339531937143695561e+00
1.516286299999999983e+03 -3.340495030407522936e+00
1.536076800000000048e+03 -3.335060230604303566e+00
1.536645700000000033e+03 -3.335207964090812549e+00
1.565432499999999891e+03 -3.335966686659971536e+00
1.594933999999999969e+03 -3.334358677377155189e+00
1.595994799999999941e+03 -3.334633373265277090e+00
1.612967499999999973e+03 -3.333969149239762508e+00
1.660996799999999894e+03 -3.331337338369333434e+00
1.661271799999999985e+03 -3.331409245510805750e+00
1.673073599999999942e+03 -3.332755635555052276e+00
1.702302400000000034e+03 -3.328649690482100798e+00
1.702653900000000021e+03 -3.328740763771738553e+00
1.704132399999999961e+03 -3.327642067484469557e+00
1.741923600000000079e+03 -3.327159402569979108e+00
1.742447100000000091e+03 -3.327295399252619745e+00
1.760722199999999930e+03 -3.325164594536435647e+00
1.801970900000000029e+03 -3.321714577595059836e+00
1.816711000000000013e+03 -3.326992772902046980e+00
1.818869599999999991e+03 -3.327549898040305099e+00
1.841879200000000083e+03 -3.320384201772626387e+00
1.842070400000000063e+03 -3.320433986977069818e+00
1.865105299999999943e+03 -3.322947332789651043e+00
1.896707499999999982e+03 -3.320695901266440764e+00
1.897366299999999910e+03 -3.320866010640865174e+00
1.914617899999999963e+03 -3.320726055536268984e+00
1.950716100000000097e+03 -3.321274828974360105e+00
1.951466300000000047e+03 -3.321468974151716047e+00
1.954556399999999940e+03 -3.316839218747227314e+00
2.015795000000000073e+03 -3.316694583072770985e+00
2.015875000000000000e+03 -3.321324668288532234e+00
2.016803799999999910e+03 -3.321566002829756670e+00
2.052241799999999785e+03 -3.318178377833451265e+00
2.052574200000000019e+03 -3.318264564278233575e+00
2.058721700000000055e+03 -3.312344045420846594e+00
2.104687800000000152e+03 -3.317373696493994384e+00
2.105563599999999951e+03 -3.317600006459484163e+00
2.125144400000000132e+03 -3.315833364255854399e+00
2.139661200000000008e+03 -3.309118507418270738e+00
2.140364099999999780e+03 -3.309300882572586033e+00
2.182954099999999926e+03 -3.312765245089812627e+00
2.195644499999999880e+03 -3.305445263924382537e+00
2.199393500000000131e+03 -3.312378733508166029e+00
2.200433500000000095e+03 -3.312647746869743504e+00
2.251649499999999989e+03 -3.312126195344068158e+00
2.251707100000000082e+03 -3.312141136976233025e+00
2.288390300000000025e+03 -3.311735455572690334e+00
2.289345600000000104e+03 -3.302668609342552131e+00
2.297268399999999929e+03 -3.310976326448511919e+00
2.297492299999999886e+03 -3.311033903743699991e+00
2.333304599999999937e+03 -3.304974774888556066e+00
2.333455899999999929e+03 -3.305012769471854739e+00
2.376557699999999841e+03 -3.309031893119663614e+00
2.408530499999999847e+03 -3.304125454908231063e+00
2.410112299999999777e+03 -3.304535094095972347e+00
2.413202499999999873e+03 -3.304575627112169567e+00
2.464233499999999822e+03 -3.301023245128954731e+00
2.464363699999999881e+03 -3.301057464160573218e+00
