9.987666400000000522e+01 -1.511189737678163558e+00
1.002361099999999965e+02 -1.511358328224193581e+00
1.260015700000000010e+02 -1.510710490840136977e+00
1.502358900000000119e+02 -1.510847313817928583e+00
1.505930199999999957e+02 -1.510969457880984246e+00
1.743587100000000021e+02 -1.510146640952673369e+00
1.996288600000000031e+02 -1.510245577973568842e+00
1.997077999999999918e+02 -1.510042140633902852e+00
2.252644600000000139e+02 -1.509980768013588159e+00
2.500728000000000009e+02 -1.509815345433427769e+00
2.501827999999999861e+02 -1.509314727056554117e+00
2.724808199999999943e+02 -1.508566538691724190e+00
2.988626399999999990e+02 -1.508350279561229357e+00
3.006737100000000282e+02 -1.507851603612170965e+00
3.237150300000000129e+02 -1.507218430820104871e+00
3.483569299999999771e+02 -1.506129815317574838e+00
3.501191799999999716e+02 -1.506453700596312562e+00
3.752326899999999910e+02 -1.505379077721801018e+00
3.980938800000000128e+02 -1.503386646918254188e+00
3.983061700000000087e+02 -1.503689696235117390e+00
4.211634700000000180e+02 -1.500425600314261976e+00
4.489770500000000197e+02 -1.499943971812324861e+00
4.514889299999999821e+02 -1.499763707140851166e+00
4.700367499999999836e+02 -1.495711700295438540e+00
4.979390599999999836e+02 -1.495267817918192188e+00
5.025566600000000221e+02 -1.495671970604071532e+00
5.208134599999999637e+02 -1.491920009164475092e+00
5.460298299999999472e+02 -1.489917011232170907e+00
5.493096399999999448e+02 -1.491031292515661466e+00
5.732993900000000167e+02 -1.488641730313300604e+00
6.022518800000000283e+02 -1.486785186089536248e+00
6.036897800000000416e+02 -1.487047508243646510e+00
6.229605500000000120e+02 -1.483867926556960315e+00
6.500928699999999480e+02 -1.481926696184626691e+00
6.511700100000000475e+02 -1.482498461799968581e+00
6.673540900000000420e+02 -1.478630770887066959e+00
7.012002300000000332e+02 -1.478070118286650247e+00
7.029231800000000021e+02 -1.478994621261968678e+00
7.196433100000000422e+02 -1.475187807931224615e+00
7.495000999999999749e+02 -1.474532374830474835e+00
7.496193799999999783e+02 -1.474846948109441724e+00
7.739054999999999609e+02 -1.472197752689230033e+00
8.085739200000000437e+02 -1.472053319234660096e+00
8.093019900000000462e+02 -1.472178899889938997e+00
8.124093800000000556e+02 -1.465841829234631799e+00
8.534575800000000072e+02 -1.466172566065545801e+00
8.535485999999999649e+02 -1.467693908475201869e+00
8.738487699999999450e+02 -1.464796526971157364e+00
8.959413200000000188e+02 -1.461119279140612903e+00
8.998454900000000407e+02 -1.462470280315463445e+00
9.184334000000000060e+02 -1.459838112395811960e+00
9.456441200000000435e+02 -1.458425698732563003e+00
9.476222999999999956e+02 -1.458446104363022133e+00
9.686747100000000046e+02 -1.456518074838889509e+00
9.986184700000000021e+02 -1.455642707140129666e+00
1.006455600000000004e+03 -1.455568924107849993e+00
1.007187300000000050e+03 -1.451467985425285878e+00
1.047263400000000047e+03 -1.453069499318893065e+00
1.048832699999999932e+03 -1.452738577473881909e+00
1.067293400000000020e+03 -1.451077492298279648e+00
1.088548099999999977e+03 -1.448962342931000569e+00
1.105963299999999890e+03 -1.444407018341363536e+00
1.108938699999999926e+03 -1.450031805696188059e+00
1.142071799999999939e+03 -1.444376681686969421e+00
1.149102900000000091e+03 -1.443943088883987924e+00
1.157256800000000112e+03 -1.442317724783172661e+00
1.203357600000000048e+03 -1.443839352976155288e+00
1.210387500000000045e+03 -1.446063805332958641e+00
1.215687400000000025e+03 -1.440352111265714274e+00
1.249827399999999898e+03 -1.440920857002125466e+00
1.259401200000000017e+03 -1.441215587913219132e+00
1.261818199999999933e+03 -1.436858087769177006e+00
1.283039299999999912e+03 -1.436775062228619948e+00
1.308416300000000092e+03 -1.436700217664584667e+00
1.315338899999999967e+03 -1.436097368449644307e+00
1.345864100000000008e+03 -1.432357252486577970e+00
1.357066600000000108e+03 -1.434894579654388380e+00
1.358655600000000049e+03 -1.432303892113013566e+00
1.397534900000000107e+03 -1.434389974370370080e+00
1.402870699999999943e+03 -1.432747198863767668e+00
1.413270899999999983e+03 -1.429654054242558647e+00
1.445442399999999907e+03 -1.427714717704599900e+00
1.451623900000000049e+03 -1.430312554980459394e+00
1.467336999999999989e+03 -1.428795068502074717e+00
1.506939599999999928e+03 -1.427907085899413620e+00
1.514543799999999919e+03 -1.430636611165662986e+00
1.526358400000000074e+03 -1.428161101634580099e+00
1.538715899999999920e+03 -1.421432242175364014e+00
1.556813400000000001e+03 -1.424550201709867459e+00
1.561365000000000009e+03 -1.421644802767688454e+00
1.602914999999999964e+03 -1.419434391695370223e+00
1.610821799999999939e+03 -1.420633555629539080e+00
1.618281700000000001e+03 -1.421457467903817662e+00
1.639812899999999900e+03 -1.415103143887346704e+00
1.646303900000000112e+03 -1.418423116014182472e+00
1.660366099999999960e+03 -1.415124015081534514e+00
1.704368199999999888e+03 -1.417418577059105456e+00
1.704991299999999910e+03 -1.411366450962988628e+00
1.715363200000000006e+03 -1.416118880519419143e+00
1.759708100000000059e+03 -1.414810377797146579e+00
1.768841599999999971e+03 -1.411988076611725429e+00
1.770194500000000062e+03 -1.415244249934857201e+00
1.798961000000000013e+03 -1.405124530981779030e+00
1.799109099999999899e+03 -1.407475966569229131e+00
1.806463700000000017e+03 -1.410859976053898235e+00
1.842353699999999890e+03 -1.407337675494279017e+00
1.845349400000000060e+03 -1.402155783264074751e+00
1.851731099999999969e+03 -1.409885418969456961e+00
1.898208599999999933e+03 -1.409960924589973796e+00
1.910725100000000111e+03 -1.401991875271558552e+00
1.916505200000000059e+03 -1.409418824805344750e+00
1.943634499999999889e+03 -1.394448521417113174e+00
1.947989199999999983e+03 -1.404285116302165237e+00
1.954700299999999970e+03 -1.404388784915806099e+00
2.001370200000000068e+03 -1.399151573019409511e+00
2.012238200000000006e+03 -1.395061106327934564e+00
2.017172900000000027e+03 -1.401541689167696614e+00
2.044462500000000091e+03 -1.397907860105245703e+00
2.055204400000000078e+03 -1.396088376385832497e+00
2.056585300000000188e+03 -1.391137153623631662e+00
2.088443999999999960e+03 -1.389731240680160962e+00
2.104217099999999846e+03 -1.394471632585406518e+00
2.124942900000000009e+03 -1.390125003412163274e+00
2.141101200000000063e+03 -1.384314661696838034e+00
2.160807200000000194e+03 -1.382911853720925732e+00
2.161686799999999948e+03 -1.387978958803775420e+00
2.199315599999999904e+03 -1.386205582391215163e+00
2.205695799999999963e+03 -1.384635675014474376e+00
2.209117400000000089e+03 -1.380432144097209601e+00
2.235602800000000116e+03 -1.380660584298905480e+00
2.255152199999999993e+03 -1.384008865481999084e+00
2.271591399999999794e+03 -1.377859987928102381e+00
2.300338299999999890e+03 -1.378093333472697246e+00
2.300989799999999832e+03 -1.376882815574440588e+00
2.317616500000000087e+03 -1.373462646611765425e+00
2.340584899999999834e+03 -1.367501493706086979e+00
2.363312800000000152e+03 -1.370606448870985705e+00
2.370882599999999911e+03 -1.375637380258553089e+00
2.396441699999999855e+03 -1.355474867614685053e+00
2.402381499999999960e+03 -1.363348099724814411e+00
2.412715700000000197e+03 -1.370770205022462829e+00
2.455290899999999965e+03 -1.359043126952872660e+00
