9.975311100000000408e+01 -3.332582028398215268e+00
1.001433300000000060e+02 -3.332591212276855508e+00
1.273114499999999936e+02 -3.332359674531756077e+00
1.495094699999999932e+02 -3.332288259862978386e+00
1.497979100000000017e+02 -3.331870409271034728e+00
1.768587400000000116e+02 -3.332240994481177498e+00
1.982588800000000049e+02 -3.331712141583068387e+00
2.023016100000000108e+02 -3.332254876160694490e+00
2.240240900000000011e+02 -3.331198627926453604e+00
2.480190900000000056e+02 -3.330391534290883193e+00
2.520246099999999956e+02 -3.331074710405183215e+00
2.718042800000000057e+02 -3.329659042441364125e+00
3.001706800000000044e+02 -3.329674949310390542e+00
3.017163600000000088e+02 -3.329743884994719849e+00
3.212583500000000072e+02 -3.328221585778342817e+00
3.472636899999999969e+02 -3.327856146843727103e+00
3.499527100000000246e+02 -3.327538438041691915e+00
3.724110000000000014e+02 -3.325676431288771440e+00
3.986997299999999882e+02 -3.323422927219776390e+00
3.991122199999999793e+02 -3.324815590964534273e+00
4.229268000000000143e+02 -3.321641836848236551e+00
4.414988000000000170e+02 -3.319600050075896647e+00
4.490041800000000194e+02 -3.319966403735493898e+00
4.733252800000000207e+02 -3.317244834691994271e+00
4.998572599999999966e+02 -3.315438807489907713e+00
5.019809999999999945e+02 -3.316700741100425454e+00
5.212118100000000140e+02 -3.312077285298497209e+00
5.462095799999999599e+02 -3.310809704488683725e+00
5.498157899999999927e+02 -3.310500326776313340e+00
5.712628999999999451e+02 -3.308022187696126881e+00
6.011221900000000460e+02 -3.307422967758574028e+00
6.018089800000000196e+02 -3.307404251635681192e+00
6.160943899999999758e+02 -3.303022207669555677e+00
6.509332399999999552e+02 -3.303871609867290005e+00
6.520701599999999871e+02 -3.302630771589887715e+00
6.725889499999999543e+02 -3.299986325375761531e+00
6.987624399999999696e+02 -3.296345763036468313e+00
7.034339099999999689e+02 -3.298689040642928560e+00
7.103234899999999925e+02 -3.293399861491800085e+00
7.481230699999999842e+02 -3.293722436452673819e+00
7.522517800000000534e+02 -3.294843728716591258e+00
7.609566300000000183e+02 -3.289388070737290448e+00
8.007288700000000290e+02 -3.291085873026589947e+00
8.029281600000000481e+02 -3.291449466861622319e+00
8.160844799999999850e+02 -3.287899691042244221e+00
8.493311800000000176e+02 -3.285843189932343922e+00
8.591761599999999817e+02 -3.288441488515389199e+00
8.684244700000000421e+02 -3.284762088029216542e+00
9.023444799999999759e+02 -3.284729030157290453e+00
9.026659300000000030e+02 -3.284615306631377241e+00
9.113658799999999474e+02 -3.280360804049851087e+00
9.497052700000000414e+02 -3.282330716109929547e+00
9.533076499999999669e+02 -3.281471447391078655e+00
9.705518100000000459e+02 -3.279241333604241859e+00
9.850455699999999979e+02 -3.275758613282936160e+00
9.957257100000000491e+02 -3.278179574935107699e+00
1.017974000000000046e+03 -3.276693006255520402e+00
1.036320699999999988e+03 -3.273240746166896642e+00
1.050668699999999944e+03 -3.276838754323569525e+00
1.066267599999999902e+03 -3.273611966731947653e+00
1.094519000000000005e+03 -3.272783010491675970e+00
1.106930200000000013e+03 -3.274680235871947342e+00
1.117205899999999929e+03 -3.271389273525324715e+00
1.146210800000000063e+03 -3.269619858627161868e+00
1.152137799999999970e+03 -3.271569010259699706e+00
1.162510800000000017e+03 -3.269317958667981472e+00
1.195259199999999964e+03 -3.268167646246798785e+00
1.200182700000000068e+03 -3.269901694339338860e+00
1.213832900000000109e+03 -3.267583300790179113e+00
1.246611200000000053e+03 -3.268087268083744501e+00
1.251169200000000046e+03 -3.268099766290599284e+00
1.265076900000000023e+03 -3.266046649128693247e+00
1.299595499999999902e+03 -3.264624577239878978e+00
1.307786900000000060e+03 -3.264911512968441620e+00
1.317157899999999927e+03 -3.263592906210929900e+00
1.341251199999999926e+03 -3.262925819016873952e+00
1.356692800000000034e+03 -3.265051354234610237e+00
1.362092699999999923e+03 -3.261018575459711411e+00
1.399796399999999949e+03 -3.261202736419965831e+00
1.405340899999999920e+03 -3.261287585909273368e+00
1.420815599999999904e+03 -3.261369876792623135e+00
1.450178200000000061e+03 -3.256521501532874563e+00
1.458053400000000011e+03 -3.260934051295928615e+00
1.460077500000000100e+03 -3.260515737889898347e+00
1.485550400000000081e+03 -3.254419583207241118e+00
1.495522400000000061e+03 -3.258707089841966997e+00
1.516115800000000036e+03 -3.258338903098882078e+00
1.550281899999999951e+03 -3.256985991971252048e+00
1.561617400000000089e+03 -3.260434508718875080e+00
1.563155299999999897e+03 -3.255124677571803016e+00
1.582590099999999893e+03 -3.253690889873834369e+00
1.597109200000000101e+03 -3.255185512223940592e+00
1.618997200000000021e+03 -3.255409892592987298e+00
1.653958000000000084e+03 -3.254011969268384874e+00
1.660134499999999889e+03 -3.251395914718157698e+00
1.664899300000000039e+03 -3.254509859780112979e+00
1.713903800000000047e+03 -3.252105986957060324e+00
1.715131900000000087e+03 -3.255011964978451022e+00
1.717103699999999890e+03 -3.253374910138518317e+00
1.745408500000000004e+03 -3.249860542496640026e+00
1.757789800000000014e+03 -3.249667603773806146e+00
1.771490500000000111e+03 -3.255373154956949566e+00
1.797447300000000041e+03 -3.248193111695545809e+00
1.799309500000000071e+03 -3.250403918880629295e+00
1.806881499999999960e+03 -3.247883719439433658e+00
1.838321899999999914e+03 -3.248060386119962395e+00
1.844005200000000059e+03 -3.248899670991690858e+00
1.861735899999999901e+03 -3.246523253215146010e+00
1.880440599999999904e+03 -3.246301697131412922e+00
1.898309099999999944e+03 -3.248258633909218318e+00
1.917571599999999989e+03 -3.245625815138113879e+00
1.949625800000000027e+03 -3.246973424721648183e+00
1.967757900000000063e+03 -3.245007717605963737e+00
1.967794599999999946e+03 -3.245977819982329482e+00
2.003574000000000069e+03 -3.249121105830321099e+00
2.004703400000000101e+03 -3.244676308421122535e+00
2.013212999999999965e+03 -3.244024285970399823e+00
2.047166799999999967e+03 -3.246212766254364723e+00
2.050694300000000112e+03 -3.243564701339611389e+00
2.058078500000000076e+03 -3.242606322305261912e+00
2.101724900000000162e+03 -3.237931206381976956e+00
2.103139099999999871e+03 -3.242231722802926708e+00
2.110257500000000164e+03 -3.241850721177579331e+00
2.131485200000000077e+03 -3.239300899934776545e+00
2.148193900000000212e+03 -3.237518558955341241e+00
2.148790300000000116e+03 -3.242897653723878726e+00
2.188053300000000036e+03 -3.234850383764599435e+00
2.200663100000000213e+03 -3.236064776560084510e+00
2.201475199999999859e+03 -3.238351404885124296e+00
2.237491300000000138e+03 -3.242089466763579342e+00
2.246452299999999923e+03 -3.237242467087627862e+00
2.256974099999999908e+03 -3.237650634326962429e+00
2.307768999999999778e+03 -3.239652216810941177e+00
2.314761500000000069e+03 -3.238531665697175654e+00
2.319028200000000197e+03 -3.237835842603083325e+00
2.360074999999999818e+03 -3.240222751192263662e+00
2.360430400000000191e+03 -3.242857372909017322e+00
2.373293400000000020e+03 -3.239115443991665177e+00
2.393090900000000147e+03 -3.233409555395079238e+00
2.404668200000000070e+03 -3.236128194713446149e+00
2.407603000000000065e+03 -3.233619547018911078e+00
2.438209600000000137e+03 -3.233222273884395648e+00
