9.923273799999999767e+01 2.311219214329330285e+01
9.941049700000000655e+01 2.311239924689598979e+01
1.271761199999999974e+02 2.316025188276002567e+01
1.494760499999999865e+02 2.321573478526358514e+01
1.499828400000000101e+02 2.319890698147771246e+01
1.747543799999999976e+02 2.324033737024221224e+01
2.003422099999999944e+02 2.330046102177895406e+01
2.009709599999999909e+02 2.330635406065540138e+01
2.245749900000000139e+02 2.334490331772847327e+01
2.492053600000000131e+02 2.338656370852839572e+01
2.496418299999999988e+02 2.338616222267453537e+01
2.726282499999999800e+02 2.345001068593527194e+01
3.002628900000000272e+02 2.351475167921840281e+01
3.015115999999999872e+02 2.351609658050071161e+01
3.248420699999999783e+02 2.356946875636067773e+01
3.464682300000000055e+02 2.364958375737838381e+01
3.504699600000000146e+02 2.361580653368613980e+01
3.725467199999999934e+02 2.372288316710767120e+01
4.004471599999999967e+02 2.379086301648687041e+01
4.015475500000000011e+02 2.377491654793405118e+01
4.205155700000000252e+02 2.391050478322816986e+01
4.443784499999999866e+02 2.395772084266232582e+01
4.454726600000000190e+02 2.397281447180948533e+01
4.670495900000000233e+02 2.409845766334215256e+01
4.984597499999999854e+02 2.413628434764909514e+01
4.984880999999999744e+02 2.410564471809485099e+01
5.203184300000000349e+02 2.426969774068797037e+01
5.491110499999999774e+02 2.433103958884592188e+01
5.551961800000000267e+02 2.430736210054956459e+01
5.728947200000000066e+02 2.441198605739873528e+01
5.929597800000000234e+02 2.449271931610014263e+01
5.969562499999999545e+02 2.450373193568084673e+01
6.213229499999999916e+02 2.458805108894769020e+01
6.473904700000000503e+02 2.468333248524323054e+01
6.540832599999999957e+02 2.466537248117240111e+01
6.677834000000000287e+02 2.475876399348666723e+01
6.968640799999999444e+02 2.483459342560553651e+01
7.047652199999999993e+02 2.486121107266436070e+01
7.169551900000000160e+02 2.493466313861184602e+01
7.499200899999999592e+02 2.500729696722979867e+01
7.562557399999999461e+02 2.501784754732342719e+01
7.683614199999999528e+02 2.513743283126399319e+01
7.915381099999999606e+02 2.518899501323020473e+01
8.031286199999999553e+02 2.520817117850600297e+01
8.191118999999999915e+02 2.529429523712599348e+01
8.485920899999999847e+02 2.534993283126399533e+01
8.496758499999999685e+02 2.538175300223895903e+01
8.678999900000000025e+02 2.542928913087726528e+01
8.953620200000000295e+02 2.557329432118868340e+01
8.978437500000000000e+02 2.551312334622430456e+01
9.183838200000000143e+02 2.563013077549359053e+01
9.450881699999999910e+02 2.571604264197028300e+01
9.519473199999999906e+02 2.568138153877468000e+01
9.712415200000000368e+02 2.577699369020964681e+01
1.003386399999999981e+03 2.586390799918583383e+01
1.004736700000000042e+03 2.588675198453083581e+01
1.017621700000000033e+03 2.596761143903928470e+01
1.054953800000000001e+03 2.606614797476083822e+01
1.058567600000000084e+03 2.611343476490942095e+01
1.070008800000000065e+03 2.614375839609200014e+01
1.089116700000000037e+03 2.625316252798697292e+01
1.101942999999999984e+03 2.629765774475880491e+01
1.110507900000000063e+03 2.634514044372074082e+01
1.146643499999999904e+03 2.644133421534703743e+01
1.155178799999999910e+03 2.648243130470181228e+01
1.162004300000000057e+03 2.653276562181966014e+01
1.196567000000000007e+03 2.668503612863830554e+01
1.197805200000000013e+03 2.667040911866476804e+01
1.214137999999999920e+03 2.669378231223284814e+01
1.242228599999999915e+03 2.679850854874822019e+01
1.245617999999999938e+03 2.688664563403215979e+01
1.279065399999999954e+03 2.691169041318950050e+01
1.300674600000000055e+03 2.705259413800121848e+01
1.303080400000000054e+03 2.707306686342357338e+01
1.318672199999999975e+03 2.716799765927132171e+01
1.353461499999999887e+03 2.725177182983919977e+01
1.362672700000000077e+03 2.732989110523102028e+01
1.362875500000000102e+03 2.740836403419499590e+01
1.386648899999999912e+03 2.737534144107469913e+01
1.407716499999999996e+03 2.748114797476084092e+01
1.422838400000000092e+03 2.751310044779157238e+01
1.457012099999999919e+03 2.760308925300224203e+01
1.461938900000000103e+03 2.769661662935070368e+01
1.466155099999999948e+03 2.784018471402401929e+01
1.493349099999999908e+03 2.789637441481783142e+01
1.497856999999999971e+03 2.789697689802564540e+01
1.511360500000000002e+03 2.802134744555261747e+01
1.546734200000000101e+03 2.806832994097292655e+01
1.570670299999999997e+03 2.812529818847954388e+01
1.572095900000000029e+03 2.817331925503765433e+01
1.601029700000000048e+03 2.840172603297374110e+01
1.606141699999999901e+03 2.835330144514552941e+01
1.617049700000000030e+03 2.843741502137186927e+01
1.652718399999999974e+03 2.857996336250763036e+01
1.656982400000000098e+03 2.848423112151434822e+01
1.672170900000000074e+03 2.869393038876450319e+01
1.685559299999999894e+03 2.879905963769590826e+01
1.705279999999999973e+03 2.884357571748422444e+01
1.707984400000000051e+03 2.894389324241807415e+01
1.740688100000000077e+03 2.906010584164461363e+01
1.752482799999999997e+03 2.923555414207205416e+01
1.757645500000000084e+03 2.911049358843883894e+01
1.786562100000000100e+03 2.933367443517199291e+01
1.793459299999999985e+03 2.928914359861591521e+01
1.811142299999999977e+03 2.948626246692448660e+01
1.837786100000000033e+03 2.965155658457154431e+01
1.852847099999999955e+03 2.961852534093222289e+01
1.866363100000000031e+03 2.985015978017504423e+01
1.889027800000000070e+03 2.987647974760838210e+01
1.897754799999999932e+03 2.978905811113372337e+01
1.911168499999999995e+03 3.005009057602279654e+01
1.931808099999999968e+03 3.015216771829839359e+01
1.954494200000000092e+03 3.040608080602483554e+01
1.966126299999999901e+03 3.016096631386118787e+01
1.994265599999999949e+03 3.043829228577243740e+01
2.007692099999999982e+03 3.073041878689191719e+01
2.013459200000000010e+03 3.042580806024831830e+01
2.038186400000000049e+03 3.100780276816608705e+01
2.039753999999999905e+03 3.068808518216975401e+01
2.053501699999999801e+03 3.079652961530632993e+01
2.085650299999999788e+03 3.103910339914512306e+01
2.104435800000000199e+03 3.130864441278241372e+01
2.114713000000000193e+03 3.095961530633014291e+01
2.142199999999999818e+03 3.135080500712395946e+01
2.153406399999999849e+03 3.167993995522084560e+01
2.153945799999999963e+03 3.135629401587624798e+01
2.200336299999999937e+03 3.182606910238143882e+01
2.202006499999999960e+03 3.192229696722979781e+01
2.211689600000000155e+03 3.210858843883573854e+01
2.247623099999999795e+03 3.222084775086504749e+01
2.261455100000000130e+03 3.236795440667616930e+01
2.274248900000000049e+03 3.243330398941584036e+01
2.301530999999999949e+03 3.258289995929167304e+01
2.303706400000000031e+03 3.267484887034398611e+01
2.321148299999999836e+03 3.306575157744759252e+01
2.341535499999999956e+03 3.347437105638103105e+01
2.346747199999999793e+03 3.333726287400773458e+01
2.367425200000000132e+03 3.323032414003663604e+01
2.388793999999999869e+03 3.386677793608793507e+01
2.404344399999999951e+03 3.371280124160390557e+01
2.414600800000000163e+03 3.408219926725015370e+01
2.448564499999999953e+03 3.415157744758803204e+01
