9.991847799999999324e+01 1.684334673315693109e+01
1.009601300000000066e+02 1.683832179930795903e+01
1.255959900000000005e+02 1.686633981274170679e+01
1.494973099999999988e+02 1.689216364746590671e+01
1.497640499999999975e+02 1.689032108691227663e+01
1.757672900000000027e+02 1.692254019947079158e+01
2.009764199999999903e+02 1.694431152045593336e+01
2.012334400000000016e+02 1.694870598412375173e+01
2.241923999999999921e+02 1.699073478526358727e+01
2.494022500000000093e+02 1.701500763281091011e+01
2.500286299999999926e+02 1.703234072867901361e+01
2.736183899999999767e+02 1.709632505597394569e+01
2.985748100000000136e+02 1.712460360268675075e+01
2.990194200000000251e+02 1.732989466720944449e+01
3.234138899999999808e+02 1.741830297170771402e+01
3.514991400000000112e+02 1.744589303887644860e+01
3.522046599999999899e+02 1.759227305108894512e+01
3.698972099999999728e+02 1.765848412375330767e+01
3.970743899999999940e+02 1.769778241400366525e+01
3.990920300000000225e+02 1.777122633828617992e+01
4.255867099999999823e+02 1.780034347649094073e+01
4.481417700000000082e+02 1.788854569509464909e+01
4.516227400000000216e+02 1.784140596376959209e+01
4.731335300000000075e+02 1.792894667209444037e+01
4.970223100000000045e+02 1.799128536535721423e+01
5.005415100000000166e+02 1.798508396092000794e+01
5.244180499999999938e+02 1.804371463464278591e+01
5.491422199999999521e+02 1.809239721147974578e+01
5.507493200000000115e+02 1.809329788316710719e+01
5.670237100000000510e+02 1.815959902300020445e+01
5.961671800000000303e+02 1.820581009566456387e+01
5.990554700000000139e+02 1.820848005292082306e+01
6.205703200000000379e+02 1.827134948096885836e+01
6.555519000000000460e+02 1.831205271728068595e+01
6.557857699999999568e+02 1.832476389171585751e+01
6.677930599999999686e+02 1.838256106248728017e+01
7.006081100000000106e+02 1.844184968451047979e+01
7.016702099999999973e+02 1.843137695908813356e+01
7.183989299999999503e+02 1.849540403012415979e+01
7.502722899999999981e+02 1.856208528394056501e+01
7.538848799999999528e+02 1.856488449012822883e+01
7.607231600000000071e+02 1.860698046000407047e+01
7.953773899999999912e+02 1.868274017911663165e+01
8.028699500000000171e+02 1.864829991858335134e+01
8.165167999999999893e+02 1.873034500305312378e+01
8.489490100000000439e+02 1.879205119071850305e+01
8.514060600000000250e+02 1.878730867087319467e+01
8.635583900000000313e+02 1.882029411764705884e+01
8.999833999999999605e+02 1.887252086301649001e+01
9.029594499999999471e+02 1.886952778343171389e+01
9.207934400000000323e+02 1.893683848972114703e+01
9.488112999999999602e+02 1.898518471402401531e+01
9.559194800000000214e+02 1.899641003460207500e+01
9.598063399999999774e+02 1.902013942601261931e+01
9.943802899999999454e+02 1.907100651333197661e+01
1.000208799999999997e+03 1.908584062690820460e+01
1.025272200000000112e+03 1.912610166904131859e+01
1.051555200000000013e+03 1.921803633217993124e+01
1.053235599999999977e+03 1.915959953185426556e+01
1.063323000000000093e+03 1.921533228170160967e+01
1.085163800000000037e+03 1.926966924486057309e+01
1.106676300000000083e+03 1.924501526562182008e+01
1.107805000000000064e+03 1.933042031345410194e+01
1.152082100000000082e+03 1.938530836556075698e+01
1.155399499999999989e+03 1.936848972114797363e+01
1.161710399999999936e+03 1.938633167107673572e+01
1.200462700000000041e+03 1.943529717077142394e+01
1.206704400000000078e+03 1.950886118461225394e+01
1.216070500000000038e+03 1.943518624058620148e+01
1.229941000000000031e+03 1.957191634439242733e+01
1.246396300000000110e+03 1.958577702015061917e+01
1.263758100000000013e+03 1.959402350905760315e+01
1.293857999999999947e+03 1.964278750254426953e+01
1.305148899999999912e+03 1.964078007327498554e+01
1.309741400000000112e+03 1.965952320374516660e+01
1.338220800000000054e+03 1.970554956238551014e+01
1.347121499999999969e+03 1.978221555058009073e+01
1.355749800000000050e+03 1.974017606350498610e+01
1.400104100000000017e+03 1.984555312436393137e+01
1.403270999999999958e+03 1.977685680846732907e+01
1.419847700000000032e+03 1.983544677386525734e+01
1.441301400000000058e+03 1.989078872379401730e+01
1.452097199999999930e+03 1.988814675351109074e+01
1.466102100000000064e+03 1.991216517402808961e+01
1.498561200000000099e+03 1.997238550783635347e+01
1.499710399999999936e+03 1.997663189497252390e+01
1.513960100000000011e+03 1.999026155098717794e+01
1.541705400000000054e+03 2.007771982495420104e+01
1.543093299999999999e+03 2.006378383879503247e+01
1.554961199999999963e+03 2.007738499898229279e+01
1.603514300000000048e+03 2.016036332179930923e+01
1.606422900000000027e+03 2.016237380419295633e+01
1.622336099999999988e+03 2.013235701200895633e+01
1.651935300000000097e+03 2.028344901282312307e+01
1.655542400000000043e+03 2.024023101974353978e+01
1.659409300000000030e+03 2.024389731325056019e+01
1.691384399999999914e+03 2.032411764705882362e+01
1.704411399999999958e+03 2.034500508854060641e+01
1.705043200000000070e+03 2.037890341949928796e+01
1.744543300000000045e+03 2.042857368206798441e+01
1.756262500000000045e+03 2.040971351516385113e+01
1.767648899999999912e+03 2.038638510075310251e+01
1.809869799999999941e+03 2.051625585182169687e+01
1.812400699999999915e+03 2.050345410136372948e+01
1.813504799999999932e+03 2.050149653979238451e+01
1.834694600000000037e+03 2.055765723590474181e+01
1.855961900000000014e+03 2.058408609810706480e+01
1.869816499999999905e+03 2.055643242418074479e+01
1.898451999999999998e+03 2.062630164868715710e+01
1.903362000000000080e+03 2.064528953796051169e+01
1.909713999999999942e+03 2.063146397313250802e+01
1.939215899999999920e+03 2.072994809688581341e+01
1.967183899999999994e+03 2.074082637899450177e+01
1.967689499999999953e+03 2.075657185019336737e+01
1.971712099999999964e+03 2.079006208019539770e+01
1.997380599999999959e+03 2.079773152859759833e+01
2.005486599999999953e+03 2.079461021778953622e+01
2.041374600000000100e+03 2.089262568695298228e+01
2.049601500000000215e+03 2.090315285975982107e+01
2.061270799999999781e+03 2.091930032566660103e+01
2.075348100000000159e+03 2.101847750865051978e+01
2.078900700000000143e+03 2.099989822918787041e+01
2.107330599999999777e+03 2.098451506208019524e+01
2.135835500000000138e+03 2.102261245674740664e+01
2.150385499999999865e+03 2.103498320781599773e+01
2.156794800000000123e+03 2.103671534703847001e+01
2.200859300000000076e+03 2.116191787095461052e+01
2.214281399999999849e+03 2.117170109912477116e+01
2.216544100000000071e+03 2.109928251577447611e+01
2.249253099999999904e+03 2.126151994707917936e+01
2.254055400000000191e+03 2.123239924689599079e+01
2.266483999999999924e+03 2.123167921840016348e+01
2.296213000000000193e+03 2.130272236922450446e+01
2.307595499999999902e+03 2.131487889273356373e+01
2.309167100000000119e+03 2.131091899043354232e+01
2.337865099999999984e+03 2.139219519641766709e+01
2.352831400000000031e+03 2.139368105027478251e+01
2.360791900000000169e+03 2.135819153266843173e+01
2.398376099999999951e+03 2.148826378994504438e+01
2.415777700000000095e+03 2.150784652961530696e+01
2.432575699999999870e+03 2.145351516385100510e+01
2.479075699999999870e+03 2.155810095664563519e+01
