1.004656899999999951e+02 -1.457607125591683817e+00
1.265648300000000006e+02 -1.456918693813541221e+00
1.494010600000000011e+02 -1.456708279720051236e+00
1.771410700000000134e+02 -1.456381252913904190e+00
2.011566200000000038e+02 -1.455499937972783764e+00
2.240248899999999992e+02 -1.454663978239225886e+00
2.508491600000000119e+02 -1.454477427926775368e+00
2.726873800000000188e+02 -1.452594241434064237e+00
3.022296900000000051e+02 -1.452785607913561705e+00
3.222421600000000126e+02 -1.450377253447655335e+00
3.502725300000000175e+02 -1.450253267278540648e+00
3.694015899999999988e+02 -1.446681310861745784e+00
4.006434100000000171e+02 -1.446749394576921199e+00
4.247135000000000105e+02 -1.444952350286601739e+00
4.454151899999999955e+02 -1.441955584269999147e+00
4.739362199999999916e+02 -1.441447757544160435e+00
5.031117100000000164e+02 -1.440801315936675486e+00
5.178895199999999477e+02 -1.436236725936208991e+00
5.484406599999999798e+02 -1.436291785346567540e+00
5.662556700000000092e+02 -1.432369587564295887e+00
5.990275699999999688e+02 -1.432375513194274363e+00
6.219524099999999862e+02 -1.429857811149961799e+00
6.474176200000000563e+02 -1.429034347871145805e+00
6.642499800000000505e+02 -1.424944417148982678e+00
7.056955600000000004e+02 -1.426918440289969059e+00
7.108416799999999967e+02 -1.421285146944002875e+00
7.420235300000000507e+02 -1.420975372243642676e+00
7.666722800000000007e+02 -1.420080976208229151e+00
8.000852999999999611e+02 -1.419536737344329724e+00
8.185457699999999477e+02 -1.417384802967646573e+00
8.473508500000000367e+02 -1.415730583867756076e+00
8.739957699999999932e+02 -1.415976448795297049e+00
9.085645100000000411e+02 -1.415128859550653484e+00
9.140894200000000183e+02 -1.411425670891813366e+00
9.490506699999999682e+02 -1.410859992946559949e+00
9.617606299999999919e+02 -1.407879232892182308e+00
9.988627000000000180e+02 -1.408279781952517906e+00
1.011357200000000034e+03 -1.405793392438115630e+00
1.057113800000000083e+03 -1.406609968467184890e+00
1.064321999999999889e+03 -1.405802965564919127e+00
1.094878799999999956e+03 -1.402650450949845196e+00
1.106077900000000000e+03 -1.401923821600606246e+00
1.142872299999999996e+03 -1.401585764061179074e+00
1.168011700000000019e+03 -1.402122912630636486e+00
1.208343599999999924e+03 -1.402660696360686909e+00
1.216180200000000013e+03 -1.399802632205385589e+00
1.258353100000000040e+03 -1.396788974739441747e+00
1.261177599999999984e+03 -1.401555547287749004e+00
1.293428699999999935e+03 -1.396898390807129964e+00
1.308916400000000067e+03 -1.395668145848441899e+00
1.355051600000000008e+03 -1.395730724932115363e+00
1.367759999999999991e+03 -1.395761010803044266e+00
1.406698900000000094e+03 -1.396375120427681527e+00
1.410251500000000078e+03 -1.391160981773594374e+00
1.441039700000000039e+03 -1.390696265461717873e+00
1.466130100000000084e+03 -1.392695151196383652e+00
1.490980199999999968e+03 -1.389297546593660115e+00
1.507490900000000011e+03 -1.387744142832634031e+00
1.534503300000000081e+03 -1.387841064019656123e+00
1.560903900000000021e+03 -1.388342259119594191e+00
1.606563599999999951e+03 -1.390520564540985715e+00
1.618794900000000098e+03 -1.389380899531374780e+00
1.642679799999999886e+03 -1.384148741998948662e+00
1.666154800000000023e+03 -1.383984950557004323e+00
1.696908400000000029e+03 -1.379879496254566629e+00
1.702030600000000049e+03 -1.385721242397539132e+00
1.745198000000000093e+03 -1.383843830141690212e+00
1.770148699999999963e+03 -1.382982053525182664e+00
1.790086000000000013e+03 -1.376215776396568558e+00
1.813088799999999992e+03 -1.380149584151579178e+00
1.860423099999999977e+03 -1.380544594922209489e+00
1.871226599999999962e+03 -1.379897966621496996e+00
1.911077700000000050e+03 -1.378988178994565938e+00
1.913385500000000093e+03 -1.377787416927509057e+00
1.962369699999999966e+03 -1.378090997147657149e+00
1.975604900000000043e+03 -1.378105832796572283e+00
2.005666899999999941e+03 -1.375217779896696690e+00
2.015923900000000003e+03 -1.371683737756576482e+00
2.049776199999999790e+03 -1.369804099580586021e+00
2.064248799999999846e+03 -1.369434879057386922e+00
2.102716600000000199e+03 -1.365287214200808341e+00
2.109851900000000114e+03 -1.368470371914050077e+00
2.149954699999999775e+03 -1.366599600420308480e+00
2.166814499999999953e+03 -1.366587952167533704e+00
2.200799799999999777e+03 -1.357094366180759515e+00
2.209821199999999862e+03 -1.365268171418730248e+00
2.249433300000000145e+03 -1.357946760366847361e+00
2.259369099999999889e+03 -1.359576272309749978e+00
2.302396600000000035e+03 -1.360340537612830802e+00
2.312356000000000222e+03 -1.356090846330857635e+00
2.358394400000000132e+03 -1.350411577972094879e+00
2.369197000000000116e+03 -1.359022553355998086e+00
2.400752399999999852e+03 -1.353432644106541627e+00
2.413050699999999779e+03 -1.345875433250597553e+00
2.444014099999999871e+03 -1.353448885669928714e+00
