1.026035300000000063e+02 -3.337188702704585452e+00
1.278982500000000044e+02 -3.336973566157650506e+00
1.514581300000000113e+02 -3.336549049454887950e+00
1.759584499999999991e+02 -3.335732401806022818e+00
2.014387999999999863e+02 -3.335537216451053055e+00
2.264997099999999932e+02 -3.334788248431567403e+00
2.489318199999999877e+02 -3.333387873790262024e+00
2.741379000000000019e+02 -3.332298763622147497e+00
2.991518100000000118e+02 -3.331353185569950526e+00
3.235870100000000207e+02 -3.329856717148983680e+00
3.503505999999999858e+02 -3.328963405148678500e+00
3.740125499999999761e+02 -3.326796753285219843e+00
3.985613900000000172e+02 -3.325007049592255903e+00
4.224167199999999980e+02 -3.322851106775317032e+00
4.491020800000000008e+02 -3.321380935305580095e+00
4.735056200000000217e+02 -3.319115901521457079e+00
5.003170900000000074e+02 -3.317715376573060038e+00
5.205149000000000115e+02 -3.314161927841881017e+00
5.496571699999999510e+02 -3.313026692625978598e+00
5.744308499999999640e+02 -3.310776083407485970e+00
6.033912100000000009e+02 -3.309034691993089083e+00
6.181601899999999432e+02 -3.303994076131356206e+00
6.491521999999999935e+02 -3.302936770927815679e+00
6.726146300000000338e+02 -3.300333540189821502e+00
6.988848900000000413e+02 -3.298381998485870881e+00
7.165591200000000072e+02 -3.295265254428758617e+00
7.430443800000000465e+02 -3.293247169530685969e+00
7.692935300000000325e+02 -3.290811949425252347e+00
7.952589100000000144e+02 -3.289258691738716323e+00
8.193813400000000229e+02 -3.287647476365371801e+00
8.404287000000000489e+02 -3.284103547381239441e+00
8.708970199999999977e+02 -3.284381497007255124e+00
8.943328800000000456e+02 -3.281529997028903356e+00
9.170745500000000447e+02 -3.280235346940691521e+00
9.460262900000000172e+02 -3.277813882590480343e+00
9.585794200000000274e+02 -3.273831200881978098e+00
9.996653300000000399e+02 -3.275655657595749393e+00
1.013853799999999978e+03 -3.272325694985240840e+00
1.048991899999999987e+03 -3.271679235166415456e+00
1.069152900000000045e+03 -3.271314163661575236e+00
1.093748499999999922e+03 -3.267708032177996991e+00
1.118709599999999909e+03 -3.268141077284765217e+00
1.145032600000000002e+03 -3.265949913254827308e+00
1.160394099999999980e+03 -3.262270596920382904e+00
1.191846299999999928e+03 -3.262473772308033482e+00
1.211617600000000039e+03 -3.261307823292600272e+00
1.242935999999999922e+03 -3.259816170572726435e+00
1.271812400000000025e+03 -3.260466466865646229e+00
1.299878600000000006e+03 -3.258736742447163159e+00
1.309431700000000092e+03 -3.255080111411976063e+00
1.345068299999999908e+03 -3.255849822770433111e+00
1.361738599999999906e+03 -3.253231888027672714e+00
1.396564200000000028e+03 -3.254409179715505473e+00
1.420354100000000017e+03 -3.252810970831618853e+00
1.451733099999999922e+03 -3.254154697424540554e+00
1.459391599999999926e+03 -3.249111622829480961e+00
1.494084399999999960e+03 -3.249899402939061765e+00
1.519516800000000103e+03 -3.249355570791174319e+00
1.555759900000000016e+03 -3.249918243821070973e+00
1.581168200000000070e+03 -3.251391181546918752e+00
1.598604800000000068e+03 -3.246930082546106267e+00
1.619552799999999934e+03 -3.243277727353552464e+00
1.650537199999999984e+03 -3.246758705169702885e+00
1.663246799999999894e+03 -3.241922163059759221e+00
1.712552300000000059e+03 -3.243368392537172351e+00
1.727197400000000016e+03 -3.245667927089075810e+00
1.753537900000000036e+03 -3.243324610992269097e+00
1.773345700000000079e+03 -3.243106831924611910e+00
1.799927300000000059e+03 -3.238024247176114478e+00
1.821571200000000090e+03 -3.240798488436840152e+00
1.860090999999999894e+03 -3.240749347014471038e+00
1.868243899999999940e+03 -3.238485265203842278e+00
1.897333499999999958e+03 -3.237246448346409178e+00
1.911014499999999998e+03 -3.232500336363713700e+00
1.938232199999999921e+03 -3.234981086827479313e+00
1.964883800000000065e+03 -3.234149500976174263e+00
1.999349500000000035e+03 -3.231787689879187297e+00
2.020658899999999903e+03 -3.234146482080139329e+00
2.050334600000000137e+03 -3.235039745516253618e+00
2.050926199999999881e+03 -3.226625008304350395e+00
2.106564300000000003e+03 -3.235179896015506262e+00
2.109778499999999894e+03 -3.228057492624376135e+00
2.145919199999999819e+03 -3.232926229344229796e+00
2.162720800000000054e+03 -3.227658491064218538e+00
2.195592399999999998e+03 -3.229460341749926577e+00
2.222299300000000130e+03 -3.227583617895304346e+00
2.236141999999999825e+03 -3.228077659894737828e+00
2.257077699999999822e+03 -3.223626480698063013e+00
2.279183399999999892e+03 -3.225616534297258919e+00
2.309294800000000123e+03 -3.225735196917566050e+00
2.338619799999999941e+03 -3.228662161354018512e+00
2.356236600000000180e+03 -3.223174270885261539e+00
2.412056300000000192e+03 -3.226174182343541919e+00
2.420181199999999990e+03 -3.229947234049550531e+00
2.454697400000000016e+03 -3.226507596872735029e+00
