1.026035300000000063e+02 1.700853195603500723e+01
1.278982500000000044e+02 1.703859912477101446e+01
1.514581300000000113e+02 1.708386983513128499e+01
1.759584499999999991e+02 1.710999745572969744e+01
2.014387999999999863e+02 1.715501323020557578e+01
2.264997099999999932e+02 1.720430490535314405e+01
2.489318199999999877e+02 1.724843476490942251e+01
2.741379000000000019e+02 1.728473183391003332e+01
2.991518100000000118e+02 1.734532668430694002e+01
3.235870100000000207e+02 1.739101261958070310e+01
3.503505999999999858e+02 1.743944280480358344e+01
3.740125499999999761e+02 1.749602635864033928e+01
3.985613900000000172e+02 1.755456136779971388e+01
4.224167199999999980e+02 1.761507123956849341e+01
4.491020800000000008e+02 1.768084927742723167e+01
4.735056200000000217e+02 1.775583044982699121e+01
5.003170900000000074e+02 1.780538214939955211e+01
5.205149000000000115e+02 1.787224048442906721e+01
5.496571699999999510e+02 1.792892122939140975e+01
5.744308499999999640e+02 1.802588947689802623e+01
6.033912100000000009e+02 1.806097343781803488e+01
6.181601899999999432e+02 1.815978526358640366e+01
6.491521999999999935e+02 1.822560400976999873e+01
6.726146300000000338e+02 1.830237634846325889e+01
6.988848900000000413e+02 1.835919651943822473e+01
7.165591200000000072e+02 1.842804854467738807e+01
7.430443800000000465e+02 1.850619733360472097e+01
7.692935300000000325e+02 1.855458426623244605e+01
7.952589100000000144e+02 1.864518318746183567e+01
8.193813400000000229e+02 1.868905912884184772e+01
8.404287000000000489e+02 1.878915682882149341e+01
8.708970199999999977e+02 1.882489008752289905e+01
8.943328800000000456e+02 1.891182067982902382e+01
9.170745500000000447e+02 1.894842713209851226e+01
9.460262900000000172e+02 1.905075564828007373e+01
9.585794200000000274e+02 1.910461327091390160e+01
9.996653300000000399e+02 1.917156014654996810e+01
1.013853799999999978e+03 1.923193262772236878e+01
1.048991899999999987e+03 1.929658151842051694e+01
1.069152900000000045e+03 1.931960258497862881e+01
1.093748499999999922e+03 1.943080398941583553e+01
1.118709599999999909e+03 1.947530734785263462e+01
1.145032600000000002e+03 1.955256971300631008e+01
1.160394099999999980e+03 1.960674231630368425e+01
1.191846299999999928e+03 1.966666140850803757e+01
1.211617600000000039e+03 1.970652554447384475e+01
1.242935999999999922e+03 1.979743232240993223e+01
1.271812400000000025e+03 1.983679625483411257e+01
1.299878600000000006e+03 1.993071544880928059e+01
1.309431700000000092e+03 1.996622328516181355e+01
1.345068299999999908e+03 2.004115764298799363e+01
1.361738599999999906e+03 2.008366578465296115e+01
1.396564200000000028e+03 2.013452371259922558e+01
1.420354100000000017e+03 2.022268674944026046e+01
1.451733099999999922e+03 2.027436393242417978e+01
1.459391599999999926e+03 2.035439497252188090e+01
1.494084399999999960e+03 2.041823580297170793e+01
1.519516800000000103e+03 2.046856961123549823e+01
1.555759900000000016e+03 2.055938835741909188e+01
1.581168200000000070e+03 2.057213464278445159e+01
1.598604800000000068e+03 2.066206035009159336e+01
1.619552799999999934e+03 2.076434815794829802e+01
1.650537199999999984e+03 2.075729594952167645e+01
1.663246799999999894e+03 2.086296611031956161e+01
1.712552300000000059e+03 2.094375585182169885e+01
1.727197400000000016e+03 2.094457154488092598e+01
1.753537900000000036e+03 2.101690107877060854e+01
1.773345700000000079e+03 2.106031956035009145e+01
1.799927300000000059e+03 2.117955678811317100e+01
1.821571200000000090e+03 2.120983462243028583e+01
1.860090999999999894e+03 2.129033279055567007e+01
1.868243899999999940e+03 2.134846173417463788e+01
1.897333499999999958e+03 2.140097140240179030e+01
1.911014499999999998e+03 2.155595003053124614e+01
1.938232199999999921e+03 2.149888917158558854e+01
1.964883800000000065e+03 2.160040097699979711e+01
1.999349500000000035e+03 2.167927793608792797e+01
2.020658899999999903e+03 2.170279411764705912e+01
2.050334600000000137e+03 2.177367290860981086e+01
2.050926199999999881e+03 2.186265011194789309e+01
2.106564300000000003e+03 2.190319051496030767e+01
2.109778499999999894e+03 2.205809637695908876e+01
2.145919199999999819e+03 2.201038011398330951e+01
2.162720800000000054e+03 2.214723336047221736e+01
2.195592399999999998e+03 2.218362558518217043e+01
2.222299300000000130e+03 2.226190922043557663e+01
2.236141999999999825e+03 2.221208324852432270e+01
2.257077699999999822e+03 2.243050223895786743e+01
2.279183399999999892e+03 2.239315947486261038e+01
2.309294800000000123e+03 2.255504681457358274e+01
2.338619799999999941e+03 2.248234836148992244e+01
2.356236600000000180e+03 2.267229035212701049e+01
2.412056300000000192e+03 2.270579940972928767e+01
2.420181199999999990e+03 2.263433034805617794e+01
2.454697400000000016e+03 2.280723946672094371e+01
