1.001804000000000059e+02 -4.419405446535995985e+00
1.001886800000000051e+02 -4.419450992332216721e+00
1.262642299999999977e+02 -4.418108487308582077e+00
1.494638500000000079e+02 -4.418297888940683649e+00
1.503077499999999986e+02 -4.418542819615479011e+00
1.755634000000000015e+02 -4.417172406632195347e+00
1.988553899999999999e+02 -4.416897136964655246e+00
1.999247900000000016e+02 -4.417181485393280482e+00
2.257097599999999886e+02 -4.415235363827091142e+00
2.496738599999999906e+02 -4.414826194810518523e+00
2.516880099999999914e+02 -4.414960570682381125e+00
2.714758699999999862e+02 -4.410826991500789163e+00
2.982286500000000160e+02 -4.411607864342563801e+00
3.025516600000000267e+02 -4.411144031844664859e+00
3.205939300000000003e+02 -4.405350349188628556e+00
3.487120699999999829e+02 -4.406199236499388938e+00
3.487785200000000145e+02 -4.405549968984101561e+00
3.717275700000000143e+02 -4.401812747160072981e+00
3.964188300000000140e+02 -4.401667535391783126e+00
4.034409800000000246e+02 -4.402152247602153956e+00
4.213605600000000209e+02 -4.397685691022056531e+00
4.500060399999999845e+02 -4.398411645077723975e+00
4.509830400000000168e+02 -4.397224518235005597e+00
4.687545799999999758e+02 -4.394469334169737174e+00
5.006159099999999853e+02 -4.395294764679322341e+00
5.019698099999999954e+02 -4.394713775394741617e+00
5.204912900000000491e+02 -4.392970346881719834e+00
5.432010199999999713e+02 -4.391701838202116015e+00
5.515296600000000353e+02 -4.393327886420982153e+00
5.656861400000000231e+02 -4.389501204745761775e+00
6.024256299999999555e+02 -4.391161317031805567e+00
6.053209600000000137e+02 -4.391264386989395696e+00
6.176353100000000040e+02 -4.388061111659284919e+00
6.485107100000000173e+02 -4.388210124931142708e+00
6.549463600000000270e+02 -4.389169258365710036e+00
6.658284599999999500e+02 -4.385186751887385270e+00
6.922239799999999832e+02 -4.385806163525034052e+00
7.008474300000000312e+02 -4.386413219403523911e+00
7.169004499999999780e+02 -4.384841282531841244e+00
7.499793200000000297e+02 -4.385282356777495671e+00
7.541648500000000013e+02 -4.386110328779728285e+00
7.610696699999999737e+02 -4.382217823036026694e+00
7.981229899999999589e+02 -4.383517228644244312e+00
8.013800099999999702e+02 -4.383935408611135287e+00
8.199357499999999845e+02 -4.383585225347615300e+00
8.483422199999999975e+02 -4.381378690376646290e+00
8.484919999999999618e+02 -4.381694380753830664e+00
8.710743599999999560e+02 -4.382364601222237255e+00
8.989748600000000351e+02 -4.382515762831141082e+00
9.051044200000000046e+02 -4.377990260105825371e+00
9.059587500000000091e+02 -4.382705931108262121e+00
9.463733099999999467e+02 -4.381096653399914054e+00
9.506420600000000150e+02 -4.382031881338193102e+00
9.651175399999999627e+02 -4.379870101871770061e+00
9.959689399999999750e+02 -4.381083844921866977e+00
1.006743399999999951e+03 -4.381635693326749958e+00
1.015382299999999987e+03 -4.379630673726599532e+00
1.050830600000000004e+03 -4.379385188383382754e+00
1.054377700000000004e+03 -4.380278624409588595e+00
1.060263099999999895e+03 -4.377626089393273467e+00
1.101418499999999995e+03 -4.380415946031055441e+00
1.112198499999999967e+03 -4.380892593214699815e+00
1.112269000000000005e+03 -4.378296072277606754e+00
1.149144299999999930e+03 -4.378705114628778539e+00
1.158455300000000079e+03 -4.380502891649248554e+00
1.163514400000000023e+03 -4.377816468886349455e+00
1.184645999999999958e+03 -4.376074797977585362e+00
1.185966499999999996e+03 -4.377363710663765950e+00
1.205976899999999887e+03 -4.377121572537324035e+00
1.238358600000000024e+03 -4.378050285412632192e+00
1.248949699999999893e+03 -4.377173854342600201e+00
1.260402900000000045e+03 -4.376705210851760341e+00
1.307088799999999992e+03 -4.378779076043294971e+00
1.312817999999999984e+03 -4.380082242040925777e+00
1.314717200000000048e+03 -4.378642376318942375e+00
1.352293899999999894e+03 -4.379777421920811875e+00
1.352313100000000077e+03 -4.379312458778048978e+00
1.364499099999999999e+03 -4.378816079763437230e+00
1.397305299999999988e+03 -4.378671550419903191e+00
1.406047000000000025e+03 -4.376583295960107201e+00
1.408480999999999995e+03 -4.381478409665305662e+00
1.446746599999999944e+03 -4.377927973406148254e+00
1.452335900000000038e+03 -4.379640525084020908e+00
1.452967499999999973e+03 -4.376533452096118104e+00
1.487539299999999912e+03 -4.374677036580650658e+00
1.492107899999999972e+03 -4.377121188186266387e+00
1.512794000000000096e+03 -4.377866422782609845e+00
1.547730499999999893e+03 -4.379769463506042904e+00
1.561149499999999989e+03 -4.377794770538615765e+00
1.565467200000000048e+03 -4.380495960577834857e+00
1.597793400000000020e+03 -4.378300769318933305e+00
1.599139599999999973e+03 -4.374720486357575489e+00
1.606207699999999932e+03 -4.379944331781253197e+00
1.650125199999999950e+03 -4.380123851796016154e+00
1.652959599999999909e+03 -4.379739462421322393e+00
1.658465200000000095e+03 -4.378409563851731079e+00
1.693577800000000025e+03 -4.379952675015609032e+00
1.697390599999999949e+03 -4.377115135625315290e+00
1.711504799999999932e+03 -4.381340977829706773e+00
1.747546299999999974e+03 -4.381666920992742575e+00
1.751797000000000025e+03 -4.379910936748028227e+00
1.768262199999999893e+03 -4.380829130803358673e+00
1.798742899999999963e+03 -4.379456556094124764e+00
1.799864600000000110e+03 -4.378364795559745559e+00
1.818577999999999975e+03 -4.382918437917355803e+00
1.843503400000000056e+03 -4.382442650769540649e+00
1.851699399999999969e+03 -4.378527641148671101e+00
1.853736300000000028e+03 -4.381631566168532999e+00
1.890788900000000012e+03 -4.378316904103641605e+00
1.895520700000000033e+03 -4.381646875305567512e+00
1.900549199999999928e+03 -4.381836472222216727e+00
1.953352900000000091e+03 -4.384388460482502303e+00
1.953560099999999920e+03 -4.382728103560546984e+00
1.963027599999999893e+03 -4.382081451912377190e+00
2.010882200000000012e+03 -4.385763372382826653e+00
2.011870799999999917e+03 -4.383777951881737245e+00
2.012573599999999942e+03 -4.382564514495683738e+00
2.033106500000000096e+03 -4.377497347180050902e+00
2.059984599999999773e+03 -4.387154755738042589e+00
2.063125900000000001e+03 -4.385369500546380195e+00
2.087806900000000041e+03 -4.381018552708217051e+00
2.116096199999999953e+03 -4.385848234185238503e+00
2.119375700000000052e+03 -4.386068887597046384e+00
2.152685899999999947e+03 -4.384379606490782955e+00
2.158842700000000150e+03 -4.386633484541050620e+00
2.160027000000000044e+03 -4.384912018893786012e+00
2.182026100000000042e+03 -4.385832890008520835e+00
2.203267100000000028e+03 -4.382591208892026913e+00
2.211602699999999913e+03 -4.388297827018051045e+00
2.218936700000000201e+03 -4.382017952067293720e+00
2.257420700000000124e+03 -4.386778403586589548e+00
2.276142100000000028e+03 -4.391142530549635659e+00
2.290475899999999911e+03 -4.383509664385517368e+00
2.301638600000000224e+03 -4.386120154526897963e+00
2.307797300000000178e+03 -4.387173729952658086e+00
2.329746299999999792e+03 -4.387562007453210455e+00
2.330607100000000173e+03 -4.384506147334293225e+00
2.360498399999999947e+03 -4.389749367080659326e+00
2.398629100000000108e+03 -4.387182069919524530e+00
2.404577699999999822e+03 -4.390006946025817314e+00
2.408437600000000202e+03 -4.391019970873574430e+00
2.464642199999999775e+03 -4.394265529531049097e+00
