9.969571600000000444e+01 -4.556240455455691674e+00
1.003556700000000035e+02 -4.556296116571413535e+00
1.264593500000000006e+02 -4.555841913633438267e+00
1.508696400000000040e+02 -4.556041376741460702e+00
1.512124200000000087e+02 -4.555897649431772223e+00
1.755877900000000125e+02 -4.555342715596523817e+00
1.986255400000000009e+02 -4.554816547834648510e+00
1.995897600000000125e+02 -4.554978651200713990e+00
2.237057399999999916e+02 -4.554260893552054767e+00
2.488841999999999928e+02 -4.553990055235843215e+00
2.513702199999999891e+02 -4.554314707112105509e+00
2.724649099999999748e+02 -4.552736199301685716e+00
3.009030399999999759e+02 -4.552610869628739287e+00
3.032904599999999959e+02 -4.552625022282601464e+00
3.257561499999999910e+02 -4.551372296783805282e+00
3.475526699999999778e+02 -4.549181210124872976e+00
3.510623600000000124e+02 -4.550176159533536158e+00
3.755651899999999728e+02 -4.547714374081264666e+00
3.979127799999999979e+02 -4.544581534641546128e+00
3.999737999999999829e+02 -4.546324048102788673e+00
4.249421300000000201e+02 -4.539670727014381235e+00
4.496989800000000059e+02 -4.537602058377426140e+00
4.497925099999999929e+02 -4.537742816209811458e+00
4.700626599999999939e+02 -4.527501677601847518e+00
4.954216599999999744e+02 -4.526220266388182090e+00
5.039603599999999801e+02 -4.528304242340046137e+00
5.251083599999999478e+02 -4.516916953636925136e+00
5.495228399999999738e+02 -4.514543156365104615e+00
5.501844899999999825e+02 -4.514391847015469139e+00
5.711016200000000254e+02 -4.506875466127084451e+00
6.022214300000000549e+02 -4.505855372371212475e+00
6.043401300000000447e+02 -4.505689430682340735e+00
6.229091499999999542e+02 -4.498026020681265891e+00
6.516327999999999747e+02 -4.496070015519922691e+00
6.536902599999999666e+02 -4.496657324099099462e+00
6.724588499999999840e+02 -4.489688698448932591e+00
6.994093900000000303e+02 -4.488017388636516891e+00
7.020046999999999571e+02 -4.488392327534461046e+00
7.174319699999999784e+02 -4.481654449226422976e+00
7.469428799999999455e+02 -4.481694252221079644e+00
7.534320199999999659e+02 -4.480284555631966370e+00
7.694519000000000233e+02 -4.476557094357781708e+00
7.999815899999999829e+02 -4.474740589790262568e+00
8.064610699999999497e+02 -4.476683779574789135e+00
8.148973499999999603e+02 -4.469048981968050782e+00
8.433624700000000303e+02 -4.469878421320824913e+00
8.463111699999999473e+02 -4.469051873057503066e+00
8.674679300000000239e+02 -4.465122120716854326e+00
8.922092199999999593e+02 -4.462647943656257610e+00
8.993599500000000262e+02 -4.465626358396014517e+00
9.185567499999999654e+02 -4.462376615929375845e+00
9.470819300000000567e+02 -4.459819129311311414e+00
9.515865199999999504e+02 -4.460589802465247722e+00
9.608023299999999836e+02 -4.455941843354980669e+00
9.973131300000000010e+02 -4.456083695704106340e+00
1.002309600000000046e+03 -4.457841747420418166e+00
1.013470599999999990e+03 -4.453762860565231740e+00
1.042851300000000037e+03 -4.452307114851679515e+00
1.051628400000000056e+03 -4.453644407274497397e+00
1.063179200000000037e+03 -4.451806480773549346e+00
1.099442399999999907e+03 -4.451082369593612142e+00
1.101910000000000082e+03 -4.450595980274043129e+00
1.121554799999999886e+03 -4.451481900035001438e+00
1.152231500000000096e+03 -4.448506473957831275e+00
1.157523599999999988e+03 -4.450198472777857184e+00
1.158670200000000023e+03 -4.447429707500346829e+00
1.195421599999999899e+03 -4.445880655729807174e+00
1.207396199999999908e+03 -4.448077590190187891e+00
1.222611200000000053e+03 -4.448588367308248692e+00
1.245458800000000110e+03 -4.445990855948632969e+00
1.245748299999999972e+03 -4.446627421459845131e+00
1.263654899999999998e+03 -4.446905321218868501e+00
1.288683999999999969e+03 -4.446697692066584828e+00
1.295677699999999959e+03 -4.446255804524970046e+00
1.308552799999999934e+03 -4.443467543083821525e+00
1.335524300000000039e+03 -4.443577196322544332e+00
1.342043599999999969e+03 -4.441530680369846884e+00
1.357482500000000073e+03 -4.443392338263658203e+00
1.390536700000000110e+03 -4.442513020982326921e+00
1.400707300000000032e+03 -4.443595559880628265e+00
1.411131499999999960e+03 -4.443220710109716087e+00
1.443197499999999991e+03 -4.442292212890500913e+00
1.446258299999999963e+03 -4.444107610310442880e+00
1.449678799999999910e+03 -4.441602146334122203e+00
1.501107600000000048e+03 -4.445134641022367106e+00
1.519532400000000052e+03 -4.448442496028235382e+00
1.519791400000000067e+03 -4.446567054964331689e+00
1.540482099999999946e+03 -4.443519259334386184e+00
1.549103000000000065e+03 -4.446652370825293410e+00
1.555749099999999999e+03 -4.443851641506847194e+00
1.599659499999999980e+03 -4.446375092364472259e+00
1.603366299999999910e+03 -4.443657870197633031e+00
1.609347899999999981e+03 -4.445142712429374754e+00
1.639433899999999994e+03 -4.444094926698135772e+00
1.649800300000000107e+03 -4.442506935819857894e+00
1.665788700000000063e+03 -4.446766909308610849e+00
1.707164399999999887e+03 -4.448394300011391245e+00
1.712268700000000081e+03 -4.448964880891019824e+00
1.714632599999999911e+03 -4.447386142653876107e+00
1.752486900000000105e+03 -4.445407526962781297e+00
1.756787700000000086e+03 -4.446502628088812692e+00
1.761967799999999897e+03 -4.447883055133742936e+00
1.789832000000000107e+03 -4.446291929966387890e+00
1.794527599999999893e+03 -4.445655082947078007e+00
1.816511500000000069e+03 -4.449057776645497064e+00
1.855020500000000084e+03 -4.449312631321280520e+00
1.859130699999999933e+03 -4.448826909600896329e+00
1.860769099999999980e+03 -4.449260391273984538e+00
1.890716200000000072e+03 -4.449924814367360426e+00
1.906131800000000112e+03 -4.450459667147455001e+00
1.908142000000000053e+03 -4.450307249425212497e+00
1.948232500000000073e+03 -4.448715763025661296e+00
1.950161499999999933e+03 -4.450992485788863640e+00
1.965698000000000093e+03 -4.453074215445618655e+00
2.014663399999999911e+03 -4.454128176688302077e+00
2.020480299999999943e+03 -4.455822374336461777e+00
2.023207499999999982e+03 -4.453224539895384027e+00
2.036183800000000019e+03 -4.451498467536521453e+00
2.057273799999999937e+03 -4.454663811383339223e+00
2.077798600000000079e+03 -4.459158004157806943e+00
2.095517299999999977e+03 -4.455594431628616015e+00
2.100881899999999860e+03 -4.454157147495799052e+00
2.108213400000000092e+03 -4.456339886982091159e+00
2.141891799999999876e+03 -4.455297645135102513e+00
2.156036500000000160e+03 -4.458093299735899961e+00
2.168587799999999788e+03 -4.458692324866759371e+00
2.197911999999999807e+03 -4.456131142328521477e+00
2.200100600000000213e+03 -4.456989326544611885e+00
2.211298200000000179e+03 -4.461910080634724274e+00
2.232050000000000182e+03 -4.456835133288498341e+00
2.242831299999999828e+03 -4.459422537879186521e+00
2.266940700000000106e+03 -4.461766584156296567e+00
2.297143999999999778e+03 -4.460063085765806790e+00
2.297930800000000090e+03 -4.459790965110525640e+00
2.321275799999999890e+03 -4.467720067199890011e+00
2.350507599999999911e+03 -4.463605738313574101e+00
2.358769999999999982e+03 -4.465385230054799592e+00
2.358857399999999870e+03 -4.464255117591244826e+00
2.391782999999999902e+03 -4.462770399143815681e+00
2.411473100000000159e+03 -4.466899354912625242e+00
2.422021999999999935e+03 -4.466855796105813070e+00
2.481418999999999869e+03 -4.470729421886869837e+00
