9.970945700000000045e+01 -4.413533240425837612e+00
1.259187199999999933e+02 -4.411833587018902492e+00
1.501633500000000083e+02 -4.412273502774366918e+00
1.765272899999999936e+02 -4.410580099427174439e+00
2.004540000000000077e+02 -4.410491408865757634e+00
2.235628600000000006e+02 -4.407846488285263042e+00
2.500793199999999956e+02 -4.408273778388078767e+00
2.733946500000000128e+02 -4.405057819595366020e+00
3.033032000000000039e+02 -4.405757005018181793e+00
3.222287000000000035e+02 -4.401992591192843030e+00
3.461096800000000258e+02 -4.401020207968459275e+00
3.738034799999999791e+02 -4.399193803652616808e+00
3.990570399999999722e+02 -4.398665512687166768e+00
4.190020499999999970e+02 -4.395264092577704673e+00
4.461086199999999735e+02 -4.396088645781789594e+00
4.677814599999999814e+02 -4.391899017092296020e+00
4.968975500000000238e+02 -4.391428497643617312e+00
5.163098899999999958e+02 -4.389733509735449069e+00
5.463462700000000041e+02 -4.389939434003296448e+00
5.666956099999999878e+02 -4.387890047863742815e+00
5.941106600000000526e+02 -4.387915660097416293e+00
6.159981800000000476e+02 -4.386160168768521217e+00
6.448988100000000259e+02 -4.386000781512575664e+00
6.675863000000000511e+02 -4.384582517651028688e+00
6.947944400000000087e+02 -4.384268867089866184e+00
7.178135499999999638e+02 -4.383197630160688973e+00
7.601783199999999852e+02 -4.384744108188741052e+00
7.688348799999999983e+02 -4.382657505057713010e+00
8.014665899999999965e+02 -4.381849303579124388e+00
8.110053400000000465e+02 -4.378961708559755195e+00
8.533468100000000049e+02 -4.381325845141909703e+00
8.683789799999999559e+02 -4.380113191789209992e+00
9.025658200000000306e+02 -4.381091716046559448e+00
9.126595499999999674e+02 -4.378050016551615187e+00
9.538603900000000522e+02 -4.379456037187310358e+00
9.692146699999999555e+02 -4.379530604390008186e+00
1.003649099999999976e+03 -4.379816266061808960e+00
1.015132899999999950e+03 -4.378904434155412417e+00
1.042208100000000059e+03 -4.377856181884679287e+00
1.061329999999999927e+03 -4.377086669193608337e+00
1.098078700000000026e+03 -4.377100678833114600e+00
1.107593499999999949e+03 -4.376708978563573105e+00
1.161790400000000091e+03 -4.378524403604145299e+00
1.162991600000000062e+03 -4.376716985347576028e+00
1.201697599999999966e+03 -4.378874997226217758e+00
1.211698200000000043e+03 -4.375311511615421978e+00
1.261554300000000012e+03 -4.376212722089596774e+00
1.265619799999999941e+03 -4.378324033985824038e+00
1.303685300000000097e+03 -4.379441336649235517e+00
1.314076000000000022e+03 -4.377647384776047979e+00
1.349920499999999947e+03 -4.376269336215565353e+00
1.364847600000000057e+03 -4.377949172119848242e+00
1.390655799999999999e+03 -4.376470688374972440e+00
1.406752899999999954e+03 -4.376237747305129488e+00
1.453987800000000107e+03 -4.376950690343965000e+00
1.458250900000000001e+03 -4.380722387626439840e+00
1.487538399999999911e+03 -4.376705503281753451e+00
1.503032099999999900e+03 -4.375161625237349305e+00
1.547395299999999907e+03 -4.377349457337409433e+00
1.558448399999999992e+03 -4.377718861814003048e+00
1.601311400000000049e+03 -4.380286570467893270e+00
1.620184299999999894e+03 -4.381409688151356008e+00
1.635727200000000039e+03 -4.378574488985233160e+00
1.669871699999999919e+03 -4.382704951694452511e+00
1.688595700000000079e+03 -4.377174625631162108e+00
1.711745200000000068e+03 -4.379181520072414457e+00
1.747865900000000011e+03 -4.377583861073509830e+00
1.753926999999999907e+03 -4.382931612650025954e+00
1.792468699999999899e+03 -4.379704436497766196e+00
1.813497599999999920e+03 -4.381793787342769697e+00
1.842826299999999947e+03 -4.379819408282531690e+00
1.843430299999999988e+03 -4.377411947549986415e+00
1.892442900000000009e+03 -4.381641860169093405e+00
1.923305100000000039e+03 -4.385070638262907217e+00
1.939733300000000099e+03 -4.380224534738840880e+00
1.962744799999999941e+03 -4.383933490049789938e+00
1.983555299999999988e+03 -4.380841456474775519e+00
2.017501099999999951e+03 -4.383255580791613149e+00
2.054530799999999999e+03 -4.382572745415024507e+00
2.063678899999999885e+03 -4.384793298612133405e+00
2.093493800000000192e+03 -4.380992291557133989e+00
2.105902900000000045e+03 -4.384030995213925586e+00
2.158988499999999931e+03 -4.386045591561613222e+00
2.164769800000000032e+03 -4.386881613786214551e+00
2.198275700000000143e+03 -4.386669446499783298e+00
2.208045799999999872e+03 -4.385132775469462452e+00
2.236797999999999774e+03 -4.383883978041139606e+00
2.255114199999999983e+03 -4.385849336860812464e+00
2.298777300000000196e+03 -4.384150398590453079e+00
2.307466800000000148e+03 -4.390375791667003647e+00
2.341360200000000077e+03 -4.383434826695096653e+00
2.361758100000000013e+03 -4.387790982273368279e+00
2.402286300000000210e+03 -4.387784764835461537e+00
2.410904700000000048e+03 -4.391741115636203396e+00
2.464251499999999851e+03 -4.390364607219252591e+00
