1.006997800000000041e+02 -6.236665403559314313e+00
1.271886200000000002e+02 -6.236426485562882149e+00
1.495771699999999953e+02 -6.236213964388276132e+00
1.495996800000000064e+02 -6.236219783671427486e+00
1.759384699999999953e+02 -6.236127297640727818e+00
1.998514099999999871e+02 -6.235895163278889264e+00
1.999455800000000067e+02 -6.235919508098719533e+00
2.252610799999999927e+02 -6.235883059288553021e+00
2.510063600000000008e+02 -6.235384238638517651e+00
2.512232700000000136e+02 -6.235440314191978750e+00
2.728542400000000043e+02 -6.234981058098646223e+00
2.993719899999999825e+02 -6.234687533717383268e+00
2.995533100000000104e+02 -6.234734408547282669e+00
3.245111299999999801e+02 -6.234608036606368309e+00
3.514325000000000045e+02 -6.233881506142724405e+00
3.514961400000000253e+02 -6.233897958349732704e+00
3.723910200000000259e+02 -6.233063185458505906e+00
4.018261299999999778e+02 -6.233058764107524574e+00
4.020033999999999992e+02 -6.233104591931793337e+00
4.214995499999999993e+02 -6.231538791440214275e+00
4.547385699999999815e+02 -6.231580956230610369e+00
4.548711700000000064e+02 -6.231614727116483898e+00
4.691231799999999907e+02 -6.229279411907196362e+00
5.040678700000000276e+02 -6.230537511085154634e+00
5.042077600000000075e+02 -6.230573675435224779e+00
5.192912000000000035e+02 -6.227641679207132519e+00
5.453339300000000094e+02 -6.226018350866821649e+00
5.455124700000000075e+02 -6.226064507011375149e+00
5.692614700000000312e+02 -6.225377310252463658e+00
5.992396199999999453e+02 -6.224982540767602046e+00
5.994496599999999944e+02 -6.225037349143348386e+00
6.209792899999999918e+02 -6.223175953262425786e+00
6.541882200000000012e+02 -6.222773233550656258e+00
6.546369499999999562e+02 -6.222889748043482605e+00
6.673399100000000317e+02 -6.219142879550637382e+00
6.997340599999999995e+02 -6.217543872671924099e+00
6.998459800000000541e+02 -6.217572806220139192e+00
7.162856000000000449e+02 -6.214634702825716062e+00
7.513500400000000354e+02 -6.214974746939654793e+00
7.517571900000000369e+02 -6.215080003320603730e+00
7.707781599999999571e+02 -6.210489873484809742e+00
8.098803400000000465e+02 -6.210631641014053628e+00
8.103533599999999524e+02 -6.210754434955469527e+00
8.160040099999999939e+02 -6.203310294417790693e+00
8.546714899999999489e+02 -6.203586477562009982e+00
8.551237399999999980e+02 -6.203702884336795620e+00
8.551394099999999980e+02 -6.194600483074279573e+00
9.033117899999999736e+02 -6.196220499416839722e+00
9.035352599999999939e+02 -6.196278779714964990e+00
9.198178400000000465e+02 -6.191179174629219517e+00
9.532038300000000390e+02 -6.190704683164527822e+00
9.532127199999999903e+02 -6.190706981406518317e+00
9.603253899999999703e+02 -6.180477256451101020e+00
1.004689700000000016e+03 -6.182082177869344441e+00
1.004714500000000044e+03 -6.182088080309026346e+00
1.021960599999999999e+03 -6.176464615007866144e+00
1.043049099999999953e+03 -6.172311282859880954e+00
1.043178799999999910e+03 -6.172344304038018592e+00
1.061772699999999986e+03 -6.166234242356672723e+00
1.094248100000000022e+03 -6.166140058661435219e+00
1.094682499999999891e+03 -6.166252359709904596e+00
1.111806599999999889e+03 -6.160734236722162471e+00
1.155707499999999982e+03 -6.161971545501837788e+00
1.155878400000000056e+03 -6.162015726554285422e+00
1.168135099999999966e+03 -6.156675269920645732e+00
1.195447300000000041e+03 -6.153530949192790978e+00
1.195503999999999905e+03 -6.153546116125691690e+00
1.208465799999999945e+03 -6.150138908702603935e+00
1.243124000000000024e+03 -6.150779488375052395e+00
1.243728200000000015e+03 -6.150936194958131153e+00
1.264889799999999923e+03 -6.146596692429049824e+00
1.303156600000000026e+03 -6.146471103336588193e+00
1.303207100000000082e+03 -6.146483649737930932e+00
1.327782099999999900e+03 -6.143952184602563094e+00
1.361068299999999908e+03 -6.140216092464442887e+00
1.361921700000000101e+03 -6.140437731062904803e+00
1.363493500000000040e+03 -6.136202814768632940e+00
1.397732799999999997e+03 -6.135852747510025296e+00
1.397816700000000083e+03 -6.135874437330389952e+00
1.407509600000000091e+03 -6.129744482692953689e+00
1.450415799999999990e+03 -6.130272270459222739e+00
1.450909599999999955e+03 -6.130399927590286069e+00
1.460775799999999890e+03 -6.126564418255237676e+00
1.501661200000000008e+03 -6.127033863892717314e+00
1.501874299999999948e+03 -6.127088954485325090e+00
1.508614600000000110e+03 -6.119408496732740232e+00
1.556448499999999967e+03 -6.119489248621452937e+00
1.557190200000000004e+03 -6.119680483983897190e+00
1.563144600000000082e+03 -6.115097791726301857e+00
1.608359999999999900e+03 -6.118958153096516916e+00
1.609029700000000048e+03 -6.119131792733634612e+00
1.615711199999999963e+03 -6.112881279542662583e+00
1.644462600000000066e+03 -6.109148304201323043e+00
1.644954500000000053e+03 -6.109275470144559961e+00
1.667875700000000052e+03 -6.110275349375587695e+00
1.687178200000000061e+03 -6.106112163075990473e+00
1.687717499999999973e+03 -6.106250565154792476e+00
1.710063100000000077e+03 -6.103313221844619108e+00
1.733221099999999979e+03 -6.102883376192377085e+00
1.733660499999999956e+03 -6.102995952132270752e+00
1.771809199999999919e+03 -6.100416159947653405e+00
1.800960000000000036e+03 -6.096680595813352532e+00
1.801089400000000069e+03 -6.096713539435516083e+00
1.819839199999999892e+03 -6.094231202135603986e+00
1.823170800000000099e+03 -6.093479928546212676e+00
1.823411200000000008e+03 -6.093540550170152947e+00
1.867388200000000097e+03 -6.093325417517426068e+00
1.898947200000000066e+03 -6.089450157645116768e+00
1.900094499999999925e+03 -6.089746757536712352e+00
1.922420499999999947e+03 -6.090129708522706409e+00
1.940631599999999935e+03 -6.084013296859234643e+00
1.940843000000000075e+03 -6.084067439113937326e+00
1.959068099999999959e+03 -6.080370176955121941e+00
1.988421000000000049e+03 -6.084092212839147251e+00
1.989844800000000077e+03 -6.084459784631521373e+00
2.017410399999999981e+03 -6.078143134460658459e+00
2.030222400000000107e+03 -6.077183461695563338e+00
2.030249900000000025e+03 -6.077189553284939372e+00
2.078494400000000041e+03 -6.079414413961211849e+00
2.092559099999999944e+03 -6.071888196250787573e+00
2.093298200000000179e+03 -6.072078759461469133e+00
2.120258699999999862e+03 -6.073273091879624275e+00
2.146924199999999928e+03 -6.070210924816340281e+00
2.148522100000000137e+03 -6.070624013778931349e+00
2.174153800000000047e+03 -6.072409589851432088e+00
2.204903200000000197e+03 -6.069943188173681392e+00
2.205664000000000215e+03 -6.070140378974508977e+00
2.208852499999999964e+03 -6.064599414259617127e+00
2.254648700000000190e+03 -6.060028100260026029e+00
2.260684099999999944e+03 -6.066896228025501436e+00
2.262319599999999809e+03 -6.067319546190731216e+00
2.280581799999999930e+03 -6.058439019431553163e+00
2.280765600000000177e+03 -6.058485517682704824e+00
2.325203199999999924e+03 -6.062834299519888503e+00
2.343319800000000214e+03 -6.057306118014045282e+00
2.343700100000000020e+03 -6.057404433135438637e+00
2.366102699999999913e+03 -6.057123795743000194e+00
2.369355100000000220e+03 -6.048919724966882683e+00
2.370250900000000001e+03 -6.049152833663545614e+00
2.426935800000000199e+03 -6.057011262873166935e+00
2.464010600000000068e+03 -6.049584845547650858e+00
2.464305100000000039e+03 -6.049660470806790258e+00
