1.220751400000000046e+02 -3.526787075130166649e+00
1.322747599999999863e+02 -3.526665534757805975e+00
1.699326599999999985e+02 -3.526146017525361387e+00
1.699711700000000008e+02 -3.526275146748061751e+00
1.800719699999999932e+02 -3.526011938941652879e+00
2.186599400000000060e+02 -3.525610941888038141e+00
2.186683600000000069e+02 -3.525503307919382490e+00
2.287837299999999914e+02 -3.525319635117679429e+00
2.661651400000000081e+02 -3.524381448590009569e+00
2.668192099999999982e+02 -3.524646457697322877e+00
2.762972599999999943e+02 -3.524173355742354907e+00
3.150175699999999779e+02 -3.523164600930574153e+00
3.150618200000000115e+02 -3.523260968179271035e+00
3.248807100000000219e+02 -3.522806012716747315e+00
3.663356899999999996e+02 -3.522392683734415719e+00
3.664738899999999830e+02 -3.522334018757588670e+00
3.760238100000000259e+02 -3.521860109288768914e+00
4.142318200000000274e+02 -3.520255704876193548e+00
4.164727800000000002e+02 -3.520921186643935386e+00
4.261972499999999968e+02 -3.520358725863498073e+00
4.661858799999999974e+02 -3.518878956147471371e+00
4.667990500000000225e+02 -3.518943080371821797e+00
4.728170000000000073e+02 -3.517367759452163067e+00
5.109162099999999782e+02 -3.515241944947088637e+00
5.139776399999999512e+02 -3.515961535358734125e+00
5.197894700000000512e+02 -3.514395212052456863e+00
5.617370399999999790e+02 -3.512988628979724748e+00
5.633237699999999677e+02 -3.513326115029665520e+00
5.744845900000000256e+02 -3.513237818726178130e+00
6.120322899999999890e+02 -3.509905210523636576e+00
6.182792200000000093e+02 -3.511601124979816468e+00
6.205276699999999437e+02 -3.508770731134136955e+00
6.675483000000000402e+02 -3.507563534521394466e+00
6.697773600000000442e+02 -3.508030692599145350e+00
6.724288699999999608e+02 -3.505491552540685340e+00
7.083480899999999565e+02 -3.501473701923036863e+00
7.135209800000000087e+02 -3.502867428890430901e+00
7.194785500000000411e+02 -3.501081149464781106e+00
7.615780799999999999e+02 -3.498986545968525874e+00
7.640031699999999546e+02 -3.499537813415823262e+00
7.758776299999999537e+02 -3.499169016419568567e+00
8.158373800000000529e+02 -3.492349091863713895e+00
8.170445700000000215e+02 -3.496093802235028747e+00
8.194695100000000139e+02 -3.496615924452069812e+00
8.611462900000000218e+02 -3.490042196533000851e+00
8.665769000000000233e+02 -3.491519952060216703e+00
8.730491799999999785e+02 -3.489618414635328847e+00
9.165599999999999454e+02 -3.487041059492612671e+00
9.193536000000000286e+02 -3.487866659855520357e+00
9.206121200000000044e+02 -3.484689773373527810e+00
9.672116800000000012e+02 -3.479852400797561085e+00
9.677372299999999541e+02 -3.483240606664415040e+00
9.679718199999999797e+02 -3.483404143140932163e+00
1.012351599999999962e+03 -3.478386257430251760e+00
1.012613799999999969e+03 -3.478388450061972836e+00
1.014656700000000001e+03 -3.476160982989402015e+00
1.057803400000000011e+03 -3.472745296513711999e+00
1.058932600000000093e+03 -3.473083421143662086e+00
1.065758399999999938e+03 -3.471178119967661679e+00
1.112090200000000095e+03 -3.469274273912788420e+00
1.118050999999999931e+03 -3.470895251244690449e+00
1.124916400000000067e+03 -3.469144091385439665e+00
1.158528000000000020e+03 -3.464021533390414298e+00
1.160866400000000112e+03 -3.464678977167928497e+00
1.167516800000000103e+03 -3.463142996773917126e+00
1.198240900000000011e+03 -3.457891049861011368e+00
1.200977399999999989e+03 -3.458594215217880130e+00
1.214448900000000094e+03 -3.458829970181743985e+00
1.260780400000000100e+03 -3.456204847710731443e+00
1.265913900000000012e+03 -3.453977461393685999e+00
1.267726300000000037e+03 -3.458069196444842230e+00
1.308965500000000020e+03 -3.452094842839722677e+00
1.309040899999999965e+03 -3.452170716270781980e+00
1.316497299999999996e+03 -3.450748863151391177e+00
1.362452700000000050e+03 -3.449386627361329616e+00
1.366468599999999924e+03 -3.450504758436811592e+00
1.371046900000000051e+03 -3.448116591713633827e+00
1.403167799999999943e+03 -3.442858556319450258e+00
1.409390699999999924e+03 -3.444418500756749157e+00
1.411186099999999897e+03 -3.441646182919381403e+00
1.451378400000000056e+03 -3.439384901491588931e+00
1.456747900000000072e+03 -3.440742034930670101e+00
1.457058899999999994e+03 -3.437080576287339984e+00
1.494848899999999958e+03 -3.436315746884761602e+00
1.496977799999999888e+03 -3.436845043360920560e+00
1.513015200000000050e+03 -3.437756601483772823e+00
1.547730199999999968e+03 -3.433367340356745512e+00
1.549500399999999900e+03 -3.433831689173258539e+00
1.561294499999999971e+03 -3.433628663415752680e+00
1.597889100000000099e+03 -3.429638098723684969e+00
1.599578199999999924e+03 -3.430077308972280026e+00
1.615443500000000085e+03 -3.430455723264346446e+00
1.649098799999999983e+03 -3.426797342703328031e+00
1.656429799999999886e+03 -3.428710362048329685e+00
1.660771500000000060e+03 -3.425793596174564470e+00
1.700285599999999931e+03 -3.425135227944854588e+00
1.704409100000000080e+03 -3.426183017814244725e+00
1.717834599999999909e+03 -3.425929575753399181e+00
1.742634999999999991e+03 -3.419990779540019510e+00
1.750689699999999903e+03 -3.422049469022627743e+00
1.755094700000000103e+03 -3.420012948997877000e+00
1.783191800000000057e+03 -3.415463714371143489e+00
1.790806599999999889e+03 -3.417489639626832609e+00
1.802646799999999985e+03 -3.416702307334261945e+00
1.840363200000000006e+03 -3.415462008773973768e+00
1.843447799999999916e+03 -3.416221020803695829e+00
1.861065000000000055e+03 -3.417119199547908881e+00
1.901316199999999981e+03 -3.414197386750206231e+00
1.901794399999999996e+03 -3.414305745348870325e+00
1.906979900000000043e+03 -3.411446778659806611e+00
1.942718200000000024e+03 -3.407967338789975820e+00
1.951473199999999906e+03 -3.410202540963716444e+00
1.960988000000000056e+03 -3.407957136236613671e+00
1.986797800000000052e+03 -3.406719041698597294e+00
1.994766699999999901e+03 -3.408816867087321789e+00
2.017118400000000065e+03 -3.410273172802328556e+00
2.050351400000000012e+03 -3.407088613381032083e+00
2.052957199999999830e+03 -3.407748271073235635e+00
2.075390400000000227e+03 -3.409884306856937997e+00
2.103108400000000074e+03 -3.407202821454421660e+00
2.111860099999999875e+03 -3.409521284088688375e+00
2.112977400000000216e+03 -3.405780818389120945e+00
2.140527300000000196e+03 -3.399882153013592756e+00
2.151289999999999964e+03 -3.402631653265868916e+00
2.169620199999999841e+03 -3.404118644798014515e+00
2.182779500000000098e+03 -3.399036156770773864e+00
2.189503499999999804e+03 -3.400711702933211456e+00
2.215693400000000111e+03 -3.403150133567134361e+00
2.247759399999999914e+03 -3.398966802234343554e+00
2.252054500000000189e+03 -3.395353020881770600e+00
2.259710099999999784e+03 -3.402079856053837670e+00
2.287142499999999927e+03 -3.394806422160750792e+00
2.296387200000000121e+03 -3.397223025116261841e+00
2.308584499999999935e+03 -3.395834493083927708e+00
2.344779500000000098e+03 -3.393825500693541386e+00
2.359397100000000137e+03 -3.397606273189957893e+00
2.365190200000000004e+03 -3.396560703165035999e+00
2.396533399999999801e+03 -3.388297780078005861e+00
2.397320099999999911e+03 -3.390697728014047563e+00
2.400209899999999834e+03 -3.391426988954952648e+00
2.456860400000000027e+03 -3.388688595098022560e+00
2.462030499999999847e+03 -3.390071678140687883e+00
