1.220751400000000046e+02 1.226404895176063548e+01
1.322747599999999863e+02 1.227288469366985524e+01
1.699326599999999985e+02 1.229979594952167687e+01
1.699711700000000008e+02 1.230021982495420296e+01
1.800719699999999932e+02 1.231028088744148263e+01
2.186599400000000060e+02 1.233538062283736991e+01
2.186683600000000069e+02 1.233527325463057167e+01
2.287837299999999914e+02 1.234077702015062172e+01
2.661651400000000081e+02 1.237313403215957663e+01
2.668192099999999982e+02 1.237322460818237246e+01
2.762972599999999943e+02 1.238127162629757727e+01
3.150175699999999779e+02 1.241276714838184425e+01
3.150618200000000115e+02 1.241268573173213952e+01
3.248807100000000219e+02 1.242366171382047568e+01
3.663356899999999996e+02 1.244791064522694946e+01
3.664738899999999830e+02 1.244714889069814667e+01
3.760238100000000259e+02 1.245572206391207004e+01
4.142318200000000274e+02 1.249404030124160414e+01
4.164727800000000002e+02 1.249401536739263285e+01
4.261972499999999968e+02 1.250114441278241273e+01
4.661858799999999974e+02 1.253568033787909641e+01
4.667990500000000225e+02 1.253542184001628179e+01
4.728170000000000073e+02 1.254286026867494463e+01
5.109162099999999782e+02 1.258206849175656394e+01
5.139776399999999512e+02 1.258145074292692911e+01
5.197894700000000512e+02 1.259932118868308493e+01
5.617370399999999790e+02 1.263271168328923189e+01
5.633237699999999677e+02 1.263298392021168226e+01
5.744845900000000256e+02 1.263669804600040791e+01
6.120322899999999890e+02 1.268174893140647264e+01
6.182792200000000093e+02 1.268191583553836743e+01
6.205276699999999437e+02 1.269081925503765618e+01
6.675483000000000402e+02 1.273952320374516489e+01
6.697773600000000442e+02 1.274016486871565235e+01
6.724288699999999608e+02 1.274212446570323642e+01
7.083480899999999565e+02 1.278466822715245144e+01
7.135209800000000087e+02 1.278556075717484219e+01
7.194785500000000411e+02 1.280629147160594350e+01
7.615780799999999999e+02 1.284300885406065440e+01
7.640031699999999546e+02 1.284276409525748086e+01
7.758776299999999537e+02 1.285732902503561981e+01
8.158373800000000529e+02 1.292623651536739260e+01
8.170445700000000215e+02 1.289171280276816667e+01
8.194695100000000139e+02 1.289090779564420863e+01
8.611462900000000218e+02 1.294547730510889494e+01
8.665769000000000233e+02 1.294667667412985956e+01
8.730491799999999785e+02 1.299238957866883837e+01
9.165599999999999454e+02 1.300329075921025890e+01
9.193536000000000286e+02 1.300455933238347228e+01
9.206121200000000044e+02 1.305927946265011208e+01
9.672116800000000012e+02 1.310959342560553686e+01
9.677372299999999541e+02 1.307307398738041826e+01
9.679718199999999797e+02 1.307379503358436779e+01
1.012351599999999962e+03 1.313521371870547583e+01
1.012613799999999969e+03 1.313470893547730434e+01
1.014656700000000001e+03 1.317176623244453459e+01
1.057803400000000011e+03 1.320364085080399086e+01
1.058932600000000093e+03 1.320399653979238686e+01
1.065758399999999938e+03 1.322143853042947192e+01
1.112090200000000095e+03 1.327542133116222267e+01
1.118050999999999931e+03 1.327501272135151567e+01
1.124916400000000067e+03 1.329042794626501056e+01
1.158528000000000020e+03 1.333054549155302304e+01
1.160866400000000112e+03 1.333109861591695555e+01
1.167516800000000103e+03 1.336061774882963427e+01
1.198240900000000011e+03 1.340094850396906168e+01
1.200977399999999989e+03 1.340106655811113434e+01
1.214448900000000094e+03 1.341251424791369828e+01
1.260780400000000100e+03 1.346405658457154608e+01
1.265913900000000012e+03 1.349077244046407387e+01
1.267726300000000037e+03 1.346424282515774351e+01
1.308965500000000020e+03 1.353078617952371232e+01
1.309040899999999965e+03 1.353078159983716588e+01
1.316497299999999996e+03 1.355293863220028427e+01
1.362452700000000050e+03 1.359218654589863817e+01
1.366468599999999924e+03 1.359205068186444088e+01
1.371046900000000051e+03 1.361868766537756947e+01
1.403167799999999943e+03 1.367084775086505211e+01
1.409390699999999924e+03 1.367119580704254211e+01
1.411186099999999897e+03 1.367726847140240132e+01
1.451378400000000056e+03 1.372396295542438516e+01
1.456747900000000072e+03 1.372385609607164447e+01
1.457058899999999994e+03 1.375165886423773465e+01
1.494848899999999958e+03 1.379084825971911243e+01
1.496977799999999888e+03 1.379078668837777144e+01
1.513015200000000050e+03 1.379441736210054970e+01
1.547730199999999968e+03 1.385706340321595853e+01
1.549500399999999900e+03 1.385716771829839189e+01
1.561294499999999971e+03 1.386142173824547008e+01
1.597889100000000099e+03 1.393282057805821239e+01
1.599578199999999924e+03 1.393245878282108663e+01
1.615443500000000085e+03 1.392859352737634637e+01
1.649098799999999983e+03 1.397975982088336977e+01
1.656429799999999886e+03 1.398002442499491238e+01
1.660771500000000060e+03 1.402525748015469098e+01
1.700285599999999931e+03 1.405153877467942358e+01
1.704409100000000080e+03 1.405183645430490635e+01
1.717834599999999909e+03 1.405609607164665320e+01
1.742634999999999991e+03 1.412524068797068821e+01
1.750689699999999903e+03 1.412503561978424571e+01
1.755094700000000103e+03 1.412962751882760060e+01
1.783191800000000057e+03 1.418498168125381653e+01
1.790806599999999889e+03 1.418504223488703531e+01
1.802646799999999985e+03 1.419164308976185573e+01
1.840363200000000006e+03 1.424977406879706976e+01
1.843447799999999916e+03 1.424961988601669205e+01
1.861065000000000055e+03 1.424483920211683419e+01
1.901316199999999981e+03 1.432420873193567878e+01
1.901794399999999996e+03 1.432465448809281483e+01
1.906979900000000043e+03 1.431518369631589671e+01
1.942718200000000024e+03 1.439544524730307273e+01
1.951473199999999906e+03 1.439532464889069807e+01
1.960988000000000056e+03 1.441426674129859542e+01
1.986797800000000052e+03 1.445297781396295456e+01
1.994766699999999901e+03 1.445326531650722579e+01
2.017118400000000065e+03 1.444154589863627081e+01
2.050351400000000012e+03 1.451572715245267631e+01
2.052957199999999830e+03 1.451584876857317497e+01
2.075390400000000227e+03 1.451671789130877244e+01
2.103108400000000074e+03 1.457197333604722012e+01
2.111860099999999875e+03 1.457146855281905218e+01
2.112977400000000216e+03 1.458517453694280341e+01
2.140527300000000196e+03 1.465086148992468829e+01
2.151289999999999964e+03 1.465064980663545668e+01
2.169620199999999841e+03 1.467347445552615426e+01
2.182779500000000098e+03 1.470628485650315298e+01
2.189503499999999804e+03 1.470585589253002112e+01
2.215693400000000111e+03 1.469592000814166433e+01
2.247759399999999914e+03 1.477114644819865674e+01
2.252054500000000189e+03 1.479155454915530221e+01
2.259710099999999784e+03 1.477092051699572650e+01
2.287142499999999927e+03 1.485014858538571048e+01
2.296387200000000121e+03 1.485054345613677995e+01
2.308584499999999935e+03 1.485148076531650752e+01
2.344779500000000098e+03 1.491398738041929484e+01
2.359397100000000137e+03 1.491385813148789019e+01
2.365190200000000004e+03 1.492276460411154027e+01
2.396533399999999801e+03 1.498271880724608174e+01
2.397320099999999911e+03 1.501038214939955395e+01
2.400209899999999834e+03 1.501088235294117545e+01
2.456860400000000027e+03 1.506027529004681575e+01
2.462030499999999847e+03 1.506044931813555898e+01
