1.045398799999999966e+02 3.802726948911052318e+01
1.279544700000000006e+02 3.808784602076124770e+01
1.533956900000000019e+02 3.814255851821697973e+01
1.769411800000000028e+02 3.816006716873600624e+01
2.009106500000000040e+02 3.820856299613271290e+01
2.251568499999999915e+02 3.825350244249948872e+01
2.533543500000000108e+02 3.832203287197231845e+01
2.742379700000000184e+02 3.836697130063097916e+01
3.006784400000000232e+02 3.844162985955627931e+01
3.245845800000000168e+02 3.846261500101770991e+01
3.491404999999999745e+02 3.849772084266232497e+01
3.719995499999999993e+02 3.855502340728678945e+01
3.990928400000000238e+02 3.861051597801750290e+01
4.228306999999999789e+02 3.866295237125991946e+01
4.484662999999999897e+02 3.870050580093629122e+01
4.715334500000000162e+02 3.879284652961531066e+01
5.010295399999999972e+02 3.884032414003664258e+01
5.165082300000000259e+02 3.889235446773865590e+01
5.482651100000000497e+02 3.891417769183798470e+01
5.700070500000000493e+02 3.904865001017707726e+01
5.992328999999999724e+02 3.897338337064930158e+01
6.159849199999999882e+02 3.913080500712395349e+01
6.488366099999999506e+02 3.909049816812537870e+01
6.640871499999999514e+02 3.922224506411561151e+01
6.975572899999999663e+02 3.918453745165886914e+01
7.177369700000000421e+02 3.929509159373091620e+01
7.510778800000000501e+02 3.933316965194381964e+01
7.676702900000000227e+02 3.939316507225727548e+01
7.976611199999999826e+02 3.939731019743537388e+01
8.204742199999999457e+02 3.949262212497455948e+01
8.450296799999999848e+02 3.949530378587420643e+01
8.652670399999999518e+02 3.959820781599837147e+01
9.072576900000000251e+02 3.962365458986362654e+01
9.154366099999999733e+02 3.968045847750865107e+01
9.545728699999999662e+02 3.974273916140850815e+01
9.708529700000000275e+02 3.976081721962140847e+01
1.003956400000000031e+03 3.983743028699369404e+01
1.009676100000000019e+03 3.982345766334215398e+01
1.041276200000000017e+03 3.987827040504783582e+01
1.060694500000000062e+03 3.993528546712802552e+01
1.102235799999999927e+03 4.000722572766130725e+01
1.116321400000000040e+03 4.001347852635863944e+01
1.154815499999999929e+03 4.006849684510482490e+01
1.163403600000000097e+03 4.012382149399552134e+01
1.202320500000000038e+03 4.018305973946672083e+01
1.210534200000000055e+03 4.021409627518827534e+01
1.255650000000000091e+03 4.028052462853653282e+01
1.269566000000000031e+03 4.024757378383879569e+01
1.301114800000000059e+03 4.032055210665581058e+01
1.310615099999999984e+03 4.035816659881945867e+01
1.342543699999999944e+03 4.041090321595766000e+01
1.360097999999999956e+03 4.044624567474048149e+01
1.406790299999999888e+03 4.051471707714227222e+01
1.424914500000000089e+03 4.051580755139426060e+01
1.448273799999999937e+03 4.053382963566048858e+01
1.457251800000000003e+03 4.057007989008751991e+01
1.498186699999999973e+03 4.062143344188886829e+01
1.517229199999999992e+03 4.068648738041929391e+01
1.545385899999999992e+03 4.076594494199063945e+01
1.565186300000000074e+03 4.080191837980867575e+01
1.610020800000000008e+03 4.085870751068593165e+01
1.621182800000000043e+03 4.086277172806838820e+01
1.657332100000000082e+03 4.095520048849989792e+01
1.661810600000000022e+03 4.095905861998778619e+01
1.698613000000000056e+03 4.104739822918786984e+01
1.707630300000000034e+03 4.112208375737838395e+01
1.746396199999999908e+03 4.119151333197638820e+01
1.749965999999999894e+03 4.123902350905760272e+01
1.788305900000000065e+03 4.130094748626093804e+01
1.811798099999999977e+03 4.130980816201913086e+01
1.847569899999999961e+03 4.134317474048442875e+01
1.860817099999999982e+03 4.136884388357419340e+01
1.899376800000000003e+03 4.142838998575208365e+01
1.926307999999999993e+03 4.151592509668226683e+01
1.956824100000000044e+03 4.159387187054753099e+01
1.967867500000000064e+03 4.149144718094850504e+01
1.992793699999999944e+03 4.170827854671279766e+01
2.019655899999999974e+03 4.167877976796254558e+01
2.052407900000000154e+03 4.173824699776104552e+01
2.054795000000000073e+03 4.171898025646244434e+01
2.089291400000000067e+03 4.179978475473234312e+01
2.116728099999999813e+03 4.179302717280683765e+01
2.152303100000000086e+03 4.198075921025849766e+01
2.153992900000000191e+03 4.189349989822918729e+01
2.202208000000000084e+03 4.206769692652147086e+01
2.214437899999999900e+03 4.200015723590474437e+01
2.258523999999999887e+03 4.211618868308568864e+01
2.269808199999999943e+03 4.208338286179523635e+01
2.314534299999999803e+03 4.220159576633421494e+01
2.322328300000000127e+03 4.217048188479544280e+01
2.334656100000000151e+03 4.227995674740484588e+01
2.358808899999999994e+03 4.231359098310603883e+01
2.395172999999999774e+03 4.246526409525748136e+01
2.406655900000000202e+03 4.233024984734377938e+01
2.458770599999999831e+03 4.249701251780989253e+01
