1.031464200000000062e+02 -3.464929701911180437e+00
1.276428099999999972e+02 -3.464611478539606271e+00
1.513113299999999981e+02 -3.464453547337986716e+00
1.759807500000000005e+02 -3.464093703132173463e+00
1.991927499999999895e+02 -3.463572993618521778e+00
2.236058800000000133e+02 -3.463037235295159721e+00
2.488004799999999932e+02 -3.462925922634997100e+00
2.750189500000000180e+02 -3.462672370161754998e+00
2.996649100000000203e+02 -3.462065060712502529e+00
3.216656100000000151e+02 -3.460849565487587043e+00
3.478978799999999865e+02 -3.460500608474292861e+00
3.728056300000000078e+02 -3.459606916296612766e+00
3.976279700000000048e+02 -3.458712464918646479e+00
4.237760599999999727e+02 -3.458067066277470403e+00
4.451223100000000272e+02 -3.456005555912033067e+00
4.722355499999999893e+02 -3.455941949462636220e+00
4.990027600000000234e+02 -3.454793568826485917e+00
5.225740200000000186e+02 -3.453606423146031723e+00
5.472842600000000175e+02 -3.451965151262900378e+00
5.731971499999999651e+02 -3.451101000438700162e+00
6.011705399999999599e+02 -3.449562273628089315e+00
6.204783200000000534e+02 -3.447248559376506094e+00
6.468133100000000013e+02 -3.445184960703512989e+00
6.682506200000000263e+02 -3.443253392545072344e+00
6.953312399999999798e+02 -3.441729083687133262e+00
7.120825399999999945e+02 -3.437852066667423490e+00
7.472780400000000327e+02 -3.437771382182845947e+00
7.674611200000000508e+02 -3.434172144993403730e+00
7.957963799999999992e+02 -3.433371635991707027e+00
8.189829899999999725e+02 -3.431054010530556031e+00
8.470296100000000479e+02 -3.429411886616699601e+00
8.737142099999999800e+02 -3.429593615150562158e+00
8.993419900000000098e+02 -3.426553121851072081e+00
9.186981100000000424e+02 -3.422880848070860349e+00
9.505705400000000509e+02 -3.421980062053328275e+00
9.691271299999999655e+02 -3.418893023424871558e+00
9.932698699999999690e+02 -3.416176942572152875e+00
1.017378100000000018e+03 -3.414191915772380348e+00
1.041208000000000084e+03 -3.409847381696658797e+00
1.063780400000000100e+03 -3.408686511125213148e+00
1.092577600000000075e+03 -3.406391999240160118e+00
1.097016100000000051e+03 -3.399997662937876530e+00
1.148009499999999889e+03 -3.402706372737164475e+00
1.169584299999999985e+03 -3.401352481597233801e+00
1.202099799999999959e+03 -3.398995766117619333e+00
1.219860599999999977e+03 -3.397125552342747934e+00
1.246321899999999914e+03 -3.394500520203645344e+00
1.264768700000000081e+03 -3.392380976956488325e+00
1.294418300000000045e+03 -3.390735180790126257e+00
1.305088400000000092e+03 -3.386235981260237615e+00
1.343297700000000077e+03 -3.387060568999040733e+00
1.367109099999999899e+03 -3.384950413713510908e+00
1.390119899999999916e+03 -3.381953712790830124e+00
1.436045399999999972e+03 -3.386458111187913733e+00
1.440439699999999903e+03 -3.379634579121854721e+00
1.460039299999999912e+03 -3.377424191352639937e+00
1.479314499999999953e+03 -3.371591419472553586e+00
1.508807299999999941e+03 -3.369825044640719636e+00
1.535242999999999938e+03 -3.370509240107395499e+00
1.564431299999999965e+03 -3.371624200919509207e+00
1.601946200000000090e+03 -3.369859085175208602e+00
1.627069799999999987e+03 -3.372960691772074249e+00
1.636950100000000020e+03 -3.365510620769451400e+00
1.674658200000000079e+03 -3.366426582763000219e+00
1.697863000000000056e+03 -3.366277052817870263e+00
1.724082799999999907e+03 -3.364070455208064025e+00
1.751211800000000039e+03 -3.361929404611916361e+00
1.774131900000000087e+03 -3.360667244942241449e+00
1.802781600000000026e+03 -3.356390168234034466e+00
1.813450299999999970e+03 -3.355946682493756938e+00
1.843149100000000089e+03 -3.357302207175959285e+00
1.872568800000000010e+03 -3.355636667899249304e+00
1.913199200000000019e+03 -3.352507980497894557e+00
1.915953400000000101e+03 -3.353256328211192905e+00
1.939112300000000005e+03 -3.349355770793731590e+00
1.966586700000000064e+03 -3.347389195143906093e+00
1.995766399999999976e+03 -3.347770760285047054e+00
2.012251299999999901e+03 -3.344074670019955065e+00
2.056566400000000158e+03 -3.350070747141418170e+00
2.071670000000000073e+03 -3.344040309102537023e+00
2.092457499999999982e+03 -3.339357605368516779e+00
2.107199300000000221e+03 -3.342586219805187220e+00
2.144132500000000164e+03 -3.340339051953085558e+00
2.177662400000000162e+03 -3.343291953382207637e+00
2.199476400000000012e+03 -3.336565186180491693e+00
2.207372499999999945e+03 -3.336131011999670548e+00
2.250224000000000160e+03 -3.335636262634916527e+00
2.260577999999999975e+03 -3.333532853612311886e+00
2.310932099999999991e+03 -3.334698976347799881e+00
2.312831499999999778e+03 -3.338087067886483794e+00
2.357078399999999874e+03 -3.330549230620212242e+00
2.360043200000000070e+03 -3.335460561197483909e+00
2.399463299999999890e+03 -3.327617755723439430e+00
2.433749699999999848e+03 -3.337180129356656977e+00
2.439846700000000055e+03 -3.328710579261776825e+00
