9.994725400000000093e+01 -3.332625755782337773e+00
1.001159899999999965e+02 -3.332731050509854409e+00
1.261169699999999949e+02 -3.332313599022370010e+00
1.491824100000000044e+02 -3.332217752713615422e+00
1.496423200000000122e+02 -3.332229636596007794e+00
1.768221000000000060e+02 -3.332380005926611322e+00
1.987464999999999975e+02 -3.331872345168564564e+00
2.017415200000000084e+02 -3.332230222188583557e+00
2.233727299999999900e+02 -3.331236731376340909e+00
2.506871999999999900e+02 -3.331238529750028210e+00
2.515615799999999922e+02 -3.331490220632716159e+00
2.740600299999999834e+02 -3.330632082707364550e+00
3.001587000000000103e+02 -3.329952027287677918e+00
3.022536499999999933e+02 -3.330543074185732699e+00
3.220434200000000260e+02 -3.328585238115656431e+00
3.483639800000000264e+02 -3.328284904726003024e+00
3.492527000000000044e+02 -3.327972014569246184e+00
3.725908099999999763e+02 -3.326087611458880211e+00
3.951788099999999986e+02 -3.324770891852157018e+00
3.973683899999999767e+02 -3.324084652031232601e+00
4.235873000000000275e+02 -3.321929065942614834e+00
4.479940900000000283e+02 -3.320142940738181725e+00
4.536243400000000179e+02 -3.321370556722061274e+00
4.723396599999999808e+02 -3.317123046750740656e+00
4.999796400000000176e+02 -3.314931924903978810e+00
5.008553200000000061e+02 -3.315755598514289471e+00
5.193724899999999707e+02 -3.311742177294810130e+00
5.509929899999999634e+02 -3.311913703838386791e+00
5.512743500000000267e+02 -3.311956469495810129e+00
5.683802500000000464e+02 -3.307046352620159446e+00
6.058730399999999463e+02 -3.307189829976856288e+00
6.060705400000000509e+02 -3.307232033598228149e+00
6.227390400000000454e+02 -3.304108290551995619e+00
6.457985400000000027e+02 -3.301661834749371582e+00
6.486453699999999571e+02 -3.302107597511118264e+00
6.699297599999999875e+02 -3.299282995572255572e+00
6.977130399999999781e+02 -3.298137824574514987e+00
7.005921299999999974e+02 -3.296921664619830494e+00
7.186282700000000432e+02 -3.295349580627755515e+00
7.467025300000000243e+02 -3.294468825692887126e+00
7.543962599999999838e+02 -3.295086802576733920e+00
7.678612600000000157e+02 -3.291611789027665935e+00
7.962771199999999681e+02 -3.290087357927459433e+00
8.066209999999999809e+02 -3.292831831360354844e+00
8.143783799999999928e+02 -3.286720181212676728e+00
8.506729000000000269e+02 -3.288341130035255855e+00
8.558921299999999519e+02 -3.288143895638761638e+00
8.682726199999999608e+02 -3.285239267767193994e+00
8.883720499999999447e+02 -3.281563449148813039e+00
8.949717200000000048e+02 -3.283779517890825783e+00
9.188792600000000448e+02 -3.283056368144315229e+00
9.560325599999999895e+02 -3.282340352508716030e+00
9.568074699999999666e+02 -3.282993155202133639e+00
9.666891200000000026e+02 -3.278962779832774288e+00
9.974264100000000326e+02 -3.276700503737830505e+00
1.001438499999999976e+03 -3.278719593674971122e+00
1.014790399999999977e+03 -3.277059733952446319e+00
1.041799400000000105e+03 -3.274493604382646694e+00
1.044034699999999930e+03 -3.275375259809445438e+00
1.074249099999999999e+03 -3.276571740698881463e+00
1.096871300000000019e+03 -3.273453156183609991e+00
1.100336499999999887e+03 -3.274635108010583551e+00
1.118968100000000049e+03 -3.273203477650914017e+00
1.147080300000000079e+03 -3.270155297092067759e+00
1.149250900000000001e+03 -3.271642351255310999e+00
1.163352200000000039e+03 -3.269998280087580422e+00
1.194464400000000069e+03 -3.267461614883659049e+00
1.199359200000000101e+03 -3.270225949540705113e+00
1.211655600000000049e+03 -3.266393669845804038e+00
1.248612100000000055e+03 -3.265769561941533006e+00
1.250511500000000069e+03 -3.266738968359109929e+00
1.261949000000000069e+03 -3.264579109582188998e+00
1.286860899999999901e+03 -3.263692749167077967e+00
1.304030299999999897e+03 -3.265584006579615561e+00
1.317523799999999937e+03 -3.264713755515162852e+00
1.337922299999999950e+03 -3.260047625741305577e+00
1.348703500000000076e+03 -3.262160090985193328e+00
1.357636999999999944e+03 -3.260679379121453003e+00
1.393616400000000112e+03 -3.261323127347336204e+00
1.415725899999999911e+03 -3.262987479015245551e+00
1.416670499999999947e+03 -3.260860009915384161e+00
1.450606700000000046e+03 -3.260343553519865267e+00
1.457023200000000088e+03 -3.263073586084455080e+00
1.458245499999999993e+03 -3.257476385471973934e+00
1.503866700000000037e+03 -3.257826805859771468e+00
1.504815200000000004e+03 -3.256955942382222080e+00
1.513791300000000092e+03 -3.257672534938211850e+00
1.553478699999999890e+03 -3.256604103563911057e+00
1.560621000000000095e+03 -3.257318533566627483e+00
1.566727300000000014e+03 -3.256286457928761813e+00
1.595745200000000068e+03 -3.256905911625768368e+00
1.597897799999999961e+03 -3.252866991445508837e+00
1.620109699999999975e+03 -3.256713626665472816e+00
1.655859999999999900e+03 -3.254307663551138319e+00
1.664481600000000071e+03 -3.253992248495295669e+00
1.665647200000000112e+03 -3.255221271139207229e+00
1.695390699999999924e+03 -3.253172159925131535e+00
1.699560500000000047e+03 -3.249877197100625281e+00
1.713204899999999952e+03 -3.252008047062922902e+00
1.742991099999999960e+03 -3.247900719611306108e+00
1.758714600000000019e+03 -3.249459044068491398e+00
1.760383900000000040e+03 -3.249941934727304638e+00
1.792135500000000093e+03 -3.249548024918311295e+00
1.794055599999999913e+03 -3.250033214206248022e+00
1.795267200000000003e+03 -3.245336361617591425e+00
1.845579899999999952e+03 -3.248035593963470191e+00
1.850918400000000020e+03 -3.249181069890298090e+00
1.863208399999999983e+03 -3.248078969578013897e+00
1.887397099999999909e+03 -3.246026663237418841e+00
1.916695500000000038e+03 -3.248705554219541103e+00
1.918857099999999946e+03 -3.251088561776878993e+00
1.928988399999999956e+03 -3.243324740964881769e+00
1.953237800000000107e+03 -3.241974163827338273e+00
1.958281300000000101e+03 -3.249397029953167149e+00
1.987140499999999975e+03 -3.244741332787308252e+00
2.004106700000000046e+03 -3.246122853580838186e+00
2.012961900000000014e+03 -3.244291958635294293e+00
2.057868599999999788e+03 -3.242235857063071158e+00
2.059344900000000052e+03 -3.243381299949771979e+00
2.059634100000000217e+03 -3.242941358025101639e+00
2.095893900000000031e+03 -3.241146298673322157e+00
2.115043700000000172e+03 -3.244219587940714522e+00
2.116007799999999861e+03 -3.242664430485897142e+00
2.141761700000000019e+03 -3.240888019429522870e+00
2.141951000000000022e+03 -3.236817020346200557e+00
2.166155499999999847e+03 -3.244068361005675083e+00
2.184289000000000215e+03 -3.238281470936934969e+00
2.203919300000000021e+03 -3.243119117428905795e+00
2.210384100000000217e+03 -3.239562277661217848e+00
2.238163100000000213e+03 -3.235048556681067389e+00
2.249844900000000052e+03 -3.232595198506801992e+00
2.256476799999999912e+03 -3.243375013552687314e+00
2.287137000000000171e+03 -3.235495820573997428e+00
2.287653400000000147e+03 -3.238323498964550851e+00
2.305841699999999946e+03 -3.238270498970215350e+00
2.352061299999999846e+03 -3.236905884311086279e+00
2.358816800000000057e+03 -3.235836317184668687e+00
2.363351000000000113e+03 -3.237176165569042752e+00
2.393601599999999962e+03 -3.233017258288506834e+00
2.405016099999999824e+03 -3.234009147427076236e+00
2.420153699999999844e+03 -3.237798103583723996e+00
2.435647899999999936e+03 -3.230596711811283051e+00
