1.034778500000000037e+02 -3.301694957762625560e+00
1.273602000000000061e+02 -3.301196162986926641e+00
1.516709400000000016e+02 -3.301060201856693688e+00
1.785730100000000107e+02 -3.301112927837087874e+00
1.990174299999999903e+02 -3.299793851467204941e+00
2.246213999999999942e+02 -3.299336761123357498e+00
2.502261799999999994e+02 -3.298915449079476314e+00
2.739082599999999843e+02 -3.297771760228501936e+00
3.003251599999999826e+02 -3.297252235353985483e+00
3.248172299999999950e+02 -3.295941036841374405e+00
3.477414600000000178e+02 -3.294395037470362997e+00
3.751873699999999872e+02 -3.293889802063600492e+00
3.981751399999999990e+02 -3.292058987443698292e+00
4.222945000000000277e+02 -3.290521067565464808e+00
4.491349900000000162e+02 -3.289817796544045159e+00
4.687550600000000145e+02 -3.286756909918157277e+00
4.954564799999999991e+02 -3.285536514133237329e+00
5.193586299999999483e+02 -3.283832986637122975e+00
5.473585000000000491e+02 -3.282227881334374153e+00
5.666026799999999639e+02 -3.279061220026266987e+00
5.970566300000000410e+02 -3.278450048655650484e+00
6.169536000000000513e+02 -3.276011784254848180e+00
6.488075000000000045e+02 -3.276072470839181072e+00
6.723251199999999699e+02 -3.273839909199047327e+00
6.991776800000000094e+02 -3.271634771743134884e+00
7.245938400000000001e+02 -3.270133606690912131e+00
7.509630899999999656e+02 -3.268455060717044169e+00
7.662863899999999830e+02 -3.265360210464921309e+00
8.025044000000000324e+02 -3.266281652675039560e+00
8.159871100000000297e+02 -3.262365563127237689e+00
8.508624800000000050e+02 -3.261594241603333000e+00
8.627074000000000069e+02 -3.257784976664973353e+00
8.886557400000000371e+02 -3.255978687705151309e+00
9.196400499999999738e+02 -3.256848915610911277e+00
9.439338900000000194e+02 -3.254010590379214474e+00
9.696293299999999817e+02 -3.253871417154720724e+00
9.916272500000000036e+02 -3.250594293413398006e+00
1.024660699999999906e+03 -3.252483680641024222e+00
1.049436099999999897e+03 -3.250754379093261814e+00
1.060885199999999941e+03 -3.246190079700918663e+00
1.100019199999999955e+03 -3.247708483673581892e+00
1.119469900000000052e+03 -3.247121112568769341e+00
1.144419499999999971e+03 -3.245196869614149549e+00
1.167600599999999986e+03 -3.244755847389960479e+00
1.190874099999999999e+03 -3.242753988204264193e+00
1.210695099999999911e+03 -3.240686018912656063e+00
1.242114900000000034e+03 -3.240267649112165582e+00
1.265301200000000108e+03 -3.238982510169724272e+00
1.304475899999999911e+03 -3.241658647382431369e+00
1.317286200000000008e+03 -3.238135488115376770e+00
1.348009800000000041e+03 -3.237656768343900371e+00
1.360857700000000023e+03 -3.235387070520478137e+00
1.413739499999999907e+03 -3.235469986006334508e+00
1.416661399999999958e+03 -3.237305856040837870e+00
1.446678300000000036e+03 -3.234796384072182729e+00
1.464323399999999992e+03 -3.233525406704434335e+00
1.502520999999999958e+03 -3.232855569393927375e+00
1.518459200000000010e+03 -3.233420751627375633e+00
1.538786200000000008e+03 -3.230009443196002916e+00
1.574236699999999928e+03 -3.233567854502142680e+00
1.600360500000000002e+03 -3.232422995056789983e+00
1.627959100000000035e+03 -3.231640216975143254e+00
1.649966200000000072e+03 -3.227712861113795295e+00
1.674479199999999992e+03 -3.230625982439773836e+00
1.689742299999999886e+03 -3.226590065523609052e+00
1.719200199999999995e+03 -3.226956638629873808e+00
1.754811300000000074e+03 -3.226267030272885972e+00
1.764673299999999927e+03 -3.224565027053261979e+00
1.801984699999999975e+03 -3.224214328764348991e+00
1.812535699999999906e+03 -3.223819796464244547e+00
1.849418499999999995e+03 -3.226500979220942256e+00
1.865843599999999924e+03 -3.223718189896800812e+00
1.895349699999999984e+03 -3.224753747171737128e+00
1.905817900000000009e+03 -3.215991737776515258e+00
1.938546900000000051e+03 -3.223298144243737173e+00
1.957517599999999902e+03 -3.218202193454373194e+00
1.999143399999999929e+03 -3.217380399155944204e+00
1.999972800000000007e+03 -3.218534516362281828e+00
2.048944500000000062e+03 -3.220592345238259213e+00
2.050132500000000164e+03 -3.213969078125648693e+00
2.088580100000000130e+03 -3.218178495258094962e+00
2.119271799999999985e+03 -3.216728522391731460e+00
2.147501699999999801e+03 -3.211295442941866973e+00
2.149498900000000049e+03 -3.216761992976989504e+00
2.204470800000000054e+03 -3.213230447519395572e+00
2.205315900000000056e+03 -3.215010901119079278e+00
2.237423800000000028e+03 -3.214069675941043425e+00
2.264369999999999891e+03 -3.209316132814953981e+00
2.288866300000000138e+03 -3.213397794582856903e+00
2.327389700000000175e+03 -3.212525749107959516e+00
2.340365299999999934e+03 -3.212142717849071794e+00
2.353933300000000145e+03 -3.207277529489547696e+00
2.407149800000000141e+03 -3.210542534381537472e+00
2.416242099999999937e+03 -3.211418212340734879e+00
2.454693699999999808e+03 -3.206388077352939181e+00
