1.238632199999999983e+02 1.773449826989619282e+01
1.320331099999999935e+02 1.775959291675147611e+01
1.707642500000000041e+02 1.779317524933848915e+01
1.707673399999999901e+02 1.779447740687970736e+01
1.799345000000000141e+02 1.780190972928964044e+01
2.170898500000000126e+02 1.785780582129045158e+01
2.183954200000000014e+02 1.785635660492570764e+01
2.293250400000000013e+02 1.786686647669448291e+01
2.671773499999999899e+02 1.791288978221045980e+01
2.671807900000000018e+02 1.791258396092000638e+01
2.761505500000000097e+02 1.792892122939140975e+01
3.171096600000000194e+02 1.798069407693873245e+01
3.174230600000000209e+02 1.798079025035619694e+01
3.287105199999999741e+02 1.799555465092611684e+01
3.652306199999999876e+02 1.804353500915937403e+01
3.668614200000000096e+02 1.804505088540606650e+01
3.750398200000000202e+02 1.806952930999389295e+01
4.177452900000000113e+02 1.812296560146550206e+01
4.203147700000000100e+02 1.812330398941583454e+01
4.246389399999999910e+02 1.814010177081213371e+01
4.643013500000000136e+02 1.820601312843476549e+01
4.653095200000000204e+02 1.820667158558925181e+01
4.733967599999999720e+02 1.822147720333808252e+01
5.147222400000000562e+02 1.829203185426419864e+01
5.185802400000000034e+02 1.829154386322002779e+01
5.255124600000000328e+02 1.830940209647873118e+01
5.660972900000000436e+02 1.837467280683899773e+01
5.740646400000000540e+02 1.840723794015876180e+01
5.757814300000000003e+02 1.837515672705068326e+01
6.076040400000000545e+02 1.848509566456340281e+01
6.142466200000000072e+02 1.848607113779767985e+01
6.248049099999999498e+02 1.851107419092204509e+01
6.664011100000000170e+02 1.857952473030734808e+01
6.693281399999999621e+02 1.857920160797883113e+01
6.782738900000000513e+02 1.861148687156523351e+01
7.117057200000000421e+02 1.868336759617341514e+01
7.164978399999999965e+02 1.868253867290860981e+01
7.217307299999999941e+02 1.871581060451862299e+01
7.659883300000000190e+02 1.877416904131894881e+01
7.690268800000000056e+02 1.877530429472827223e+01
7.696663200000000415e+02 1.884187970690006253e+01
8.147903400000000147e+02 1.886998066354569303e+01
8.185804900000000544e+02 1.886798493791980391e+01
8.195746599999999944e+02 1.894204508446977542e+01
8.618334200000000465e+02 1.904120700183187509e+01
8.638267799999999852e+02 1.898541980460003842e+01
8.670762899999999718e+02 1.898419753714634695e+01
9.156541399999999840e+02 1.908583044982698951e+01
9.170833099999999831e+02 1.908454864644819793e+01
9.202183400000000120e+02 1.914608640341949908e+01
9.542646300000000110e+02 1.918657235904742464e+01
9.580030000000000427e+02 1.918765469163443882e+01
9.701969699999999648e+02 1.922207154488092939e+01
1.009104799999999955e+03 1.928220079381233276e+01
1.015693800000000010e+03 1.928294677386525535e+01
1.016425299999999993e+03 1.933049460614695647e+01
1.048668699999999944e+03 1.939140341949928725e+01
1.054942500000000109e+03 1.939143751272135319e+01
1.071336399999999912e+03 1.939350905760228017e+01
1.111312699999999950e+03 1.950343120293099730e+01
1.112012099999999919e+03 1.950454864644819963e+01
1.118127500000000055e+03 1.951042336657846832e+01
1.156205999999999904e+03 1.958055312436393436e+01
1.161470399999999927e+03 1.958065998371667149e+01
1.169603900000000067e+03 1.960339405658457324e+01
1.203128099999999904e+03 1.966522389578668850e+01
1.205006399999999985e+03 1.969679014858538579e+01
1.212485799999999927e+03 1.966549002646041089e+01
1.251633199999999988e+03 1.975119682475066085e+01
1.260695999999999913e+03 1.975161612049664228e+01
1.266962500000000091e+03 1.978506716873600624e+01
1.306296800000000076e+03 1.985829126806432043e+01
1.307098199999999906e+03 1.984223183391003431e+01
1.312890400000000000e+03 1.985689904335436751e+01
1.349540299999999888e+03 1.990546153063301560e+01
1.354032799999999952e+03 1.990634693669855793e+01
1.368969900000000052e+03 1.996178607775290104e+01
1.403150100000000066e+03 2.000828719723183369e+01
1.403431700000000092e+03 2.000833960920008181e+01
1.412589300000000094e+03 2.002600803989415823e+01
1.453894600000000082e+03 2.010111947893344109e+01
1.453968200000000024e+03 2.010176877671483808e+01
1.457440900000000056e+03 2.011541522491349454e+01
1.503128200000000106e+03 2.018156370852839387e+01
1.508386099999999942e+03 2.018143395074292457e+01
1.516442600000000084e+03 2.019702371259922558e+01
1.555431900000000041e+03 2.027075005088540749e+01
1.556173299999999927e+03 2.027125178098921410e+01
1.558473400000000083e+03 2.027368003256665929e+01
1.601629100000000108e+03 2.035686495013230157e+01
1.601738900000000058e+03 2.035604162426216135e+01
1.615344299999999976e+03 2.035315285975982036e+01
1.652821799999999939e+03 2.041054192957459534e+01
1.663055200000000013e+03 2.041018216975371757e+01
1.663616700000000037e+03 2.043440209647873118e+01
1.679553300000000036e+03 2.050662171789130994e+01
1.696149599999999964e+03 2.050713158966008720e+01
1.706953899999999976e+03 2.053590168939548022e+01
1.745922299999999950e+03 2.061318033787909343e+01
1.747719499999999925e+03 2.061256309790352148e+01
1.764841400000000021e+03 2.060773000203541727e+01
1.780899699999999939e+03 2.069973285161815824e+01
1.792337800000000016e+03 2.069952065947486020e+01
1.798507399999999961e+03 2.067503205780581865e+01
1.836153800000000047e+03 2.077252188072460726e+01
1.851545200000000023e+03 2.077239873804192882e+01
1.860595800000000054e+03 2.078721504172603218e+01
1.894296900000000051e+03 2.085178455119071828e+01
1.897897099999999909e+03 2.085239517606350645e+01
1.914023500000000013e+03 2.082615153673926400e+01
1.944798800000000028e+03 2.093410645226948930e+01
1.958637099999999919e+03 2.093368970079381342e+01
1.975746000000000095e+03 2.094955322613474280e+01
2.004523200000000088e+03 2.103559790352127123e+01
2.004893499999999904e+03 2.102545745980052772e+01
2.005934199999999919e+03 2.103478933441888898e+01
2.038963799999999992e+03 2.111004325259515468e+01
2.041677200000000084e+03 2.111012975778546874e+01
2.061882999999999811e+03 2.111978475473234340e+01
2.100177400000000034e+03 2.118385813148788799e+01
2.101013500000000022e+03 2.118326633421534666e+01
2.102269400000000132e+03 2.121266283329940805e+01
2.147592000000000098e+03 2.129852890291064682e+01
2.151450800000000072e+03 2.129966161204966468e+01
2.159084899999999834e+03 2.129550681864441231e+01
2.190936900000000151e+03 2.134903419499287480e+01
2.192031599999999798e+03 2.134896957052717426e+01
2.216141599999999926e+03 2.133038774679421934e+01
2.234450400000000172e+03 2.145664868715652318e+01
2.238996599999999944e+03 2.145683747201302793e+01
2.257964100000000144e+03 2.146076124567473897e+01
2.281668099999999868e+03 2.153159780175045768e+01
2.291354200000000219e+03 2.153152910645226825e+01
2.300554799999999886e+03 2.155022898432729406e+01
2.321695299999999861e+03 2.160744453490738692e+01
2.330446899999999914e+03 2.160758243435782688e+01
2.367184600000000046e+03 2.158791064522694825e+01
2.379149399999999787e+03 2.169486159169549921e+01
2.392900900000000092e+03 2.169338489721148022e+01
2.393568000000000211e+03 2.169389782210462059e+01
2.443588999999999942e+03 2.186353348259719098e+01
2.446136100000000170e+03 2.186454915530226017e+01
