1.217674099999999981e+02 1.200070323631182667e+01
1.315021999999999878e+02 1.200683289232648043e+01
1.688849299999999971e+02 1.203159271320985013e+01
1.703672500000000127e+02 1.203109250966822685e+01
1.795847699999999918e+02 1.203889476898025634e+01
2.181023000000000138e+02 1.206379452473030689e+01
2.184193300000000022e+02 1.206387492367189118e+01
2.282381100000000060e+02 1.207170364339507351e+01
2.662446499999999787e+02 1.209346224302869999e+01
2.679777700000000209e+02 1.209287146346427733e+01
2.765013200000000211e+02 1.209782312232851709e+01
3.136712299999999800e+02 1.212506767759006721e+01
3.155009099999999762e+02 1.212627315285975982e+01
3.271360599999999863e+02 1.212920211683289118e+01
3.619426300000000083e+02 1.216579584775086431e+01
3.622029099999999744e+02 1.216545288011398362e+01
3.712107599999999934e+02 1.217129910441685325e+01
4.154590699999999970e+02 1.219538418481579534e+01
4.156119800000000168e+02 1.219559230612660272e+01
4.234096999999999866e+02 1.220472725422348859e+01
4.594964400000000069e+02 1.223448554854467751e+01
4.607642099999999914e+02 1.223479849379198114e+01
4.724363200000000234e+02 1.224516995725625890e+01
5.125616499999999860e+02 1.227294524730307401e+01
5.128235100000000557e+02 1.227307704050478421e+01
5.251195099999999911e+02 1.227469519641766738e+01
5.628226700000000164e+02 1.231019183798086836e+01
5.653207599999999502e+02 1.231025188276002424e+01
5.713640199999999822e+02 1.231834011805414164e+01
6.122006599999999708e+02 1.235098361489924734e+01
6.122925999999999931e+02 1.235097394667209514e+01
6.187720199999999977e+02 1.235384846326073571e+01
6.658789500000000317e+02 1.239151638510075237e+01
6.674978700000000345e+02 1.239157286790148582e+01
6.722519999999999527e+02 1.240276816608996668e+01
7.120441200000000208e+02 1.243302869936902155e+01
7.145197699999999941e+02 1.243299053531447207e+01
7.250446899999999459e+02 1.244042336657846626e+01
7.597828100000000404e+02 1.248431508243435850e+01
7.625234500000000253e+02 1.248482902503561931e+01
7.686828100000000177e+02 1.248135558721758542e+01
8.117265999999999622e+02 1.251727661306737183e+01
8.154857899999999518e+02 1.251640850803989302e+01
8.156109199999999646e+02 1.254394056584571437e+01
8.615380599999999731e+02 1.256179218400162867e+01
8.631182099999999764e+02 1.256272186037044492e+01
8.723097400000000334e+02 1.259597903521270013e+01
9.171161600000000362e+02 1.261481986566252722e+01
9.180167199999999639e+02 1.264852381437003892e+01
9.213626699999999801e+02 1.261566151027885319e+01
9.573972999999999729e+02 1.266645786688377839e+01
9.654629899999999907e+02 1.266769590881335183e+01
9.701388399999999592e+02 1.270732190107877102e+01
1.012409999999999968e+03 1.271625432525951460e+01
1.013913300000000049e+03 1.271556279259108457e+01
1.016433200000000056e+03 1.274594138001221211e+01
1.059843399999999974e+03 1.277170415224913569e+01
1.060576700000000073e+03 1.277223641359658046e+01
1.066177300000000059e+03 1.280242265418278080e+01
1.108956400000000031e+03 1.282634032159576520e+01
1.113147300000000087e+03 1.282654386322002793e+01
1.114509900000000016e+03 1.284433798086708656e+01
1.158650699999999915e+03 1.287853042947282667e+01
1.160008800000000065e+03 1.287900468145735822e+01
1.170089899999999943e+03 1.290805617748829626e+01
1.211550199999999904e+03 1.294426114390392790e+01
1.212596999999999980e+03 1.294437207408915036e+01
1.222190399999999954e+03 1.296496438021575415e+01
1.260446999999999889e+03 1.299767148381843995e+01
1.262426600000000008e+03 1.302591949928760329e+01
1.271144099999999980e+03 1.299781599837166723e+01
1.302846399999999903e+03 1.305748269896193747e+01
1.309851599999999962e+03 1.305770506818644350e+01
1.321242099999999937e+03 1.306777783431711804e+01
1.361534100000000080e+03 1.310359810706289529e+01
1.364672299999999950e+03 1.310370343985345087e+01
1.367022999999999911e+03 1.312924435171992776e+01
1.412154800000000023e+03 1.316929829025035481e+01
1.415925500000000056e+03 1.319249847343781923e+01
1.417119500000000016e+03 1.316928963973132483e+01
1.454481600000000071e+03 1.323584724201099050e+01
1.462155600000000049e+03 1.323080144514553247e+01
1.462562500000000000e+03 1.323668888662731469e+01
1.505772400000000061e+03 1.326971758599633588e+01
1.508726699999999937e+03 1.329016385100753084e+01
1.513165400000000091e+03 1.326969265214736460e+01
1.556312699999999950e+03 1.334016588642377421e+01
1.561697799999999916e+03 1.334075361286383021e+01
1.568321200000000090e+03 1.333992061876653779e+01
1.607261500000000069e+03 1.339151943822511726e+01
1.612433899999999994e+03 1.339122481172399581e+01
1.617718100000000049e+03 1.338948046000407111e+01
1.648806800000000067e+03 1.343001272135151503e+01
1.651378500000000031e+03 1.342960512924893024e+01
1.657374399999999923e+03 1.346502188072460804e+01
1.689767900000000054e+03 1.350619784245878208e+01
1.706279899999999998e+03 1.350686749440260570e+01
1.715662100000000009e+03 1.349027681660899525e+01
1.755151599999999917e+03 1.353699470791777060e+01
1.757755599999999959e+03 1.353674231630368396e+01
1.761337999999999965e+03 1.357243283126399369e+01
1.783498800000000074e+03 1.361814471809485205e+01
1.797538500000000113e+03 1.361776867494402765e+01
1.806020500000000084e+03 1.360303480561774947e+01
1.849739299999999957e+03 1.366217280683899915e+01
1.853757000000000062e+03 1.366236973336047278e+01
1.864331400000000031e+03 1.367424791369835191e+01
1.909445099999999911e+03 1.371827752900468234e+01
1.913795200000000023e+03 1.371828465296152899e+01
1.923259099999999989e+03 1.373952523916140933e+01
1.951954199999999901e+03 1.378090321595766277e+01
1.959498100000000022e+03 1.377953846936698490e+01
1.969518700000000081e+03 1.378041318949725103e+01
2.003950100000000020e+03 1.383456747404844123e+01
2.004200499999999920e+03 1.382481325055973898e+01
2.010495300000000043e+03 1.382514146142886169e+01
2.054864999999999782e+03 1.389858436800325592e+01
2.066798800000000028e+03 1.388019031141868531e+01
2.067731900000000223e+03 1.388023051088947568e+01
2.097381699999999910e+03 1.394867748829635445e+01
2.100978599999999915e+03 1.394919550173010592e+01
2.112284299999999803e+03 1.394453439853450050e+01
2.148846399999999903e+03 1.399831874618359606e+01
2.149258899999999812e+03 1.399877773254630497e+01
2.150858400000000074e+03 1.399630470181152120e+01
2.180669899999999870e+03 1.405550885406065476e+01
2.185871999999999844e+03 1.405534093222063952e+01
2.188978599999999915e+03 1.405313962955424323e+01
2.236572700000000168e+03 1.410319051496031051e+01
2.248973300000000108e+03 1.410317779360879342e+01
2.253365200000000186e+03 1.409347852635863951e+01
2.284237099999999828e+03 1.415918430694076768e+01
2.293283300000000054e+03 1.415932933034805608e+01
2.317720100000000002e+03 1.417137899450437644e+01
2.346307299999999941e+03 1.421797069000610669e+01
2.349479899999999816e+03 1.421808365560757359e+01
2.363120899999999892e+03 1.422831569305922983e+01
2.380996299999999792e+03 1.427144361897007840e+01
2.395880999999999858e+03 1.427193975167921636e+01
2.417871399999999994e+03 1.426037248117240175e+01
2.448967200000000048e+03 1.432993384897211442e+01
2.451031300000000101e+03 1.432971555058009372e+01
