9.995470500000000413e+01 -3.331805526508379245e+00
1.272346900000000005e+02 -3.331703050572036862e+00
1.500244700000000080e+02 -3.331549476183180758e+00
1.752124599999999930e+02 -3.331100254828544216e+00
1.998010400000000004e+02 -3.331062377739357316e+00
2.245117099999999937e+02 -3.330339698599269482e+00
2.510637800000000084e+02 -3.330367025045871454e+00
2.721550899999999729e+02 -3.328877405294458303e+00
2.990394900000000007e+02 -3.328636890319450981e+00
3.232925799999999867e+02 -3.327702084950618033e+00
3.502471300000000269e+02 -3.327110277099190494e+00
3.700752800000000207e+02 -3.324772275500322838e+00
3.982076999999999884e+02 -3.324790079388878272e+00
4.228477399999999875e+02 -3.321488689125212002e+00
4.478110699999999724e+02 -3.320241006029565956e+00
4.730392200000000003e+02 -3.317031609130423941e+00
5.019870999999999981e+02 -3.316815283673335113e+00
5.241551399999999603e+02 -3.312684724317560558e+00
5.523252999999999702e+02 -3.311134226534576896e+00
5.670027199999999539e+02 -3.306883496462151406e+00
5.960760199999999713e+02 -3.305647844114081302e+00
6.183043599999999742e+02 -3.302503970598173133e+00
6.513742899999999736e+02 -3.302129126918259328e+00
6.648787800000000061e+02 -3.297963986476717402e+00
7.012183400000000120e+02 -3.298920820843447732e+00
7.182495900000000120e+02 -3.295164822920461756e+00
7.559441000000000486e+02 -3.294996312947396699e+00
7.602883399999999483e+02 -3.289050995491118901e+00
8.008569499999999834e+02 -3.290941597730989709e+00
8.174977300000000469e+02 -3.288125211207770793e+00
8.518524499999999762e+02 -3.286804473462999088e+00
8.646186099999999897e+02 -3.284856866286126831e+00
8.912373900000000049e+02 -3.284303331532963721e+00
9.193210400000000391e+02 -3.282415030560452252e+00
9.457919600000000173e+02 -3.279332735739072469e+00
9.667997599999999920e+02 -3.279471740708764571e+00
9.978751499999999623e+02 -3.276779111188337090e+00
1.017581500000000005e+03 -3.277413590926226750e+00
1.035087899999999991e+03 -3.274172500791736606e+00
1.063230700000000070e+03 -3.273670852965308686e+00
1.098316900000000032e+03 -3.272815983087162373e+00
1.115986799999999903e+03 -3.271984757131211730e+00
1.140472099999999955e+03 -3.269003479515552257e+00
1.161937400000000025e+03 -3.267679798662561641e+00
1.209190700000000106e+03 -3.266198027675946580e+00
1.215360599999999977e+03 -3.272432648331323968e+00
1.246405999999999949e+03 -3.265627187435299117e+00
1.264042500000000018e+03 -3.265857497889351979e+00
1.304952299999999923e+03 -3.266831114225556831e+00
1.310196200000000090e+03 -3.262086369870194513e+00
1.351644800000000032e+03 -3.261788173537764290e+00
1.362272300000000087e+03 -3.261755825908113415e+00
1.397446300000000065e+03 -3.261360912372298859e+00
1.419245599999999968e+03 -3.262113400087701010e+00
1.456986799999999903e+03 -3.258154904638782323e+00
1.458653600000000097e+03 -3.260815858543926637e+00
1.503101499999999987e+03 -3.261349625546104747e+00
1.526651499999999942e+03 -3.259588746402851456e+00
1.545820500000000038e+03 -3.258120591762164509e+00
1.554704400000000078e+03 -3.253553120815924515e+00
1.599295299999999997e+03 -3.255024731394074333e+00
1.625823799999999892e+03 -3.256984698497518593e+00
1.654184600000000046e+03 -3.256995951874472439e+00
1.670441600000000108e+03 -3.255474712477584465e+00
1.704118600000000015e+03 -3.253020089569811368e+00
1.715322599999999966e+03 -3.252969976306615774e+00
1.735898599999999988e+03 -3.249662424636878377e+00
1.763729700000000093e+03 -3.249960564565155252e+00
1.799130100000000084e+03 -3.250622907801586248e+00
1.815944400000000087e+03 -3.250610131942819780e+00
1.847293200000000070e+03 -3.248096468494819700e+00
1.856821200000000090e+03 -3.244358648833812531e+00
1.893741700000000037e+03 -3.249949028228693582e+00
1.923202399999999898e+03 -3.248188399279854810e+00
1.947799199999999928e+03 -3.244256300796475312e+00
1.959559700000000021e+03 -3.244341708656043988e+00
1.994713199999999915e+03 -3.243007850031604189e+00
2.010209200000000010e+03 -3.244530310527627304e+00
2.049048400000000129e+03 -3.239895309670115964e+00
2.049475100000000111e+03 -3.243584645150905388e+00
2.106162299999999959e+03 -3.241804751797758843e+00
2.107108999999999924e+03 -3.242947518241853899e+00
2.139250100000000202e+03 -3.240311690498376862e+00
2.163157200000000103e+03 -3.241412516154338341e+00
2.201086200000000190e+03 -3.242396729099712882e+00
2.216880200000000059e+03 -3.234291312998392343e+00
2.219778699999999844e+03 -3.241689625423589405e+00
2.266621599999999944e+03 -3.240119058904382676e+00
2.278306399999999940e+03 -3.236383706088338030e+00
2.307583900000000085e+03 -3.237546253642058058e+00
2.347083900000000085e+03 -3.232581217688510922e+00
2.347875700000000052e+03 -3.231916383933608916e+00
2.392234599999999773e+03 -3.240277539570053822e+00
2.407603000000000065e+03 -3.233619547018911078e+00
2.438209600000000137e+03 -3.233222273884395648e+00
