1.000983099999999979e+02 -3.317823111263982216e+00
1.281072299999999871e+02 -3.317943020103352403e+00
1.493796399999999949e+02 -3.317468262272450286e+00
1.756666800000000137e+02 -3.317164708033895515e+00
1.989811300000000074e+02 -3.316686512787831997e+00
2.239516399999999976e+02 -3.316288080532341809e+00
2.500272500000000093e+02 -3.315999020696270616e+00
2.712216799999999921e+02 -3.314782090456200425e+00
2.947932599999999752e+02 -3.314863498904518924e+00
3.219978899999999840e+02 -3.313625930557853483e+00
3.514555500000000166e+02 -3.314006435106007675e+00
3.680314000000000192e+02 -3.309888915236002926e+00
3.984669400000000223e+02 -3.310209530412497436e+00
4.233439900000000193e+02 -3.308093419687045067e+00
4.469553399999999783e+02 -3.307131628910369159e+00
4.721403099999999995e+02 -3.302707680153512904e+00
4.998559599999999818e+02 -3.301921170375963666e+00
5.187823300000000017e+02 -3.297382149384785244e+00
5.487805399999999736e+02 -3.298252132265638181e+00
5.677871300000000474e+02 -3.292558040663603691e+00
6.044768699999999626e+02 -3.293359474364552675e+00
6.206405200000000377e+02 -3.289892923628156218e+00
6.468220700000000534e+02 -3.289040166514386243e+00
6.687805200000000241e+02 -3.284742611025637249e+00
7.004938300000000027e+02 -3.284076437335654131e+00
7.170889499999999543e+02 -3.281058189801734581e+00
7.522255499999999984e+02 -3.281545883216682391e+00
7.639502599999999575e+02 -3.276231340500937339e+00
7.978277199999999993e+02 -3.275674255942930380e+00
8.166751000000000431e+02 -3.273601126289908514e+00
8.501933099999999968e+02 -3.273115426545373463e+00
8.664352900000000091e+02 -3.270027511588368352e+00
9.082250900000000229e+02 -3.270301544231383861e+00
9.157563900000000103e+02 -3.267746856003635791e+00
9.609771200000000135e+02 -3.269036490664571026e+00
9.715681100000000470e+02 -3.266385351735407561e+00
9.932332800000000361e+02 -3.262060929288381317e+00
1.022575100000000020e+03 -3.264499060674116659e+00
1.054168300000000045e+03 -3.262201286595478145e+00
1.070924500000000080e+03 -3.261278314666493650e+00
1.105710800000000063e+03 -3.259123647213943542e+00
1.118571500000000015e+03 -3.258955467279063267e+00
1.145579799999999977e+03 -3.257785503173172170e+00
1.164657799999999952e+03 -3.256209455217509596e+00
1.192052799999999934e+03 -3.254035094792588012e+00
1.211735799999999927e+03 -3.252041565772263887e+00
1.255114000000000033e+03 -3.247578663761145457e+00
1.257853599999999915e+03 -3.256157198003780895e+00
1.301436999999999898e+03 -3.254836546394822339e+00
1.319092799999999897e+03 -3.251143798247295269e+00
1.353841799999999921e+03 -3.250856345319461660e+00
1.369329500000000053e+03 -3.249335341150514811e+00
1.387026599999999917e+03 -3.244648079563810406e+00
1.421342799999999897e+03 -3.247599034354717418e+00
1.463230900000000020e+03 -3.249222466885207439e+00
1.463257299999999987e+03 -3.245365257615812293e+00
1.501855000000000018e+03 -3.247058369691830038e+00
1.521992799999999988e+03 -3.245570264091150126e+00
1.556621399999999994e+03 -3.240587529046305537e+00
1.572921399999999949e+03 -3.244803184552218056e+00
1.604250800000000027e+03 -3.239155918396855238e+00
1.616506100000000060e+03 -3.245911324138212706e+00
1.642235699999999952e+03 -3.236910027343592233e+00
1.660644800000000032e+03 -3.238929781250232232e+00
1.684087299999999914e+03 -3.238580862895979351e+00
1.714506100000000060e+03 -3.236537390628313915e+00
1.741629200000000083e+03 -3.239285156714631686e+00
1.764018199999999979e+03 -3.237079468747584787e+00
1.787562500000000000e+03 -3.233989414025787656e+00
1.805086199999999963e+03 -3.231811110961074540e+00
1.848312599999999975e+03 -3.230993119912321188e+00
1.861416799999999967e+03 -3.236071229693336271e+00
1.910306100000000015e+03 -3.232547101124782163e+00
1.919624800000000050e+03 -3.235025272982217537e+00
1.947290799999999990e+03 -3.233067775849133962e+00
1.971361200000000053e+03 -3.234290453466727833e+00
1.994340099999999893e+03 -3.230607915691781074e+00
2.014859999999999900e+03 -3.231423149880713996e+00
2.060830500000000029e+03 -3.229610411065112707e+00
2.060838299999999890e+03 -3.233591615389322271e+00
2.105427000000000135e+03 -3.230471165263566036e+00
2.117776499999999942e+03 -3.226699376664007968e+00
2.147797099999999773e+03 -3.230616110557505749e+00
2.159908399999999801e+03 -3.225603575000866474e+00
2.202179399999999987e+03 -3.227775821794132582e+00
2.223673600000000079e+03 -3.228727065860792056e+00
2.261455199999999877e+03 -3.226167677347725693e+00
2.267312600000000202e+03 -3.225641427079474433e+00
2.300383899999999812e+03 -3.222320774331453475e+00
2.314576700000000073e+03 -3.224703410859759423e+00
2.346929700000000139e+03 -3.224893022959862243e+00
2.371194500000000062e+03 -3.224386087114404553e+00
2.394344200000000001e+03 -3.216470328191452399e+00
2.400228000000000065e+03 -3.226325775635283222e+00
2.435887900000000172e+03 -3.219491190947269210e+00
