1.029776600000000002e+02 -4.539475683291418484e+00
1.281314500000000010e+02 -4.539194142029535861e+00
1.519884199999999908e+02 -4.538839966559967465e+00
1.775291200000000060e+02 -4.538327999409086821e+00
1.999479399999999885e+02 -4.537272804955144956e+00
2.257733000000000061e+02 -4.536488763518156553e+00
2.518942099999999868e+02 -4.535930628963293465e+00
2.758907300000000191e+02 -4.534380085412118788e+00
3.025730500000000234e+02 -4.533408262989955695e+00
3.241267700000000218e+02 -4.530843243439026224e+00
3.536875699999999938e+02 -4.530350147126482874e+00
3.761620899999999779e+02 -4.527232209955878162e+00
4.022647099999999796e+02 -4.525232088777558559e+00
4.260505600000000186e+02 -4.522214096881526757e+00
4.503496900000000096e+02 -4.519227332584693002e+00
4.757456900000000246e+02 -4.515805832628421612e+00
5.034436499999999910e+02 -4.512991698544733588e+00
5.264928300000000263e+02 -4.508631929589699716e+00
5.519670700000000352e+02 -4.505517649921318757e+00
5.707702100000000200e+02 -4.500283683795315071e+00
6.000350700000000188e+02 -4.498421490016025537e+00
6.241048500000000558e+02 -4.494760992899820451e+00
6.499060500000000502e+02 -4.491852905906788429e+00
6.770843999999999596e+02 -4.488408360469452241e+00
6.958440100000000257e+02 -4.483690771747302684e+00
7.223103300000000218e+02 -4.481794800455692673e+00
7.448959399999999960e+02 -4.478241914441710492e+00
7.716226000000000340e+02 -4.476092261081747736e+00
7.990194500000000062e+02 -4.472968195731196417e+00
8.165832000000000335e+02 -4.469417486364413605e+00
8.472194100000000390e+02 -4.468297255344115371e+00
8.701953399999999874e+02 -4.465960224953314572e+00
9.033530899999999519e+02 -4.465317834135611896e+00
9.164933999999999514e+02 -4.460940593542350285e+00
9.388980099999999993e+02 -4.457813488190968343e+00
9.695358300000000327e+02 -4.458311880186013099e+00
1.004243900000000053e+03 -4.457699119801788790e+00
1.012337700000000041e+03 -4.453660447435228598e+00
1.044599300000000085e+03 -4.454329534825419046e+00
1.065429000000000087e+03 -4.452001827747373852e+00
1.092942600000000084e+03 -4.451334058986590847e+00
1.104025599999999940e+03 -4.446927150871805345e+00
1.137247399999999971e+03 -4.447339889392071477e+00
1.158819300000000112e+03 -4.447172150640883004e+00
1.192547000000000025e+03 -4.448251345052764982e+00
1.223380200000000059e+03 -4.448906546280900542e+00
1.240387199999999893e+03 -4.445842019938090139e+00
1.258769800000000032e+03 -4.444364743950512953e+00
1.291721399999999903e+03 -4.444602399371623491e+00
1.313759399999999914e+03 -4.445543554877437131e+00
1.336934099999999944e+03 -4.443675883214371680e+00
1.369580600000000004e+03 -4.446398372739640337e+00
1.406342100000000073e+03 -4.446526367192173979e+00
1.418013099999999895e+03 -4.445114131108325317e+00
1.455414199999999937e+03 -4.444600890323110676e+00
1.465281999999999925e+03 -4.444948015259036822e+00
1.509433800000000019e+03 -4.444433984770587820e+00
1.523220399999999927e+03 -4.447436981975322112e+00
1.559345800000000054e+03 -4.443884146812987268e+00
1.562429799999999886e+03 -4.448976099598869638e+00
1.609029399999999896e+03 -4.446137007259892471e+00
1.622397600000000011e+03 -4.447804178427964494e+00
1.641480800000000045e+03 -4.443918564944769223e+00
1.668874399999999923e+03 -4.447515570660365292e+00
1.707974099999999908e+03 -4.445908986903507554e+00
1.716221800000000030e+03 -4.450468415426293234e+00
1.756943400000000111e+03 -4.447261483343101673e+00
1.758323699999999917e+03 -4.446232403453893589e+00
1.802853800000000092e+03 -4.446013606422552833e+00
1.803989700000000084e+03 -4.448656892812262953e+00
1.849207499999999982e+03 -4.447967650734472755e+00
1.872424800000000005e+03 -4.452040719273753666e+00
1.911727200000000039e+03 -4.450928426368724544e+00
1.915376099999999951e+03 -4.450419164863126831e+00
1.959726699999999937e+03 -4.452044610770486521e+00
1.963380200000000059e+03 -4.453039642466240622e+00
2.002910000000000082e+03 -4.451540482602196036e+00
2.008995599999999968e+03 -4.454650521508992433e+00
2.048788799999999810e+03 -4.453072854934102764e+00
2.052667699999999968e+03 -4.453261461312074232e+00
2.099858400000000074e+03 -4.452687433297088049e+00
2.107101500000000215e+03 -4.457589585041702662e+00
2.154917100000000119e+03 -4.459006945319965887e+00
2.155396499999999833e+03 -4.457211533132954706e+00
2.198633800000000065e+03 -4.459641576723039513e+00
2.226852699999999913e+03 -4.462282032548680277e+00
2.237271699999999782e+03 -4.457653090662314632e+00
2.259568800000000010e+03 -4.460716286685912912e+00
2.308494499999999789e+03 -4.462386587578500041e+00
2.313884300000000167e+03 -4.464374757695528828e+00
2.336192399999999907e+03 -4.459852918341852046e+00
2.352670399999999972e+03 -4.462574543576992347e+00
2.403278499999999894e+03 -4.466472115022328992e+00
2.407136399999999867e+03 -4.466120893947710613e+00
2.423902399999999943e+03 -4.463309604709845502e+00
