9.946527600000000291e+01 -1.497533009137835158e+00
1.004784800000000047e+02 -1.497743446512775245e+00
1.266632199999999955e+02 -1.497112814708494888e+00
1.497108100000000093e+02 -1.497032707981790667e+00
1.501770099999999957e+02 -1.497048100714435170e+00
1.755223799999999983e+02 -1.496462636666187063e+00
2.001842900000000043e+02 -1.496290653540481852e+00
2.012132799999999975e+02 -1.496422483125849023e+00
2.255253700000000094e+02 -1.495644442745915459e+00
2.490940600000000131e+02 -1.495056266294371161e+00
2.497932700000000068e+02 -1.494896144664710214e+00
2.739306500000000142e+02 -1.493315712543813900e+00
3.006018700000000194e+02 -1.492861680025523219e+00
3.009143199999999752e+02 -1.492517103461788341e+00
3.237710299999999961e+02 -1.490033131830795776e+00
3.508405000000000200e+02 -1.489624503472004369e+00
3.537719200000000228e+02 -1.489101090264320693e+00
3.718175400000000081e+02 -1.485473600334286548e+00
3.972873799999999846e+02 -1.483483666589663130e+00
3.984261300000000006e+02 -1.485047545246559908e+00
4.205095900000000029e+02 -1.480161505377634690e+00
4.504637500000000045e+02 -1.479856961844649987e+00
4.516527500000000259e+02 -1.480184034668598381e+00
4.721967200000000275e+02 -1.475908554733185607e+00
4.963195699999999988e+02 -1.474550043093912244e+00
5.028625700000000052e+02 -1.474764335520416747e+00
5.179758500000000367e+02 -1.470828146341389919e+00
5.494728499999999940e+02 -1.471156835845144784e+00
5.501430699999999661e+02 -1.470538273254768935e+00
5.693083400000000438e+02 -1.466816813606142356e+00
6.046480199999999741e+02 -1.467067825481539689e+00
6.058259299999999712e+02 -1.467443171152793102e+00
6.158151599999999917e+02 -1.462517342547590582e+00
6.554693300000000136e+02 -1.464287460796893425e+00
6.563002099999999928e+02 -1.463852300527207939e+00
6.739350799999999708e+02 -1.461050538871236260e+00
6.967683200000000170e+02 -1.458743687239815401e+00
7.055367800000000216e+02 -1.460679702696253468e+00
7.198323500000000195e+02 -1.456600509188190395e+00
7.484218399999999747e+02 -1.456181722074626039e+00
7.537690900000000056e+02 -1.455736950382430894e+00
7.621205599999999549e+02 -1.451450673458367646e+00
7.977862599999999702e+02 -1.451879851568687929e+00
8.014613699999999881e+02 -1.452827294630337329e+00
8.165278100000000450e+02 -1.450420976838777243e+00
8.491060899999999947e+02 -1.449392215236606996e+00
8.494717299999999796e+02 -1.449125810270911030e+00
8.673763099999999895e+02 -1.447622809232296470e+00
8.895110499999999547e+02 -1.444580679632918585e+00
8.936813200000000279e+02 -1.445950808799234322e+00
9.172688000000000557e+02 -1.444099527388439164e+00
9.435556500000000142e+02 -1.442923646400326554e+00
9.510596100000000206e+02 -1.441936539128964023e+00
9.668668400000000247e+02 -1.441996460608139907e+00
1.003283900000000017e+03 -1.441196106575572733e+00
1.004372600000000034e+03 -1.441043911770010455e+00
1.015627799999999979e+03 -1.439556240913821394e+00
1.050173500000000104e+03 -1.438895347517838763e+00
1.051101699999999937e+03 -1.439200439017136457e+00
1.052952500000000100e+03 -1.434317315969211748e+00
1.095559899999999971e+03 -1.435479693932122380e+00
1.104662199999999984e+03 -1.435282086949965841e+00
1.115357099999999946e+03 -1.434470654301037706e+00
1.153347099999999955e+03 -1.433765467003605742e+00
1.153673999999999978e+03 -1.433441570892775907e+00
1.161642599999999902e+03 -1.431641191308471006e+00
1.196660699999999906e+03 -1.432517902058024983e+00
1.207361599999999953e+03 -1.432430338867651365e+00
1.208453099999999949e+03 -1.429342576446228197e+00
1.244332300000000032e+03 -1.431272908255878606e+00
1.251359099999999899e+03 -1.429259484094104637e+00
1.268480199999999968e+03 -1.430095104170693965e+00
1.295828999999999951e+03 -1.428453324856284290e+00
1.301357799999999997e+03 -1.427956108255521883e+00
1.313708599999999933e+03 -1.428237627439559176e+00
1.335913800000000037e+03 -1.424624409265324410e+00
1.345989399999999932e+03 -1.426360894776748323e+00
1.366302200000000084e+03 -1.426316615545855093e+00
1.399427799999999934e+03 -1.424710743355821263e+00
1.413517900000000054e+03 -1.425625093679418143e+00
1.413960399999999936e+03 -1.423684685156818119e+00
1.440923299999999927e+03 -1.423436629677548693e+00
1.453822400000000016e+03 -1.425433170312425002e+00
1.466563499999999976e+03 -1.421887389124903311e+00
1.502398100000000113e+03 -1.421533903138755939e+00
1.512737100000000055e+03 -1.421776097286373997e+00
1.519278700000000072e+03 -1.423899960616269889e+00
1.542862900000000081e+03 -1.419985547523149094e+00
1.548409200000000055e+03 -1.419882942543692739e+00
1.566552899999999909e+03 -1.420021241789992894e+00
1.603228800000000092e+03 -1.418684251249327621e+00
1.607689000000000078e+03 -1.419549341234524586e+00
1.613378200000000106e+03 -1.418594863362317549e+00
1.656257200000000012e+03 -1.416951361296282297e+00
1.658826600000000099e+03 -1.415847487145907468e+00
1.663179200000000037e+03 -1.420658656175584511e+00
1.700591499999999996e+03 -1.416696550178300651e+00
1.704860699999999952e+03 -1.411451353029818057e+00
1.710198499999999967e+03 -1.416954779480599225e+00
1.737482400000000098e+03 -1.410907152409318410e+00
1.745333000000000084e+03 -1.416119316529282912e+00
1.767303499999999985e+03 -1.414593551149462503e+00
1.800624499999999898e+03 -1.411419579868108620e+00
1.800739399999999932e+03 -1.412477016351958437e+00
1.811507599999999911e+03 -1.409510708665239864e+00
1.842240600000000086e+03 -1.408746407582577298e+00
1.854704500000000053e+03 -1.407791492663254429e+00
1.854992999999999938e+03 -1.410237335579654916e+00
1.892652499999999918e+03 -1.408702152190747459e+00
1.899375099999999975e+03 -1.407755822075627661e+00
1.928252700000000004e+03 -1.410143910782546417e+00
1.953695500000000038e+03 -1.408159351813257576e+00
1.972336900000000014e+03 -1.412158964494798719e+00
1.982699900000000071e+03 -1.409753638308509194e+00
1.997018100000000004e+03 -1.401700496612194868e+00
2.006608799999999974e+03 -1.401440009699248090e+00
2.008515300000000025e+03 -1.402161149837366949e+00
2.033803100000000086e+03 -1.399842504405936383e+00
2.056001400000000103e+03 -1.401626393142477278e+00
2.059874600000000100e+03 -1.399332557098836194e+00
2.094309099999999944e+03 -1.397244788871915500e+00
2.102736100000000079e+03 -1.398770374614425549e+00
2.104688200000000052e+03 -1.394556631165951188e+00
2.142420900000000074e+03 -1.393641328080016617e+00
2.157579000000000178e+03 -1.394942555195430200e+00
2.165683399999999892e+03 -1.395794929673590978e+00
2.188775900000000092e+03 -1.392538055302745548e+00
2.191293799999999919e+03 -1.393203230495315026e+00
2.201008400000000165e+03 -1.387233679145154941e+00
2.249958599999999933e+03 -1.391281675468979406e+00
2.260654100000000199e+03 -1.392286650730694131e+00
2.278744799999999941e+03 -1.393154938631465001e+00
2.290112000000000080e+03 -1.390208383617133503e+00
2.290552000000000135e+03 -1.390011171660627154e+00
2.307095100000000002e+03 -1.385320306370868781e+00
2.327069300000000112e+03 -1.383871985073060307e+00
2.332851799999999912e+03 -1.383817772029999560e+00
2.368819500000000062e+03 -1.386780701964154705e+00
2.376850199999999859e+03 -1.382956380537031293e+00
2.398666900000000169e+03 -1.382392025159546511e+00
2.423420500000000175e+03 -1.379080047372984730e+00
2.425676599999999780e+03 -1.371256007349531014e+00
