1.216439299999999974e+02 1.117690820272745889e+01
1.313390200000000050e+02 1.117998829635660485e+01
1.689583399999999926e+02 1.119115916955017376e+01
1.700992500000000121e+02 1.119290555668634290e+01
1.777459599999999966e+02 1.120136220232037516e+01
2.169535999999999945e+02 1.121757073071443145e+01
2.171908200000000022e+02 1.121624923671890883e+01
2.283761800000000051e+02 1.121603042947282702e+01
2.661009000000000242e+02 1.123600956645634064e+01
2.666504199999999969e+02 1.123611642580907777e+01
2.764292100000000119e+02 1.124073834724200971e+01
3.148081700000000183e+02 1.125665631996743343e+01
3.162146900000000187e+02 1.125640647262365057e+01
3.248485800000000268e+02 1.126075310400977081e+01
3.642486400000000231e+02 1.127764909423977180e+01
3.654744999999999777e+02 1.127825768369631554e+01
3.719165199999999913e+02 1.127912935070221856e+01
4.133158599999999865e+02 1.130504884998982362e+01
4.140216899999999782e+02 1.130471707714227492e+01
4.199621099999999956e+02 1.130683645430490536e+01
4.626696699999999964e+02 1.132936342357012016e+01
4.659995700000000056e+02 1.132850600447791578e+01
4.701827999999999861e+02 1.133348361489924727e+01
5.113103600000000029e+02 1.134918888662731540e+01
5.125202299999999696e+02 1.134899399552208443e+01
5.229218499999999494e+02 1.135380928149806579e+01
5.618174400000000333e+02 1.137867189090168907e+01
5.623970500000000357e+02 1.137898738041929469e+01
5.731933299999999463e+02 1.138440565845715469e+01
6.081825099999999793e+02 1.139673112151434964e+01
6.094745599999999968e+02 1.139767504579686452e+01
6.188905899999999747e+02 1.140324496234480023e+01
6.653803900000000340e+02 1.142844494199063732e+01
6.678039400000000114e+02 1.142840321595766362e+01
6.711972299999999905e+02 1.143735802971707649e+01
7.069168899999999667e+02 1.145700132302055785e+01
7.087484399999999596e+02 1.145671941787095527e+01
7.220632100000000264e+02 1.145624872786484971e+01
7.548712100000000191e+02 1.148023610828414398e+01
7.611324299999999994e+02 1.148110777529004700e+01
7.708564199999999573e+02 1.149840830449826967e+01
8.131099900000000389e+02 1.151656065540402984e+01
8.138600199999999631e+02 1.151704559332383582e+01
8.214485700000000179e+02 1.152015723590474217e+01
8.610087800000000016e+02 1.154657388560960740e+01
8.650764900000000353e+02 1.154652300020354083e+01
8.721220700000000079e+02 1.155316608996539784e+01
9.116357900000000427e+02 1.157405353144718063e+01
9.172747600000000148e+02 1.157374872786484765e+01
9.203351199999999608e+02 1.158940260533278988e+01
9.556664600000000291e+02 1.161371158151842131e+01
9.632147200000000566e+02 1.161396142886220240e+01
9.704789799999999786e+02 1.162380979035212647e+01
1.008485500000000002e+03 1.164522338693262782e+01
1.014114400000000046e+03 1.164513535518013576e+01
1.016015999999999963e+03 1.164999185833502970e+01
1.060360200000000077e+03 1.168060400976999880e+01
1.061640599999999949e+03 1.168051801343374763e+01
1.073316299999999956e+03 1.168399704864644839e+01
1.105916099999999915e+03 1.172311978424587764e+01
1.107797199999999975e+03 1.172273916140850680e+01
1.118916500000000042e+03 1.171663291268064278e+01
1.155205600000000004e+03 1.176682475066151135e+01
1.159512899999999945e+03 1.176582281701607968e+01
1.175043100000000095e+03 1.175114543049053495e+01
1.206932499999999891e+03 1.180045796865459096e+01
1.218209000000000060e+03 1.179991196824750688e+01
1.223900900000000092e+03 1.179260991247710066e+01
1.260941399999999931e+03 1.184015367392631823e+01
1.264291199999999890e+03 1.184075412171789132e+01
1.276731099999999969e+03 1.183622074089151255e+01
1.304905500000000075e+03 1.187284754732342762e+01
1.307588999999999942e+03 1.187312996132709131e+01
1.312861699999999928e+03 1.187783889680439664e+01
1.354352000000000089e+03 1.190332790555668652e+01
1.363543899999999894e+03 1.191782515774475826e+01
1.363660499999999956e+03 1.190336047221656735e+01
1.406575599999999895e+03 1.194648992468959925e+01
1.410409300000000030e+03 1.195258904946061485e+01
1.411540600000000040e+03 1.195318695298188416e+01
1.464358300000000099e+03 1.199223590474251999e+01
1.464376199999999926e+03 1.198397872990026514e+01
1.466559899999999971e+03 1.199152350905760223e+01
1.503502500000000055e+03 1.203637390596376910e+01
1.505552500000000009e+03 1.203508141664970488e+01
1.509988499999999931e+03 1.203570272745776570e+01
1.554742299999999886e+03 1.208117087319356919e+01
1.558327800000000025e+03 1.208017555465092485e+01
1.570541600000000017e+03 1.206965194382251028e+01
1.609387199999999893e+03 1.210896142886220161e+01
1.613213899999999967e+03 1.210931966212090316e+01
1.613611499999999978e+03 1.211085691023814270e+01
1.652651200000000017e+03 1.214280429472827194e+01
1.654416999999999916e+03 1.214273763484632518e+01
1.663655199999999923e+03 1.215894361897007947e+01
1.717402700000000095e+03 1.217279717077142287e+01
1.717903700000000072e+03 1.220114899246896023e+01
1.717955300000000079e+03 1.217294372074089104e+01
1.758166999999999916e+03 1.220848717687767149e+01
1.761358999999999924e+03 1.220910594341542854e+01
1.774489800000000059e+03 1.223486769794422990e+01
1.805321099999999888e+03 1.226558823529411768e+01
1.806913399999999911e+03 1.226535365357215568e+01
1.819776000000000067e+03 1.227591441074699752e+01
1.859573900000000094e+03 1.232489924689599015e+01
1.864909000000000106e+03 1.229642733564013923e+01
1.873324200000000019e+03 1.229640036637492351e+01
1.912518900000000031e+03 1.235477661306737218e+01
1.912746300000000019e+03 1.235530175045796852e+01
1.919978499999999940e+03 1.235164868715652453e+01
1.948030400000000100e+03 1.237270303277020034e+01
1.961522200000000112e+03 1.237334927742723423e+01
1.970233600000000024e+03 1.240630470181152134e+01
2.006140000000000100e+03 1.242586454304905352e+01
2.023330600000000004e+03 1.243166039079991769e+01
2.024269900000000007e+03 1.242561622226745399e+01
2.039416799999999967e+03 1.246785619784245824e+01
2.045726699999999937e+03 1.246817524933848986e+01
2.071205399999999827e+03 1.245128027681660932e+01
2.098585300000000188e+03 1.249965041726033022e+01
2.111836299999999937e+03 1.249970232037451545e+01
2.122397300000000087e+03 1.252047577854671268e+01
2.143160499999999956e+03 1.254096376959088133e+01
2.164270500000000084e+03 1.254842509668227102e+01
2.172372699999999895e+03 1.254068440871158074e+01
2.194231200000000172e+03 1.258394107469977463e+01
2.206670000000000073e+03 1.257445908813352276e+01
2.208102300000000014e+03 1.258456798290250234e+01
2.253565000000000055e+03 1.261397415021371948e+01
2.258741700000000037e+03 1.261400468145735942e+01
2.268956499999999778e+03 1.264193211886830781e+01
2.300791600000000017e+03 1.267308721758599610e+01
2.302067300000000159e+03 1.266288622023203736e+01
2.304434000000000196e+03 1.267285925096682320e+01
2.330553199999999833e+03 1.268687614492163540e+01
2.335326300000000174e+03 1.268645990230002063e+01
2.362577299999999923e+03 1.271295389782210528e+01
2.401243500000000040e+03 1.273740230002035467e+01
2.407478700000000117e+03 1.273684663138611839e+01
2.409668500000000222e+03 1.273430999389375096e+01
2.429018300000000181e+03 1.277253154895176124e+01
2.432371500000000196e+03 1.277242163647465922e+01
