1.238424299999999931e+02 -4.537292499457528550e+00
1.344521300000000110e+02 -4.537174896804884838e+00
1.717442800000000034e+02 -4.535957324999785101e+00
1.724928299999999979e+02 -4.536282226196128420e+00
1.824466899999999896e+02 -4.535757135687601860e+00
2.222072499999999877e+02 -4.534705226015759649e+00
2.229874199999999860e+02 -4.534769626667599418e+00
2.302844900000000052e+02 -4.533587878095838519e+00
2.704907600000000230e+02 -4.531987952949976695e+00
2.735925399999999854e+02 -4.532657573662950412e+00
2.811380899999999770e+02 -4.531322527007247913e+00
3.202660700000000134e+02 -4.528413463841290287e+00
3.213181299999999965e+02 -4.528802631386921185e+00
3.311623099999999909e+02 -4.527837777906736250e+00
3.724929200000000264e+02 -4.525036607814924672e+00
3.726740899999999783e+02 -4.524952057748378387e+00
3.817170899999999847e+02 -4.523762120739158732e+00
4.216315200000000232e+02 -4.520225615416208598e+00
4.225789500000000203e+02 -4.520338039336197156e+00
4.328298100000000090e+02 -4.519300476238406361e+00
4.746482899999999745e+02 -4.515255696894125315e+00
4.782235600000000204e+02 -4.516337109503106184e+00
4.817391900000000078e+02 -4.513194830017688730e+00
5.219497000000000071e+02 -4.508083076103100773e+00
5.280787900000000263e+02 -4.509805670884214912e+00
5.324615000000000009e+02 -4.506624115094291838e+00
5.722271500000000515e+02 -4.501250195418645461e+00
5.732866099999999960e+02 -4.501657559341543546e+00
5.811697900000000345e+02 -4.499667989313093308e+00
6.209404600000000300e+02 -4.494462831278751125e+00
6.219851999999999634e+02 -4.494844610834793919e+00
6.264600900000000365e+02 -4.491936834524675959e+00
6.669387199999999893e+02 -4.487283770095303659e+00
6.722494100000000117e+02 -4.488762785262476740e+00
6.786467400000000225e+02 -4.486700003258298430e+00
7.173015799999999444e+02 -4.482237726364033392e+00
7.186021700000000010e+02 -4.482458088702869325e+00
7.266476699999999482e+02 -4.480771320217539433e+00
7.611426900000000160e+02 -4.474885132889274253e+00
7.670523600000000215e+02 -4.476488617724120544e+00
7.732828600000000279e+02 -4.474448501673567336e+00
8.154054399999999987e+02 -4.471931961681608669e+00
8.188400699999999688e+02 -4.469350158733266021e+00
8.188484799999999950e+02 -4.472918840111428374e+00
8.633291699999999764e+02 -4.466658570242363346e+00
8.676540300000000343e+02 -4.464212822356794952e+00
8.693176300000000083e+02 -4.468118369311683935e+00
9.113273500000000240e+02 -4.462314918181075285e+00
9.115044599999999946e+02 -4.459354649278835403e+00
9.126763099999999440e+02 -4.462735654047102152e+00
9.497269099999999753e+02 -4.455717238630566790e+00
9.626657500000000027e+02 -4.459091903447074401e+00
9.645048199999999952e+02 -4.456249509409833998e+00
1.007566000000000031e+03 -4.455464421415129550e+00
1.011551799999999957e+03 -4.456428475498912078e+00
1.020309300000000007e+03 -4.455321559877168269e+00
1.050518399999999929e+03 -4.450934287138666789e+00
1.052819700000000012e+03 -4.451538683690776210e+00
1.070551899999999932e+03 -4.453241017219436770e+00
1.107361900000000105e+03 -4.451097253123868391e+00
1.113171199999999999e+03 -4.452648686102135933e+00
1.114602799999999888e+03 -4.450389992241108317e+00
1.158156899999999951e+03 -4.449505741166738026e+00
1.159062500000000000e+03 -4.449784890380696467e+00
1.171083800000000110e+03 -4.449463722675031541e+00
1.203610300000000052e+03 -4.447574434671794030e+00
1.205921299999999974e+03 -4.448135745543186026e+00
1.214039999999999964e+03 -4.446958995769134226e+00
1.248656400000000076e+03 -4.444989695423776865e+00
1.251921299999999974e+03 -4.445803969112122722e+00
1.257355800000000045e+03 -4.444306544651823287e+00
1.298850500000000011e+03 -4.444479761303970378e+00
1.302191499999999905e+03 -4.445350600276787745e+00
1.309380900000000111e+03 -4.444166815767299994e+00
1.350052300000000059e+03 -4.443880246102730247e+00
1.351012400000000071e+03 -4.444138221065325745e+00
1.352735100000000102e+03 -4.441428372824061555e+00
1.400501600000000053e+03 -4.443781899941698477e+00
1.407754699999999957e+03 -4.445666231837569704e+00
1.412801500000000033e+03 -4.443848957795971444e+00
1.436566000000000031e+03 -4.441413172939940424e+00
1.442828800000000001e+03 -4.443074975167119689e+00
1.454030999999999949e+03 -4.443205752155305888e+00
1.497910100000000057e+03 -4.443857178915598283e+00
1.499746100000000069e+03 -4.442018367367158937e+00
1.502873700000000099e+03 -4.445121693391884676e+00
1.544129200000000083e+03 -4.443735056612635681e+00
1.544381399999999985e+03 -4.443777865755015988e+00
1.561374399999999923e+03 -4.444699085083612999e+00
1.602624000000000024e+03 -4.442796827779420532e+00
1.605233600000000024e+03 -4.444601168234008526e+00
1.612880100000000084e+03 -4.446514893700062032e+00
1.649612800000000107e+03 -4.446146179599896442e+00
1.651592200000000048e+03 -4.446644918129224244e+00
1.660386999999999944e+03 -4.445320289305784378e+00
1.694032899999999927e+03 -4.443783639048421108e+00
1.695073200000000043e+03 -4.444735001490498938e+00
1.699943400000000111e+03 -4.445980662289516161e+00
1.744416999999999916e+03 -4.445775703825307623e+00
1.751086999999999989e+03 -4.445816691500283468e+00
1.756597299999999905e+03 -4.448912850229504556e+00
1.789837600000000066e+03 -4.446009589768250336e+00
1.793601799999999912e+03 -4.446925209900853382e+00
1.816583599999999933e+03 -4.449101858633969009e+00
1.849148699999999963e+03 -4.448828899997896436e+00
1.849284599999999955e+03 -4.448866119155177934e+00
1.869845600000000104e+03 -4.450272937193421541e+00
1.894584599999999909e+03 -4.449680622834221388e+00
1.895678799999999910e+03 -4.449922837879202397e+00
1.897635999999999967e+03 -4.448623500608704262e+00
1.942718499999999949e+03 -4.449581399655535563e+00
1.943933800000000019e+03 -4.449859501148042185e+00
1.946188499999999976e+03 -4.447600588714323067e+00
1.996738200000000006e+03 -4.450596333510874913e+00
1.997506499999999960e+03 -4.452150541574545706e+00
2.003144999999999982e+03 -4.453585663846554965e+00
2.048772800000000188e+03 -4.453884971414255212e+00
2.052420599999999922e+03 -4.454835022524343380e+00
2.068196800000000167e+03 -4.457195338576906529e+00
2.085769600000000082e+03 -4.453116895540314424e+00
2.088129800000000159e+03 -4.453774326771771541e+00
2.102970699999999852e+03 -4.454699331954179442e+00
2.154469799999999850e+03 -4.457977153044703655e+00
2.158075899999999820e+03 -4.458958353449183676e+00
2.158441600000000108e+03 -4.458856476512491618e+00
2.166650500000000193e+03 -4.452470142730668989e+00
2.176257300000000214e+03 -4.454821949476146514e+00
2.202948499999999967e+03 -4.457990576588243492e+00
2.225899499999999989e+03 -4.455745768098473114e+00
2.229919800000000123e+03 -4.456664802588687024e+00
2.265774800000000141e+03 -4.462360758941146699e+00
2.287228700000000117e+03 -4.460577129129319474e+00
2.292284099999999853e+03 -4.460072377565126089e+00
2.295791400000000067e+03 -4.462843322178579264e+00
2.325640699999999924e+03 -4.460456510467761149e+00
2.328008499999999913e+03 -4.460957093098196324e+00
2.356152199999999993e+03 -4.464824546248255643e+00
2.392511300000000119e+03 -4.465812230994883336e+00
2.392998900000000049e+03 -4.465999754873037908e+00
2.414421499999999924e+03 -4.466665187876151855e+00
2.456234800000000178e+03 -4.468936848759622826e+00
2.461700600000000122e+03 -4.470299083242982086e+00
