9.960973599999999806e+01 -3.466459119426229751e+00
1.270136399999999952e+02 -3.466072680646823834e+00
1.495609499999999912e+02 -3.465916162402353784e+00
1.768267400000000009e+02 -3.465922982377368733e+00
1.997078199999999981e+02 -3.465285785128543239e+00
2.241133100000000127e+02 -3.464882134758058729e+00
2.501066099999999892e+02 -3.464801238444227494e+00
2.744626900000000091e+02 -3.464449744383179652e+00
3.002310400000000072e+02 -3.463638345145474418e+00
3.267244600000000219e+02 -3.464084968996401059e+00
3.507935899999999947e+02 -3.462775413144106640e+00
3.730829800000000205e+02 -3.462177955283094910e+00
4.024893500000000017e+02 -3.461741160043874999e+00
4.241091099999999869e+02 -3.460829891348428333e+00
4.512171500000000037e+02 -3.459677875665727154e+00
4.694994800000000055e+02 -3.457687653665420413e+00
4.983933999999999855e+02 -3.457307470067772392e+00
5.209079299999999648e+02 -3.455456084298267339e+00
5.510052100000000337e+02 -3.453923732481493314e+00
5.709693399999999883e+02 -3.452907521912218947e+00
5.976855500000000347e+02 -3.450190084584850325e+00
6.167674500000000535e+02 -3.448732386603220235e+00
6.521278999999999542e+02 -3.449803392402830848e+00
6.767280600000000277e+02 -3.447547564541053156e+00
6.973672599999999875e+02 -3.444027010804427302e+00
7.203101699999999710e+02 -3.442571531609130542e+00
7.538299200000000155e+02 -3.441970414801049927e+00
7.715886900000000423e+02 -3.438224192819405278e+00
8.056404999999999745e+02 -3.437632240234603564e+00
8.136972200000000157e+02 -3.432362172464777927e+00
8.517009600000000091e+02 -3.431832682559615044e+00
8.681249400000000378e+02 -3.427616467116745724e+00
9.045442299999999705e+02 -3.428270790947304469e+00
9.118960100000000466e+02 -3.422910686508618738e+00
9.512801899999999478e+02 -3.422581137234330217e+00
9.662086900000000469e+02 -3.417457600077681068e+00
9.997738900000000513e+02 -3.417109938678275061e+00
1.021646399999999971e+03 -3.415162341848509531e+00
1.046972099999999955e+03 -3.411906618685562442e+00
1.071268100000000004e+03 -3.411348009194544950e+00
1.096493799999999965e+03 -3.409124290747394870e+00
1.122161599999999908e+03 -3.405146199185068667e+00
1.143997299999999996e+03 -3.404093269017831158e+00
1.169740900000000011e+03 -3.401930671900878167e+00
1.197794100000000071e+03 -3.400600039400150543e+00
1.210516599999999926e+03 -3.395805912188891273e+00
1.252397799999999961e+03 -3.396841004856292034e+00
1.275697300000000041e+03 -3.394498319864802216e+00
1.299027199999999993e+03 -3.391844849465762923e+00
1.312596999999999980e+03 -3.387683566295525139e+00
1.349796599999999899e+03 -3.386987814452901091e+00
1.371041699999999992e+03 -3.385878833813526612e+00
1.402692500000000109e+03 -3.383242195138679076e+00
1.416311500000000024e+03 -3.381227154453479766e+00
1.454364900000000034e+03 -3.376274058519173948e+00
1.464132200000000012e+03 -3.376737783112040869e+00
1.500030799999999999e+03 -3.375402979587123653e+00
1.525113000000000056e+03 -3.376542275480924893e+00
1.556426500000000033e+03 -3.373329022205233674e+00
1.568281300000000101e+03 -3.371948934688027588e+00
1.589630300000000034e+03 -3.365937595867035448e+00
1.597090400000000045e+03 -3.363703296055351011e+00
1.641676699999999983e+03 -3.364623442660726216e+00
1.656181100000000015e+03 -3.362456265582336901e+00
1.694696699999999964e+03 -3.362033658974762140e+00
1.716757000000000062e+03 -3.361296832273244828e+00
1.748920599999999922e+03 -3.358077568225480647e+00
1.765068800000000010e+03 -3.358442816151116173e+00
1.808850100000000111e+03 -3.356343079346783664e+00
1.824099899999999934e+03 -3.359426459715259217e+00
1.853315299999999979e+03 -3.355534789128081563e+00
1.862893600000000106e+03 -3.354169987266411024e+00
1.897823699999999917e+03 -3.353328446533868856e+00
1.912484699999999975e+03 -3.349840161977727604e+00
1.939462800000000016e+03 -3.348701419677036384e+00
1.964326900000000023e+03 -3.348652539176975917e+00
2.011479000000000042e+03 -3.345252737463459081e+00
2.027173800000000028e+03 -3.354040361308272988e+00
2.039235599999999977e+03 -3.340515741411822948e+00
2.056458900000000085e+03 -3.341674444140474431e+00
2.090596799999999803e+03 -3.344158838721285942e+00
2.099323199999999815e+03 -3.340667127583862861e+00
2.137734800000000178e+03 -3.338619884040700203e+00
2.160773999999999887e+03 -3.338250869068780879e+00
2.189710000000000036e+03 -3.337959113347747753e+00
2.200748199999999997e+03 -3.334236583239797547e+00
2.253201199999999972e+03 -3.333109876815501860e+00
2.264128700000000208e+03 -3.335636104902088839e+00
2.304124299999999948e+03 -3.335717672994924499e+00
2.310902399999999943e+03 -3.333408986073650659e+00
2.336541299999999865e+03 -3.331797939874596715e+00
2.361948699999999917e+03 -3.329875977723081970e+00
2.399463299999999890e+03 -3.327617755723439430e+00
2.404001099999999951e+03 -3.327910855154001979e+00
2.439846700000000055e+03 -3.328710579261776825e+00
