1.023689200000000028e+02 2.299812945247303020e+01
1.276360300000000052e+02 2.301011042133116291e+01
1.510137400000000127e+02 2.301763026663952516e+01
1.751523400000000095e+02 2.303395735802971700e+01
2.012754799999999875e+02 2.304208070425401900e+01
2.225792600000000050e+02 2.305591135762263377e+01
2.502907199999999932e+02 2.306920618766537601e+01
2.721608299999999758e+02 2.307443669855485524e+01
2.985575699999999983e+02 2.308914766944840125e+01
3.211872900000000186e+02 2.309852432322410110e+01
3.483043799999999806e+02 2.311777630775493364e+01
3.745259100000000103e+02 2.314139578668837771e+01
4.002905600000000277e+02 2.313743486668023763e+01
4.194053000000000111e+02 2.316557195196417851e+01
4.446741200000000163e+02 2.317051546916344407e+01
4.679600399999999922e+02 2.317911408508039983e+01
4.975117900000000191e+02 2.319350600447791777e+01
5.179070199999999886e+02 2.321724760838591450e+01
5.465740700000000061e+02 2.324229645837573699e+01
5.720921299999999974e+02 2.324528902910645201e+01
5.978103700000000345e+02 2.325764705882352956e+01
6.169506699999999455e+02 2.327987736617138381e+01
6.467817099999999755e+02 2.330081467535110917e+01
6.708632700000000568e+02 2.329860523101974223e+01
7.002061800000000176e+02 2.331625788723793846e+01
7.174846800000000258e+02 2.333531803378791025e+01
7.450149599999999737e+02 2.335742621616120474e+01
7.714166800000000421e+02 2.337648076531650432e+01
7.978587599999999611e+02 2.338449979645837473e+01
8.151549800000000232e+02 2.341125839609200199e+01
8.478740800000000490e+02 2.340224201099124812e+01
8.681252299999999877e+02 2.344141207001831972e+01
9.030115399999999681e+02 2.343876450234072806e+01
9.136191199999999526e+02 2.347787706085894399e+01
9.571215700000000197e+02 2.347027376348463434e+01
9.667557299999999714e+02 2.351033279055566894e+01
1.002545799999999986e+03 2.350606045186240323e+01
1.016944299999999998e+03 2.355674638713616886e+01
1.048950700000000097e+03 2.352658100956645626e+01
1.062497800000000097e+03 2.358806177488296640e+01
1.096336999999999989e+03 2.358137797679625436e+01
1.109270700000000033e+03 2.360967382454711938e+01
1.146153099999999995e+03 2.360689599023000085e+01
1.173443600000000060e+03 2.365114797476083908e+01
1.187289800000000014e+03 2.364335334825971913e+01
1.208591699999999946e+03 2.367215296153063520e+01
1.235555900000000065e+03 2.369566151027885326e+01
1.269866999999999962e+03 2.372021982495420289e+01
1.287538199999999961e+03 2.373349888052106493e+01
1.313854299999999967e+03 2.374934714024017879e+01
1.350349799999999959e+03 2.376318949725218843e+01
1.367507599999999911e+03 2.380892937105638296e+01
1.401295200000000023e+03 2.380858996539792116e+01
1.414604399999999941e+03 2.382572460818237303e+01
1.454004400000000032e+03 2.384923112151435021e+01
1.471730700000000070e+03 2.386182780378587509e+01
1.497885099999999966e+03 2.389374313047018106e+01
1.525543400000000020e+03 2.390719570527172877e+01
1.544111900000000105e+03 2.392485955627925875e+01
1.569214899999999943e+03 2.394237380419295746e+01
1.594371000000000095e+03 2.399375381640545513e+01
1.627426799999999957e+03 2.398283279055566908e+01
1.638802300000000059e+03 2.401626043150824330e+01
1.667426400000000058e+03 2.401371514349684588e+01
1.686683099999999968e+03 2.404672094443313668e+01
1.708920399999999972e+03 2.405379910441685354e+01
1.749382700000000114e+03 2.409882556482800808e+01
1.765001500000000078e+03 2.410008192550376549e+01
1.802593100000000049e+03 2.414960563810299021e+01
1.815964600000000019e+03 2.415804549155302183e+01
1.851909900000000107e+03 2.420087421127620786e+01
1.866752700000000004e+03 2.420526460411154090e+01
1.888835800000000063e+03 2.422188021575412264e+01
1.923551099999999906e+03 2.423481223285162045e+01
1.966093699999999899e+03 2.428029869733360613e+01
1.980890599999999949e+03 2.426580907795644038e+01
2.000777000000000044e+03 2.427752900468145825e+01
2.013935799999999972e+03 2.427812181966212179e+01
2.047407999999999902e+03 2.432506309790352361e+01
2.053237399999999980e+03 2.435275697130063222e+01
2.094874800000000050e+03 2.440838642377365986e+01
2.111293900000000122e+03 2.439409322206391195e+01
2.136289900000000216e+03 2.444127009973539799e+01
2.148633499999999913e+03 2.448237533075513994e+01
2.201963799999999992e+03 2.449484378180337885e+01
2.213648599999999988e+03 2.452609149196010563e+01
2.237048899999999776e+03 2.454094952167718091e+01
2.268899600000000191e+03 2.456080042743741032e+01
2.292968899999999849e+03 2.457708019539996158e+01
2.316095600000000104e+03 2.459000152656218319e+01
2.356495699999999943e+03 2.458606452269489395e+01
2.362152999999999793e+03 2.464712548341135800e+01
2.384556000000000040e+03 2.466944229594952276e+01
2.422605100000000220e+03 2.471974709953185112e+01
2.441266799999999876e+03 2.471664308976185609e+01
