1.004878400000000056e+02 -3.307718947879314975e+00
1.275548600000000050e+02 -3.307230762881938624e+00
1.508086900000000128e+02 -3.307090804158177022e+00
1.753594799999999907e+02 -3.306196780642540300e+00
1.985612500000000011e+02 -3.305771787960144703e+00
2.250924200000000042e+02 -3.304824395240505641e+00
2.511319499999999891e+02 -3.304848519709760790e+00
2.733929299999999785e+02 -3.302245192974910371e+00
2.983519099999999753e+02 -3.301602226962276454e+00
3.247987200000000030e+02 -3.299740139282882456e+00
3.493746800000000121e+02 -3.298486807529150688e+00
3.738472800000000120e+02 -3.295314632218483197e+00
3.962235099999999761e+02 -3.293301551765551061e+00
4.225340899999999920e+02 -3.288970651373869458e+00
4.457345599999999877e+02 -3.287275477307225913e+00
4.709942800000000034e+02 -3.282275239235570297e+00
4.932187900000000127e+02 -3.279833001275364257e+00
5.196832100000000310e+02 -3.275650868126275483e+00
5.533041799999999739e+02 -3.275333297087263063e+00
5.732766500000000178e+02 -3.271048684869979795e+00
5.966252799999999752e+02 -3.268961068150709082e+00
6.181886500000000524e+02 -3.264874830717675369e+00
6.600768600000000106e+02 -3.265554469173651331e+00
6.735310399999999618e+02 -3.261246055955960177e+00
6.962197700000000395e+02 -3.258732651637322064e+00
7.158504699999999730e+02 -3.254747431864958518e+00
7.422709399999999960e+02 -3.253783073749382471e+00
7.684442800000000489e+02 -3.252026606562491207e+00
8.034351699999999710e+02 -3.251430223551166954e+00
8.151537499999999454e+02 -3.246790414040396033e+00
8.551833500000000186e+02 -3.247341590047467363e+00
8.752951100000000224e+02 -3.246080418373010090e+00
9.013681400000000394e+02 -3.244228764016392041e+00
9.220441200000000208e+02 -3.241307175185882627e+00
9.618478900000000067e+02 -3.242193619143227679e+00
9.646037800000000288e+02 -3.236628237258123431e+00
9.992505499999999756e+02 -3.236734974606530812e+00
1.017281799999999976e+03 -3.234322984074734286e+00
1.055986400000000003e+03 -3.234955649291125113e+00
1.065154999999999973e+03 -3.229722770210687433e+00
1.112125000000000000e+03 -3.230350337370815783e+00
1.112675899999999956e+03 -3.227353737059313055e+00
1.158298000000000002e+03 -3.228708257405889626e+00
1.177462600000000066e+03 -3.227689402892095494e+00
1.198110300000000052e+03 -3.222824211646952985e+00
1.210366500000000087e+03 -3.220917932694129071e+00
1.257967300000000023e+03 -3.222229437229341187e+00
1.261412700000000086e+03 -3.220031346690225948e+00
1.310497800000000097e+03 -3.216986494980549782e+00
1.311845900000000029e+03 -3.220860957226966192e+00
1.341061400000000049e+03 -3.215655145994730013e+00
1.370315800000000081e+03 -3.218345814960616558e+00
1.403342699999999923e+03 -3.218127209269567857e+00
1.416006000000000085e+03 -3.215862149753785815e+00
1.446723600000000033e+03 -3.210953932597844229e+00
1.462194799999999987e+03 -3.212629711089764140e+00
1.495349799999999959e+03 -3.209472972053485584e+00
1.515617500000000064e+03 -3.211375460197940512e+00
1.558623100000000022e+03 -3.213995248527267368e+00
1.571136899999999969e+03 -3.211069618852156804e+00
1.600572799999999916e+03 -3.206148752027038640e+00
1.608106399999999894e+03 -3.205060361631392407e+00
1.654995100000000093e+03 -3.204416300498046599e+00
1.673693500000000085e+03 -3.208128694814807336e+00
1.702873199999999997e+03 -3.206073510515687897e+00
1.707159799999999905e+03 -3.201492082934606742e+00
1.753479100000000017e+03 -3.204449701086142355e+00
1.758721600000000080e+03 -3.200514537811253390e+00
1.803623599999999897e+03 -3.201759785819924264e+00
1.828299999999999955e+03 -3.203474613984561792e+00
1.844570699999999988e+03 -3.200730221826405320e+00
1.872080200000000104e+03 -3.202852254115066355e+00
1.889419900000000098e+03 -3.197017539503522521e+00
1.928558700000000044e+03 -3.204871094406351428e+00
1.932269399999999905e+03 -3.194444265771452240e+00
1.964683199999999943e+03 -3.197749941902782833e+00
2.005044300000000021e+03 -3.195090002686107766e+00
2.007868199999999888e+03 -3.196723253014796207e+00
2.046678000000000111e+03 -3.193559228916007076e+00
2.051668200000000070e+03 -3.193298256903614796e+00
2.084669100000000071e+03 -3.191539243556117178e+00
2.120536999999999807e+03 -3.194824022297593213e+00
2.149049500000000080e+03 -3.190192832245089427e+00
2.152897199999999884e+03 -3.195803558024778113e+00
2.214201900000000023e+03 -3.192564011737557106e+00
2.214900099999999838e+03 -3.192677392487420107e+00
2.244048999999999978e+03 -3.189039393342780748e+00
2.269456599999999980e+03 -3.193581761340190006e+00
2.303123300000000199e+03 -3.189998076328686594e+00
2.310424899999999980e+03 -3.187703108459277068e+00
2.341828899999999976e+03 -3.190495085145384824e+00
2.362066200000000208e+03 -3.187507921082896267e+00
2.403023499999999785e+03 -3.188997429978609244e+00
2.415965000000000146e+03 -3.190323627155815522e+00
2.474320299999999861e+03 -3.189057914074758138e+00
