1.001008300000000020e+02 -6.239211051559717447e+00
1.271684199999999976e+02 -6.239081552489826876e+00
1.498341399999999908e+02 -6.238924401948456655e+00
1.498588300000000118e+02 -6.238930784805010177e+00
1.742726000000000113e+02 -6.238587945852566818e+00
1.997861100000000079e+02 -6.238835232875300285e+00
1.998029600000000130e+02 -6.238839588935766400e+00
2.231387900000000002e+02 -6.238385494018571009e+00
2.464563699999999926e+02 -6.237773516040778787e+00
2.465010699999999986e+02 -6.237785071880710852e+00
2.738199799999999868e+02 -6.238358138172352518e+00
3.007747100000000273e+02 -6.238038664662365562e+00
3.009334000000000060e+02 -6.238079689186724508e+00
3.239205299999999852e+02 -6.238104856071133852e+00
3.509327000000000112e+02 -6.237352949225403620e+00
3.510052299999999832e+02 -6.237371699674403303e+00
3.681335700000000202e+02 -6.236365664058785008e+00
4.015429300000000126e+02 -6.237246186319163499e+00
4.016605700000000070e+02 -6.237276598601258826e+00
4.202790299999999775e+02 -6.236147443465844376e+00
4.532466099999999756e+02 -6.236606917802248518e+00
4.533721800000000144e+02 -6.236638871293161301e+00
4.711605799999999817e+02 -6.235388249415183104e+00
4.997699200000000133e+02 -6.234513928340700950e+00
4.999433500000000095e+02 -6.234558763448518448e+00
5.178836599999999635e+02 -6.234069986096047344e+00
5.511027599999999893e+02 -6.234189435527682122e+00
5.514338299999999435e+02 -6.234275023713954589e+00
5.649735399999999572e+02 -6.231586116371289563e+00
6.032864499999999452e+02 -6.233175582172845175e+00
6.036050400000000309e+02 -6.233257435176591699e+00
6.172750300000000152e+02 -6.230772673917990723e+00
6.482248499999999467e+02 -6.229973696442982600e+00
6.485507000000000062e+02 -6.230057935155329574e+00
6.701098299999999881e+02 -6.229792299135028522e+00
7.003674899999999752e+02 -6.228363539822066919e+00
7.004026900000000069e+02 -6.228372639722863369e+00
7.194923900000000003e+02 -6.226952628866175843e+00
7.585446600000000217e+02 -6.227422425887400692e+00
7.586695499999999583e+02 -6.227455221292896859e+00
7.669363299999999981e+02 -6.222801182212712057e+00
8.025381599999999480e+02 -6.221386706380848786e+00
8.026238600000000361e+02 -6.221408861537049972e+00
8.190947999999999638e+02 -6.221054165387154278e+00
8.583892499999999472e+02 -6.220236072082960810e+00
8.585384599999999864e+02 -6.220274136984522251e+00
8.654851700000000392e+02 -6.216375922882837024e+00
8.992738399999999501e+02 -6.216082878032320735e+00
8.995466199999999617e+02 -6.216153397093097333e+00
9.159318500000000540e+02 -6.212436425147658703e+00
9.493481100000000197e+02 -6.211982989286187973e+00
9.501075100000000475e+02 -6.212179309305082775e+00
9.667719700000000103e+02 -6.208319278606175828e+00
1.002391799999999989e+03 -6.206432659877841651e+00
1.002494800000000055e+03 -6.206459287428468308e+00
1.018681000000000040e+03 -6.203957400022511948e+00
1.046832599999999957e+03 -6.202513390493082035e+00
1.047054100000000062e+03 -6.202570652652926064e+00
1.069555499999999938e+03 -6.198775459327518611e+00
1.111314100000000053e+03 -6.192250005428836523e+00
1.111842499999999973e+03 -6.199894749013722617e+00
1.112446300000000065e+03 -6.200051352188838294e+00
1.134055800000000090e+03 -6.189186586381383748e+00
1.134333800000000110e+03 -6.189258963770146948e+00
1.171057399999999916e+03 -6.189009207946868152e+00
1.200888899999999921e+03 -6.185631788068339354e+00
1.201061400000000049e+03 -6.185676382752641977e+00
1.222899599999999964e+03 -6.182789018486235300e+00
1.245574599999999919e+03 -6.178917088096532950e+00
1.245949599999999919e+03 -6.179014033062408373e+00
1.255755599999999959e+03 -6.174926343690631647e+00
1.305894099999999980e+03 -6.175901069041169755e+00
1.307129500000000007e+03 -6.176219935682686568e+00
1.318206599999999980e+03 -6.172624701974772421e+00
1.334776499999999942e+03 -6.170492210164107760e+00
1.334891900000000078e+03 -6.170521025653484593e+00
1.374116899999999987e+03 -6.168886077266382273e+00
1.410888599999999997e+03 -6.167574056474624200e+00
1.411789299999999912e+03 -6.167807414210720651e+00
1.413854599999999891e+03 -6.161921632549550054e+00
1.445445600000000013e+03 -6.160084973016345167e+00
1.445928300000000036e+03 -6.160209760576418780e+00
1.461897699999999986e+03 -6.155377248403062218e+00
1.498977799999999888e+03 -6.147967975708943378e+00
1.499904099999999971e+03 -6.155708460408771288e+00
1.500150599999999940e+03 -6.155772185566338983e+00
1.540657099999999900e+03 -6.150251656841970060e+00
1.541056499999999915e+03 -6.150355418547685638e+00
1.562829600000000028e+03 -6.144882020482953067e+00
1.603954799999999977e+03 -6.143978999597623947e+00
1.604358400000000074e+03 -6.144083847086957206e+00
1.617030400000000100e+03 -6.142533839462548606e+00
1.671441499999999905e+03 -6.143931252535001164e+00
1.671673199999999952e+03 -6.143992678160097753e+00
1.674157500000000027e+03 -6.137306402988468079e+00
1.695813200000000052e+03 -6.131603692748702983e+00
1.696459399999999960e+03 -6.131771257167960343e+00
1.720844599999999900e+03 -6.133361801689056314e+00
1.742829500000000053e+03 -6.126331108476893661e+00
1.743427400000000034e+03 -6.126485677530484786e+00
1.763838099999999940e+03 -6.123538659362859349e+00
1.796456799999999930e+03 -6.118575659571804159e+00
1.816958300000000008e+03 -6.124643057409635993e+00
1.817495100000000093e+03 -6.124780813188666073e+00
1.852983199999999897e+03 -6.121065411360786968e+00
1.853141499999999951e+03 -6.121106335062381554e+00
1.858363000000000056e+03 -6.115745429415301082e+00
1.894495400000000018e+03 -6.113141533955428031e+00
1.894627500000000055e+03 -6.113175684435407042e+00
1.925965500000000020e+03 -6.116945306725289022e+00
1.954494300000000067e+03 -6.108808153466088520e+00
1.955115900000000011e+03 -6.108968340587462187e+00
1.961969499999999925e+03 -6.107148640675678308e+00
1.995194700000000012e+03 -6.105801623113767285e+00
1.996058899999999994e+03 -6.106025036019125274e+00
2.013136700000000019e+03 -6.103125719053185350e+00
2.052757399999999961e+03 -6.101952317960897432e+00
2.053903999999999996e+03 -6.102248736888556735e+00
2.056587599999999838e+03 -6.097917567067376865e+00
2.084842700000000150e+03 -6.095143200568761799e+00
2.085313599999999951e+03 -6.095263919885788084e+00
2.117591100000000097e+03 -6.096470091485661769e+00
2.165583299999999781e+03 -6.094538540941224269e+00
2.166009900000000016e+03 -6.094647807826280683e+00
2.185832499999999982e+03 -6.096407292671310429e+00
2.201132000000000062e+03 -6.087150631188198879e+00
2.201202699999999822e+03 -6.087168908545764978e+00
2.212994599999999991e+03 -6.085054007307231672e+00
2.245068000000000211e+03 -6.080705684889871954e+00
2.253222900000000209e+03 -6.082096913524313031e+00
2.253832399999999780e+03 -6.082254481408848612e+00
2.278806999999999789e+03 -6.080228824391094911e+00
2.279409299999999803e+03 -6.080383513224164815e+00
2.317295500000000175e+03 -6.081044428665816959e+00
2.352124600000000100e+03 -6.077713821998081301e+00
2.352253099999999904e+03 -6.077746532952327030e+00
2.362501000000000204e+03 -6.076583993359398583e+00
2.403637700000000223e+03 -6.073749791168470580e+00
2.404628700000000208e+03 -6.074005984398289648e+00
2.407221000000000004e+03 -6.070316792820755758e+00
2.445181599999999889e+03 -6.074069911815935363e+00
2.445758400000000165e+03 -6.074219026099446417e+00
