1.002074099999999959e+02 -1.503830605425785061e+00
1.005221499999999963e+02 -1.503807453357885127e+00
1.274034699999999987e+02 -1.503595350364639094e+00
1.498361999999999910e+02 -1.503266782657417977e+00
1.499230599999999924e+02 -1.503120349033982173e+00
1.760479799999999955e+02 -1.502996998345256685e+00
1.994463499999999954e+02 -1.502948344619571497e+00
2.004207199999999887e+02 -1.502901134246450221e+00
2.243627899999999897e+02 -1.501693780722216820e+00
2.518039400000000114e+02 -1.502044479425860724e+00
2.528055999999999983e+02 -1.500931150847134132e+00
2.707048599999999965e+02 -1.496832992679224983e+00
2.973279499999999871e+02 -1.496815225108400149e+00
3.013496499999999969e+02 -1.497546803492698642e+00
3.253185300000000097e+02 -1.493006975228768241e+00
3.472734800000000064e+02 -1.489670707063630140e+00
3.525607299999999782e+02 -1.492798812127230867e+00
3.748082400000000121e+02 -1.483895341211844077e+00
3.962492199999999798e+02 -1.482492657909399103e+00
3.999676799999999730e+02 -1.480690113019769161e+00
4.224146799999999757e+02 -1.476270740192585862e+00
4.495303000000000111e+02 -1.475737466097714945e+00
4.543982899999999745e+02 -1.475644116731990474e+00
4.708631399999999871e+02 -1.470727139906411907e+00
4.952337299999999800e+02 -1.469233203197617188e+00
4.980740099999999870e+02 -1.470064663250336912e+00
5.218668999999999869e+02 -1.467453284739716146e+00
5.444329400000000305e+02 -1.465941289012791193e+00
5.528203399999999874e+02 -1.465473480436312315e+00
5.718447599999999511e+02 -1.462843025315291534e+00
6.012245000000000346e+02 -1.461492567754806959e+00
6.036556000000000495e+02 -1.462993892875819268e+00
6.156850299999999834e+02 -1.456979579633941091e+00
6.447951100000000224e+02 -1.456887976661760842e+00
6.478350799999999481e+02 -1.457385298291726139e+00
6.686254400000000260e+02 -1.454149700706653059e+00
6.998140300000000025e+02 -1.452991220638906400e+00
7.020610199999999850e+02 -1.453974412309584352e+00
7.169661499999999705e+02 -1.449090050314491451e+00
7.443728999999999587e+02 -1.446936333848999334e+00
7.453986800000000130e+02 -1.448929027051772511e+00
7.731021600000000262e+02 -1.446932369255055528e+00
7.935672399999999698e+02 -1.443441807120415143e+00
7.937857900000000200e+02 -1.443805247415914650e+00
8.182877999999999474e+02 -1.442613197056495711e+00
8.418148300000000290e+02 -1.440364901998740343e+00
8.441243200000000115e+02 -1.440540670866560236e+00
8.641668100000000550e+02 -1.437868501756150330e+00
8.954443400000000111e+02 -1.437952737632500977e+00
9.044035000000000082e+02 -1.439408335758443069e+00
9.162402299999999968e+02 -1.434735870700587057e+00
9.501837100000000191e+02 -1.434925957433200949e+00
9.584625800000000027e+02 -1.435622285869708081e+00
9.664541799999999512e+02 -1.432399753322080915e+00
9.893186899999999468e+02 -1.428687694340150083e+00
9.991449499999999944e+02 -1.432358346591500187e+00
1.016998699999999985e+03 -1.428630776123708923e+00
1.043656999999999925e+03 -1.427211313155713146e+00
1.054662900000000036e+03 -1.428669472138235363e+00
1.071944999999999936e+03 -1.426665785770367068e+00
1.097621599999999944e+03 -1.424984443028141534e+00
1.104544799999999896e+03 -1.424638516684153311e+00
1.113994799999999941e+03 -1.421412641161472035e+00
1.142154399999999896e+03 -1.423244107078105003e+00
1.143356999999999971e+03 -1.422149751746762059e+00
1.159184799999999996e+03 -1.417564828147166889e+00
1.191540500000000065e+03 -1.419907998010844441e+00
1.201602399999999989e+03 -1.419384224925914761e+00
1.216499900000000025e+03 -1.418322437543802383e+00
1.238887799999999970e+03 -1.414587155210961456e+00
1.240767499999999927e+03 -1.414716744585231778e+00
1.269746499999999969e+03 -1.415182187044019102e+00
1.297126500000000078e+03 -1.414859128954800482e+00
1.298493799999999965e+03 -1.415316358569343569e+00
1.320893399999999929e+03 -1.412672285328149924e+00
1.339821200000000090e+03 -1.409028810083946759e+00
1.349569600000000037e+03 -1.409599087689817232e+00
1.357288500000000113e+03 -1.407067556864776359e+00
1.391395299999999907e+03 -1.407841896414338212e+00
1.400462099999999964e+03 -1.406722940186281079e+00
1.417817299999999932e+03 -1.406452430068702686e+00
1.446779099999999971e+03 -1.404811197204269613e+00
1.460449399999999969e+03 -1.401014130579003814e+00
1.461337800000000016e+03 -1.408096028446945036e+00
1.484242899999999963e+03 -1.399725217927546561e+00
1.500010800000000017e+03 -1.399894298095925027e+00
1.522133499999999913e+03 -1.402902434707805845e+00
1.548598300000000108e+03 -1.401163102829052542e+00
1.550447300000000041e+03 -1.400352229690559280e+00
1.560784400000000005e+03 -1.396676214351958656e+00
1.606486900000000105e+03 -1.397930972172249486e+00
1.607998199999999997e+03 -1.399699548336163835e+00
1.614150100000000066e+03 -1.396228518279219788e+00
1.647555000000000064e+03 -1.393740749336040752e+00
1.662675700000000006e+03 -1.395485544118683752e+00
1.669971099999999979e+03 -1.395568527669681869e+00
1.698424099999999953e+03 -1.396107483873107125e+00
1.713096500000000106e+03 -1.394368940663345935e+00
1.725651299999999992e+03 -1.393835245537559331e+00
1.750335199999999986e+03 -1.388471461003712548e+00
1.760675500000000056e+03 -1.392431017484082378e+00
1.771306199999999990e+03 -1.389816808333283804e+00
1.806069300000000112e+03 -1.386965984456378642e+00
1.807644099999999980e+03 -1.386824709587903381e+00
1.818052100000000110e+03 -1.386263094957502329e+00
1.848285100000000057e+03 -1.383866429910569851e+00
1.854548700000000053e+03 -1.379365656539673690e+00
1.855814399999999978e+03 -1.382756522831482870e+00
1.890474699999999984e+03 -1.378091366136631857e+00
1.914595199999999977e+03 -1.385676730997555062e+00
1.927121200000000044e+03 -1.381829311239280322e+00
1.950537399999999934e+03 -1.376870907061980898e+00
1.961342799999999897e+03 -1.374121930543436898e+00
1.963153999999999996e+03 -1.379665319547376257e+00
1.995785599999999931e+03 -1.376769922931008416e+00
2.007676099999999906e+03 -1.367918604570482977e+00
2.013549299999999903e+03 -1.375063750131936935e+00
2.028683199999999943e+03 -1.368881263300440132e+00
2.042765200000000050e+03 -1.367612469337992742e+00
2.076549399999999878e+03 -1.370215582154042266e+00
2.098280499999999847e+03 -1.364425912045927003e+00
2.106726099999999860e+03 -1.363149161947732946e+00
2.112983400000000074e+03 -1.369013033054269801e+00
2.134182699999999841e+03 -1.361319954926449860e+00
2.136310300000000097e+03 -1.365918373906006789e+00
2.160346000000000004e+03 -1.359137576506613154e+00
2.202383200000000215e+03 -1.358173104121462416e+00
2.212069800000000214e+03 -1.365734376497587332e+00
2.218445600000000013e+03 -1.354623132162455335e+00
2.241758499999999913e+03 -1.356450357500986303e+00
2.261889099999999871e+03 -1.357994890862273873e+00
2.271728900000000067e+03 -1.354659069933603410e+00
2.298137299999999868e+03 -1.350129358631107390e+00
2.307774800000000141e+03 -1.355035204115686565e+00
2.319814100000000053e+03 -1.347600737397123716e+00
2.359404599999999846e+03 -1.342942732748750201e+00
2.371202200000000175e+03 -1.346338515332196284e+00
2.371997299999999996e+03 -1.340419242610763284e+00
2.399409099999999853e+03 -1.341108527172541809e+00
2.414869299999999839e+03 -1.338951317430909338e+00
2.421927099999999882e+03 -1.335806379602882732e+00
2.453218699999999899e+03 -1.329420407953070704e+00
