1.005771199999999936e+02 -3.474958189741756964e+00
1.258820900000000051e+02 -3.474553915928427994e+00
1.494936700000000087e+02 -3.474608009972617761e+00
1.752652600000000120e+02 -3.474577267187372254e+00
1.990711699999999951e+02 -3.474190962320194309e+00
2.242475399999999865e+02 -3.474352822044613820e+00
2.520036699999999996e+02 -3.474717780613187479e+00
2.731719400000000064e+02 -3.474042174201030786e+00
2.988245499999999879e+02 -3.473845826390938640e+00
3.215309100000000058e+02 -3.473271032292035265e+00
3.502264400000000251e+02 -3.473219522256732361e+00
3.736092300000000250e+02 -3.473144858295444504e+00
4.010388199999999870e+02 -3.472900262382337733e+00
4.188104000000000156e+02 -3.471302833416668676e+00
4.530411899999999719e+02 -3.471992292186608875e+00
4.722667999999999893e+02 -3.471397412699920526e+00
4.992920799999999986e+02 -3.470635766615432605e+00
5.188209100000000262e+02 -3.469396244800766027e+00
5.523153999999999542e+02 -3.469535849967856134e+00
5.674174199999999928e+02 -3.467124787713396383e+00
5.996873799999999619e+02 -3.467665820575903890e+00
6.162445300000000543e+02 -3.464374374179244764e+00
6.484584599999999455e+02 -3.464080903852504445e+00
6.723046699999999873e+02 -3.463343069444315248e+00
7.031872799999999870e+02 -3.462373704430184329e+00
7.186605399999999690e+02 -3.458947226952864273e+00
7.493007800000000316e+02 -3.459083482506247087e+00
7.617796499999999469e+02 -3.453130300442907252e+00
8.006805399999999509e+02 -3.454999645805998831e+00
8.177765900000000556e+02 -3.450473660709936219e+00
8.546122299999999541e+02 -3.450074261681973287e+00
8.637815500000000384e+02 -3.444703821941650812e+00
9.040282399999999825e+02 -3.445973037397867866e+00
9.264679300000000239e+02 -3.442448172103400594e+00
9.533756799999999885e+02 -3.439572232139405106e+00
9.682714499999999589e+02 -3.436768800693099646e+00
1.000295899999999961e+03 -3.435613756964541743e+00
1.019979199999999992e+03 -3.431468209021459881e+00
1.053750099999999975e+03 -3.429767608741526974e+00
1.061366899999999987e+03 -3.424037690361275921e+00
1.100229100000000017e+03 -3.423360904950781602e+00
1.126424500000000080e+03 -3.421875660761932725e+00
1.151203999999999951e+03 -3.419553077602951685e+00
1.164838600000000042e+03 -3.414956735002361299e+00
1.192116800000000012e+03 -3.413510168460820893e+00
1.215955699999999979e+03 -3.410065579627276744e+00
1.261952399999999898e+03 -3.407162422907705768e+00
1.265299400000000105e+03 -3.406323943877242577e+00
1.298278600000000097e+03 -3.403698644889526559e+00
1.308755900000000111e+03 -3.400312232478968077e+00
1.360076199999999972e+03 -3.400884050034716832e+00
1.361570699999999988e+03 -3.397089306878530390e+00
1.403402599999999893e+03 -3.389541483539452393e+00
1.408215599999999995e+03 -3.397888121298473507e+00
1.436358799999999974e+03 -3.388220741341642306e+00
1.470111000000000104e+03 -3.389895217181095433e+00
1.497692999999999984e+03 -3.386558941481294660e+00
1.507690100000000029e+03 -3.383823830513466913e+00
1.542240800000000036e+03 -3.381758978343123445e+00
1.565166500000000042e+03 -3.381477250712234373e+00
1.601313100000000077e+03 -3.380393920189882273e+00
1.615252300000000105e+03 -3.376776841784715266e+00
1.642114100000000008e+03 -3.372612816846777939e+00
1.656305200000000013e+03 -3.370204814420446837e+00
1.713670399999999972e+03 -3.368826586737187156e+00
1.719010500000000093e+03 -3.374908004486385060e+00
1.751540400000000091e+03 -3.368298956330137983e+00
1.772983999999999924e+03 -3.367374306344155244e+00
1.811690700000000106e+03 -3.364329720843561855e+00
1.835993400000000065e+03 -3.366042179890239794e+00
1.856630100000000084e+03 -3.361879213112542786e+00
1.868257100000000037e+03 -3.360316430567109602e+00
1.889082000000000107e+03 -3.356778190918353832e+00
1.899551699999999983e+03 -3.354229728269004784e+00
1.945859600000000000e+03 -3.354566141609881758e+00
1.975822799999999916e+03 -3.354661909857712843e+00
2.007672299999999950e+03 -3.348332999764541906e+00
2.019319500000000062e+03 -3.353234578340199334e+00
2.046146199999999908e+03 -3.347665132925611964e+00
2.063272800000000188e+03 -3.345308861204058015e+00
2.100411300000000210e+03 -3.342018492300998123e+00
2.113235599999999977e+03 -3.343316680788142481e+00
2.143614000000000033e+03 -3.339596827006973800e+00
2.153441699999999855e+03 -3.339118909943438851e+00
2.201832699999999932e+03 -3.334489724388862708e+00
2.207298099999999977e+03 -3.340190904924873028e+00
2.245309600000000046e+03 -3.337648969678881361e+00
2.272026499999999942e+03 -3.339531089928295948e+00
2.296639700000000175e+03 -3.333369870699207649e+00
2.326774100000000089e+03 -3.336408839139013427e+00
2.359624699999999848e+03 -3.329298126772701760e+00
2.371157700000000204e+03 -3.332489590068624885e+00
2.405719000000000051e+03 -3.329151017798162915e+00
2.424203899999999976e+03 -3.329248478647631071e+00
2.430206299999999828e+03 -3.324208421276870773e+00
