9.961084200000000521e+01 -3.317059547828386634e+00
1.270017100000000028e+02 -3.316849313581452297e+00
1.492188600000000065e+02 -3.316543326792183333e+00
1.744845699999999908e+02 -3.316087889849938630e+00
1.991940500000000043e+02 -3.316248019293426275e+00
2.242811000000000092e+02 -3.315512017003901857e+00
2.483806099999999901e+02 -3.315196881239242277e+00
2.699595699999999852e+02 -3.313436829637390169e+00
2.985780399999999872e+02 -3.314179157471700332e+00
3.217878099999999790e+02 -3.312448478012691933e+00
3.483507299999999987e+02 -3.311831499691370695e+00
3.736586699999999723e+02 -3.310405146134848486e+00
4.025893899999999803e+02 -3.310027453883814808e+00
4.232105000000000246e+02 -3.307142819898994723e+00
4.491090699999999742e+02 -3.306362591738941870e+00
4.692699000000000069e+02 -3.301173488905298381e+00
5.023332899999999768e+02 -3.301629185321381055e+00
5.184623599999999897e+02 -3.297473153545810387e+00
5.502816699999999628e+02 -3.297396259619957082e+00
5.666263999999999896e+02 -3.292778119470431974e+00
5.961837600000000066e+02 -3.293282810828844553e+00
6.204918400000000247e+02 -3.288777344612490161e+00
6.463319800000000441e+02 -3.286391028028110117e+00
6.678587300000000369e+02 -3.285044662085729872e+00
6.977755100000000539e+02 -3.284940459149379155e+00
7.192996900000000551e+02 -3.281255702370776017e+00
7.476853700000000345e+02 -3.279594118437497041e+00
7.679077499999999645e+02 -3.278037353313330016e+00
7.944957699999999932e+02 -3.276058504387216352e+00
8.231480099999999993e+02 -3.276392709192364361e+00
8.503075000000000045e+02 -3.274371844959428568e+00
8.694082100000000537e+02 -3.271930000984996756e+00
9.070671999999999571e+02 -3.272029582962415528e+00
9.180405100000000402e+02 -3.268195172673633575e+00
9.504984600000000228e+02 -3.267704456637656296e+00
9.696960400000000391e+02 -3.265883218279400868e+00
1.008807800000000043e+03 -3.266058044558418416e+00
1.019308899999999994e+03 -3.262853593999650581e+00
1.043292599999999993e+03 -3.259645197245021553e+00
1.065674400000000105e+03 -3.259531073540165913e+00
1.094185500000000047e+03 -3.257113800004731274e+00
1.118357099999999946e+03 -3.259180775395837504e+00
1.141483799999999974e+03 -3.256745077028309954e+00
1.174370799999999917e+03 -3.258667690927536498e+00
1.194646300000000110e+03 -3.255175899984843468e+00
1.217389499999999998e+03 -3.254395689804166381e+00
1.239520500000000084e+03 -3.251752399975786023e+00
1.263535699999999906e+03 -3.251069752948788860e+00
1.306222099999999955e+03 -3.249220699720313466e+00
1.306275499999999965e+03 -3.251326963466275366e+00
1.351151599999999917e+03 -3.248609429914737667e+00
1.360503300000000081e+03 -3.248203552021374119e+00
1.393361000000000104e+03 -3.247639301647536225e+00
1.413634900000000016e+03 -3.245534640325583364e+00
1.453123000000000047e+03 -3.246110950944614437e+00
1.460982500000000073e+03 -3.243828876099381642e+00
1.498330400000000054e+03 -3.246925940674996180e+00
1.509943299999999908e+03 -3.241338649982358877e+00
1.563594200000000001e+03 -3.241936493272706610e+00
1.569569799999999987e+03 -3.246104447523605607e+00
1.597607500000000073e+03 -3.238899158666506573e+00
1.612424800000000005e+03 -3.240331242099232956e+00
1.656602300000000014e+03 -3.238966690907270962e+00
1.660047000000000025e+03 -3.243094951054941610e+00
1.673202600000000075e+03 -3.234654240068052022e+00
1.710520199999999932e+03 -3.236749883051587950e+00
1.749622399999999971e+03 -3.235570161755707552e+00
1.773531099999999924e+03 -3.238879980322986629e+00
1.795657899999999927e+03 -3.234308777924910228e+00
1.820472700000000032e+03 -3.234843529352423364e+00
1.861121599999999944e+03 -3.232428916244532768e+00
1.864758599999999888e+03 -3.233250895469869324e+00
1.898119200000000092e+03 -3.234488291232926471e+00
1.898350500000000011e+03 -3.229632200464104042e+00
1.930774599999999964e+03 -3.230701327056583860e+00
1.955831500000000005e+03 -3.231394381602875399e+00
2.001453800000000001e+03 -3.233945981945719250e+00
2.021578800000000001e+03 -3.233097911479091202e+00
2.056643599999999878e+03 -3.227717053341653930e+00
2.059533100000000104e+03 -3.233032487489867268e+00
2.096728099999999813e+03 -3.229875440614017101e+00
2.125049700000000030e+03 -3.229678971978786617e+00
2.141964500000000044e+03 -3.226436529090801031e+00
2.164052299999999832e+03 -3.228593540772878967e+00
2.187789000000000215e+03 -3.225962394831746849e+00
2.209860900000000129e+03 -3.226917250046864361e+00
2.246432999999999993e+03 -3.222932317873209218e+00
2.263696699999999964e+03 -3.225879095581677181e+00
2.292730100000000220e+03 -3.224005456805419279e+00
2.319969000000000051e+03 -3.225360607085231202e+00
2.361921299999999974e+03 -3.227979570035767853e+00
2.372953700000000026e+03 -3.225186845214157216e+00
2.407378099999999904e+03 -3.219578961356469371e+00
2.414664400000000114e+03 -3.225053903387897769e+00
2.461431199999999990e+03 -3.224931656583201356e+00
