1.000739499999999964e+02 -3.467640801099417747e+00
1.268927800000000019e+02 -3.467509683437237644e+00
1.481562900000000127e+02 -3.467309695815172343e+00
1.765450800000000129e+02 -3.467534016631915073e+00
1.976352200000000039e+02 -3.466560784825397867e+00
2.233887000000000000e+02 -3.466693180313804579e+00
2.486928599999999960e+02 -3.466465523885427835e+00
2.743373300000000086e+02 -3.466736031625575531e+00
3.024777399999999830e+02 -3.466790299622704907e+00
3.216311299999999846e+02 -3.465802691208200503e+00
3.501489300000000071e+02 -3.465694192296355336e+00
3.726965299999999957e+02 -3.465534594127482215e+00
3.996201899999999796e+02 -3.464353536602579275e+00
4.228418500000000222e+02 -3.464754162168573792e+00
4.499852000000000203e+02 -3.463627354612175857e+00
4.678604300000000080e+02 -3.462331349771610611e+00
5.011326000000000249e+02 -3.462758025877001877e+00
5.198947299999999814e+02 -3.461448986040044584e+00
5.535090699999999515e+02 -3.461386316116824347e+00
5.674472299999999905e+02 -3.458930479129803448e+00
5.968742899999999736e+02 -3.458501831364834356e+00
6.169195999999999458e+02 -3.456464830523393594e+00
6.490783599999999751e+02 -3.456242890447899896e+00
6.711571999999999889e+02 -3.455218011193588179e+00
7.047812699999999495e+02 -3.455408569064767121e+00
7.220440999999999576e+02 -3.452026096825294932e+00
7.562579100000000381e+02 -3.451281184245926337e+00
7.685685799999999972e+02 -3.447458292795606560e+00
8.137516900000000533e+02 -3.442347300248170150e+00
8.143039199999999482e+02 -3.447832521480338031e+00
8.511920400000000200e+02 -3.442634100527738106e+00
8.690641900000000533e+02 -3.438492805246789796e+00
8.944134800000000496e+02 -3.435609759033792621e+00
9.160415000000000418e+02 -3.433328602509049254e+00
9.468995099999999638e+02 -3.431493576052928152e+00
9.609353099999999586e+02 -3.427245659557597079e+00
1.010682199999999966e+03 -3.428681938517655681e+00
1.017104500000000030e+03 -3.423618335142537994e+00
1.053156199999999899e+03 -3.422661600736836895e+00
1.071789099999999962e+03 -3.420005545614457798e+00
1.093624099999999999e+03 -3.417809090294396945e+00
1.115535200000000032e+03 -3.411656326251074400e+00
1.149502999999999929e+03 -3.410559651134343451e+00
1.161853599999999915e+03 -3.407143988551301739e+00
1.197758800000000065e+03 -3.406200927895275843e+00
1.226585700000000088e+03 -3.405948747013050948e+00
1.254756499999999960e+03 -3.401987006174769235e+00
1.262142000000000053e+03 -3.397828881799651590e+00
1.298274499999999989e+03 -3.394920310380248996e+00
1.318523500000000013e+03 -3.395313842484514399e+00
1.358752700000000004e+03 -3.395995135246981267e+00
1.370251299999999901e+03 -3.390494772423229275e+00
1.407106600000000071e+03 -3.389167675518090395e+00
1.410634000000000015e+03 -3.382552456723663337e+00
1.463087899999999991e+03 -3.380359424856152373e+00
1.464233999999999924e+03 -3.385860935366519886e+00
1.505348700000000008e+03 -3.374026490476043083e+00
1.514986799999999903e+03 -3.383304259849282403e+00
1.551518299999999954e+03 -3.377069314160971558e+00
1.560594100000000026e+03 -3.372123812232693751e+00
1.594606899999999996e+03 -3.368544825875189996e+00
1.615942399999999907e+03 -3.369749007823132469e+00
1.647650799999999890e+03 -3.361130262134000901e+00
1.669258399999999938e+03 -3.371648172246393571e+00
1.702181299999999965e+03 -3.358956110161177566e+00
1.707917200000000093e+03 -3.366667480865851214e+00
1.745343900000000076e+03 -3.358657652409724914e+00
1.760793300000000045e+03 -3.356770040231744190e+00
1.799184099999999944e+03 -3.356218284526377271e+00
1.821907799999999952e+03 -3.355605382077818888e+00
1.858061500000000024e+03 -3.347528008764712126e+00
1.867853399999999965e+03 -3.356085157877118696e+00
1.884311699999999973e+03 -3.348687808731277027e+00
1.933344299999999976e+03 -3.353572596613209722e+00
1.941654299999999921e+03 -3.343677797118062234e+00
1.956377600000000029e+03 -3.345522329119603455e+00
1.990450100000000020e+03 -3.343837312936388084e+00
2.012840999999999894e+03 -3.344549223830687534e+00
2.030980600000000095e+03 -3.337973405950164008e+00
2.061517199999999775e+03 -3.334725754720410773e+00
2.091185899999999947e+03 -3.336406135852802546e+00
2.109781300000000101e+03 -3.335149403127790624e+00
2.156975300000000061e+03 -3.332167465761579628e+00
2.161001800000000003e+03 -3.330217911746102377e+00
2.178778600000000097e+03 -3.329898140009294405e+00
2.220023499999999785e+03 -3.331149562837593336e+00
2.244521400000000085e+03 -3.326033846663974280e+00
2.254147599999999784e+03 -3.323783758457542259e+00
2.301289299999999912e+03 -3.326120785743322816e+00
2.314481900000000223e+03 -3.325823519496424296e+00
2.355004100000000108e+03 -3.321126813426342306e+00
2.357965999999999894e+03 -3.320098863866404848e+00
2.380028999999999996e+03 -3.317821212677292131e+00
2.403253000000000156e+03 -3.318488115884941969e+00
2.453767499999999927e+03 -3.319833859091302131e+00
