1.002728500000000054e+02 -3.435832867971683413e+00
1.285160700000000134e+02 -3.436064029890173455e+00
1.479111300000000142e+02 -3.435304529978821186e+00
1.748161800000000028e+02 -3.434997859444411716e+00
1.998266500000000008e+02 -3.434947026115887869e+00
2.247107000000000028e+02 -3.434624247521147478e+00
2.483441100000000006e+02 -3.434004461342351711e+00
2.735665900000000192e+02 -3.433783065356270647e+00
2.974482899999999859e+02 -3.432829594095653913e+00
3.224071799999999826e+02 -3.432749397407312220e+00
3.512863699999999767e+02 -3.433257935833796015e+00
3.732631499999999960e+02 -3.431716543806347719e+00
4.034615900000000011e+02 -3.431234158233606557e+00
4.192208499999999844e+02 -3.429335769699395353e+00
4.491525399999999877e+02 -3.429691761616484147e+00
4.702667999999999893e+02 -3.427492626087701222e+00
4.966633100000000240e+02 -3.426905240942779152e+00
5.239822699999999713e+02 -3.425778645827014302e+00
5.525271199999999681e+02 -3.424761965850618317e+00
5.676738699999999653e+02 -3.420119692919349585e+00
6.022286900000000287e+02 -3.420655539476107343e+00
6.221317000000000235e+02 -3.416877649887886559e+00
6.558609199999999646e+02 -3.416196347773130970e+00
6.713107599999999593e+02 -3.412240561128970118e+00
7.046972899999999527e+02 -3.412193036051105466e+00
7.177408100000000104e+02 -3.405482560411312587e+00
7.486801600000000008e+02 -3.405419019933244584e+00
7.620335599999999658e+02 -3.398718839665730851e+00
8.023267200000000230e+02 -3.398837998523800419e+00
8.168523300000000518e+02 -3.395139667160313568e+00
8.547710299999999961e+02 -3.393745377741426150e+00
8.698661899999999605e+02 -3.391213622846415365e+00
8.962818800000000010e+02 -3.388306699878867789e+00
9.200907999999999447e+02 -3.385515412928648882e+00
9.511487600000000384e+02 -3.384052299388702778e+00
9.606063299999999572e+02 -3.378567949353489031e+00
9.978641800000000330e+02 -3.379160918009384673e+00
1.020630999999999972e+03 -3.376872515269853992e+00
1.044120599999999968e+03 -3.372601313606327089e+00
1.062548800000000028e+03 -3.370084024783224663e+00
1.097516599999999926e+03 -3.369734725671565734e+00
1.114623299999999972e+03 -3.367633079401787022e+00
1.151915199999999913e+03 -3.364666206247801661e+00
1.170462299999999914e+03 -3.364878871806625593e+00
1.192285499999999956e+03 -3.361105429456626048e+00
1.209577700000000050e+03 -3.357308353732754824e+00
1.249762899999999945e+03 -3.358181660587269857e+00
1.269174400000000105e+03 -3.355611022996427106e+00
1.289726400000000012e+03 -3.351047521275903662e+00
1.304511199999999917e+03 -3.349251784940633581e+00
1.363096299999999928e+03 -3.347602573160269657e+00
1.366874600000000100e+03 -3.354082188515184360e+00
1.400286700000000110e+03 -3.345367398358867206e+00
1.410446300000000065e+03 -3.344811229503974470e+00
1.444719200000000001e+03 -3.342057829381396061e+00
1.472386799999999994e+03 -3.343701600754989123e+00
1.501256900000000087e+03 -3.341968933139427556e+00
1.509326999999999998e+03 -3.337301703564029776e+00
1.549957599999999957e+03 -3.337870605013002923e+00
1.553489900000000034e+03 -3.334060184413311312e+00
1.602281799999999976e+03 -3.337050057768291111e+00
1.625549500000000080e+03 -3.336441010178724742e+00
1.660975500000000011e+03 -3.334430193385196528e+00
1.668106500000000096e+03 -3.332342699466900982e+00
1.707387899999999945e+03 -3.333027084299592602e+00
1.724093100000000049e+03 -3.330027626410104524e+00
1.758740000000000009e+03 -3.328186402251098297e+00
1.764521300000000110e+03 -3.326516725310220135e+00
1.800087299999999914e+03 -3.326294645574255693e+00
1.811014100000000099e+03 -3.324781307392611573e+00
1.860248900000000049e+03 -3.323849194379138172e+00
1.869995100000000093e+03 -3.323225335156535287e+00
1.902849600000000009e+03 -3.323501037083409049e+00
1.904580500000000029e+03 -3.320074705000939819e+00
1.941533799999999928e+03 -3.311946665823189750e+00
1.954403800000000047e+03 -3.319429271967550221e+00
1.991714899999999943e+03 -3.319066385396020724e+00
2.007584599999999909e+03 -3.315043433613709123e+00
2.054600199999999859e+03 -3.312123965752275634e+00
2.069820799999999963e+03 -3.318672471876351615e+00
2.083931700000000092e+03 -3.311655806171637462e+00
2.113732500000000073e+03 -3.313456995630537971e+00
2.137571100000000115e+03 -3.310082449330579379e+00
2.164592599999999948e+03 -3.313199736482520308e+00
2.196031599999999798e+03 -3.311812638019218547e+00
2.210831000000000131e+03 -3.309676487187992233e+00
2.263950600000000122e+03 -3.310100951983193429e+00
2.264211400000000140e+03 -3.309518516454597936e+00
2.302484300000000076e+03 -3.305714827964763014e+00
2.305404700000000048e+03 -3.306049648709123545e+00
2.352131899999999860e+03 -3.304778959753156720e+00
2.370358299999999872e+03 -3.308280130556036980e+00
2.401607300000000123e+03 -3.300871391429300417e+00
2.408766900000000078e+03 -3.301916163966886586e+00
2.452891200000000026e+03 -3.301248016242816163e+00
