1.026767300000000063e+02 -4.243324357483439613e+00
1.274058600000000041e+02 -4.243182524302938852e+00
1.512205700000000093e+02 -4.243076837582138161e+00
1.754877899999999897e+02 -4.242646855463958921e+00
1.987020500000000141e+02 -4.242275519132638451e+00
2.238260300000000029e+02 -4.242053083930430901e+00
2.494619700000000080e+02 -4.242176210432251793e+00
2.731618199999999774e+02 -4.241692875708026556e+00
2.983955700000000206e+02 -4.241511844900184514e+00
3.193298500000000217e+02 -4.240298951159686247e+00
3.462748700000000213e+02 -4.240506735383930526e+00
3.719230000000000018e+02 -4.240297881959094184e+00
3.988935099999999920e+02 -4.240285154288549130e+00
4.188389999999999986e+02 -4.238690849923437476e+00
4.454133499999999799e+02 -4.238598351011440890e+00
4.694257299999999873e+02 -4.237822719717104114e+00
4.992082199999999830e+02 -4.238225984143801917e+00
5.207300500000000056e+02 -4.237010597453833682e+00
5.481690399999999954e+02 -4.236234541947431431e+00
5.690840600000000222e+02 -4.235200976054255051e+00
5.966494199999999637e+02 -4.234370575664381242e+00
6.206259199999999510e+02 -4.233327730552363555e+00
6.484022400000000061e+02 -4.232447857752493547e+00
6.668627000000000180e+02 -4.230353014216216678e+00
6.951294500000000198e+02 -4.229521614695383569e+00
7.203033299999999599e+02 -4.228481782465865813e+00
7.538810300000000097e+02 -4.228334126430578266e+00
7.688102800000000343e+02 -4.226577056316719982e+00
7.922459000000000060e+02 -4.223997578559822941e+00
8.217452700000000050e+02 -4.223903928053577062e+00
8.492292499999999791e+02 -4.222566737227207767e+00
8.726218099999999822e+02 -4.221252435357963684e+00
9.003831400000000258e+02 -4.219774142260189542e+00
9.030060700000000224e+02 -4.213355946696826670e+00
9.445676799999999957e+02 -4.214570733254777934e+00
9.669083600000000160e+02 -4.213245032742712226e+00
1.008487100000000055e+03 -4.214879625316417133e+00
1.024402199999999993e+03 -4.210920567879190557e+00
1.039956100000000106e+03 -4.207091367327242537e+00
1.067019399999999905e+03 -4.206452821083596305e+00
1.101414199999999937e+03 -4.204538027963530489e+00
1.118408300000000054e+03 -4.202931239378255412e+00
1.139078299999999899e+03 -4.199781206573043768e+00
1.174989399999999932e+03 -4.201542602183870656e+00
1.205684400000000096e+03 -4.200128593363392504e+00
1.219498000000000047e+03 -4.196037563074630050e+00
1.249877300000000105e+03 -4.194336769561623157e+00
1.275219800000000077e+03 -4.192936651491218747e+00
1.297367400000000089e+03 -4.188942014990335139e+00
1.324467399999999998e+03 -4.187194647858246022e+00
1.336138300000000072e+03 -4.181347773669202184e+00
1.379474400000000060e+03 -4.184907623223324435e+00
1.398630799999999908e+03 -4.180540017460157465e+00
1.409833100000000059e+03 -4.177508953823640070e+00
1.442815599999999904e+03 -4.175183510597665126e+00
1.467542699999999968e+03 -4.172834557873124517e+00
1.490930399999999963e+03 -4.170888885613813990e+00
1.522889400000000023e+03 -4.172168173538201685e+00
1.550892499999999927e+03 -4.169187249479061386e+00
1.568059600000000046e+03 -4.166899050093488377e+00
1.612353699999999890e+03 -4.170312759562890825e+00
1.621912700000000086e+03 -4.165551303296490815e+00
1.628166400000000067e+03 -4.157379641655229996e+00
1.673026599999999917e+03 -4.159412882636121189e+00
1.700715899999999920e+03 -4.153923753816429532e+00
1.714978499999999940e+03 -4.155917199129641304e+00
1.730764499999999998e+03 -4.149774349511832661e+00
1.758498299999999972e+03 -4.150003166920499531e+00
1.805179399999999987e+03 -4.152249819305215084e+00
1.809507399999999961e+03 -4.147973212095426021e+00
1.859210000000000036e+03 -4.147148702718993718e+00
1.874432600000000093e+03 -4.147051684767479429e+00
1.898160200000000032e+03 -4.141310105692691756e+00
1.912236400000000003e+03 -4.141538285752590198e+00
1.962077199999999948e+03 -4.141479454977592845e+00
1.973644099999999980e+03 -4.140071194412699107e+00
2.011138300000000072e+03 -4.137881635101926747e+00
2.022381699999999910e+03 -4.135598220855122520e+00
2.043946599999999989e+03 -4.134945108450730267e+00
2.065099799999999959e+03 -4.134458614488750960e+00
2.095779300000000148e+03 -4.126780014445221134e+00
2.108444300000000112e+03 -4.136378512670967567e+00
2.127014799999999923e+03 -4.125513826415121876e+00
2.171459299999999985e+03 -4.126956494624654859e+00
2.178254699999999957e+03 -4.126221484250056193e+00
2.194659299999999803e+03 -4.120058776908325449e+00
2.251097000000000207e+03 -4.126197794195506141e+00
2.260262799999999970e+03 -4.120871783361908847e+00
2.312724299999999857e+03 -4.126331235276847309e+00
2.316554599999999937e+03 -4.121909679378408242e+00
2.358336899999999787e+03 -4.123597354233443646e+00
2.370712300000000141e+03 -4.117732220591203252e+00
2.382248300000000199e+03 -4.115067142125461430e+00
2.391009100000000217e+03 -4.112807812776347660e+00
2.439841199999999844e+03 -4.114913971161691997e+00
