1.221535899999999941e+02 1.216329279462650170e+01
1.329938400000000058e+02 1.216674587828210896e+01
1.698170299999999884e+02 1.219793914105434496e+01
1.706219900000000109e+02 1.219767351923468368e+01
1.786675099999999929e+02 1.220866324038265738e+01
2.174456800000000101e+02 1.222990535314471927e+01
2.175392799999999909e+02 1.222817270506818588e+01
2.302736099999999908e+02 1.223429116629350766e+01
2.668621899999999982e+02 1.226276663952778456e+01
2.670841899999999782e+02 1.226479340525137474e+01
2.783822400000000243e+02 1.227055312436393208e+01
3.138636399999999753e+02 1.231409373091797299e+01
3.155257700000000227e+02 1.231343171178506068e+01
3.267108200000000124e+02 1.232290403012416036e+01
3.644040499999999838e+02 1.234729086098107054e+01
3.666224700000000212e+02 1.234654996946875549e+01
3.721970900000000029e+02 1.235520354162426138e+01
4.149684199999999805e+02 1.239104315082434304e+01
4.168090799999999945e+02 1.239126908202727506e+01
4.268648000000000025e+02 1.239955627925910697e+01
4.622499099999999999e+02 1.243557042540199475e+01
4.663096499999999764e+02 1.243555566863423678e+01
4.736655600000000277e+02 1.244423417463871395e+01
5.144188199999999824e+02 1.247991196824750659e+01
5.150805900000000292e+02 1.248010940362303955e+01
5.279475300000000288e+02 1.249425249338489685e+01
5.627638100000000350e+02 1.252995216771829767e+01
5.628108300000000099e+02 1.252997252188072430e+01
5.703972700000000486e+02 1.254209546102177875e+01
6.165208199999999579e+02 1.257871819662120849e+01
6.178072899999999663e+02 1.257856706696519389e+01
6.181601000000000568e+02 1.258664308976185531e+01
6.622699199999999564e+02 1.263198758396092103e+01
6.654769999999999754e+02 1.263208223081620218e+01
6.713691700000000537e+02 1.263987482190107947e+01
7.141364300000000185e+02 1.268245420313454019e+01
7.154638499999999794e+02 1.268235650315489593e+01
7.258359000000000378e+02 1.269925096682271537e+01
7.635547100000000000e+02 1.273659118664766865e+01
7.670383299999999736e+02 1.273723336047221544e+01
7.692841899999999669e+02 1.276135253409322168e+01
8.120482799999999770e+02 1.279357062894361974e+01
8.156166100000000370e+02 1.279301496030938345e+01
8.210335900000000038e+02 1.282174791369835098e+01
8.627215499999999793e+02 1.285113372684714150e+01
8.671216100000000324e+02 1.288069458579279569e+01
8.694018600000000561e+02 1.285073834724201092e+01
9.075448099999999840e+02 1.291214380215754254e+01
9.092059500000000298e+02 1.291149094239771955e+01
9.257071099999999433e+02 1.294039843272949319e+01
9.612833699999999908e+02 1.297538520252391514e+01
9.621777600000000348e+02 1.297478119275391784e+01
9.706257600000000139e+02 1.300750915937309138e+01
1.010032799999999952e+03 1.303768013433747086e+01
1.010629900000000021e+03 1.303805108894768949e+01
1.021257200000000012e+03 1.306481884795440784e+01
1.056357899999999972e+03 1.310244606146956947e+01
1.059869699999999966e+03 1.310194738449012775e+01
1.070349099999999908e+03 1.312656319967433305e+01
1.108616199999999935e+03 1.316394005699165426e+01
1.112629100000000108e+03 1.316448605739873834e+01
1.116324800000000096e+03 1.319902961530632979e+01
1.158915999999999940e+03 1.323299918583350276e+01
1.160744200000000092e+03 1.323282668430694109e+01
1.163408599999999979e+03 1.325400264604111555e+01
1.204942999999999984e+03 1.329718756360675691e+01
1.209084200000000010e+03 1.329708019539995867e+01
1.217492400000000089e+03 1.332218654589863505e+01
1.255589400000000069e+03 1.337654335436596931e+01
1.256995200000000068e+03 1.337551139833095881e+01
1.260624499999999898e+03 1.337630012212497377e+01
1.300105399999999918e+03 1.342896702625686878e+01
1.300215400000000045e+03 1.342947995115001092e+01
1.325644399999999905e+03 1.345152452676572352e+01
1.358970499999999902e+03 1.349519947079177484e+01
1.362014699999999948e+03 1.349486006513332015e+01
1.368502500000000055e+03 1.350898280073275082e+01
1.413436300000000074e+03 1.356753765520048916e+01
1.413702299999999923e+03 1.356963311622226698e+01
1.416062699999999950e+03 1.356675707307144130e+01
1.460917599999999993e+03 1.365838998575208585e+01
1.468998299999999972e+03 1.361789181762670431e+01
1.473066600000000108e+03 1.361771371870547576e+01
1.505735599999999977e+03 1.369643954813759379e+01
1.507695099999999911e+03 1.369701200895583071e+01
1.522030999999999949e+03 1.369706900061062349e+01
1.546181800000000067e+03 1.375298493791980370e+01
1.548569600000000037e+03 1.375306940769387332e+01
1.567218800000000101e+03 1.377245165886423628e+01
1.589263599999999997e+03 1.381895226948910960e+01
1.607974400000000060e+03 1.381900824343578371e+01
1.627686500000000024e+03 1.384554396499084028e+01
1.651707599999999957e+03 1.388174791369835148e+01
1.655337999999999965e+03 1.388216364746590870e+01
1.669544100000000071e+03 1.387476490942397689e+01
1.694540600000000040e+03 1.394592967636881653e+01
1.697432999999999993e+03 1.394620343985344846e+01
1.705150699999999915e+03 1.394661764705882234e+01
1.747582300000000032e+03 1.400854416853246320e+01
1.751871300000000019e+03 1.400843578261754629e+01
1.756300199999999904e+03 1.403604416853246661e+01
1.802243300000000090e+03 1.407461276205983935e+01
1.803479199999999992e+03 1.407431304701811570e+01
1.804384700000000066e+03 1.408904233665784567e+01
1.845910200000000032e+03 1.415439751679218183e+01
1.861507800000000088e+03 1.414924842255241266e+01
1.864101699999999937e+03 1.415390698147771253e+01
1.900519900000000007e+03 1.421633828617952311e+01
1.906669599999999946e+03 1.422230968858131561e+01
1.907437599999999975e+03 1.421678556889884071e+01
1.944918899999999894e+03 1.428539029106452141e+01
1.952191600000000108e+03 1.428520405047832398e+01
1.964079500000000053e+03 1.429397669448402119e+01
1.992531400000000076e+03 1.435853704457561442e+01
1.998061500000000024e+03 1.435868155912884170e+01
2.021728499999999940e+03 1.437368257683696271e+01
2.033424299999999903e+03 1.441474811723997540e+01
2.036404800000000023e+03 1.441490535314471622e+01
2.053096599999999853e+03 1.442940260533278973e+01
2.085045999999999822e+03 1.449636067575819176e+01
2.089006699999999910e+03 1.449664054549155168e+01
2.102787400000000162e+03 1.449603500915937460e+01
2.134318699999999808e+03 1.455490179116629257e+01
2.145475100000000111e+03 1.455506513331976493e+01
2.163503400000000056e+03 1.456982240993283284e+01
2.198266299999999774e+03 1.462718094850396788e+01
2.205087700000000041e+03 1.461175045796865390e+01
2.210763399999999820e+03 1.462802411968247540e+01
2.242875199999999950e+03 1.470204661103195498e+01
2.256130999999999858e+03 1.473808772644005849e+01
2.261225300000000061e+03 1.470176267046610974e+01
2.288287200000000212e+03 1.475138866273152694e+01
2.292206200000000081e+03 1.475105943415428555e+01
2.317256800000000112e+03 1.472758243435782610e+01
2.343688000000000102e+03 1.482894412782413873e+01
2.356157499999999800e+03 1.481844087115815256e+01
2.365486899999999878e+03 1.482914868715652368e+01
2.405144899999999780e+03 1.491704610217789373e+01
2.410834600000000137e+03 1.491782719316100270e+01
2.412462300000000141e+03 1.494162629757785510e+01
2.424023599999999988e+03 1.494171076735192294e+01
2.426536799999999857e+03 1.493713311622226669e+01
