9.937624300000000233e+01 1.744211785060044662e+01
1.004499299999999948e+02 1.744670516995725862e+01
1.264893299999999954e+02 1.746730968858131661e+01
1.502353699999999890e+02 1.747871310808060130e+01
1.505514499999999884e+02 1.748616527579889990e+01
1.744375900000000001e+02 1.750578668837777130e+01
2.001851000000000056e+02 1.753614899246896286e+01
2.005472800000000007e+02 1.752576836963159224e+01
2.247613299999999867e+02 1.756533075513942777e+01
2.485111699999999928e+02 1.758608182373295392e+01
2.518129900000000134e+02 1.758377264400569828e+01
2.723725800000000277e+02 1.762640596376959223e+01
3.021245400000000245e+02 1.765024933848972211e+01
3.029937300000000278e+02 1.765093730917972437e+01
3.224133100000000240e+02 1.768615916955017298e+01
3.492220699999999738e+02 1.771231783024628470e+01
3.519428100000000086e+02 1.771907846529615327e+01
3.704556299999999851e+02 1.778246387136169204e+01
4.012640499999999975e+02 1.781840168939547908e+01
4.014706499999999778e+02 1.783268064319153368e+01
4.209901699999999778e+02 1.789423671890901701e+01
4.510294799999999782e+02 1.793929269285568751e+01
4.531711999999999989e+02 1.794405658457154473e+01
4.702267699999999877e+02 1.801225218807246264e+01
4.937784199999999828e+02 1.804860573987380334e+01
4.979616500000000201e+02 1.805280124160390898e+01
5.167294399999999541e+02 1.813088031752493379e+01
5.456910599999999931e+02 1.817174129859556331e+01
5.534565099999999802e+02 1.818728882556482773e+01
5.687040299999999888e+02 1.823205373498880633e+01
5.997530299999999670e+02 1.830288927335640281e+01
6.019877300000000560e+02 1.828248473437817978e+01
6.163115599999999858e+02 1.835943669855485538e+01
6.474777299999999514e+02 1.840933391003460073e+01
6.508741899999999987e+02 1.840208121310807954e+01
6.669582799999999452e+02 1.847635049867697887e+01
7.003702200000000175e+02 1.853341288418481625e+01
7.020137099999999464e+02 1.852365001017708224e+01
7.157677999999999656e+02 1.861337777325462994e+01
7.418162800000000061e+02 1.864362711174435105e+01
7.528649699999999712e+02 1.864156930592305983e+01
7.669371200000000499e+02 1.874311011601872323e+01
7.879985100000000102e+02 1.878431253816405544e+01
8.090710000000000264e+02 1.876114492163647540e+01
8.160029899999999543e+02 1.885082790555668453e+01
8.473140899999999647e+02 1.887447384490128144e+01
8.536607299999999441e+02 1.888354111540810010e+01
8.648533300000000281e+02 1.894821748422552332e+01
8.877821800000000394e+02 1.899024679421941997e+01
9.075472600000000511e+02 1.902864899246895902e+01
9.109566399999999931e+02 1.908175096682271388e+01
9.453943000000000438e+02 1.913067117850600596e+01
9.535334900000000289e+02 1.912702625686953084e+01
9.683437099999999873e+02 1.915757785467127761e+01
9.995684700000000475e+02 1.922237482190107727e+01
1.005882700000000000e+03 1.924188632200284843e+01
1.020861899999999991e+03 1.926862456747404906e+01
1.050187799999999925e+03 1.934679167514756770e+01
1.052320600000000013e+03 1.938838235294117496e+01
1.073728299999999990e+03 1.939837115815183921e+01
1.092858999999999924e+03 1.944570476287400851e+01
1.106952600000000075e+03 1.947863779767962455e+01
1.116432999999999993e+03 1.952461021778954020e+01
1.146985200000000077e+03 1.956382963566049327e+01
1.153710800000000063e+03 1.958223539588846052e+01
1.163926300000000083e+03 1.961358233258701489e+01
1.203666099999999915e+03 1.969276104213311740e+01
1.205801500000000033e+03 1.966837879096275188e+01
1.214551099999999906e+03 1.973533533482597235e+01
1.248904399999999896e+03 1.981542184001628115e+01
1.249180399999999963e+03 1.982254172603297349e+01
1.274189300000000003e+03 1.990306482800732724e+01
1.289018700000000081e+03 1.995548646448198582e+01
1.293690000000000055e+03 1.988967891308772451e+01
1.317410300000000007e+03 1.993651892937105430e+01
1.343317199999999957e+03 1.999945857927946236e+01
1.362711600000000089e+03 2.001864288622023125e+01
1.365785800000000108e+03 2.007676114390392996e+01
1.401794100000000071e+03 2.016463973132505672e+01
1.406606099999999969e+03 2.015264909423977002e+01
1.410446300000000065e+03 2.023390189293710506e+01
1.440176099999999906e+03 2.025331721962141174e+01
1.447951600000000099e+03 2.024449877875025550e+01
1.460163600000000088e+03 2.029930439649908536e+01
1.495610200000000077e+03 2.038394412782414022e+01
1.497896300000000110e+03 2.038996183594545286e+01
1.507709499999999935e+03 2.040853348259719269e+01
1.542923600000000079e+03 2.045619886016690359e+01
1.554722400000000107e+03 2.047325106859352672e+01
1.567517200000000003e+03 2.055924180744962371e+01
1.599683399999999892e+03 2.052200132302055735e+01
1.609168100000000095e+03 2.066007429269285822e+01
1.628169499999999971e+03 2.061333095868105048e+01
1.644566600000000108e+03 2.075765265621819822e+01
1.654059199999999919e+03 2.069352788520252417e+01
1.660294799999999896e+03 2.071730103806228485e+01
1.696626999999999953e+03 2.077848514146142733e+01
1.709103499999999940e+03 2.083474964380215866e+01
1.714601899999999887e+03 2.084781243639324444e+01
1.749799899999999980e+03 2.101288622023203700e+01
1.750102900000000091e+03 2.099429981681253565e+01
1.751470199999999977e+03 2.089319407693873387e+01
1.776027100000000019e+03 2.111823885609607032e+01
1.807283100000000104e+03 2.102250305312436396e+01
1.816056800000000067e+03 2.115357826175452871e+01
1.851192999999999984e+03 2.118319356808467191e+01
1.853516800000000103e+03 2.105305668634235516e+01
1.855053300000000036e+03 2.120973234276409514e+01
1.885997399999999971e+03 2.124837980867087239e+01
1.908516300000000001e+03 2.132306177488296228e+01
1.910532899999999927e+03 2.125776765723590600e+01
1.956673099999999977e+03 2.149180541420720658e+01
1.962653399999999920e+03 2.140539588845919283e+01
1.981254500000000007e+03 2.144370394870750829e+01
1.999044200000000046e+03 2.155406269082027393e+01
2.001123100000000022e+03 2.158602279666191848e+01
2.022141399999999976e+03 2.160733564013840891e+01
2.036117299999999886e+03 2.166466517402808734e+01
2.058818800000000010e+03 2.161444484021982504e+01
2.064184900000000198e+03 2.173349124771015539e+01
2.073081700000000183e+03 2.169822409932831420e+01
2.095057499999999891e+03 2.176010227966619226e+01
2.112561299999999846e+03 2.187778953796051340e+01
2.147378900000000158e+03 2.191739568491756529e+01
2.152493899999999940e+03 2.195624567474048661e+01
2.157932499999999891e+03 2.193266181559128825e+01
2.183387799999999970e+03 2.203265062080195591e+01
2.209600300000000061e+03 2.206130113983309471e+01
2.213554200000000037e+03 2.205291115408100922e+01
2.245641399999999976e+03 2.218175452880113951e+01
2.253786099999999806e+03 2.220431508243435914e+01
2.260050400000000081e+03 2.220249236718909103e+01
2.303490099999999984e+03 2.229060655404030200e+01
2.304451599999999871e+03 2.228222725422348915e+01
2.310044300000000021e+03 2.230842713209851524e+01
2.347449700000000121e+03 2.246903063301445158e+01
2.348985999999999876e+03 2.254454711988601545e+01
2.358703500000000076e+03 2.246851109301852034e+01
2.398224099999999908e+03 2.261873905963769715e+01
2.403960700000000088e+03 2.250831671076735319e+01
2.418492299999999886e+03 2.261729391410543499e+01
2.463707499999999982e+03 2.271491705678811357e+01
