1.225477300000000014e+02 -1.520317960635478860e+00
1.327560100000000034e+02 -1.520113222448746804e+00
1.706992099999999937e+02 -1.519301493105915668e+00
1.708979500000000087e+02 -1.519477133514242517e+00
1.828372099999999989e+02 -1.519573592577152521e+00
2.195463499999999897e+02 -1.518129532710275953e+00
2.208420700000000068e+02 -1.518581640331528204e+00
2.280898699999999906e+02 -1.517387510681692975e+00
2.685440699999999765e+02 -1.516659486198161044e+00
2.694744099999999776e+02 -1.516788660341828576e+00
2.790860500000000002e+02 -1.516291423188310450e+00
3.174071500000000015e+02 -1.514726940727517679e+00
3.198543500000000108e+02 -1.515249576400908627e+00
3.236747799999999984e+02 -1.513155409883895963e+00
3.652721599999999853e+02 -1.511884735781222844e+00
3.677761499999999728e+02 -1.512623304581235395e+00
3.771635299999999802e+02 -1.511860173983741173e+00
4.141482300000000123e+02 -1.509206769733943077e+00
4.175294999999999845e+02 -1.510168570901298413e+00
4.268701699999999732e+02 -1.509403185722225427e+00
4.647345599999999877e+02 -1.506723026247877906e+00
4.696805200000000013e+02 -1.508095691607404865e+00
4.739711199999999849e+02 -1.505944821818558932e+00
5.138737599999999475e+02 -1.503545661381216147e+00
5.162171499999999469e+02 -1.504236300322679076e+00
5.239982400000000098e+02 -1.502783893868894216e+00
5.666323999999999614e+02 -1.500871925831083198e+00
5.668611799999999903e+02 -1.501026734579267163e+00
5.707440000000000282e+02 -1.498927783217484322e+00
6.137265700000000379e+02 -1.496892574478941196e+00
6.211026900000000524e+02 -1.498892161559965519e+00
6.225230800000000499e+02 -1.495944329104558213e+00
6.637928399999999556e+02 -1.493808681892689894e+00
6.670269100000000435e+02 -1.494730444398603586e+00
6.733539899999999534e+02 -1.493188784904300848e+00
7.122791600000000471e+02 -1.489645416697239710e+00
7.151491899999999760e+02 -1.490463297617516725e+00
7.204109200000000328e+02 -1.488691308407934955e+00
7.595544999999999618e+02 -1.486025286904847587e+00
7.600577299999999923e+02 -1.486100985379569694e+00
7.724101799999999685e+02 -1.486129572684656397e+00
8.062316399999999703e+02 -1.482769796071790491e+00
8.092272900000000391e+02 -1.483587534717748069e+00
8.149314299999999776e+02 -1.481959430836624847e+00
8.574754699999999730e+02 -1.480331970805905062e+00
8.589066100000000006e+02 -1.480654778217048495e+00
8.700859500000000253e+02 -1.480462273162484355e+00
9.088891700000000355e+02 -1.477896334283987922e+00
9.090855400000000373e+02 -1.477897283025980224e+00
9.128231100000000424e+02 -1.475961728115967597e+00
9.552749700000000530e+02 -1.474194775192049445e+00
9.605610299999999597e+02 -1.472780693927766338e+00
9.635524299999999585e+02 -1.476380256721835149e+00
1.003318399999999997e+03 -1.471101931679744235e+00
1.009152799999999957e+03 -1.472640720595046915e+00
1.019487300000000005e+03 -1.472302319284206851e+00
1.051287700000000086e+03 -1.469288112566129456e+00
1.059205899999999929e+03 -1.468265004820014763e+00
1.061201800000000048e+03 -1.471804290222366030e+00
1.105733300000000099e+03 -1.468562295175889876e+00
1.107544100000000071e+03 -1.469073675622262876e+00
1.116033200000000079e+03 -1.468196223246766241e+00
1.154808700000000044e+03 -1.465392505536103007e+00
1.158745599999999968e+03 -1.466449708755546144e+00
1.161711700000000064e+03 -1.464529195477903833e+00
1.195955899999999929e+03 -1.461629102477535636e+00
1.199933999999999969e+03 -1.462641338968399651e+00
1.209052300000000059e+03 -1.462189370441974390e+00
1.262767299999999977e+03 -1.463765315491503349e+00
1.264512799999999970e+03 -1.464292686560136891e+00
1.268420299999999997e+03 -1.462027664828551954e+00
1.288680599999999913e+03 -1.455772021729059285e+00
1.298526299999999992e+03 -1.458275554278720687e+00
1.319051500000000033e+03 -1.460416400430620598e+00
1.349111499999999978e+03 -1.456477403053515918e+00
1.359072100000000091e+03 -1.459076383485358175e+00
1.367765300000000025e+03 -1.457627483747082398e+00
1.400475400000000036e+03 -1.454455362828365850e+00
1.407736100000000079e+03 -1.456300900265287579e+00
1.424405400000000100e+03 -1.457207691736996935e+00
1.448747800000000097e+03 -1.454024959108531689e+00
1.453444199999999910e+03 -1.455232406020964486e+00
1.470761999999999944e+03 -1.456278097399233529e+00
1.504419699999999921e+03 -1.453007066372094425e+00
1.512545200000000023e+03 -1.451835432970223216e+00
1.516131200000000035e+03 -1.456080875349649473e+00
1.549874199999999973e+03 -1.450511521554159300e+00
1.554908899999999903e+03 -1.451783476433671671e+00
1.573280899999999974e+03 -1.452769468683806409e+00
1.594228399999999965e+03 -1.447828413093500632e+00
1.599230099999999993e+03 -1.449095704106877047e+00
1.624796700000000101e+03 -1.451747821182599152e+00
1.638443099999999959e+03 -1.444752279981986520e+00
1.645487100000000055e+03 -1.443115172910174548e+00
1.645835600000000113e+03 -1.446685879758750293e+00
1.703253099999999904e+03 -1.446117325730032599e+00
1.705132399999999961e+03 -1.446633235470001111e+00
1.720871799999999894e+03 -1.447011312567563879e+00
1.746193199999999933e+03 -1.443184103252419748e+00
1.751597199999999930e+03 -1.444569441197260717e+00
1.764674800000000005e+03 -1.444094775712425172e+00
1.797238000000000056e+03 -1.440492097311281139e+00
1.797869699999999966e+03 -1.437062385815508492e+00
1.798726799999999912e+03 -1.440872707377690798e+00
1.823952299999999923e+03 -1.433245873925113489e+00
1.841624900000000025e+03 -1.437705240131271989e+00
1.870981899999999996e+03 -1.441991637392070702e+00
1.896304499999999962e+03 -1.437156901948283272e+00
1.896577500000000100e+03 -1.437240199234956606e+00
1.925736499999999978e+03 -1.441270595794359899e+00
1.930822799999999916e+03 -1.432234956045120855e+00
1.933580799999999954e+03 -1.433031711332526603e+00
1.957933800000000019e+03 -1.435447281807688213e+00
1.987059400000000096e+03 -1.432283770038645709e+00
1.989477499999999964e+03 -1.432853228396363088e+00
2.019607199999999921e+03 -1.436902380123555201e+00
2.039433899999999994e+03 -1.429652137194125316e+00
2.048959499999999935e+03 -1.432082891060504792e+00
2.069445799999999963e+03 -1.433325933993725432e+00
2.092647500000000036e+03 -1.428307090526150791e+00
2.103415399999999863e+03 -1.431072132110245754e+00
2.114247299999999996e+03 -1.429261056644071326e+00
2.141352100000000064e+03 -1.426409394075366599e+00
2.141754500000000007e+03 -1.426540289981150789e+00
2.169609599999999773e+03 -1.429969456288322505e+00
2.177922700000000077e+03 -1.419326781225450418e+00
2.195042300000000068e+03 -1.423656517898321372e+00
2.207306500000000142e+03 -1.422865272706234308e+00
2.244716699999999946e+03 -1.418903743296074937e+00
2.250763399999999820e+03 -1.420471159118528615e+00
2.281887700000000223e+03 -1.423889331755150423e+00
2.299100100000000111e+03 -1.417393934304560510e+00
2.301142100000000028e+03 -1.417903157014712701e+00
2.307105100000000220e+03 -1.414562663603339487e+00
2.345960099999999784e+03 -1.413152030283248095e+00
2.348125500000000102e+03 -1.413711727523384365e+00
2.357472699999999804e+03 -1.411789929522671461e+00
2.393030900000000202e+03 -1.406154984562843602e+00
2.395342399999999998e+03 -1.406790361189203864e+00
2.413076399999999921e+03 -1.406973874484801268e+00
2.434740600000000086e+03 -1.408057353115514942e+00
2.438366599999999835e+03 -1.408926051007360458e+00
