1.000775399999999991e+02 -3.319143662831321784e+00
1.001839499999999958e+02 -3.319283628682243581e+00
1.283018999999999892e+02 -3.319243447944849379e+00
1.501090700000000027e+02 -3.318884088673160981e+00
1.521256700000000137e+02 -3.319102499099342296e+00
1.747994899999999916e+02 -3.318346842121443707e+00
1.999014999999999986e+02 -3.318393050460935800e+00
2.008461900000000071e+02 -3.318622769293040342e+00
2.255519899999999893e+02 -3.318180787196005177e+00
2.498187599999999975e+02 -3.317320147323146173e+00
2.498272900000000050e+02 -3.317494548712095703e+00
2.725568299999999908e+02 -3.316494035319622391e+00
2.978069300000000226e+02 -3.315832089850863529e+00
3.012736100000000192e+02 -3.316708145028193222e+00
3.219375200000000063e+02 -3.314581522571113936e+00
3.482996899999999982e+02 -3.314386084196095261e+00
3.503612899999999968e+02 -3.314050485844356686e+00
3.706382500000000277e+02 -3.311463763975170060e+00
4.020382299999999987e+02 -3.311338357018814627e+00
4.034275200000000154e+02 -3.311821727419395511e+00
4.248892500000000041e+02 -3.308461351209865509e+00
4.500253200000000220e+02 -3.307068674934893870e+00
4.513465299999999729e+02 -3.306992821037908037e+00
4.681004599999999982e+02 -3.302095213825824160e+00
5.014298299999999813e+02 -3.302811611118981805e+00
5.044675899999999729e+02 -3.302374461562427310e+00
5.195089199999999892e+02 -3.298297292474360543e+00
5.408400599999999940e+02 -3.296910992502448678e+00
5.452426100000000133e+02 -3.296039979954724863e+00
5.707564899999999852e+02 -3.293277134663205707e+00
5.979400900000000547e+02 -3.291481259705951068e+00
6.012414999999999736e+02 -3.293028308003396631e+00
6.267624200000000201e+02 -3.290738074468955165e+00
6.386671800000000303e+02 -3.286446162121973824e+00
6.513520700000000261e+02 -3.288908035567412291e+00
6.728617699999999786e+02 -3.287029427543465943e+00
6.960707499999999754e+02 -3.284179319347317438e+00
6.979067099999999755e+02 -3.285259894974873252e+00
7.187619399999999814e+02 -3.281794680440128342e+00
7.439495399999999563e+02 -3.280918022622588914e+00
7.549423000000000457e+02 -3.280530173214467826e+00
7.633326899999999569e+02 -3.276134886035069638e+00
7.983265499999999975e+02 -3.277082014568969637e+00
7.985300200000000359e+02 -3.278794039592057619e+00
8.173302800000000161e+02 -3.274343371265373559e+00
8.472414800000000241e+02 -3.274073823894993573e+00
8.565273200000000315e+02 -3.275446869402101058e+00
8.619806200000000445e+02 -3.269399908617006023e+00
8.936118599999999788e+02 -3.268216080176515881e+00
9.001476099999999860e+02 -3.271531999249616796e+00
9.186856800000000476e+02 -3.268053545517159986e+00
9.357372400000000425e+02 -3.267036616574396479e+00
9.467844900000000052e+02 -3.267805536594724725e+00
9.638409400000000460e+02 -3.264557071081566342e+00
1.000466900000000010e+03 -3.264849445652005411e+00
1.007759900000000016e+03 -3.265550778834603207e+00
1.008451800000000048e+03 -3.260627012895606303e+00
1.044752700000000004e+03 -3.262354485897105860e+00
1.062298800000000028e+03 -3.258910143839151896e+00
1.064634000000000015e+03 -3.261946721680048178e+00
1.091169499999999971e+03 -3.258655648840115493e+00
1.096305299999999988e+03 -3.258451959093215056e+00
1.112756499999999960e+03 -3.256868569286063053e+00
1.150437899999999900e+03 -3.256788670931157537e+00
1.153781700000000001e+03 -3.253337620285265519e+00
1.157904099999999971e+03 -3.256773839399690118e+00
1.194613299999999981e+03 -3.254508199277673874e+00
1.200418499999999995e+03 -3.255195759379067244e+00
1.209387600000000020e+03 -3.252452522755696851e+00
1.246468499999999949e+03 -3.255314421664804669e+00
1.264814300000000003e+03 -3.254557023555118445e+00
1.265597700000000032e+03 -3.251956881656551168e+00
1.302242700000000013e+03 -3.251739981417764991e+00
1.311685999999999922e+03 -3.254199835647638483e+00
1.322013500000000022e+03 -3.251661833124058543e+00
1.334712099999999964e+03 -3.248563949432303311e+00
1.342603299999999990e+03 -3.246113395538326341e+00
1.365456699999999955e+03 -3.248692429391047298e+00
1.395351300000000037e+03 -3.246103813468256494e+00
1.400986100000000079e+03 -3.249859524097530539e+00
1.412150599999999940e+03 -3.245780117270655296e+00
1.453226499999999987e+03 -3.242622340362564248e+00
1.455107999999999947e+03 -3.244371568693676267e+00
1.463966699999999946e+03 -3.249469931916073140e+00
1.490285599999999931e+03 -3.242694154117748973e+00
1.496778199999999970e+03 -3.243324635541002365e+00
1.520190399999999954e+03 -3.244188472268801249e+00
1.556916300000000092e+03 -3.244443738071642436e+00
1.558652199999999993e+03 -3.241221527817295112e+00
1.566911100000000033e+03 -3.242092013782194471e+00
1.598326600000000099e+03 -3.239122461106526352e+00
1.605625099999999975e+03 -3.241972834711620344e+00
1.627970399999999927e+03 -3.242904129497824695e+00
1.648515499999999975e+03 -3.239909320277330362e+00
1.652713600000000042e+03 -3.243343177738851946e+00
1.663825599999999895e+03 -3.238285258661533828e+00
1.706530899999999974e+03 -3.238863033246434320e+00
1.713222500000000082e+03 -3.239294044194269695e+00
1.716418599999999969e+03 -3.238281453756433947e+00
1.734306900000000041e+03 -3.236138379979506041e+00
1.752686200000000099e+03 -3.239483169663119888e+00
1.758818800000000010e+03 -3.236236083613821091e+00
1.791290099999999939e+03 -3.233301027245252257e+00
1.796817900000000009e+03 -3.234951476000013759e+00
1.816980000000000018e+03 -3.235929809160173143e+00
1.826139200000000073e+03 -3.230637152139955059e+00
1.831870799999999917e+03 -3.231367256517385655e+00
1.860033599999999979e+03 -3.232896934187855731e+00
1.895689800000000105e+03 -3.232729874555661631e+00
1.910167500000000018e+03 -3.232614516754301448e+00
1.911453600000000051e+03 -3.236586984961352886e+00
1.919489499999999907e+03 -3.226306242724790607e+00
1.950885999999999967e+03 -3.232308523540280198e+00
1.962302300000000059e+03 -3.231814057334856827e+00
2.001756699999999910e+03 -3.228348885631447729e+00
2.003429900000000089e+03 -3.231611738313957982e+00
2.015782999999999902e+03 -3.232559127892686845e+00
2.056256199999999808e+03 -3.232869294342992639e+00
2.060076100000000224e+03 -3.231554911429194821e+00
2.071943099999999959e+03 -3.233835773499088351e+00
2.100503099999999904e+03 -3.227118908735585379e+00
2.103287699999999859e+03 -3.228601250198672279e+00
2.105887900000000172e+03 -3.226472212062146294e+00
2.148882599999999911e+03 -3.228239243586952689e+00
2.167366300000000138e+03 -3.228091431867730954e+00
2.168889599999999973e+03 -3.232496480919851312e+00
2.208971500000000106e+03 -3.227236121544216463e+00
2.218850300000000061e+03 -3.231312937339381186e+00
2.230798999999999978e+03 -3.231088460074685642e+00
2.236451599999999871e+03 -3.225271477426526978e+00
2.244399100000000089e+03 -3.224835071120177865e+00
2.250912600000000111e+03 -3.223325270691964395e+00
2.295526600000000144e+03 -3.225818627555891993e+00
2.295578100000000177e+03 -3.222438749798537394e+00
2.307803699999999935e+03 -3.220607706890008526e+00
2.327323300000000017e+03 -3.222214465738943101e+00
2.352635000000000218e+03 -3.224096228528289476e+00
2.372922900000000027e+03 -3.224900030775720516e+00
2.399574500000000171e+03 -3.222738045982832311e+00
2.411425099999999929e+03 -3.222023013532813174e+00
2.420237099999999828e+03 -3.222054296751502900e+00
2.451763399999999820e+03 -3.222829396630500831e+00
