9.902459100000000092e+01 3.770791115408101035e+01
1.007804299999999955e+02 3.770480765316506933e+01
1.262308799999999991e+02 3.775809535925096583e+01
1.496656499999999994e+02 3.782482088337064852e+01
1.499396399999999971e+02 3.780319814777121934e+01
1.759928400000000011e+02 3.785401485853856940e+01
2.011238099999999918e+02 3.790007480154691422e+01
2.014889799999999980e+02 3.790435171992672281e+01
2.254702900000000056e+02 3.795425503765520148e+01
2.470223599999999919e+02 3.801868410339914561e+01
2.493448500000000081e+02 3.799545237125992259e+01
2.717135099999999852e+02 3.806981884795440152e+01
3.000532799999999725e+02 3.811501679218400795e+01
3.002264400000000251e+02 3.811911154081009556e+01
3.225171599999999899e+02 3.819767860777529478e+01
3.473543799999999919e+02 3.821348259719112406e+01
3.495215000000000032e+02 3.825471453287197221e+01
3.740559999999999832e+02 3.832897160594341557e+01
3.972206199999999967e+02 3.838141512314268056e+01
3.974347500000000082e+02 3.837699674333401134e+01
4.207624400000000264e+02 3.842372023203744646e+01
4.510412499999999909e+02 3.846268166089965490e+01
4.531850600000000213e+02 3.846649196010584149e+01
4.684235600000000090e+02 3.854936851211072479e+01
5.001171600000000126e+02 3.862557195196417581e+01
5.002673300000000154e+02 3.862434154284551369e+01
5.186900699999999915e+02 3.864895226948910789e+01
5.451618600000000470e+02 3.867502238957867178e+01
5.464113200000000461e+02 3.870383116222267006e+01
5.640124799999999823e+02 3.878993079584775217e+01
6.000689899999999852e+02 3.877645328719722784e+01
6.003031600000000481e+02 3.878269031141869050e+01
6.146473399999999856e+02 3.887496946875636183e+01
6.529682000000000244e+02 3.891510075310401362e+01
6.536943300000000363e+02 3.894241247710156983e+01
6.679174299999999675e+02 3.895597140240179357e+01
6.942041600000000017e+02 3.904436851211072934e+01
7.008039400000000114e+02 3.895332078159984235e+01
7.170286099999999578e+02 3.907081823732953296e+01
7.555317199999999502e+02 3.910251730103806267e+01
7.608215199999999641e+02 3.910801546916344051e+01
7.635909299999999575e+02 3.921047170771422685e+01
8.015837599999999838e+02 3.917087064929778251e+01
8.049853600000000142e+02 3.920942448605740083e+01
8.181211899999999559e+02 3.921814980663545214e+01
8.411131500000000187e+02 3.931799613270914051e+01
8.447117600000000266e+02 3.932959088133523551e+01
8.562462100000000191e+02 3.929824190922043670e+01
8.996537299999999959e+02 3.944685070221860457e+01
9.027371900000000551e+02 3.939205577040505091e+01
9.124608799999999746e+02 3.942403063301445343e+01
9.519624300000000403e+02 3.947934052513738834e+01
9.556131699999999682e+02 3.950765214736413355e+01
9.636511699999999792e+02 3.953521778953795973e+01
9.961728399999999510e+02 3.967835741909220104e+01
1.003873799999999960e+03 3.961163036841033858e+01
1.013163199999999961e+03 3.964624109505393790e+01
1.039603399999999965e+03 3.975557144311011371e+01
1.042902100000000019e+03 3.969795745980052715e+01
1.059409000000000106e+03 3.975123193568084190e+01
1.099386500000000069e+03 3.980953796051292670e+01
1.115083300000000008e+03 3.977937105638103077e+01
1.118355700000000070e+03 3.982262059841237800e+01
1.151834000000000060e+03 3.982893853042947541e+01
1.152796700000000101e+03 3.984869529818848122e+01
1.166598500000000058e+03 3.988207866883777797e+01
1.198994200000000092e+03 3.997944229594952503e+01
1.208686500000000024e+03 3.997312334622429830e+01
1.216774499999999989e+03 3.997616629350702055e+01
1.238497200000000021e+03 4.003283431711785312e+01
1.250849400000000060e+03 4.010650773458171869e+01
1.253051699999999983e+03 4.003517199267250248e+01
1.293916500000000042e+03 4.018861082841441146e+01
1.298248399999999947e+03 4.019613525340931659e+01
1.304568899999999985e+03 4.019060655404030058e+01
1.348722299999999905e+03 4.026151333197638849e+01
1.353440399999999954e+03 4.026322257276613215e+01
1.354249199999999973e+03 4.022932118868308748e+01
1.392898599999999988e+03 4.035236362711174252e+01
1.408774699999999939e+03 4.036676267046610889e+01
1.411963600000000042e+03 4.036536332179930753e+01
1.453029399999999896e+03 4.044243588438835957e+01
1.454936799999999948e+03 4.045034093222064087e+01
1.459218100000000049e+03 4.043801445145532369e+01
1.500591599999999971e+03 4.054548442906574479e+01
1.510701800000000048e+03 4.045454966415632470e+01
1.517122000000000071e+03 4.062088184408711555e+01
1.533607199999999921e+03 4.067851770812131207e+01
1.551057399999999916e+03 4.063434866680236013e+01
1.555160100000000057e+03 4.072281090983106111e+01
1.599251600000000053e+03 4.076721300630978817e+01
1.609988399999999956e+03 4.080178200692041202e+01
1.611423500000000104e+03 4.072859607164664908e+01
1.650402499999999918e+03 4.090942957459800766e+01
1.658940399999999954e+03 4.077772338693262810e+01
1.662473199999999906e+03 4.079494809688581114e+01
1.679640499999999975e+03 4.088782821086912378e+01
1.694359799999999950e+03 4.090381742316303360e+01
1.710083399999999983e+03 4.093453032770201361e+01
1.735347299999999905e+03 4.106001730103805869e+01
1.743231500000000096e+03 4.105934764909424217e+01
1.777965400000000045e+03 4.106333910034602042e+01
1.798742700000000013e+03 4.110979594952167560e+01
1.802316299999999956e+03 4.112210054956238992e+01
1.806886700000000019e+03 4.115022847547323437e+01
1.813130499999999984e+03 4.117964889069814660e+01
1.846055000000000064e+03 4.127995674740484588e+01
1.854998499999999922e+03 4.121157744758803432e+01
1.909360100000000102e+03 4.129318288214940225e+01
1.911480999999999995e+03 4.129567728475473132e+01
1.919049299999999903e+03 4.123597954406675825e+01
1.941452700000000050e+03 4.138024679421941698e+01
1.963691299999999956e+03 4.136898280073275203e+01
1.971065499999999929e+03 4.138857215550579838e+01
1.999714099999999917e+03 4.144058365560756840e+01
1.999739499999999907e+03 4.149074089151231703e+01
2.012063400000000001e+03 4.149601770812130752e+01
2.031738800000000083e+03 4.158658355383676053e+01
2.055283399999999801e+03 4.158717789537960385e+01
2.075615800000000036e+03 4.161121056381030314e+01
2.101740699999999833e+03 4.166427946265011428e+01
2.113767100000000028e+03 4.169299511500101829e+01
2.117194800000000214e+03 4.170194076938734185e+01
2.155376000000000204e+03 4.171651587624668878e+01
2.160528699999999844e+03 4.175946773865256034e+01
2.167342999999999847e+03 4.174679116629350517e+01
2.189724900000000162e+03 4.179981477712191662e+01
2.199226599999999962e+03 4.188904131894972238e+01
2.211586600000000089e+03 4.188871005495624189e+01
2.232156700000000001e+03 4.193581823732953495e+01
2.247051599999999780e+03 4.200129706900060711e+01
2.248360200000000077e+03 4.193221656828821864e+01
2.289443999999999960e+03 4.207395328719722727e+01
2.311013199999999870e+03 4.207780073274984289e+01
2.315516799999999876e+03 4.205490382658253168e+01
2.355491100000000188e+03 4.217668074496234709e+01
2.356549300000000130e+03 4.231956492977813866e+01
2.358614399999999932e+03 4.214180999389375160e+01
2.384226000000000113e+03 4.222512365153674097e+01
2.407043999999999869e+03 4.215890545491553354e+01
2.419072099999999864e+03 4.228591339303887509e+01
2.443370499999999993e+03 4.233984632607368326e+01
