9.872753199999999651e+01 -3.447656148810701815e+00
1.281813699999999869e+02 -3.447723585100364474e+00
1.501095400000000097e+02 -3.447290835457387903e+00
1.752564399999999978e+02 -3.446876941041367548e+00
1.993142300000000091e+02 -3.446667801833024569e+00
2.235677900000000022e+02 -3.445745483122223174e+00
2.508994700000000080e+02 -3.445852534612959595e+00
2.755924899999999980e+02 -3.445231846636778616e+00
3.006070500000000152e+02 -3.444289693288511423e+00
3.242899199999999951e+02 -3.443738921878116699e+00
3.501820999999999913e+02 -3.442890483664712509e+00
3.709105500000000006e+02 -3.441529630145250707e+00
4.017518699999999967e+02 -3.441552236885192517e+00
4.197902300000000082e+02 -3.439548506168194297e+00
4.523505000000000109e+02 -3.439977178994944040e+00
4.762818300000000136e+02 -3.438954103719585209e+00
5.017103000000000179e+02 -3.436916786628553488e+00
5.238019199999999955e+02 -3.435455866662708413e+00
5.528265099999999848e+02 -3.433729248107448395e+00
5.719207099999999855e+02 -3.432090372094523278e+00
5.971774199999999837e+02 -3.431197487365830856e+00
6.183852000000000544e+02 -3.428185107491317662e+00
6.453508799999999610e+02 -3.426111086390454030e+00
6.706238700000000108e+02 -3.424157124389898499e+00
6.944372299999999996e+02 -3.421588082357430505e+00
7.255428600000000188e+02 -3.420446726615830269e+00
7.458503399999999601e+02 -3.416995108289430316e+00
7.706735499999999774e+02 -3.414336430368462239e+00
7.971081500000000233e+02 -3.412476223816179655e+00
8.181964600000000019e+02 -3.409525264694740709e+00
8.549448399999999992e+02 -3.410030693745063068e+00
8.679780299999999897e+02 -3.405721628604176932e+00
8.982207899999999654e+02 -3.405401067008726912e+00
9.162271399999999630e+02 -3.399831814987618106e+00
9.458289499999999634e+02 -3.399436487277133434e+00
9.698932099999999537e+02 -3.395876995453440905e+00
9.977752699999999777e+02 -3.395144853419500564e+00
1.020929399999999987e+03 -3.392700929745851024e+00
1.051691000000000031e+03 -3.389493635603499921e+00
1.060265000000000100e+03 -3.386570911946864104e+00
1.093040999999999940e+03 -3.385424986863242669e+00
1.117814399999999978e+03 -3.383591056734852387e+00
1.145939399999999978e+03 -3.381243824147999177e+00
1.170297600000000102e+03 -3.380857309250318465e+00
1.203663099999999986e+03 -3.379575770254721334e+00
1.210977799999999888e+03 -3.374628886736808830e+00
1.258980099999999993e+03 -3.374331333361912488e+00
1.263826600000000099e+03 -3.372115035771550584e+00
1.289346199999999953e+03 -3.371908269254618951e+00
1.320911900000000060e+03 -3.369996780952776216e+00
1.357668200000000070e+03 -3.368956730511512454e+00
1.361985400000000027e+03 -3.363372985673027671e+00
1.392968299999999999e+03 -3.360285541921404828e+00
1.421415999999999940e+03 -3.362244764443971690e+00
1.461768499999999904e+03 -3.358935288705518829e+00
1.471565399999999954e+03 -3.362770801453497604e+00
1.508645400000000109e+03 -3.354115828166902791e+00
1.512004899999999907e+03 -3.360300171516636958e+00
1.548763099999999895e+03 -3.352877852238775880e+00
1.561638899999999921e+03 -3.352603917904449560e+00
1.603241700000000037e+03 -3.351395656581555471e+00
1.617353599999999915e+03 -3.351194586258139374e+00
1.658941199999999981e+03 -3.348957105385814259e+00
1.659104000000000042e+03 -3.347808524810471642e+00
1.698497200000000021e+03 -3.344938665415479129e+00
1.714357899999999972e+03 -3.344997246103181610e+00
1.741429000000000087e+03 -3.345444982547270296e+00
1.778008299999999963e+03 -3.346853220489604208e+00
1.806392000000000053e+03 -3.343457916870907098e+00
1.815785100000000057e+03 -3.341843883570288387e+00
1.851271799999999985e+03 -3.336045380144274208e+00
1.856585299999999961e+03 -3.342370023034704651e+00
1.897539700000000039e+03 -3.335390229403629281e+00
1.925332100000000082e+03 -3.339515327770393949e+00
1.948920599999999922e+03 -3.333240689044409955e+00
1.955643199999999979e+03 -3.337291458461144611e+00
2.008423199999999952e+03 -3.336542438871435756e+00
2.008969399999999951e+03 -3.334085637153649362e+00
2.048332800000000134e+03 -3.334509111927652647e+00
2.070909099999999853e+03 -3.333698221698649711e+00
2.119386100000000170e+03 -3.333045319334569712e+00
2.119691499999999905e+03 -3.332410196411460301e+00
2.143118199999999888e+03 -3.325022031627054453e+00
2.170416700000000219e+03 -3.331623660322386549e+00
2.189569899999999961e+03 -3.324949711317493062e+00
2.216812699999999950e+03 -3.329567827895375309e+00
2.252431199999999990e+03 -3.328898756644334433e+00
2.268896400000000085e+03 -3.326288556643080874e+00
2.310110400000000027e+03 -3.324215483980463404e+00
2.312830599999999777e+03 -3.324266308045758844e+00
2.353123900000000049e+03 -3.320427025587965097e+00
2.379182400000000143e+03 -3.326800497493552111e+00
2.407456799999999930e+03 -3.322748757310922230e+00
2.409509100000000217e+03 -3.320003824131724013e+00
2.451555800000000090e+03 -3.320398259955197773e+00
