9.917928700000000219e+01 -6.236922132482776604e+00
1.269411699999999996e+02 -6.236873404288298062e+00
1.493387899999999888e+02 -6.236704953922240335e+00
1.760512099999999975e+02 -6.236698881603927269e+00
1.992337799999999959e+02 -6.236122222713591512e+00
2.240355199999999911e+02 -6.236217560826517570e+00
2.506533300000000111e+02 -6.236085767981545125e+00
2.742548300000000268e+02 -6.236116596670189693e+00
3.031205800000000181e+02 -6.236258084362757081e+00
3.216835500000000252e+02 -6.235208213104752595e+00
3.503517699999999877e+02 -6.234968389074330375e+00
3.720322600000000079e+02 -6.234765675981945421e+00
4.031467900000000100e+02 -6.234786299471769766e+00
4.227598300000000222e+02 -6.234276567158635984e+00
4.541167500000000246e+02 -6.234044363771595876e+00
4.743498299999999972e+02 -6.233971231897774246e+00
4.996262699999999768e+02 -6.232260223667558385e+00
5.189668299999999590e+02 -6.231800648261995867e+00
5.505997099999999591e+02 -6.231303942349010860e+00
5.722319700000000466e+02 -6.231136084269055964e+00
6.040604899999999589e+02 -6.230451302636620170e+00
6.161615199999999959e+02 -6.228067243771946870e+00
6.606440199999999550e+02 -6.229529709277611182e+00
6.626657900000000154e+02 -6.225673179028030191e+00
6.998771699999999782e+02 -6.226018178635828626e+00
7.142355900000000020e+02 -6.224098119324278144e+00
7.499878700000000435e+02 -6.224282684362694162e+00
7.672286100000000033e+02 -6.222981057494148871e+00
7.957612599999999929e+02 -6.221920515250011441e+00
8.163555300000000443e+02 -6.219950121096837314e+00
8.565077599999999620e+02 -6.220477839620174088e+00
8.685395800000000008e+02 -6.217596039213400871e+00
8.983632000000000062e+02 -6.216049983378530541e+00
9.195991500000000087e+02 -6.214111647662610594e+00
9.600658100000000559e+02 -6.213982305358924485e+00
9.667391300000000456e+02 -6.209845492659301414e+00
1.008774800000000027e+03 -6.210793966892159901e+00
1.020143000000000029e+03 -6.207176288350109594e+00
1.053721900000000005e+03 -6.204390076265560161e+00
1.062019600000000082e+03 -6.201175437093585430e+00
1.093286700000000110e+03 -6.201749954421248212e+00
1.114711900000000014e+03 -6.197541186789639944e+00
1.158473700000000008e+03 -6.192574715380767536e+00
1.158768900000000031e+03 -6.197693265344939029e+00
1.196533100000000104e+03 -6.192135993688244966e+00
1.215399599999999964e+03 -6.188100271824953147e+00
1.259653499999999894e+03 -6.186378766892936198e+00
1.264632399999999961e+03 -6.183308594346463849e+00
1.300269399999999905e+03 -6.181556172190433074e+00
1.308756399999999985e+03 -6.176392200941039690e+00
1.344094100000000026e+03 -6.174393973082168863e+00
1.370038099999999986e+03 -6.173799975538980966e+00
1.394500800000000027e+03 -6.168069826674009271e+00
1.417126899999999978e+03 -6.169041248961591783e+00
1.448273799999999937e+03 -6.165836473185405175e+00
1.466641000000000076e+03 -6.160422435612639802e+00
1.479602499999999964e+03 -6.158955920020919628e+00
1.513105600000000095e+03 -6.158407388740334554e+00
1.555645299999999907e+03 -6.157770308870397002e+00
1.563386999999999944e+03 -6.152166359659346995e+00
1.593964899999999943e+03 -6.149751286380605642e+00
1.620051899999999932e+03 -6.148612128139015809e+00
1.655182999999999993e+03 -6.148566392774048595e+00
1.664002400000000080e+03 -6.143732094637460506e+00
1.701840400000000045e+03 -6.142947107530631001e+00
1.710723500000000058e+03 -6.137720158447478980e+00
1.742029899999999998e+03 -6.129030970352121521e+00
1.745445600000000013e+03 -6.135468138877346433e+00
1.806638400000000047e+03 -6.132274872842472746e+00
1.815427599999999984e+03 -6.128925236364534790e+00
1.852489299999999957e+03 -6.129233576128596539e+00
1.864142299999999977e+03 -6.121764732686794552e+00
1.911417699999999968e+03 -6.119678915169284750e+00
1.916193600000000060e+03 -6.122422841546581118e+00
1.948380499999999984e+03 -6.118425965759288765e+00
1.967372499999999945e+03 -6.115241943182231132e+00
1.997606700000000046e+03 -6.113219901406206525e+00
2.006703600000000051e+03 -6.110376740061157719e+00
2.043864800000000059e+03 -6.109511433535200986e+00
2.085313200000000052e+03 -6.111372100621931480e+00
2.105944899999999961e+03 -6.100633141468585485e+00
2.114208599999999933e+03 -6.103869614919725350e+00
2.150166200000000117e+03 -6.098612653118900440e+00
2.160885999999999967e+03 -6.097402660668830521e+00
2.188199900000000071e+03 -6.092858413049897948e+00
2.208560100000000148e+03 -6.094793006836312088e+00
2.268981200000000172e+03 -6.092060733558394503e+00
2.271158800000000156e+03 -6.097083792353877207e+00
2.300446500000000015e+03 -6.087299251591861804e+00
2.315708700000000135e+03 -6.086645811146798479e+00
2.344302799999999934e+03 -6.081683487538082744e+00
2.398089100000000144e+03 -6.092515856101291760e+00
2.399109800000000178e+03 -6.082842316421868567e+00
2.413300299999999879e+03 -6.080959754242843296e+00
2.444494000000000142e+03 -6.076644036286531048e+00
