1.033040400000000005e+02 -4.546563163029087917e+00
1.269919299999999964e+02 -4.545944281694763944e+00
1.528692499999999939e+02 -4.546111541871440842e+00
1.767279599999999959e+02 -4.545233136804571750e+00
1.986110199999999963e+02 -4.544034756266827735e+00
2.269554699999999912e+02 -4.543867042358840536e+00
2.494175500000000056e+02 -4.542400631720413529e+00
2.777567399999999793e+02 -4.541749418775234304e+00
2.995593499999999949e+02 -4.539598172327908188e+00
3.243898500000000240e+02 -4.537568897844677984e+00
3.487115499999999884e+02 -4.535935973634270368e+00
3.780319000000000074e+02 -4.534388043708082350e+00
4.000006200000000263e+02 -4.531300806560951244e+00
4.257019900000000234e+02 -4.528467359316977969e+00
4.511098400000000197e+02 -4.525726207576360238e+00
4.739099400000000060e+02 -4.521993782692447894e+00
4.994197800000000029e+02 -4.519147102424827978e+00
5.262586400000000140e+02 -4.516128734664847322e+00
5.510067000000000235e+02 -4.512537490360871928e+00
5.722182699999999613e+02 -4.508381015984120666e+00
6.003770600000000286e+02 -4.505331649662256410e+00
6.233694299999999657e+02 -4.501632290873464726e+00
6.489602800000000116e+02 -4.498043323098095847e+00
6.719222300000000132e+02 -4.494574142063245681e+00
6.974839399999999614e+02 -4.490656197907613389e+00
7.251380299999999579e+02 -4.489180915920060855e+00
7.473266200000000481e+02 -4.485196570837810093e+00
7.720534800000000359e+02 -4.482652359650824536e+00
7.969364500000000362e+02 -4.479676289438543790e+00
8.201425900000000411e+02 -4.477444773323077776e+00
8.428857199999999921e+02 -4.474297406841244218e+00
8.643669899999999870e+02 -4.472240728558934286e+00
9.036012500000000500e+02 -4.472643335881781645e+00
9.132909899999999652e+02 -4.468025387443761431e+00
9.432502899999999499e+02 -4.466050027374389053e+00
9.660585600000000568e+02 -4.465000103362634754e+00
1.003556900000000041e+03 -4.464981724236761984e+00
1.019316400000000044e+03 -4.462716412198784788e+00
1.046220000000000027e+03 -4.461746024657037957e+00
1.072834299999999985e+03 -4.460622839978117149e+00
1.100656500000000051e+03 -4.458653718769821417e+00
1.107049700000000030e+03 -4.455147318701866865e+00
1.148830699999999979e+03 -4.455285756605792180e+00
1.160889899999999898e+03 -4.454004205652632997e+00
1.193564100000000053e+03 -4.453213654673173316e+00
1.206283699999999953e+03 -4.451957755975223918e+00
1.235501500000000078e+03 -4.450768720897908537e+00
1.268105399999999918e+03 -4.452820824383256770e+00
1.307177300000000059e+03 -4.450600041763972392e+00
1.311671299999999974e+03 -4.454980484824883291e+00
1.354419399999999996e+03 -4.449653132325678051e+00
1.361123599999999897e+03 -4.453369763742624166e+00
1.391068199999999933e+03 -4.450079693599528596e+00
1.420209100000000035e+03 -4.452497126804471961e+00
1.448339500000000044e+03 -4.450378493563209581e+00
1.457805000000000064e+03 -4.449231375760628104e+00
1.495491700000000037e+03 -4.451508485664232850e+00
1.522320600000000013e+03 -4.453793669648849374e+00
1.561056000000000040e+03 -4.451836546413384887e+00
1.567082100000000082e+03 -4.452273051543543581e+00
1.611361699999999928e+03 -4.452646782065147413e+00
1.611676500000000033e+03 -4.451240580171580419e+00
1.645022600000000011e+03 -4.451676802197504834e+00
1.664238299999999981e+03 -4.453160268574161584e+00
1.700854900000000043e+03 -4.451831711287526083e+00
1.714357999999999947e+03 -4.454265387159732192e+00
1.753606299999999919e+03 -4.454807284594672012e+00
1.757573399999999992e+03 -4.452412087502909621e+00
1.799934400000000096e+03 -4.454508730744000111e+00
1.801280199999999923e+03 -4.452925698333562998e+00
1.836033300000000054e+03 -4.452920956059929658e+00
1.873736000000000104e+03 -4.459352263344564804e+00
1.906226799999999912e+03 -4.457112355991283081e+00
1.917673800000000028e+03 -4.460631016658483716e+00
1.949954199999999901e+03 -4.456164825814658670e+00
1.955565299999999979e+03 -4.459924026863836488e+00
1.995691299999999956e+03 -4.458585662557732476e+00
2.000747599999999920e+03 -4.458048780543199641e+00
2.051021699999999782e+03 -4.460134889302494798e+00
2.065813700000000154e+03 -4.462815775149160835e+00
2.096907600000000002e+03 -4.459492575652113544e+00
2.100265100000000075e+03 -4.462095087083136846e+00
2.162472800000000007e+03 -4.466127911609383716e+00
2.175543599999999969e+03 -4.467461889166166600e+00
2.212361499999999978e+03 -4.465481067031859652e+00
2.215326599999999871e+03 -4.466001675246520364e+00
2.253213099999999940e+03 -4.467146791997453015e+00
2.271177000000000135e+03 -4.470015731285547744e+00
2.308943600000000060e+03 -4.470109497336964388e+00
2.318408600000000206e+03 -4.470015374638360406e+00
2.352809999999999945e+03 -4.469942965543302726e+00
2.355059699999999793e+03 -4.470546845590437357e+00
2.395791799999999967e+03 -4.470583570364010662e+00
2.417263800000000174e+03 -4.475454579054210846e+00
2.434965400000000045e+03 -4.469234031387190775e+00
