9.988731599999999844e+01 -3.837429464768281395e+00
1.267095800000000025e+02 -3.837284325439491717e+00
1.484158700000000124e+02 -3.836892831316061070e+00
1.484534099999999910e+02 -3.836902434382633231e+00
1.765465000000000089e+02 -3.837277514200366113e+00
2.008374100000000055e+02 -3.837025852632957701e+00
2.008625299999999925e+02 -3.837032397538477912e+00
2.267884500000000116e+02 -3.837138081746094276e+00
2.481668099999999981e+02 -3.836154992544493325e+00
2.481756000000000029e+02 -3.836157315819898717e+00
2.710212799999999902e+02 -3.834707588175331860e+00
3.019408399999999801e+02 -3.835431217360704359e+00
3.019662599999999770e+02 -3.835437687165979437e+00
3.247664100000000076e+02 -3.834596940178548685e+00
3.513965200000000095e+02 -3.834094421164686128e+00
3.515386799999999994e+02 -3.834131274125762268e+00
3.681665699999999788e+02 -3.832013112374341279e+00
4.013337200000000280e+02 -3.832405820074476832e+00
4.015050200000000018e+02 -3.832450206305700213e+00
4.238618900000000167e+02 -3.832055518017039031e+00
4.506498500000000149e+02 -3.830508318888622199e+00
4.508044899999999870e+02 -3.830548245521943951e+00
4.700600699999999961e+02 -3.829595604005159526e+00
5.006428399999999783e+02 -3.829720869710232733e+00
5.008767500000000155e+02 -3.829781289216741769e+00
5.201713499999999613e+02 -3.827158091955273900e+00
5.550927699999999732e+02 -3.826904120011627164e+00
5.551383799999999837e+02 -3.826916216417113326e+00
5.719505000000000337e+02 -3.824607538088140135e+00
5.996341800000000148e+02 -3.822419877208867778e+00
5.998642399999999952e+02 -3.822479352299132049e+00
6.207417400000000498e+02 -3.821008089588553425e+00
6.525753399999999829e+02 -3.820413060072997968e+00
6.527035499999999502e+02 -3.820446357566749107e+00
6.715097200000000157e+02 -3.816286195313773444e+00
6.999271099999999706e+02 -3.814118764674734763e+00
7.001325900000000502e+02 -3.814171885345636337e+00
7.213271499999999605e+02 -3.810654154192494758e+00
7.492224700000000439e+02 -3.807699458044210949e+00
7.495700699999999870e+02 -3.807789319564579333e+00
7.700603099999999586e+02 -3.804793201949611348e+00
8.014931599999999889e+02 -3.804319229648303491e+00
8.016699399999999969e+02 -3.804365032568629346e+00
8.263002500000000055e+02 -3.800147835638183480e+00
8.531489599999999882e+02 -3.796626416904639534e+00
8.532764200000000301e+02 -3.796659215196022785e+00
8.707053700000000163e+02 -3.792164996649394215e+00
9.022996399999999539e+02 -3.791644468452272321e+00
9.026593400000000429e+02 -3.791737559834352567e+00
9.204817500000000337e+02 -3.785413957370932003e+00
9.447652299999999741e+02 -3.782612593604302909e+00
9.451191700000000537e+02 -3.782704297682518924e+00
9.764473799999999528e+02 -3.779858270804808296e+00
9.977726999999999862e+02 -3.774719194111874732e+00
9.978666899999999487e+02 -3.774743543283527458e+00
1.017856199999999944e+03 -3.771130545689825198e+00
1.046061099999999897e+03 -3.768173396891736360e+00
1.046249600000000100e+03 -3.768222331436207106e+00
1.068556499999999915e+03 -3.767421736916648722e+00
1.097423600000000079e+03 -3.765906693904192970e+00
1.098116500000000087e+03 -3.766085975005357689e+00
1.109867700000000013e+03 -3.758703784247520829e+00
1.143082400000000007e+03 -3.757441422468779546e+00
1.143290700000000015e+03 -3.757495577478261239e+00
1.159136899999999969e+03 -3.754116204457325523e+00
1.196602699999999913e+03 -3.754450139737213199e+00
1.197457100000000082e+03 -3.754670917376650152e+00
1.224282300000000077e+03 -3.751114721471024538e+00
1.254706400000000031e+03 -3.747757180726676740e+00
1.254732700000000023e+03 -3.747764234227313640e+00
1.267282099999999900e+03 -3.745939147164851324e+00
1.293080400000000054e+03 -3.742273848017512616e+00
1.293294599999999946e+03 -3.742329528294457308e+00
1.319889799999999923e+03 -3.739589152679493989e+00
1.344936899999999923e+03 -3.737321959503118407e+00
1.344976300000000037e+03 -3.737331890760502429e+00
1.368348099999999931e+03 -3.734060970236959598e+00
1.402612399999999980e+03 -3.731570510694171894e+00
1.402738200000000006e+03 -3.731602879842505160e+00
1.415513599999999997e+03 -3.730157305191750261e+00
1.449732899999999972e+03 -3.728519348218862550e+00
1.449803400000000011e+03 -3.728537573872447108e+00
1.465043499999999995e+03 -3.724754615944436686e+00
1.506850799999999936e+03 -3.724208320253537874e+00
1.507500199999999950e+03 -3.724375745113788216e+00
1.511202600000000075e+03 -3.718108840781963131e+00
1.555904800000000023e+03 -3.720563376875119399e+00
1.556205799999999954e+03 -3.720640886055292196e+00
1.568188400000000001e+03 -3.714620165491555159e+00
1.610286599999999908e+03 -3.715710593698117847e+00
1.611055100000000039e+03 -3.715908706508717518e+00
1.626828199999999924e+03 -3.712991608082190087e+00
1.632760700000000043e+03 -3.707224544692485413e+00
1.633554799999999886e+03 -3.707429021185725038e+00
1.660310799999999972e+03 -3.704402208244631289e+00
1.704086900000000014e+03 -3.705223068923867658e+00
1.704200299999999970e+03 -3.705252588623172638e+00
1.710438699999999926e+03 -3.702374956565224196e+00
1.754234500000000025e+03 -3.694537517047790764e+00
1.761574900000000071e+03 -3.702083640202713966e+00
1.761675099999999929e+03 -3.702108933272723057e+00
1.788549800000000005e+03 -3.691271060257691250e+00
1.789193400000000111e+03 -3.691436833046251476e+00
1.802733500000000049e+03 -3.689573286041921474e+00
1.846337399999999889e+03 -3.691025998410250253e+00
1.847157899999999927e+03 -3.691238266651803102e+00
1.864774899999999889e+03 -3.685024445798690707e+00
1.868868799999999965e+03 -3.681174801268312535e+00
1.869423299999999927e+03 -3.681319677120034495e+00
1.905990299999999934e+03 -3.682961301520286668e+00
1.938259600000000091e+03 -3.679237814075143387e+00
1.938311200000000099e+03 -3.679251713441914706e+00
1.975747200000000021e+03 -3.681130865650822148e+00
2.007202800000000025e+03 -3.676738797474105258e+00
2.012955799999999954e+03 -3.678648614922550131e+00
2.015433399999999892e+03 -3.679288462338810017e+00
2.044764400000000023e+03 -3.675687108161356242e+00
2.045142499999999927e+03 -3.675785159851385320e+00
2.052989599999999882e+03 -3.669089030590707345e+00
2.076574300000000221e+03 -3.670253466480724924e+00
2.077011399999999867e+03 -3.670365295168608988e+00
2.101788500000000113e+03 -3.665896915498341624e+00
2.162085099999999784e+03 -3.669215247047421968e+00
2.162317500000000109e+03 -3.669274716449400842e+00
2.174467999999999847e+03 -3.667305085074700877e+00
2.199590999999999894e+03 -3.657287922678082115e+00
2.199609199999999873e+03 -3.657292627740425850e+00
2.215626000000000204e+03 -3.658726694670271229e+00
2.245226500000000215e+03 -3.661640411567584685e+00
2.246384399999999914e+03 -3.661939548228591246e+00
2.251096100000000206e+03 -3.653754705838599293e+00
2.298976400000000012e+03 -3.656119944400569644e+00
2.299517499999999927e+03 -3.656259880408735619e+00
2.321021600000000035e+03 -3.652589676087913073e+00
2.338513500000000022e+03 -3.648978716918100496e+00
2.338772800000000188e+03 -3.649045191391038223e+00
2.370775999999999840e+03 -3.650766091118280876e+00
2.412602800000000116e+03 -3.646664537359420422e+00
2.413824700000000121e+03 -3.646981135231912141e+00
2.421058799999999792e+03 -3.649881418265999766e+00
2.450551399999999830e+03 -3.643450530097779971e+00
2.451647699999999986e+03 -3.643734047244828744e+00
