9.873347900000000266e+01 -1.527318585882580182e+00
1.263226300000000037e+02 -1.526959784749142734e+00
1.483764799999999866e+02 -1.526678292426086436e+00
1.766247299999999996e+02 -1.526679022560496701e+00
1.999183099999999911e+02 -1.526092592598273345e+00
2.255117700000000127e+02 -1.525617977557017335e+00
2.488214800000000082e+02 -1.525119424013904323e+00
2.730367200000000025e+02 -1.523841788683816700e+00
2.996867399999999861e+02 -1.523539206135761326e+00
3.241956599999999753e+02 -1.522253735554165210e+00
3.530020299999999907e+02 -1.521870916503068605e+00
3.723869100000000003e+02 -1.519360260535818075e+00
4.003718499999999949e+02 -1.518600572958062056e+00
4.231933700000000158e+02 -1.516082671933311588e+00
4.491430799999999977e+02 -1.514677307062313405e+00
4.680974699999999871e+02 -1.510835942988483005e+00
5.025362000000000080e+02 -1.511406097122271586e+00
5.217090299999999843e+02 -1.507338790133699202e+00
5.462347099999999500e+02 -1.505144004879871211e+00
5.662372500000000173e+02 -1.500989342216214384e+00
6.004245700000000170e+02 -1.500710408637617732e+00
6.201531499999999824e+02 -1.498867630998710343e+00
6.440692199999999730e+02 -1.496641089032356708e+00
6.667555800000000090e+02 -1.493729351687725693e+00
7.053898599999999988e+02 -1.494181513338766365e+00
7.200277099999999564e+02 -1.490946708732259429e+00
7.557952699999999595e+02 -1.490835101829910192e+00
7.756172199999999748e+02 -1.488241630116746039e+00
8.052778399999999692e+02 -1.485768640096040372e+00
8.234253599999999551e+02 -1.485141745329264129e+00
8.502873399999999720e+02 -1.483440824120106694e+00
8.660819999999999936e+02 -1.480659820449375497e+00
9.013830600000000004e+02 -1.480193286714545753e+00
9.256393299999999726e+02 -1.479568635822495759e+00
9.533328599999999824e+02 -1.476414307034996654e+00
9.674952299999999923e+02 -1.475131790012323307e+00
9.924851499999999760e+02 -1.473144797366512604e+00
1.019752600000000029e+03 -1.472612610294875779e+00
1.053147999999999911e+03 -1.472803435687342288e+00
1.064791500000000042e+03 -1.469359563540273195e+00
1.102360100000000102e+03 -1.468040245641769825e+00
1.115383399999999938e+03 -1.467867184699700234e+00
1.153433999999999969e+03 -1.466321872949543526e+00
1.162968800000000101e+03 -1.464981496141483541e+00
1.192433199999999943e+03 -1.463266908186082071e+00
1.221897899999999936e+03 -1.463317510752254469e+00
1.257338099999999940e+03 -1.461519402189551453e+00
1.270257700000000114e+03 -1.462337902364508224e+00
1.307539999999999964e+03 -1.459616359346935566e+00
1.324108999999999924e+03 -1.461242183616571655e+00
1.359092399999999998e+03 -1.455562498526830284e+00
1.369493500000000040e+03 -1.461839574361041727e+00
1.404163600000000088e+03 -1.457465216986660206e+00
1.419417999999999893e+03 -1.458167280949322908e+00
1.456862900000000081e+03 -1.455687447602354689e+00
1.468488299999999981e+03 -1.456061865917230636e+00
1.498863800000000083e+03 -1.455299536395352256e+00
1.522761299999999892e+03 -1.454204566602544046e+00
1.565572899999999890e+03 -1.450983951713327169e+00
1.568112599999999929e+03 -1.452639751445123251e+00
1.598190499999999929e+03 -1.447140451796250282e+00
1.609295499999999947e+03 -1.447423894258074606e+00
1.649044000000000096e+03 -1.447555718047201623e+00
1.665064699999999903e+03 -1.447296156526491018e+00
1.695984699999999975e+03 -1.445148181569315016e+00
1.702913199999999961e+03 -1.440937555769609357e+00
1.754855199999999968e+03 -1.441653608281218357e+00
1.755269199999999955e+03 -1.444852992535553327e+00
1.804862000000000080e+03 -1.443164610190922792e+00
1.812285499999999956e+03 -1.440353679814561749e+00
1.850540099999999939e+03 -1.441131511173673330e+00
1.871195500000000038e+03 -1.442984726163827114e+00
1.900814000000000078e+03 -1.438802597742522948e+00
1.919093599999999924e+03 -1.437067165606719543e+00
1.943702399999999898e+03 -1.439306752712543158e+00
1.964793400000000020e+03 -1.435735330857817349e+00
1.991568700000000035e+03 -1.432588787220701043e+00
2.009830099999999902e+03 -1.432384982202484336e+00
2.036755300000000034e+03 -1.436071969857064534e+00
2.054528800000000047e+03 -1.427562509262648049e+00
2.078003200000000106e+03 -1.428888589169169165e+00
2.122081000000000131e+03 -1.430990427189745784e+00
2.134434900000000198e+03 -1.428195758166123763e+00
2.137559400000000096e+03 -1.419445748685910225e+00
2.211209499999999935e+03 -1.422797489833308227e+00
2.211828399999999874e+03 -1.429344929286771482e+00
2.252742499999999836e+03 -1.426183029943298486e+00
2.262036000000000058e+03 -1.420082582478632283e+00
2.290376699999999801e+03 -1.422159014122004184e+00
2.310260499999999865e+03 -1.416250064330101033e+00
2.357179700000000139e+03 -1.415608392430124374e+00
2.365763699999999972e+03 -1.415097728835188473e+00
2.384712700000000041e+03 -1.404374653814114637e+00
2.410154899999999998e+03 -1.413358390781120022e+00
2.455713799999999992e+03 -1.411686751786076943e+00
