1.216084699999999970e+02 3.574325157744758741e+01
1.314665599999999870e+02 3.575225676775900752e+01
1.696552000000000078e+02 3.578408813352330498e+01
1.705732299999999952e+02 3.578466975371463121e+01
1.783474799999999902e+02 3.579818949725218857e+01
2.178075000000000045e+02 3.583332994097293067e+01
2.187835900000000038e+02 3.583342458782821183e+01
2.275835299999999961e+02 3.582413901892937247e+01
2.667638099999999781e+02 3.586158864237736310e+01
2.668429800000000114e+02 3.586200132302055721e+01
2.769342399999999884e+02 3.586337217585996484e+01
3.115238800000000197e+02 3.590347140240179158e+01
3.139707799999999907e+02 3.590386271117443329e+01
3.228174900000000207e+02 3.591861439039283255e+01
3.624499299999999948e+02 3.593487380419296073e+01
3.631584799999999973e+02 3.593542489314064881e+01
3.708453400000000215e+02 3.595032261347445512e+01
4.126884699999999953e+02 3.596192143293303900e+01
4.133836400000000140e+02 3.596365458986362995e+01
4.217113200000000006e+02 3.596676521473641230e+01
4.631654500000000212e+02 3.602282210462039558e+01
4.638567800000000148e+02 3.602035263586403602e+01
4.736762100000000260e+02 3.603827752900468084e+01
5.138239200000000437e+02 3.604843069407694145e+01
5.142649499999999989e+02 3.604949877875025521e+01
5.194520300000000361e+02 3.605094290657439160e+01
5.617309900000000198e+02 3.607865764298799149e+01
5.628156900000000178e+02 3.607876195807042308e+01
5.706709499999999480e+02 3.608806126602890174e+01
6.081173900000000003e+02 3.611959800529208309e+01
6.083670100000000502e+02 3.612023051088947767e+01
6.170039399999999432e+02 3.612565591288418432e+01
6.582657500000000255e+02 3.614929371056381058e+01
6.604704799999999523e+02 3.614968959902299872e+01
6.700351299999999810e+02 3.617619784245878378e+01
7.099091700000000174e+02 3.620486718909017299e+01
7.115630499999999756e+02 3.620428302462853054e+01
7.203336000000000467e+02 3.620500101770812051e+01
7.547114100000000008e+02 3.623086047221656969e+01
7.549680299999999988e+02 3.622956543863219991e+01
7.670266599999999926e+02 3.624122888255648434e+01
8.113653399999999465e+02 3.629774526765724119e+01
8.142378499999999804e+02 3.629613576226338267e+01
8.156883599999999888e+02 3.625641919397516943e+01
8.538113100000000486e+02 3.631160339914512747e+01
8.549574000000000069e+02 3.631221147974760299e+01
8.682069000000000187e+02 3.632967993079584801e+01
9.047394500000000335e+02 3.637480765316507103e+01
9.065118099999999686e+02 3.637435833502951255e+01
9.147594000000000278e+02 3.637006615102788487e+01
9.608376600000000280e+02 3.640080042743741018e+01
9.624370900000000120e+02 3.640165530225930723e+01
9.626290400000000318e+02 3.643518522287807571e+01
1.006940200000000004e+03 3.642629147160594272e+01
1.007183300000000031e+03 3.642450997353958542e+01
1.022886300000000006e+03 3.647539487075106734e+01
1.051084399999999960e+03 3.647163800122125110e+01
1.051810799999999972e+03 3.646923366578465675e+01
1.064957799999999907e+03 3.653634795440667915e+01
1.107240399999999909e+03 3.652705322613474692e+01
1.107467799999999897e+03 3.652845410136372806e+01
1.120145999999999958e+03 3.655659627518827648e+01
1.147838899999999967e+03 3.660155760227966937e+01
1.150926899999999932e+03 3.660177030327702141e+01
1.165732700000000023e+03 3.660134846326073443e+01
1.200557199999999966e+03 3.664254172603297377e+01
1.203663700000000063e+03 3.664303175249338551e+01
1.207270800000000008e+03 3.667919550173010634e+01
1.255093100000000049e+03 3.667136576429879824e+01
1.257026699999999892e+03 3.667290250356197845e+01
1.260058399999999892e+03 3.672750966822715668e+01
1.305520199999999932e+03 3.673158915123142521e+01
1.307589300000000094e+03 3.673255495623855182e+01
1.316506200000000035e+03 3.676936749440260144e+01
1.361093699999999899e+03 3.678379248931405954e+01
1.364325700000000097e+03 3.678303124363932142e+01
1.373858500000000049e+03 3.683429116629350375e+01
1.401460399999999936e+03 3.682625127213515270e+01
1.401829500000000053e+03 3.682777529004680872e+01
1.412480099999999993e+03 3.690788214939954770e+01
1.450766800000000103e+03 3.689228933441889069e+01
1.456614399999999932e+03 3.689397567677590217e+01
1.461644500000000107e+03 3.695427793608792655e+01
1.507246200000000044e+03 3.697055973946671514e+01
1.511962500000000091e+03 3.697191481783024614e+01
1.517218800000000101e+03 3.701022236922450759e+01
1.562448200000000043e+03 3.702484479951149865e+01
1.564176999999999907e+03 3.702564726236515469e+01
1.568361900000000105e+03 3.707209800529208366e+01
1.601527399999999943e+03 3.710354671280276762e+01
1.605327600000000075e+03 3.710416039079991890e+01
1.618977100000000064e+03 3.712558569102381512e+01
1.650574399999999969e+03 3.717449114593934212e+01
1.661667400000000043e+03 3.717205933238347626e+01
1.668181100000000015e+03 3.717173163036841288e+01
1.692773799999999937e+03 3.722859250966823197e+01
1.695875800000000027e+03 3.722873346224302793e+01
1.720789399999999887e+03 3.723754579686546151e+01
1.743421700000000101e+03 3.732496997761042223e+01
1.747895299999999907e+03 3.732473895786688445e+01
1.769654399999999896e+03 3.732553277020150517e+01
1.795029600000000073e+03 3.736743130470181029e+01
1.798198499999999967e+03 3.736764349684510478e+01
1.809608099999999922e+03 3.742558162019133050e+01
1.852320300000000088e+03 3.745592102584978988e+01
1.864458200000000033e+03 3.746142072053734751e+01
1.869319899999999961e+03 3.746074394463668256e+01
1.912349799999999959e+03 3.751966059434154488e+01
1.912880900000000111e+03 3.751361998778750717e+01
1.917675099999999929e+03 3.751351669041319070e+01
1.958027000000000044e+03 3.759493384897211854e+01
1.963383299999999963e+03 3.759490382658253793e+01
1.967503699999999981e+03 3.760192143293303246e+01
1.992515100000000075e+03 3.768305007123957040e+01
1.994838999999999942e+03 3.764669957256258925e+01
1.999881499999999960e+03 3.768216161204966141e+01
2.049387900000000172e+03 3.774641207001831589e+01
2.050837899999999991e+03 3.774656116425808960e+01
2.074985099999999875e+03 3.775119224506411797e+01
2.103125599999999849e+03 3.781462344799511754e+01
2.105873300000000199e+03 3.781340830449826740e+01
2.106334100000000035e+03 3.779998880521066695e+01
2.148960199999999986e+03 3.785927335640138125e+01
2.161114000000000033e+03 3.790159525748015312e+01
2.164697599999999966e+03 3.790099430083451892e+01
2.210739199999999983e+03 3.795413036841033971e+01
2.213057400000000143e+03 3.795352890291064796e+01
2.222355500000000120e+03 3.793753511093018460e+01
2.243309499999999844e+03 3.805938377773254899e+01
2.253879399999999805e+03 3.804774323224099675e+01
2.260259199999999964e+03 3.804856655811113342e+01
2.306572599999999966e+03 3.812025646244656940e+01
2.307536900000000060e+03 3.811945349073885581e+01
2.309015499999999975e+03 3.813595410136372976e+01
2.332576500000000124e+03 3.817958375737838850e+01
2.338098399999999856e+03 3.818034652961530639e+01
2.361637700000000223e+03 3.812432678607775216e+01
2.398929900000000089e+03 3.830712293914105260e+01
2.404222400000000107e+03 3.821605994300834652e+01
2.406042500000000018e+03 3.821661917362100525e+01
2.443023900000000140e+03 3.826038011398330951e+01
2.445436999999999898e+03 3.826027885202523748e+01
