1.034017800000000022e+02 3.272331162222674550e+01
1.269647599999999983e+02 3.275151892937105202e+01
1.503234699999999862e+02 3.276814980663545640e+01
1.744766199999999969e+02 3.280350396906167276e+01
1.992320400000000120e+02 3.281916446163240408e+01
2.247569699999999955e+02 3.284558314675351198e+01
2.492834799999999973e+02 3.288165174028088700e+01
2.740145899999999983e+02 3.289505902707103502e+01
3.003157400000000052e+02 3.293469672297985085e+01
3.219544599999999832e+02 3.295400213718705373e+01
3.478878399999999829e+02 3.298172857724404849e+01
3.712945700000000215e+02 3.300057653165072225e+01
3.990559499999999957e+02 3.302057042540199205e+01
4.196959100000000262e+02 3.304556126602890487e+01
4.497642999999999915e+02 3.308309332383472423e+01
4.721621900000000096e+02 3.310923519234682999e+01
4.951897099999999909e+02 3.312977254223488899e+01
5.158487300000000459e+02 3.314919448402198299e+01
5.503565800000000081e+02 3.318668379808670466e+01
5.683533999999999651e+02 3.322047628740077840e+01
6.002840700000000425e+02 3.324673417463871061e+01
6.172304699999999684e+02 3.328698351312844039e+01
6.399671600000000353e+02 3.329031905149602721e+01
6.623915600000000268e+02 3.336532668430694315e+01
6.933120900000000120e+02 3.332833095868105033e+01
7.196701500000000351e+02 3.342108029717076789e+01
7.546732799999999770e+02 3.338900824343578222e+01
7.669208499999999731e+02 3.350071850193364753e+01
7.976945399999999609e+02 3.346966466517402949e+01
8.186780199999999468e+02 3.354420109912476988e+01
8.509867799999999534e+02 3.352335894565438679e+01
8.693646999999999707e+02 3.360658864237736765e+01
9.027952699999999595e+02 3.361623855078363476e+01
9.185160499999999502e+02 3.363655251373906196e+01
9.542408199999999852e+02 3.371160441685324116e+01
9.688209799999999632e+02 3.371769896193771388e+01
9.949963599999999815e+02 3.377670211683289381e+01
1.016335000000000036e+03 3.376886372888255750e+01
1.041602499999999964e+03 3.384229696722979241e+01
1.073717000000000098e+03 3.384734836148992088e+01
1.095617799999999988e+03 3.388328617952370791e+01
1.111711600000000089e+03 3.393610573987380263e+01
1.145656700000000001e+03 3.394419855485446647e+01
1.170858099999999922e+03 3.397966313861184773e+01
1.194488800000000083e+03 3.401886271117443528e+01
1.222352300000000014e+03 3.405830500712396258e+01
1.253272799999999961e+03 3.408959393445959307e+01
1.254599400000000060e+03 3.414588795033584034e+01
1.291420399999999972e+03 3.417763891715855351e+01
1.323795900000000074e+03 3.421232444534907557e+01
1.345009800000000041e+03 3.425321137797679683e+01
1.366244599999999991e+03 3.427424994911459777e+01
1.401309799999999996e+03 3.430847089354772805e+01
1.419492299999999886e+03 3.437986108284144393e+01
1.443467499999999973e+03 3.442572867901485978e+01
1.456354700000000093e+03 3.445200742926928683e+01
1.477384000000000015e+03 3.451193975167922190e+01
1.515986400000000003e+03 3.455672247099531802e+01
1.551472999999999956e+03 3.465037044575615255e+01
1.551552200000000084e+03 3.460723946672094087e+01
1.613738700000000108e+03 3.470639883981274210e+01
1.614550700000000006e+03 3.474519896193771729e+01
1.643945899999999938e+03 3.480668227152452943e+01
1.672486100000000079e+03 3.480403623040911754e+01
1.694982899999999972e+03 3.482355688988398157e+01
1.708804799999999886e+03 3.483626144921636580e+01
1.753408699999999953e+03 3.485054956238550972e+01
1.762162800000000061e+03 3.488303836759617127e+01
1.806339999999999918e+03 3.493936342357012137e+01
1.820911299999999983e+03 3.498504477915733446e+01
1.840815599999999904e+03 3.496457154488092556e+01
1.874058500000000095e+03 3.505962853653571898e+01
1.911720900000000029e+03 3.509558925300223819e+01
1.912711900000000014e+03 3.515584571544881243e+01
1.952480700000000070e+03 3.518275646244656940e+01
1.961271799999999985e+03 3.521539588845919155e+01
1.988475899999999911e+03 3.524877009973539543e+01
2.013105099999999993e+03 3.532054396499083992e+01
2.037119599999999991e+03 3.538324394463668199e+01
2.070359699999999975e+03 3.545454152249135404e+01
2.078210799999999836e+03 3.542897669448402098e+01
2.122056300000000192e+03 3.545519285568898482e+01
2.146107300000000123e+03 3.549738092814980917e+01
2.183572700000000168e+03 3.550876755546509145e+01
2.197487200000000030e+03 3.552431559128842053e+01
2.206128000000000156e+03 3.561402961530632894e+01
2.250334100000000035e+03 3.567516893954813639e+01
2.256218100000000049e+03 3.562034551190718901e+01
2.301077200000000175e+03 3.574019896193771473e+01
2.306498799999999846e+03 3.576722878078567192e+01
2.344203399999999874e+03 3.583145939344596087e+01
2.345308300000000145e+03 3.577521422755953751e+01
2.398784799999999905e+03 3.590531905149602920e+01
2.406221399999999903e+03 3.590850498676979186e+01
2.445409599999999955e+03 3.592254630571952134e+01
