1.003361299999999972e+02 -2.802964889639511625e+00
1.269940799999999967e+02 -2.802510835884234996e+00
1.479405899999999860e+02 -2.802076088576602064e+00
1.756528299999999945e+02 -2.801882835247384129e+00
1.989569999999999936e+02 -2.801579826910854276e+00
2.247955300000000136e+02 -2.801339847620513801e+00
2.511933400000000063e+02 -2.801420618620677150e+00
2.735209899999999834e+02 -2.799966167953650942e+00
3.030921900000000164e+02 -2.800120783655448697e+00
3.217986200000000281e+02 -2.798400590748467476e+00
3.497815299999999752e+02 -2.798238790750626315e+00
3.715350900000000252e+02 -2.796828222338564540e+00
3.997901100000000270e+02 -2.797348258117851039e+00
4.220960799999999722e+02 -2.795099478945182181e+00
4.461676100000000247e+02 -2.793350028580360522e+00
4.682752800000000093e+02 -2.791293471577760421e+00
4.985557900000000018e+02 -2.791349247574171244e+00
5.163766699999999901e+02 -2.787381600073966403e+00
5.582765600000000177e+02 -2.789873692196764843e+00
5.695809900000000425e+02 -2.784469071906878312e+00
5.955955000000000155e+02 -2.783903734110718009e+00
6.231324499999999489e+02 -2.780259251942466481e+00
6.491569100000000390e+02 -2.778377892892024192e+00
6.705773900000000367e+02 -2.775442279155950764e+00
7.085622399999999743e+02 -2.774511661152674780e+00
7.189087500000000546e+02 -2.770248367515523835e+00
7.351340500000000020e+02 -2.768104898842528083e+00
7.710095900000000029e+02 -2.766574992794164078e+00
7.990886100000000170e+02 -2.765663054410398836e+00
8.200767499999999472e+02 -2.761224668716661501e+00
8.545586600000000317e+02 -2.759711898624305437e+00
8.675220299999999725e+02 -2.756113462638231315e+00
9.122708400000000211e+02 -2.756146301143043598e+00
9.137278199999999515e+02 -2.750197191110427042e+00
9.537730800000000499e+02 -2.750318464796346341e+00
9.722921300000000429e+02 -2.747202741074043608e+00
1.000680500000000052e+03 -2.746180311749224501e+00
1.018950600000000009e+03 -2.742907923368973044e+00
1.057304799999999886e+03 -2.743602048802574078e+00
1.070494400000000041e+03 -2.738858403495032956e+00
1.102330799999999954e+03 -2.738133373227039868e+00
1.120447799999999916e+03 -2.734119695699076757e+00
1.153239600000000110e+03 -2.733125473793013960e+00
1.166872599999999920e+03 -2.730500527045608639e+00
1.199452199999999948e+03 -2.730029759854789795e+00
1.221764200000000073e+03 -2.728443184784121289e+00
1.245716400000000021e+03 -2.723449115647677665e+00
1.264905899999999974e+03 -2.722389527508194629e+00
1.303118400000000065e+03 -2.721520611144942148e+00
1.308819799999999987e+03 -2.718575647891383174e+00
1.356559299999999894e+03 -2.714245419070805632e+00
1.358296700000000101e+03 -2.721167958493329486e+00
1.392672900000000027e+03 -2.714227799198905888e+00
1.414917699999999968e+03 -2.712959949697415496e+00
1.450572899999999890e+03 -2.712998513898253528e+00
1.461188599999999951e+03 -2.707742120415133957e+00
1.502509099999999989e+03 -2.703796061091683356e+00
1.508209100000000035e+03 -2.708232936195210439e+00
1.541931900000000041e+03 -2.705057963391391151e+00
1.579943099999999959e+03 -2.708188808313831686e+00
1.600648300000000063e+03 -2.704521262342044263e+00
1.629003500000000031e+03 -2.703981963590655457e+00
1.649030199999999923e+03 -2.699323776770035099e+00
1.665288900000000012e+03 -2.697500870201182011e+00
1.689916999999999916e+03 -2.697799945011145617e+00
1.718602799999999888e+03 -2.692785661079265758e+00
1.760344299999999976e+03 -2.694712177697141886e+00
1.761165999999999940e+03 -2.690098733365923422e+00
1.801816299999999956e+03 -2.690370570115886650e+00
1.807869400000000041e+03 -2.685477092124622267e+00
1.828956799999999930e+03 -2.685165120221061574e+00
1.855929599999999937e+03 -2.683229414441018257e+00
1.895858300000000099e+03 -2.687185657834865182e+00
1.922981399999999894e+03 -2.683347325814120055e+00
1.946083699999999908e+03 -2.684303141665433046e+00
1.968079799999999977e+03 -2.679365054847146155e+00
2.005988599999999906e+03 -2.679784764192292723e+00
2.007360699999999952e+03 -2.677700745388334802e+00
2.065160699999999906e+03 -2.680405001542742305e+00
2.066197400000000016e+03 -2.675061926290961622e+00
2.099674399999999878e+03 -2.672292165654185592e+00
2.125657900000000154e+03 -2.671240183026194703e+00
2.156005000000000109e+03 -2.671048467980992491e+00
2.165304099999999835e+03 -2.667620697619227155e+00
2.211270100000000184e+03 -2.665066056607939160e+00
2.213817399999999907e+03 -2.667424462247160566e+00
2.247219799999999850e+03 -2.661163759196352174e+00
2.264302900000000136e+03 -2.665734670517417193e+00
2.296481299999999919e+03 -2.661272387459483024e+00
2.304389299999999821e+03 -2.657020050097086639e+00
2.362583399999999983e+03 -2.657165187522839922e+00
2.365046699999999873e+03 -2.661696717709529647e+00
2.382123399999999947e+03 -2.651510580650134230e+00
2.385365699999999833e+03 -2.647738409305328666e+00
2.465461299999999937e+03 -2.654987460269723876e+00
