1.002562300000000022e+02 -3.497536183827543166e+00
1.269540400000000062e+02 -3.497231097407368150e+00
1.508343500000000006e+02 -3.497108836110000674e+00
1.746660400000000095e+02 -3.496676580376204324e+00
2.009858999999999867e+02 -3.496940537832099238e+00
2.254005099999999970e+02 -3.496697346119831629e+00
2.480311000000000092e+02 -3.495947305510268333e+00
2.725338300000000231e+02 -3.495641203548566889e+00
2.986444999999999936e+02 -3.495526788531842399e+00
3.214728900000000067e+02 -3.494589332376644375e+00
3.511647600000000011e+02 -3.494553639503257703e+00
3.704890300000000138e+02 -3.493391450610127791e+00
4.029381999999999948e+02 -3.493779392919155846e+00
4.216729700000000207e+02 -3.492432392536006347e+00
4.519306000000000267e+02 -3.491739428439155191e+00
4.702294600000000173e+02 -3.490471065769279679e+00
5.030028399999999920e+02 -3.490882625382630167e+00
5.190390200000000505e+02 -3.488119738251636903e+00
5.456899300000000039e+02 -3.487721975649928030e+00
5.725960300000000416e+02 -3.486078053662990506e+00
5.978566899999999578e+02 -3.483745318929786894e+00
6.163128199999999879e+02 -3.481282217797541101e+00
6.448509900000000243e+02 -3.480614360470538848e+00
6.743355800000000499e+02 -3.479180383849726610e+00
7.012892299999999750e+02 -3.477052672660728927e+00
7.155531200000000354e+02 -3.472692899663280208e+00
7.540788300000000390e+02 -3.473178717805358140e+00
7.653040600000000495e+02 -3.468007591800352341e+00
8.073229499999999916e+02 -3.469706358641090116e+00
8.218745900000000120e+02 -3.464216415415072969e+00
8.513046699999999873e+02 -3.462698633867711262e+00
8.665785799999999881e+02 -3.458154876501895014e+00
8.982743000000000393e+02 -3.457105924223427440e+00
9.170541699999999992e+02 -3.454161230350539569e+00
9.484132399999999734e+02 -3.452740899695613042e+00
9.666135000000000446e+02 -3.449737704402157323e+00
9.962323699999999462e+02 -3.448563813298189284e+00
1.013713700000000017e+03 -3.443013066820241885e+00
1.044885199999999941e+03 -3.441832918494594384e+00
1.065872699999999895e+03 -3.439115362666657294e+00
1.094601000000000113e+03 -3.438133997440924183e+00
1.122336999999999989e+03 -3.436046520169820262e+00
1.141329700000000003e+03 -3.432013808212714068e+00
1.172955500000000029e+03 -3.431582338943968580e+00
1.210610899999999901e+03 -3.431884330917551740e+00
1.218973700000000008e+03 -3.426705806960552714e+00
1.241748900000000049e+03 -3.423454630662638110e+00
1.265458399999999983e+03 -3.422612402501658213e+00
1.292801600000000008e+03 -3.420537107492855000e+00
1.311021600000000035e+03 -3.416731260446518537e+00
1.343309400000000096e+03 -3.414933530584072674e+00
1.369076499999999896e+03 -3.415384885745840204e+00
1.392239900000000034e+03 -3.410746126717837168e+00
1.423459000000000060e+03 -3.411788440666908340e+00
1.446948599999999942e+03 -3.406076774928478379e+00
1.465026200000000017e+03 -3.405909567527213966e+00
1.504863900000000058e+03 -3.404980185059779618e+00
1.516360500000000002e+03 -3.402945415515770122e+00
1.543009800000000041e+03 -3.403321763462731298e+00
1.564089400000000069e+03 -3.400637380233129115e+00
1.603184099999999944e+03 -3.399298840331031801e+00
1.611575700000000097e+03 -3.395661702313256924e+00
1.658394800000000032e+03 -3.396872943533141953e+00
1.681848199999999906e+03 -3.396933163013330592e+00
1.699438799999999901e+03 -3.391969284993627376e+00
1.703731500000000096e+03 -3.388401341569010849e+00
1.751558600000000069e+03 -3.389470311097346311e+00
1.758708699999999908e+03 -3.387567125965692760e+00
1.787760500000000093e+03 -3.387514191442021705e+00
1.808530400000000100e+03 -3.383451963200307056e+00
1.847567399999999907e+03 -3.383770957340616281e+00
1.855909400000000005e+03 -3.381475159161571931e+00
1.902642900000000054e+03 -3.381259426786588751e+00
1.906290999999999940e+03 -3.379225431699341087e+00
1.941247599999999920e+03 -3.374930330590306227e+00
1.957499199999999973e+03 -3.375237076419372428e+00
1.996201099999999997e+03 -3.376377236182385388e+00
2.013173700000000053e+03 -3.375256747754096232e+00
2.047636099999999942e+03 -3.372442729989608257e+00
2.054575100000000020e+03 -3.373013975986622448e+00
2.096657900000000154e+03 -3.374346657466538169e+00
2.111739000000000033e+03 -3.372759822636074656e+00
2.131722699999999804e+03 -3.365537496866247480e+00
2.172537200000000212e+03 -3.367424396059724323e+00
2.195097600000000057e+03 -3.366571078653400662e+00
2.206171499999999924e+03 -3.364029566837078544e+00
2.250592599999999948e+03 -3.362756995776406299e+00
2.267315700000000106e+03 -3.365962806549405162e+00
2.281329699999999775e+03 -3.357769502640839843e+00
2.308051800000000185e+03 -3.359110528765122616e+00
2.347606600000000071e+03 -3.360803716287160015e+00
2.361014099999999871e+03 -3.359404108553684321e+00
2.384597000000000207e+03 -3.357578612386920458e+00
2.412462300000000141e+03 -3.352323360844467359e+00
2.426536799999999857e+03 -3.358050490795648102e+00
