9.978752000000000066e+01 -3.316325861729569002e+00
1.270466600000000028e+02 -3.316094956033857066e+00
1.487269400000000132e+02 -3.315745842224447237e+00
1.754972199999999987e+02 -3.315513022189257697e+00
1.983537900000000036e+02 -3.315070994825482398e+00
2.246522199999999998e+02 -3.314633198073938303e+00
2.502139799999999923e+02 -3.314325739060868692e+00
2.744122300000000223e+02 -3.313546306633236682e+00
3.004221699999999942e+02 -3.312820210767670304e+00
3.230045799999999758e+02 -3.311637706527226666e+00
3.551306500000000028e+02 -3.312420800068515803e+00
3.718039299999999798e+02 -3.308863375181805289e+00
4.020864399999999819e+02 -3.308950810086546568e+00
4.216195099999999911e+02 -3.305740371369630282e+00
4.505580899999999929e+02 -3.305576903228375052e+00
4.721878399999999942e+02 -3.301882597362573168e+00
5.039615000000000009e+02 -3.301160684009794899e+00
5.188216899999999896e+02 -3.297429369304019531e+00
5.507876999999999725e+02 -3.297088955103284036e+00
5.702755899999999656e+02 -3.293059844802085578e+00
5.972335500000000366e+02 -3.292819620722151619e+00
6.209282899999999472e+02 -3.289834456107131544e+00
6.475561300000000529e+02 -3.289542524688247926e+00
6.730739899999999807e+02 -3.285528927316754277e+00
6.956938999999999851e+02 -3.283374843402329990e+00
7.240194000000000187e+02 -3.282735102514386050e+00
7.487431299999999510e+02 -3.280750381366272173e+00
7.707812199999999621e+02 -3.278200058001691009e+00
8.046673899999999549e+02 -3.277532819290092547e+00
8.191132300000000441e+02 -3.274209194513188148e+00
8.545925099999999475e+02 -3.273320486689925701e+00
8.691969500000000153e+02 -3.271752141615530629e+00
9.079546500000000151e+02 -3.272624465442020014e+00
9.158839500000000271e+02 -3.267827105345462613e+00
9.550280400000000327e+02 -3.267089212837946288e+00
9.722501099999999497e+02 -3.267174322602374836e+00
9.937549599999999828e+02 -3.264051737369936923e+00
1.009302299999999946e+03 -3.261020708625330222e+00
1.045460399999999936e+03 -3.262384835103914860e+00
1.063256100000000060e+03 -3.259327378662672192e+00
1.104891000000000076e+03 -3.260587979639157030e+00
1.115492799999999988e+03 -3.257998865922870024e+00
1.147967399999999998e+03 -3.255983500447326318e+00
1.162689399999999978e+03 -3.254180281351613857e+00
1.205484999999999900e+03 -3.257238758314013882e+00
1.230834599999999909e+03 -3.256535061527757069e+00
1.256721800000000030e+03 -3.253621678242218263e+00
1.262670299999999997e+03 -3.251784814676043744e+00
1.289023899999999912e+03 -3.248367386716607630e+00
1.317508900000000040e+03 -3.249664462900902162e+00
1.354245899999999892e+03 -3.249129701877420118e+00
1.359395700000000033e+03 -3.246584933668557937e+00
1.391928100000000086e+03 -3.246517341907748211e+00
1.410331699999999955e+03 -3.246601824982773277e+00
1.465808500000000095e+03 -3.247505253611723930e+00
1.468155999999999949e+03 -3.245542212550167616e+00
1.515565800000000081e+03 -3.243564618634785734e+00
1.522182000000000016e+03 -3.244515064517123015e+00
1.546812599999999975e+03 -3.240036340684868676e+00
1.563984099999999899e+03 -3.242160687294934451e+00
1.590338299999999890e+03 -3.240921309827048624e+00
1.607281600000000026e+03 -3.239161046480467210e+00
1.642454300000000103e+03 -3.240348434768221431e+00
1.657978200000000015e+03 -3.237990819144141330e+00
1.699132499999999936e+03 -3.237796471198340242e+00
1.720905600000000049e+03 -3.240275749705967545e+00
1.747807299999999941e+03 -3.236063216182987645e+00
1.757428400000000011e+03 -3.235556568328195493e+00
1.806573000000000093e+03 -3.234203162058092218e+00
1.806888599999999997e+03 -3.237606550249330528e+00
1.843002400000000080e+03 -3.229728916948093165e+00
1.864288800000000037e+03 -3.235922593640964795e+00
1.899887799999999970e+03 -3.236444440950456247e+00
1.915980099999999993e+03 -3.234458783308272967e+00
1.944633499999999913e+03 -3.229611576211455670e+00
1.958891499999999951e+03 -3.231281829483503731e+00
2.003765300000000025e+03 -3.230879139968375391e+00
2.017566299999999956e+03 -3.232266635353387763e+00
2.049594799999999850e+03 -3.228698431425088167e+00
2.062552299999999832e+03 -3.230991822116035195e+00
2.103443499999999858e+03 -3.228986072684964181e+00
2.106133200000000215e+03 -3.225943269983814865e+00
2.138007099999999809e+03 -3.228798156072779868e+00
2.150277999999999793e+03 -3.222519532440981660e+00
2.196247199999999793e+03 -3.229229864836288932e+00
2.216909000000000106e+03 -3.223669051471711011e+00
2.245233400000000074e+03 -3.227634104575392016e+00
2.262615499999999884e+03 -3.224496693565002126e+00
2.279616700000000037e+03 -3.222377797869818927e+00
2.324771200000000135e+03 -3.224577951709755919e+00
2.354191600000000108e+03 -3.225850564086988115e+00
2.377760000000000218e+03 -3.225458679446677301e+00
2.407362500000000182e+03 -3.220775773143629728e+00
2.418638300000000072e+03 -3.221016254990726857e+00
2.454766099999999824e+03 -3.224823698326245491e+00
