9.926083099999999604e+01 -3.455368920537380539e+00
1.001423999999999950e+02 -3.455482382396796837e+00
1.263223200000000048e+02 -3.455266289179515837e+00
1.490181800000000010e+02 -3.455222619416601137e+00
1.494949400000000139e+02 -3.455011605135970942e+00
1.754893600000000049e+02 -3.454876550979948391e+00
1.990661299999999869e+02 -3.454514460926768837e+00
1.997183200000000056e+02 -3.454572847236681898e+00
2.255754100000000051e+02 -3.454680684598140150e+00
2.495313899999999876e+02 -3.454002776872122205e+00
2.498670199999999966e+02 -3.453898265667779022e+00
2.715077699999999936e+02 -3.452854625625596974e+00
2.991221600000000080e+02 -3.452852746182310195e+00
2.998762399999999957e+02 -3.452821301703702606e+00
3.205854400000000055e+02 -3.451724350161643251e+00
3.495218899999999849e+02 -3.451792725022483577e+00
3.515049700000000144e+02 -3.451789870634773383e+00
3.714264000000000010e+02 -3.450412173473811350e+00
4.004289299999999798e+02 -3.448641738800215517e+00
4.016695399999999836e+02 -3.450302019499194905e+00
4.191808100000000081e+02 -3.447365261835188210e+00
4.524157400000000280e+02 -3.446411559590575102e+00
4.537365599999999972e+02 -3.448517825509945567e+00
4.695074700000000121e+02 -3.444397942321113071e+00
4.965989099999999894e+02 -3.439476166044478145e+00
5.048337900000000218e+02 -3.445317085959779035e+00
5.228283099999999877e+02 -3.438133591035893666e+00
5.478219100000000026e+02 -3.436828498247317398e+00
5.510175199999999904e+02 -3.430570666133708535e+00
5.708368199999999888e+02 -3.427871838062508836e+00
5.940790899999999510e+02 -3.421425562943042120e+00
5.974585899999999583e+02 -3.426149068142207987e+00
6.186999799999999823e+02 -3.420315283492688874e+00
6.485141899999999850e+02 -3.419652506363450861e+00
6.507715299999999843e+02 -3.415255919003198581e+00
6.685964099999999917e+02 -3.412558794693153708e+00
6.995212500000000091e+02 -3.411396296496456593e+00
7.046134200000000192e+02 -3.409925577475041436e+00
7.221918299999999817e+02 -3.407309097660033093e+00
7.472891600000000381e+02 -3.403785604369786721e+00
7.510466699999999491e+02 -3.405179904122864087e+00
7.657891899999999623e+02 -3.399230096918578248e+00
8.022635099999999966e+02 -3.400124934500502683e+00
8.063755200000000514e+02 -3.400376196068546353e+00
8.177557699999999841e+02 -3.395453165359829661e+00
8.391748499999999922e+02 -3.393506096677361583e+00
8.491037000000000035e+02 -3.395182051271846468e+00
8.634963099999999940e+02 -3.388589169856331296e+00
8.950133700000000090e+02 -3.387942585265389717e+00
9.031175100000000384e+02 -3.390149818235681067e+00
9.232062899999999672e+02 -3.387061873288471858e+00
9.519801099999999678e+02 -3.383717097790075456e+00
9.544485100000000557e+02 -3.384722671850650233e+00
9.665673900000000458e+02 -3.380057048042639511e+00
9.966368800000000192e+02 -3.379367959749167927e+00
1.003371200000000044e+03 -3.378842784869022342e+00
1.018135400000000004e+03 -3.375984833139645147e+00
1.041456799999999930e+03 -3.372204903159767397e+00
1.051373399999999947e+03 -3.375051718974111825e+00
1.073804599999999937e+03 -3.372670292877776088e+00
1.101329999999999927e+03 -3.370415100399934527e+00
1.108127300000000105e+03 -3.371295175147623002e+00
1.119834499999999935e+03 -3.367482110226186265e+00
1.150158599999999979e+03 -3.365913291071235491e+00
1.161123399999999947e+03 -3.367890389306421817e+00
1.169314399999999978e+03 -3.362458312610126843e+00
1.192566100000000006e+03 -3.361267274030736107e+00
1.201382399999999961e+03 -3.361264761496474129e+00
1.215423900000000003e+03 -3.360256258723387290e+00
1.240508499999999913e+03 -3.357033463890535252e+00
1.243955600000000004e+03 -3.358284571231356708e+00
1.253984099999999899e+03 -3.352572080129399890e+00
1.291789999999999964e+03 -3.353081613584989018e+00
1.296576499999999896e+03 -3.354482106855857459e+00
1.317691100000000006e+03 -3.351749932824495737e+00
1.354425899999999956e+03 -3.344695622800750723e+00
1.358346900000000005e+03 -3.353555198354373434e+00
1.360369400000000041e+03 -3.351145681574987378e+00
1.394100899999999911e+03 -3.346867268905978410e+00
1.400298600000000079e+03 -3.346869762350099364e+00
1.422034599999999955e+03 -3.346258491088052622e+00
1.432785100000000057e+03 -3.342512266666723963e+00
1.444031700000000001e+03 -3.344365034863763242e+00
1.464532300000000077e+03 -3.341689781959180650e+00
1.490853499999999940e+03 -3.339732378117525879e+00
1.494929599999999937e+03 -3.341400572396842072e+00
1.516100200000000086e+03 -3.338611534141080028e+00
1.559159400000000005e+03 -3.340783241421266592e+00
1.563595399999999927e+03 -3.338987078277789955e+00
1.577569999999999936e+03 -3.338848874660792276e+00
1.598663099999999986e+03 -3.333578830218534517e+00
1.614903600000000097e+03 -3.336389168923181270e+00
1.616311999999999898e+03 -3.334831173919703406e+00
1.651602000000000089e+03 -3.332593106010654171e+00
1.655473300000000108e+03 -3.332797303102409625e+00
1.656856999999999971e+03 -3.331437532874968799e+00
1.692868799999999965e+03 -3.329123343284719816e+00
1.707583800000000110e+03 -3.328911638384368210e+00
1.715942999999999984e+03 -3.332859448156266335e+00
1.730463299999999890e+03 -3.323882723901442127e+00
1.751527900000000045e+03 -3.325104955443936028e+00
1.761083300000000008e+03 -3.326016749250825466e+00
1.794003699999999981e+03 -3.320675964334185881e+00
1.807218399999999974e+03 -3.327781979054866834e+00
1.808687400000000025e+03 -3.323569896643239652e+00
1.830047900000000027e+03 -3.318238154045654476e+00
1.834669200000000046e+03 -3.321198372149965827e+00
1.858135999999999967e+03 -3.321411302692925727e+00
1.900101699999999937e+03 -3.319692390506355117e+00
1.902951399999999921e+03 -3.317441968698767063e+00
1.903771099999999933e+03 -3.320667921840248393e+00
1.935188300000000027e+03 -3.316464888436742697e+00
1.954215099999999893e+03 -3.319140259258686498e+00
1.972159499999999980e+03 -3.321703272002490603e+00
2.000883499999999913e+03 -3.315445555979740444e+00
2.010364900000000034e+03 -3.318379945346336957e+00
2.013889100000000099e+03 -3.317003264238334470e+00
2.047071699999999964e+03 -3.315218610483845918e+00
2.058474200000000110e+03 -3.313220016964211645e+00
2.060739700000000084e+03 -3.315185706030548296e+00
2.104204000000000178e+03 -3.316479186336902973e+00
2.114978000000000065e+03 -3.315654618244773033e+00
2.124839199999999892e+03 -3.315581351828192247e+00
2.135271499999999833e+03 -3.312913715140393123e+00
2.161137299999999868e+03 -3.314210960733767752e+00
2.163443800000000010e+03 -3.310945645208374977e+00
2.189703700000000026e+03 -3.306776485282945988e+00
2.204204699999999775e+03 -3.309291464042483533e+00
2.209122499999999945e+03 -3.310482210767756062e+00
2.252216199999999844e+03 -3.309632407511975405e+00
2.253630299999999806e+03 -3.306387050330069854e+00
2.265132399999999961e+03 -3.312091439262697889e+00
2.312670399999999972e+03 -3.309284887050088386e+00
2.316021799999999985e+03 -3.306134193176673008e+00
2.317133899999999812e+03 -3.313266340022753997e+00
2.346627599999999802e+03 -3.306861128044060294e+00
2.353920999999999822e+03 -3.303777708131466984e+00
2.363782999999999902e+03 -3.305294868355767690e+00
2.386311499999999796e+03 -3.302528917842344036e+00
2.407197599999999966e+03 -3.303164956766507565e+00
2.407790199999999913e+03 -3.303028465047849860e+00
2.437668900000000122e+03 -3.304111038882401985e+00
