1.007055000000000007e+02 -6.232789923205060312e+00
1.271782400000000024e+02 -6.232528524291909733e+00
1.494181199999999876e+02 -6.232175289296240983e+00
1.494482500000000016e+02 -6.232183078501098983e+00
1.752600999999999942e+02 -6.232100409104958771e+00
2.004705600000000061e+02 -6.232122292845740930e+00
2.005243600000000015e+02 -6.232136201216845528e+00
2.257493200000000115e+02 -6.232076854868178195e+00
2.490100799999999879e+02 -6.231521427357648690e+00
2.490231799999999964e+02 -6.231524813968456478e+00
2.728443800000000010e+02 -6.231043540641294953e+00
2.986720300000000066e+02 -6.230590948125136030e+00
2.986740800000000036e+02 -6.230591478090949487e+00
3.242076500000000010e+02 -6.230777291141112784e+00
3.489600800000000049e+02 -6.229877284446200036e+00
3.491351000000000226e+02 -6.229922530600672914e+00
3.723213600000000270e+02 -6.229698443804713826e+00
4.016457300000000146e+02 -6.229665902813071199e+00
4.018008500000000254e+02 -6.229706004421355026e+00
4.240395199999999818e+02 -6.229313274853925719e+00
4.508202800000000252e+02 -6.228450149655927248e+00
4.508483299999999758e+02 -6.228457401139373850e+00
4.724612999999999943e+02 -6.227155409049781376e+00
5.041468600000000038e+02 -6.226724225079789399e+00
5.042497599999999807e+02 -6.226750826778425285e+00
5.217881399999999985e+02 -6.224435671523610658e+00
5.511878799999999501e+02 -6.223999757453103854e+00
5.513907699999999750e+02 -6.224052717411501234e+00
5.683867900000000191e+02 -6.221176020136619300e+00
5.982053100000000541e+02 -6.220577149819273011e+00
5.984619800000000396e+02 -6.220643504124316436e+00
6.185205099999999447e+02 -6.218283236609131848e+00
6.464163099999999531e+02 -6.217717530823556160e+00
6.466718200000000252e+02 -6.217783585245505229e+00
6.727232999999999947e+02 -6.216511083985946762e+00
6.961169499999999744e+02 -6.214517387534587378e+00
6.963776500000000169e+02 -6.214584783674863999e+00
7.219324400000000423e+02 -6.213020027154173341e+00
7.507385900000000447e+02 -6.211986428655930759e+00
7.509729999999999563e+02 -6.212046519453737758e+00
7.664199599999999464e+02 -6.207511980944740770e+00
7.921177599999999757e+02 -6.206425880680886742e+00
7.922418900000000122e+02 -6.206457970757190523e+00
8.235831799999999703e+02 -6.203482056441403714e+00
8.509694600000000264e+02 -6.199429245915833775e+00
8.510189299999999548e+02 -6.199442034895731979e+00
8.605040699999999561e+02 -6.194625152168922178e+00
9.005633900000000267e+02 -6.195616842651681999e+00
9.006426099999999906e+02 -6.195637322598872565e+00
9.145874400000000151e+02 -6.189388379896902492e+00
9.539205100000000357e+02 -6.190821772768781095e+00
9.542331400000000485e+02 -6.190903102701993177e+00
9.685549300000000130e+02 -6.182603738674892213e+00
1.001711400000000026e+03 -6.182184403884333435e+00
1.002163900000000012e+03 -6.182301384143155332e+00
1.029300799999999981e+03 -6.178723489226973342e+00
1.052684799999999996e+03 -6.174085836629629398e+00
1.053603499999999940e+03 -6.174323847724088488e+00
1.067489399999999932e+03 -6.169009700975124133e+00
1.100745899999999892e+03 -6.166603708121169092e+00
1.100901599999999917e+03 -6.166643959671000097e+00
1.125698499999999967e+03 -6.164562695438265294e+00
1.148715099999999893e+03 -6.162706105777179033e+00
1.149253300000000081e+03 -6.162845241192203005e+00
1.173498399999999947e+03 -6.158689715659433794e+00
1.208884900000000016e+03 -6.156429322379368685e+00
1.209403700000000072e+03 -6.156563951362217679e+00
1.212206200000000081e+03 -6.151829467044479749e+00
1.254354800000000068e+03 -6.150843976964653237e+00
1.254962500000000091e+03 -6.151000570659292066e+00
1.272776499999999942e+03 -6.148006108922329460e+00
1.295097500000000082e+03 -6.144108813512726641e+00
1.295703400000000101e+03 -6.144264941871528940e+00
1.316262400000000071e+03 -6.142263548996556466e+00
1.350739100000000008e+03 -6.140460504679834841e+00
1.351127799999999979e+03 -6.140560991368463561e+00
1.372602699999999913e+03 -6.137387868838248828e+00
1.398009600000000091e+03 -6.133460434459143684e+00
1.398423099999999977e+03 -6.133567332441515418e+00
1.408202299999999923e+03 -6.130091481273934662e+00
1.453451999999999998e+03 -6.132324235217961217e+00
1.453753500000000031e+03 -6.132401670116463421e+00
1.463615900000000011e+03 -6.126547063201201127e+00
1.514942299999999932e+03 -6.121604581481701501e+00
1.515660800000000108e+03 -6.127598388284638986e+00
1.516212899999999991e+03 -6.127740099418276465e+00
1.542979399999999941e+03 -6.120983810828350968e+00
1.543268900000000031e+03 -6.121058143487944747e+00
1.571380100000000084e+03 -6.118579875384153155e+00
1.589949200000000019e+03 -6.113929919811873503e+00
1.590418799999999919e+03 -6.114051829615200440e+00
1.601389400000000023e+03 -6.108610419124195445e+00
1.658710100000000011e+03 -6.107806632755828247e+00
1.667647300000000087e+03 -6.111975411916056977e+00
1.667725899999999911e+03 -6.111996749289025921e+00
1.688906400000000076e+03 -6.105443529081767906e+00
1.689289299999999912e+03 -6.105541498646802623e+00
1.704392399999999952e+03 -6.101628425750570628e+00
1.750487200000000030e+03 -6.102326143776674705e+00
1.750625199999999950e+03 -6.102361819524116271e+00
1.768352599999999939e+03 -6.098670229478606153e+00
1.798726300000000037e+03 -6.095364283796547156e+00
1.799689200000000028e+03 -6.095613212616923349e+00
1.811333800000000110e+03 -6.096350013606256724e+00
1.834946899999999914e+03 -6.091756831152306262e+00
1.835183099999999968e+03 -6.091816875846689960e+00
1.853311200000000099e+03 -6.089405345316951212e+00
1.901139499999999998e+03 -6.092045711981451284e+00
1.901167999999999893e+03 -6.092053079798857240e+00
1.913831300000000056e+03 -6.088702532800885692e+00
1.948057199999999966e+03 -6.085066383830208814e+00
1.948117700000000013e+03 -6.085081515430642796e+00
1.968129200000000083e+03 -6.083876909793341170e+00
1.987993999999999915e+03 -6.080064157425019822e+00
1.988080600000000004e+03 -6.080087054103199051e+00
2.001616299999999910e+03 -6.074712396071680232e+00
2.038788399999999911e+03 -6.078868226158915533e+00
2.039677799999999934e+03 -6.079098662620040727e+00
2.072299199999999928e+03 -6.076630254584011404e+00
2.118764900000000125e+03 -6.076580686465857362e+00
2.119577000000000226e+03 -6.077717762582469874e+00
2.120736600000000180e+03 -6.078016524560825751e+00
2.138464599999999791e+03 -6.070060383744907639e+00
2.138542399999999816e+03 -6.070081514301948644e+00
2.154625799999999799e+03 -6.063608923225206837e+00
2.217574300000000221e+03 -6.063834633206004909e+00
2.222866799999999785e+03 -6.069342377607817696e+00
2.223142899999999827e+03 -6.069415281516874927e+00
2.253604499999999916e+03 -6.062547691731560384e+00
2.253924899999999980e+03 -6.062630521510404158e+00
2.264487500000000182e+03 -6.063946549612586168e+00
2.308642899999999827e+03 -6.058810103571507177e+00
2.336358700000000226e+03 -6.065394078328100846e+00
2.337308300000000145e+03 -6.065641604249928598e+00
2.340474799999999959e+03 -6.057529818777275032e+00
2.340520899999999983e+03 -6.057541736545080546e+00
2.362882399999999961e+03 -6.058570950271784383e+00
2.402206000000000131e+03 -6.054876208007143212e+00
2.402983900000000176e+03 -6.055077310644354505e+00
2.416600600000000213e+03 -6.053497254439285769e+00
2.471824399999999969e+03 -6.053148222778562015e+00
2.472183399999999892e+03 -6.053239504863711318e+00
