9.969566500000000531e+01 -3.495903326455991778e+00
1.272784900000000050e+02 -3.495604817464792013e+00
1.494324000000000012e+02 -3.495333876136604623e+00
1.757720300000000009e+02 -3.495065747299266334e+00
2.001451700000000073e+02 -3.494821604764336787e+00
2.240021800000000098e+02 -3.494288933631086724e+00
2.514773299999999949e+02 -3.494327487755581441e+00
2.726232400000000098e+02 -3.493468510771090330e+00
2.994291499999999928e+02 -3.493180480876179494e+00
3.229406299999999987e+02 -3.492683407030663822e+00
3.512435899999999833e+02 -3.492309312745330629e+00
3.728583300000000236e+02 -3.491572300930866568e+00
4.001544400000000223e+02 -3.490358280214664433e+00
4.246970499999999902e+02 -3.490220843410610563e+00
4.511607599999999820e+02 -3.488633885963352554e+00
4.688245000000000005e+02 -3.487102512670293919e+00
4.975324800000000209e+02 -3.485940339669084675e+00
5.208084700000000566e+02 -3.485345596821612713e+00
5.508399200000000064e+02 -3.483947152753620102e+00
5.708872900000000072e+02 -3.482515253972656044e+00
5.949502899999999954e+02 -3.480973958701685689e+00
6.222188599999999497e+02 -3.480531466830803833e+00
6.512570200000000114e+02 -3.478797365142999087e+00
6.706630300000000489e+02 -3.476487978743965535e+00
6.997877799999999979e+02 -3.474615515297319934e+00
7.229917199999999866e+02 -3.472443068133963084e+00
7.466508300000000418e+02 -3.470620278043838436e+00
7.675019700000000284e+02 -3.466907924338932023e+00
8.039346399999999448e+02 -3.466852751741489325e+00
8.162708300000000463e+02 -3.461804623809212167e+00
8.488507700000000114e+02 -3.461778835620394013e+00
8.727458400000000438e+02 -3.458817727752438120e+00
8.905988399999999956e+02 -3.454860266671735403e+00
9.202993500000000040e+02 -3.453796632364565689e+00
9.512771800000000439e+02 -3.451447293752542667e+00
9.739037899999999581e+02 -3.450032118799180036e+00
9.906739400000000160e+02 -3.446462946587469212e+00
1.016960299999999961e+03 -3.443408198847255797e+00
1.049944300000000112e+03 -3.441437204056547738e+00
1.065204700000000003e+03 -3.438625960600093734e+00
1.100784100000000080e+03 -3.438511100373877305e+00
1.120485500000000002e+03 -3.436408955435164003e+00
1.146425799999999981e+03 -3.434887327238453469e+00
1.163512099999999919e+03 -3.428963950822209839e+00
1.205885600000000068e+03 -3.428883131485223945e+00
1.215161800000000085e+03 -3.425174456283164304e+00
1.251036499999999933e+03 -3.425476004154811349e+00
1.269211999999999989e+03 -3.422874101781805845e+00
1.295721199999999953e+03 -3.420532824616892231e+00
1.315155299999999897e+03 -3.418320461898402662e+00
1.346533200000000079e+03 -3.414888257874766797e+00
1.360008100000000013e+03 -3.412877181649593972e+00
1.399802799999999934e+03 -3.410190041262872285e+00
1.427303699999999935e+03 -3.411692915617177135e+00
1.461678599999999960e+03 -3.405493260873780237e+00
1.461884999999999991e+03 -3.410634702020897357e+00
1.503161100000000033e+03 -3.404167190873898186e+00
1.525975400000000036e+03 -3.406140706461804335e+00
1.553026499999999942e+03 -3.402665554209320931e+00
1.560546599999999899e+03 -3.398894048311492444e+00
1.612119799999999941e+03 -3.396269898106674567e+00
1.613643499999999904e+03 -3.400813865954505300e+00
1.660922600000000102e+03 -3.397394535186590403e+00
1.682777000000000044e+03 -3.398700805309491368e+00
1.709974200000000110e+03 -3.392013728128149719e+00
1.718062799999999925e+03 -3.390414226418370980e+00
1.756103800000000092e+03 -3.388732146290481140e+00
1.763988700000000108e+03 -3.388909874162762570e+00
1.797798500000000104e+03 -3.387917936047163181e+00
1.814760999999999967e+03 -3.383601472024744261e+00
1.853057199999999966e+03 -3.383639090989354781e+00
1.862268000000000029e+03 -3.384033292831124751e+00
1.901269999999999982e+03 -3.383589524139976490e+00
1.911844499999999925e+03 -3.380818561460339211e+00
1.951906500000000051e+03 -3.379841119822252882e+00
1.965507399999999961e+03 -3.377383988976160989e+00
1.994222800000000007e+03 -3.374395421552741414e+00
2.006604599999999891e+03 -3.374693910685424569e+00
2.041439200000000028e+03 -3.369565926772772446e+00
2.067572999999999865e+03 -3.377230949493739587e+00
2.090364900000000034e+03 -3.372185851113355337e+00
2.106385999999999967e+03 -3.370035135113369940e+00
2.143195299999999861e+03 -3.368329058973059897e+00
2.164279199999999946e+03 -3.367459597678272853e+00
2.207598800000000210e+03 -3.366914886518541650e+00
2.219820999999999913e+03 -3.368955242273097284e+00
2.251124499999999898e+03 -3.363445133495038597e+00
2.269826500000000124e+03 -3.365798189808528296e+00
2.305609399999999823e+03 -3.362737617602193474e+00
2.316504100000000108e+03 -3.363899931674397159e+00
2.345353500000000167e+03 -3.361006763093625338e+00
2.375714500000000044e+03 -3.363998826698036737e+00
2.409109899999999925e+03 -3.363256973482728451e+00
2.412829200000000128e+03 -3.359128724723972059e+00
2.455575200000000223e+03 -3.361596778854635925e+00
