1.000891500000000036e+02 -6.245870967117402195e+00
1.269368000000000052e+02 -6.245767043536552876e+00
1.492988100000000031e+02 -6.245580227903443138e+00
1.760482199999999864e+02 -6.245731285914154718e+00
2.014207000000000107e+02 -6.245800652445259615e+00
2.257095199999999977e+02 -6.245610225454203857e+00
2.505601499999999930e+02 -6.245000718379957405e+00
2.730639899999999898e+02 -6.244997118595009056e+00
3.000837799999999902e+02 -6.245056768481489939e+00
3.236177700000000073e+02 -6.244923085667547724e+00
3.508980900000000247e+02 -6.244426741521615476e+00
3.715947400000000016e+02 -6.244150838247554347e+00
3.968940200000000118e+02 -6.243444615133125097e+00
4.200611299999999915e+02 -6.243266463086975193e+00
4.493629999999999995e+02 -6.243315628295811770e+00
4.705687899999999786e+02 -6.242859420309035734e+00
5.001175799999999754e+02 -6.241663137755736557e+00
5.203818800000000238e+02 -6.242237197573656360e+00
5.533978700000000117e+02 -6.242091946883281395e+00
5.667252799999999979e+02 -6.240426417518463609e+00
5.976153799999999592e+02 -6.241085642594148553e+00
6.211005599999999731e+02 -6.240039178590149227e+00
6.529155899999999519e+02 -6.239919299509893769e+00
6.663101900000000342e+02 -6.236485571198922884e+00
7.004932199999999511e+02 -6.236666957432118963e+00
7.145383199999999988e+02 -6.233991158178250558e+00
7.451598599999999806e+02 -6.234122477638523563e+00
7.677490000000000236e+02 -6.231995600882090258e+00
8.056350999999999658e+02 -6.231086675694630372e+00
8.136105700000000525e+02 -6.227048350994126125e+00
8.542292899999999918e+02 -6.227395933719964916e+00
8.710204599999999573e+02 -6.223899415218154374e+00
8.993532599999999775e+02 -6.222175565189293600e+00
9.203146000000000413e+02 -6.216649546907975221e+00
9.462651600000000371e+02 -6.213890544665120252e+00
9.642646799999999985e+02 -6.206151655998422889e+00
9.981466000000000349e+02 -6.204311885644176350e+00
1.016970800000000054e+03 -6.199898853465062309e+00
1.056292599999999993e+03 -6.200875434995463564e+00
1.080795100000000048e+03 -6.193890055174020581e+00
1.105032899999999927e+03 -6.189869015334170221e+00
1.120145700000000033e+03 -6.186346196875276426e+00
1.149554599999999937e+03 -6.184788592227147497e+00
1.162035100000000057e+03 -6.179433735072529466e+00
1.210043499999999995e+03 -6.180212458445183188e+00
1.212509600000000091e+03 -6.171998986861727765e+00
1.241309600000000046e+03 -6.170790788085422029e+00
1.268817700000000059e+03 -6.168937188753558232e+00
1.285605700000000070e+03 -6.165982798026354850e+00
1.322363100000000031e+03 -6.164034065948441388e+00
1.353666699999999992e+03 -6.161799985464873508e+00
1.367897200000000112e+03 -6.158867821073862991e+00
1.399040700000000015e+03 -6.155795486093878388e+00
1.405886700000000019e+03 -6.151383245407989087e+00
1.456253300000000081e+03 -6.144940346436559508e+00
1.457003999999999905e+03 -6.153952349349342654e+00
1.504563100000000077e+03 -6.146190331898671921e+00
1.526616099999999960e+03 -6.144689659931392711e+00
1.556999299999999948e+03 -6.141168889504569961e+00
1.566244400000000041e+03 -6.139010285467067618e+00
1.592015900000000101e+03 -6.134319179500517194e+00
1.610654299999999921e+03 -6.130555753239469219e+00
1.653741299999999910e+03 -6.128188087226575931e+00
1.656554900000000089e+03 -6.125578902766821265e+00
1.674960900000000038e+03 -6.120865919580896097e+00
1.718832400000000007e+03 -6.123896971249965127e+00
1.759810500000000047e+03 -6.120232026299332162e+00
1.760830099999999902e+03 -6.118328912608278713e+00
1.785501299999999901e+03 -6.114184315866906694e+00
1.812328800000000001e+03 -6.112470257402582874e+00
1.849430900000000065e+03 -6.108640354214444734e+00
1.868058700000000044e+03 -6.111123424361271539e+00
1.893457000000000107e+03 -6.108657230989392062e+00
1.921624600000000100e+03 -6.105603781552168208e+00
1.944364800000000059e+03 -6.095361061637126099e+00
1.959562300000000050e+03 -6.103059508835488423e+00
1.991967399999999998e+03 -6.089626369590812160e+00
1.992583100000000059e+03 -6.097098790858523465e+00
2.053360099999999875e+03 -6.089734832571155110e+00
2.080253700000000208e+03 -6.100914414277701425e+00
2.098226000000000113e+03 -6.085632360060774459e+00
2.098406399999999849e+03 -6.087760719014499777e+00
2.159042300000000068e+03 -6.081009581349366755e+00
2.174027399999999943e+03 -6.093455174689463405e+00
2.193192799999999806e+03 -6.076685305741849952e+00
2.216149399999999787e+03 -6.082557454835338717e+00
2.245721700000000055e+03 -6.078813820408731416e+00
2.252917699999999968e+03 -6.075348971929137143e+00
2.298016500000000178e+03 -6.069433108054230530e+00
2.300735400000000027e+03 -6.076043284624957685e+00
2.360910699999999906e+03 -6.067601222496375790e+00
2.362030799999999999e+03 -6.072620589140239389e+00
2.397456599999999980e+03 -6.066975790253963829e+00
2.403449399999999969e+03 -6.063099137515851389e+00
2.456273999999999887e+03 -6.060748834968835652e+00
