9.984825200000000223e+01 -4.412475289007822710e+00
1.268011500000000069e+02 -4.411061000346516714e+00
1.501120099999999979e+02 -4.411202017457700464e+00
1.501320499999999925e+02 -4.411207198196676060e+00
1.750723700000000065e+02 -4.409079151740094460e+00
1.970948999999999955e+02 -4.408543328093536218e+00
1.971872999999999934e+02 -4.408567062676909565e+00
2.251919300000000135e+02 -4.406941561631350091e+00
2.477396999999999991e+02 -4.406493538043876335e+00
2.478091499999999883e+02 -4.406511644907774361e+00
2.756827599999999734e+02 -4.403937861836739742e+00
2.991670300000000111e+02 -4.403445151995458495e+00
2.992262200000000121e+02 -4.403460504674278297e+00
3.220238100000000259e+02 -4.399649728890332234e+00
3.528074399999999855e+02 -4.400247234358429793e+00
3.528611099999999965e+02 -4.400261261778164013e+00
3.697300799999999867e+02 -4.395930388386620535e+00
3.989061199999999872e+02 -4.397379397330646533e+00
3.990162300000000073e+02 -4.397407812072420263e+00
4.211431999999999789e+02 -4.393522538011086276e+00
4.478768800000000283e+02 -4.393296743018792583e+00
4.481572600000000079e+02 -4.393369328601690604e+00
4.698156000000000176e+02 -4.390956838814998875e+00
4.939508900000000153e+02 -4.389928278355739621e+00
4.940644699999999716e+02 -4.389957946359440477e+00
5.150181900000000041e+02 -4.387992343664251393e+00
5.487728899999999612e+02 -4.388558265722060980e+00
5.488442199999999502e+02 -4.388576655061763532e+00
5.708290299999999888e+02 -4.388074281753988615e+00
6.058953299999999444e+02 -4.388209534986890148e+00
6.060232300000000123e+02 -4.388242294370813923e+00
6.115518100000000459e+02 -4.382814581245763286e+00
6.555056700000000092e+02 -4.385719204280730033e+00
6.555267999999999802e+02 -4.385724361493971379e+00
6.670072199999999611e+02 -4.383351651719450182e+00
6.964639200000000301e+02 -4.383567802653930201e+00
6.965312599999999748e+02 -4.383585007842977888e+00
7.111835899999999810e+02 -4.379961213040739487e+00
7.533647499999999582e+02 -4.382001085209370927e+00
7.533944999999999936e+02 -4.382008623520444957e+00
7.680769299999999475e+02 -4.381374138765065318e+00
8.033119199999999864e+02 -4.380483950225384504e+00
8.034030900000000202e+02 -4.380507672141706443e+00
8.152104500000000371e+02 -4.380048151704011516e+00
8.497912900000000036e+02 -4.380342098854764998e+00
8.499339499999999816e+02 -4.380378979304983211e+00
8.626661000000000286e+02 -4.378402581901421620e+00
9.004447199999999611e+02 -4.380266298431553018e+00
9.004960099999999557e+02 -4.380279608803092195e+00
9.191362500000000182e+02 -4.379647840795513503e+00
9.524398400000000038e+02 -4.379383982971164713e+00
9.524507099999999582e+02 -4.379386945738795056e+00
9.670927400000000489e+02 -4.377438892415160154e+00
9.942532300000000305e+02 -4.378090177603821687e+00
9.944617299999999886e+02 -4.378143824577819032e+00
1.016398900000000026e+03 -4.378250497075044656e+00
1.056540999999999940e+03 -4.379552515171512006e+00
1.056593499999999949e+03 -4.379565731268892925e+00
1.062599400000000060e+03 -4.376679234936010410e+00
1.114034900000000107e+03 -4.376419700258428414e+00
1.114281300000000101e+03 -4.380292782832885479e+00
1.114358099999999922e+03 -4.380311873880804896e+00
1.154294799999999896e+03 -4.379290285169319397e+00
1.154295499999999947e+03 -4.379290720560286232e+00
1.159462399999999889e+03 -4.375288537096417407e+00
1.189432099999999991e+03 -4.374964247478185797e+00
1.189445500000000038e+03 -4.374968220499026117e+00
1.215353000000000065e+03 -4.377472409612988891e+00
1.242510899999999992e+03 -4.377688514752693827e+00
1.242552100000000110e+03 -4.377699521970786378e+00
1.255016499999999951e+03 -4.375808597496030572e+00
1.297883000000000038e+03 -4.378437764602820081e+00
1.298227599999999939e+03 -4.378526748792649137e+00
1.308196899999999914e+03 -4.375200286509719483e+00
1.357134099999999989e+03 -4.376231081244276844e+00
1.359856700000000046e+03 -4.378683757184180791e+00
1.360144800000000032e+03 -4.378758745624024229e+00
1.397710100000000011e+03 -4.377819960728283277e+00
1.397846800000000030e+03 -4.377855198629029942e+00
1.405102000000000089e+03 -4.376071388295605047e+00
1.447207699999999932e+03 -4.378823077607875369e+00
1.447321799999999939e+03 -4.378852422073274298e+00
1.462898100000000113e+03 -4.377519395025541549e+00
1.499366700000000037e+03 -4.374980329692840897e+00
1.499805100000000039e+03 -4.376252885256526781e+00
1.499955500000000029e+03 -4.376291766650839854e+00
1.538080999999999904e+03 -4.378161146761590850e+00
1.538178200000000061e+03 -4.378185664271872390e+00
1.562148799999999937e+03 -4.378125672072728847e+00
1.598097899999999981e+03 -4.377861271655851816e+00
1.598188599999999951e+03 -4.377884821182410846e+00
1.617577700000000050e+03 -4.379291854988634825e+00
1.662588799999999992e+03 -4.381000174199614072e+00
1.663739800000000059e+03 -4.381753816509437627e+00
1.663939100000000053e+03 -4.381804576246210559e+00
1.702587600000000066e+03 -4.377213548591370795e+00
1.705435099999999920e+03 -4.380465509393534518e+00
1.705584299999999985e+03 -4.380503775251520793e+00
1.758839600000000019e+03 -4.379703805627439550e+00
1.764604700000000093e+03 -4.379974424686018608e+00
1.765404299999999921e+03 -4.380180373924163817e+00
1.807137500000000045e+03 -4.379809049732148019e+00
1.810911599999999908e+03 -4.382822995546066913e+00
1.810953600000000051e+03 -4.382834464007117958e+00
1.846646199999999908e+03 -4.378232330477628942e+00
1.846784400000000005e+03 -4.378267905272833715e+00
1.856525399999999991e+03 -4.382193434496551632e+00
1.893201399999999921e+03 -4.378239789571769514e+00
1.902149699999999939e+03 -4.381232372559042965e+00
1.902150599999999940e+03 -4.381232757883179119e+00
1.937645899999999983e+03 -4.380446654809595941e+00
1.937675999999999931e+03 -4.380453876519389667e+00
1.967006599999999935e+03 -4.383775887283249517e+00
1.988977699999999913e+03 -4.383949442494714965e+00
1.989065100000000029e+03 -4.383972596874229133e+00
2.003372499999999945e+03 -4.381047235114861493e+00
2.056980900000000020e+03 -4.386556083981577814e+00
2.057078100000000177e+03 -4.386581619199981574e+00
2.073858499999999822e+03 -4.387779090304006147e+00
2.084468100000000049e+03 -4.381281347816060823e+00
2.084799399999999878e+03 -4.381367758743002661e+00
2.115937500000000000e+03 -4.385561583220601634e+00
2.157194599999999809e+03 -4.385630326488838548e+00
2.157386100000000170e+03 -4.385679425968163514e+00
2.162736600000000180e+03 -4.386737631652726677e+00
2.199067700000000059e+03 -4.387711564509926276e+00
2.199131100000000060e+03 -4.387727903786750261e+00
2.200635299999999916e+03 -4.385306775540117386e+00
2.244362200000000030e+03 -4.385778564505737442e+00
2.244530200000000150e+03 -4.385822250277479739e+00
2.262158699999999953e+03 -4.388361555059539398e+00
2.285199700000000121e+03 -4.387043178433835955e+00
2.285955500000000029e+03 -4.387239280176743250e+00
2.314350300000000061e+03 -4.389419459603491447e+00
2.355791299999999865e+03 -4.390834798214440227e+00
2.356088400000000092e+03 -4.390911960677247095e+00
2.360940799999999854e+03 -4.389850149884980901e+00
2.409681900000000041e+03 -4.390409426557222439e+00
2.410319800000000214e+03 -4.390574896146639539e+00
2.418571300000000065e+03 -4.389398333709032762e+00
2.436951599999999871e+03 -4.390823424656296048e+00
2.437095299999999952e+03 -4.390861235477498958e+00
