1.002035300000000007e+02 -3.302363390278165500e+00
1.269217799999999983e+02 -3.302016162806477251e+00
1.497034500000000037e+02 -3.301984703097364804e+00
1.747737300000000005e+02 -3.300994365428965960e+00
2.010970499999999959e+02 -3.301410906759227881e+00
2.267032499999999970e+02 -3.300547055239222427e+00
2.493449899999999957e+02 -3.299455708240017326e+00
2.738961499999999774e+02 -3.298356406877867020e+00
2.991129999999999995e+02 -3.297943040464388798e+00
3.236997799999999756e+02 -3.295808066653247437e+00
3.514222599999999943e+02 -3.295571154848377926e+00
3.735331899999999905e+02 -3.292252261300510074e+00
4.000612899999999854e+02 -3.290935664584835774e+00
4.223460099999999784e+02 -3.287068731575071290e+00
4.491204799999999864e+02 -3.286159099358695990e+00
4.697361799999999903e+02 -3.281080363748397399e+00
5.011365999999999872e+02 -3.281297580209029618e+00
5.228618400000000292e+02 -3.276086234376364370e+00
5.465835299999999961e+02 -3.273692353990742543e+00
5.716794599999999491e+02 -3.270573750146530401e+00
5.946636200000000372e+02 -3.268577947720601617e+00
6.193943400000000565e+02 -3.265495959741042231e+00
6.472692299999999932e+02 -3.263719983659349566e+00
6.699972400000000334e+02 -3.260458541452360581e+00
6.983012199999999439e+02 -3.259654372978237902e+00
7.246684299999999439e+02 -3.257073610228274685e+00
7.450673799999999574e+02 -3.255078673523567723e+00
7.700213999999999714e+02 -3.251785127470788961e+00
8.037426199999999881e+02 -3.251271765338426434e+00
8.170548599999999624e+02 -3.248324734336502040e+00
8.540904799999999568e+02 -3.249379079713264673e+00
8.704299399999999878e+02 -3.244205689518796287e+00
9.016606799999999566e+02 -3.243286785080072399e+00
9.143388899999999921e+02 -3.240731665990698396e+00
9.484894000000000460e+02 -3.239952426552749287e+00
9.736761000000000195e+02 -3.238808133258416877e+00
1.006245099999999979e+03 -3.237008094105841227e+00
1.018049700000000030e+03 -3.234000180527714097e+00
1.049009600000000091e+03 -3.232975994970433309e+00
1.074256000000000085e+03 -3.233012105801132741e+00
1.096243500000000040e+03 -3.229024981138047590e+00
1.120552300000000059e+03 -3.228723497107320206e+00
1.158196300000000065e+03 -3.228385761982436986e+00
1.166718800000000101e+03 -3.225287705417575701e+00
1.197353399999999965e+03 -3.224526410917857966e+00
1.213915500000000065e+03 -3.221701896545654087e+00
1.250285300000000007e+03 -3.221143650121702340e+00
1.266760800000000017e+03 -3.221131319470260657e+00
1.292310300000000097e+03 -3.216342419071496650e+00
1.319399499999999989e+03 -3.219323330553335083e+00
1.356924899999999980e+03 -3.217432443617763038e+00
1.369059199999999919e+03 -3.217040295297271868e+00
1.398258100000000013e+03 -3.212873089031860641e+00
1.416849799999999959e+03 -3.215314158179277015e+00
1.447886500000000069e+03 -3.213075143458233196e+00
1.475188799999999901e+03 -3.213283036434368523e+00
1.479744500000000016e+03 -3.209590278942236807e+00
1.518198699999999917e+03 -3.210828320685891413e+00
1.551817099999999982e+03 -3.207444799274731029e+00
1.569373100000000022e+03 -3.214761717968313448e+00
1.601222800000000007e+03 -3.209251961960561061e+00
1.606114900000000034e+03 -3.205203518418452635e+00
1.662668200000000070e+03 -3.205666283827141250e+00
1.665358799999999974e+03 -3.206691442269383518e+00
1.703615000000000009e+03 -3.202031462143312801e+00
1.712711199999999963e+03 -3.203717887796875718e+00
1.762363299999999981e+03 -3.203698458723760467e+00
1.762574200000000019e+03 -3.202152685437213542e+00
1.806560199999999895e+03 -3.202640978588438880e+00
1.815856199999999944e+03 -3.201884653914487622e+00
1.856252999999999929e+03 -3.204047448845332546e+00
1.860413800000000037e+03 -3.199847757550479344e+00
1.898862000000000080e+03 -3.199747030588683483e+00
1.922599699999999984e+03 -3.201109171866828973e+00
1.966071300000000065e+03 -3.200032109081525356e+00
1.967753099999999904e+03 -3.198509478949358442e+00
1.997132800000000088e+03 -3.193092351166131770e+00
2.010716899999999896e+03 -3.196853958805760065e+00
2.050470699999999852e+03 -3.196206723277577932e+00
2.067339399999999841e+03 -3.196834817333776613e+00
2.090827099999999973e+03 -3.191423444042773561e+00
2.106333700000000135e+03 -3.193811203368048801e+00
2.134823100000000068e+03 -3.189192716449672282e+00
2.151481900000000223e+03 -3.189942610681958612e+00
2.219092200000000048e+03 -3.194715489588698443e+00
2.226881100000000060e+03 -3.198429512922400964e+00
2.260752500000000055e+03 -3.190583460960286999e+00
2.263104800000000068e+03 -3.188230504677868282e+00
2.276127599999999802e+03 -3.190118224306904615e+00
2.303239000000000033e+03 -3.185171483927262237e+00
2.319728300000000218e+03 -3.190775177597969581e+00
2.356305100000000039e+03 -3.189316089004421872e+00
2.403430699999999888e+03 -3.188897783755327620e+00
2.411635800000000017e+03 -3.187487060311060549e+00
2.464502300000000105e+03 -3.190124589544691247e+00
