9.947016499999999439e+01 -4.409280100438373040e+00
1.278037900000000064e+02 -4.407942175066414947e+00
1.502902400000000114e+02 -4.407802591730977326e+00
1.763330499999999859e+02 -4.406033395613069281e+00
1.985068499999999858e+02 -4.405403002311413019e+00
2.259270199999999988e+02 -4.403816209284463490e+00
2.515001399999999876e+02 -4.403483293000975074e+00
2.722873399999999720e+02 -4.400623430497874189e+00
3.016734999999999900e+02 -4.401336712830606679e+00
3.219523199999999861e+02 -4.397778865865034525e+00
3.500691600000000108e+02 -4.397955373542004942e+00
3.700870600000000081e+02 -4.395043028986162170e+00
3.988335700000000088e+02 -4.395024034750124819e+00
4.195162199999999757e+02 -4.391957111423878679e+00
4.567357900000000086e+02 -4.393190855625017655e+00
4.668032200000000103e+02 -4.389632943256344788e+00
4.966295499999999947e+02 -4.390208644391456971e+00
5.193523400000000265e+02 -4.387881228244839171e+00
5.491092899999999872e+02 -4.388017000596163619e+00
5.674447800000000370e+02 -4.385566829269154532e+00
5.990722100000000410e+02 -4.385766913079291562e+00
6.201582399999999780e+02 -4.384638690402600680e+00
6.461566299999999501e+02 -4.383854041768661780e+00
6.648546900000000051e+02 -4.382097795369602089e+00
7.007595199999999522e+02 -4.383497454041873631e+00
7.131058600000000069e+02 -4.380941467693023839e+00
7.509418200000000070e+02 -4.382248361102996981e+00
7.646074999999999591e+02 -4.380446487251920651e+00
8.058661299999999983e+02 -4.382447541382302525e+00
8.127761400000000549e+02 -4.379089758183308589e+00
8.543855800000000045e+02 -4.380567723915003597e+00
8.588413399999999456e+02 -4.377563510158920757e+00
8.992331400000000485e+02 -4.381006256129545307e+00
9.089556999999999789e+02 -4.377440859076590307e+00
9.500849500000000489e+02 -4.378571909825429209e+00
9.616939399999999978e+02 -4.376454959836332037e+00
1.006978299999999990e+03 -4.377839305873607145e+00
1.008706500000000005e+03 -4.375596480957340439e+00
1.052549999999999955e+03 -4.377266487840583586e+00
1.065813499999999976e+03 -4.378013603983140101e+00
1.099293499999999995e+03 -4.378761054892249760e+00
1.103006399999999985e+03 -4.375233533043081380e+00
1.147435300000000097e+03 -4.376579455132182161e+00
1.165525699999999915e+03 -4.376317602379077520e+00
1.206786299999999983e+03 -4.378009782524800997e+00
1.210808399999999892e+03 -4.375558989250912134e+00
1.253155500000000075e+03 -4.377669085676299865e+00
1.267035900000000083e+03 -4.378446332048498313e+00
1.299374099999999999e+03 -4.377296325259321996e+00
1.310596199999999953e+03 -4.376796179217877558e+00
1.348888899999999921e+03 -4.376309231648986220e+00
1.360789199999999937e+03 -4.375749933858676499e+00
1.385023500000000013e+03 -4.376145249528882175e+00
1.417805000000000064e+03 -4.377685612984997476e+00
1.457594700000000103e+03 -4.379292925978782947e+00
1.462909799999999905e+03 -4.377116303282667431e+00
1.483950100000000020e+03 -4.376589529404440349e+00
1.508623700000000099e+03 -4.378207918264523713e+00
1.544240500000000111e+03 -4.376509301077367020e+00
1.569869699999999966e+03 -4.380284053768882302e+00
1.593184899999999971e+03 -4.377782339813522938e+00
1.611999299999999948e+03 -4.379024620668916512e+00
1.654738900000000058e+03 -4.378876528108515132e+00
1.656706899999999905e+03 -4.377514442450021193e+00
1.706020600000000059e+03 -4.381911906384622135e+00
1.712221800000000030e+03 -4.380883552155039773e+00
1.750426400000000058e+03 -4.380744274738322730e+00
1.766165199999999913e+03 -4.379767067475007991e+00
1.810080500000000029e+03 -4.379880325686740683e+00
1.810281799999999976e+03 -4.383449666782484933e+00
1.860583699999999908e+03 -4.382997572613041015e+00
1.862714699999999993e+03 -4.381900147580439331e+00
1.894824399999999969e+03 -4.384516430278438293e+00
1.900232999999999947e+03 -4.380646189655854172e+00
1.956868199999999888e+03 -4.383203759027667346e+00
1.971555499999999938e+03 -4.382987284739921385e+00
1.999459299999999985e+03 -4.382621591343212941e+00
2.014666500000000042e+03 -4.383236498963036354e+00
2.061211499999999887e+03 -4.386609731494020004e+00
2.064706499999999778e+03 -4.384674768854826432e+00
2.100754300000000057e+03 -4.383992418039107442e+00
2.112728500000000167e+03 -4.385471306897347432e+00
2.155975500000000011e+03 -4.385338470383755016e+00
2.159927200000000084e+03 -4.388275441077863270e+00
2.191309400000000096e+03 -4.385290359274000238e+00
2.202950200000000223e+03 -4.384746053727289095e+00
2.245311900000000151e+03 -4.385170478176565467e+00
2.255620800000000145e+03 -4.385622680412883057e+00
2.297001900000000205e+03 -4.388516020349307212e+00
2.323784000000000106e+03 -4.389085309550889491e+00
2.356383400000000165e+03 -4.391804731276129914e+00
2.359732500000000073e+03 -4.390220255345087530e+00
2.397699999999999818e+03 -4.388747344164683817e+00
2.420964599999999791e+03 -4.392957259055114250e+00
2.462593199999999797e+03 -4.391856980389349907e+00
