1.000291600000000045e+02 -4.351688401719947308e+00
1.267931499999999971e+02 -4.351694083825754511e+00
1.503047100000000000e+02 -4.351684716393564578e+00
1.503310799999999858e+02 -4.351691533563564640e+00
1.754545400000000086e+02 -4.351530840584780790e+00
1.986768299999999954e+02 -4.350916312511092343e+00
1.988372400000000084e+02 -4.350957832575101492e+00
2.245194199999999967e+02 -4.351307293253267261e+00
2.503543899999999951e+02 -4.350962841830707362e+00
2.504637500000000045e+02 -4.350991113567955537e+00
2.718780399999999986e+02 -4.350357481926232950e+00
3.009661699999999769e+02 -4.350993208716423588e+00
3.012419899999999870e+02 -4.351064411906912177e+00
3.236206900000000246e+02 -4.350200300956835520e+00
3.541543399999999906e+02 -4.350241374168458464e+00
3.542056699999999978e+02 -4.350254440453762861e+00
3.695486399999999776e+02 -4.348721310745201407e+00
3.941705900000000042e+02 -4.348041388778017158e+00
3.944315100000000029e+02 -4.348109096219704206e+00
4.163093999999999824e+02 -4.347092312168834738e+00
4.494983599999999910e+02 -4.348041390938033324e+00
4.495497700000000236e+02 -4.348054732331960714e+00
4.712768100000000118e+02 -4.347100924906576402e+00
4.988815799999999854e+02 -4.346004506802191081e+00
4.990419499999999857e+02 -4.346045914754592232e+00
5.148032699999999977e+02 -4.344044812282485957e+00
5.487173400000000356e+02 -4.344105221855425469e+00
5.491858499999999594e+02 -4.344226341017990656e+00
5.637338399999999865e+02 -4.342508963251908050e+00
5.978247800000000325e+02 -4.343312685272903373e+00
5.978583300000000236e+02 -4.343321460386662558e+00
6.177922999999999547e+02 -4.341422325643418567e+00
6.516064999999999827e+02 -4.341455186729239024e+00
6.518288300000000390e+02 -4.341512816116825491e+00
6.707308699999999817e+02 -4.339442825914319180e+00
6.917197099999999637e+02 -4.336653460997259124e+00
6.919949299999999539e+02 -4.336725017929863313e+00
7.156557400000000371e+02 -4.335263088654746078e+00
7.502718999999999596e+02 -4.334874074320788750e+00
7.507444600000000037e+02 -4.334996240488985464e+00
7.687171299999999974e+02 -4.331672861203887059e+00
7.972764799999999923e+02 -4.330087316291717059e+00
7.973626000000000431e+02 -4.330109630911685770e+00
8.188878799999999956e+02 -4.325850102531036079e+00
8.459077600000000530e+02 -4.324470024005089286e+00
8.461885700000000270e+02 -4.324542466324515999e+00
8.624077200000000403e+02 -4.318714678260898943e+00
9.011916999999999689e+02 -4.319476403358804006e+00
9.017472699999999577e+02 -4.319620029264647165e+00
9.239484300000000303e+02 -4.314888526694404369e+00
9.558184599999999591e+02 -4.312425650658563647e+00
9.581866499999999860e+02 -4.313038383775920082e+00
9.743264100000000099e+02 -4.306925416819780139e+00
1.009643000000000029e+03 -4.304763477992765708e+00
1.009970400000000041e+03 -4.304847608556912064e+00
1.011636600000000044e+03 -4.295602189153489014e+00
1.051265300000000025e+03 -4.296473549076161191e+00
1.051917400000000043e+03 -4.296642028138008662e+00
1.066890699999999924e+03 -4.289692804201879817e+00
1.106064300000000003e+03 -4.289399697140387602e+00
1.106667699999999968e+03 -4.289556196907538421e+00
1.114678699999999935e+03 -4.282771968878793523e+00
1.151821300000000065e+03 -4.272342572384462578e+00
1.153801400000000058e+03 -4.281510685852895293e+00
1.154249299999999948e+03 -4.281626731347166093e+00
1.197668400000000020e+03 -4.274505921220843163e+00
1.197748399999999947e+03 -4.274526704584375558e+00
1.216980800000000045e+03 -4.268605776661994256e+00
1.255193299999999908e+03 -4.266164043282662632e+00
1.255436899999999923e+03 -4.266226764305464769e+00
1.259499000000000024e+03 -4.261687390598544845e+00
1.304802500000000009e+03 -4.262705730096659096e+00
1.305023999999999887e+03 -4.262763297568938015e+00
1.315346700000000055e+03 -4.257844957874606706e+00
1.351607099999999946e+03 -4.251554429779694999e+00
1.353107299999999896e+03 -4.255351278241131574e+00
1.355177400000000034e+03 -4.255886949158812271e+00
1.399096600000000080e+03 -4.252878022030106564e+00
1.399603100000000040e+03 -4.253009064134826822e+00
1.411392900000000054e+03 -4.246582353975582258e+00
1.441503999999999905e+03 -4.244315634745188248e+00
1.442335299999999961e+03 -4.244530186147697393e+00
1.454836600000000089e+03 -4.239409334336638580e+00
1.487641399999999976e+03 -4.238094384038161522e+00
1.488424800000000005e+03 -4.238296399680811177e+00
1.501706500000000005e+03 -4.233240873033074614e+00
1.564409300000000030e+03 -4.234766793554785913e+00
1.569991999999999962e+03 -4.236207233953426687e+00
1.570006100000000060e+03 -4.236211947677670508e+00
1.603316100000000006e+03 -4.234024090544202146e+00
1.603556900000000041e+03 -4.234086138596665272e+00
1.617994300000000067e+03 -4.228692908748691082e+00
1.639327600000000075e+03 -4.224592583422404957e+00
1.639390900000000101e+03 -4.224609609242923725e+00
1.671160300000000007e+03 -4.224159238601031596e+00
1.698060400000000072e+03 -4.218264884973573992e+00
1.698569999999999936e+03 -4.218396728490011682e+00
1.711632499999999936e+03 -4.215921924874599824e+00
1.752707900000000109e+03 -4.213713387727518800e+00
1.753405700000000024e+03 -4.213893884690831371e+00
1.777141699999999901e+03 -4.215918318013729404e+00
1.783776100000000042e+03 -4.206964757376891129e+00
1.784365800000000036e+03 -4.207117969848319206e+00
1.804285499999999956e+03 -4.206155711871688574e+00
1.859085100000000011e+03 -4.207760063083682667e+00
1.860307999999999993e+03 -4.208075901767962534e+00
1.860760099999999966e+03 -4.203661077010842462e+00
1.891112399999999980e+03 -4.200238261734259737e+00
1.893263500000000022e+03 -4.200794363910509865e+00
1.924562599999999975e+03 -4.203126543250387925e+00
1.958673500000000104e+03 -4.197656675074340704e+00
1.958794900000000098e+03 -4.197688619130760301e+00
1.968258399999999938e+03 -4.194249410911605302e+00
1.996745799999999917e+03 -4.189076213995951647e+00
2.010695200000000114e+03 -4.192134782874478383e+00
2.012489600000000110e+03 -4.192598263915939150e+00
2.050220699999999852e+03 -4.189210992140140810e+00
2.051311200000000099e+03 -4.189493111642529577e+00
2.087898299999999836e+03 -4.193676213587476553e+00
2.099342200000000048e+03 -4.186621612024723049e+00
2.101359199999999873e+03 -4.187143301108206650e+00
2.108764500000000226e+03 -4.181133894043204791e+00
2.159180899999999838e+03 -4.177597824177001762e+00
2.163989500000000135e+03 -4.181596235093650193e+00
2.164534099999999853e+03 -4.181737839202588347e+00
2.203740899999999783e+03 -4.176942730837613027e+00
2.206600300000000061e+03 -4.177681840894595489e+00
2.216701799999999821e+03 -4.178629784945670167e+00
2.254770100000000184e+03 -4.173603246026194924e+00
2.255177200000000084e+03 -4.173708743908179031e+00
2.260675699999999779e+03 -4.172624923545585673e+00
2.295463799999999992e+03 -4.170014279336463403e+00
2.296465299999999843e+03 -4.170273543223169455e+00
2.337584400000000187e+03 -4.174735625602503220e+00
2.345106400000000122e+03 -4.162204179384257685e+00
2.347799799999999777e+03 -4.162900578677970920e+00
2.377003999999999905e+03 -4.165256674178091423e+00
2.405941499999999905e+03 -4.162900936198249191e+00
2.408015800000000127e+03 -4.163436980503863794e+00
2.415948300000000017e+03 -4.163377878975716762e+00
2.455570099999999911e+03 -4.159908405650402763e+00
2.456335099999999784e+03 -4.160105817182945920e+00
