1.034753099999999932e+02 -1.487610340202048409e+00
1.280057199999999966e+02 -1.487210691852824285e+00
1.519603099999999927e+02 -1.486824557900355170e+00
1.763346699999999885e+02 -1.486097522943715887e+00
2.001049199999999928e+02 -1.485465534774596197e+00
2.264372400000000027e+02 -1.485121070807649657e+00
2.496480699999999899e+02 -1.483972997966758856e+00
2.766082599999999729e+02 -1.483579269376654963e+00
2.995741100000000188e+02 -1.482213121808612311e+00
3.233190999999999917e+02 -1.480805266972286427e+00
3.494064999999999941e+02 -1.479892397768620693e+00
3.713801300000000083e+02 -1.477947891383105228e+00
3.986232600000000161e+02 -1.477295993537161456e+00
4.237870500000000220e+02 -1.476098403238667256e+00
4.496339600000000019e+02 -1.474695212775450903e+00
4.730140499999999975e+02 -1.472682287203651130e+00
4.965917999999999779e+02 -1.470247531713090972e+00
5.196975099999999657e+02 -1.468758880043408599e+00
5.473035200000000486e+02 -1.467637339800679008e+00
5.678306700000000546e+02 -1.465586241460661521e+00
5.980094199999999773e+02 -1.465079530947420050e+00
6.213840000000000146e+02 -1.462748521048975681e+00
6.445308999999999742e+02 -1.460226145740255665e+00
6.702518099999999777e+02 -1.459815519159101571e+00
6.977411600000000362e+02 -1.458097414528872759e+00
7.214015100000000302e+02 -1.456798962915097917e+00
7.479065500000000384e+02 -1.455767621909235698e+00
7.726869699999999739e+02 -1.453526744123681880e+00
7.961099100000000135e+02 -1.451610230955954428e+00
8.183029699999999593e+02 -1.450200418213244635e+00
8.506326400000000376e+02 -1.450054108956347454e+00
8.685454300000000103e+02 -1.446943877628550812e+00
9.009172099999999546e+02 -1.446980091119680623e+00
9.171107100000000401e+02 -1.444095651666234881e+00
9.589298499999999876e+02 -1.446363530223743643e+00
9.733232400000000553e+02 -1.443614428715511711e+00
9.969781299999999646e+02 -1.441501722106543149e+00
1.015457300000000032e+03 -1.439253868948148440e+00
1.047039800000000014e+03 -1.439516324839192452e+00
1.066218200000000024e+03 -1.436854131732831386e+00
1.092308899999999994e+03 -1.436738217822760788e+00
1.121206400000000031e+03 -1.437008206622377937e+00
1.143912000000000035e+03 -1.433339993984431571e+00
1.167253200000000106e+03 -1.433334264726026763e+00
1.200449000000000069e+03 -1.433382506438611870e+00
1.220867700000000013e+03 -1.431697835282283560e+00
1.242871300000000019e+03 -1.430064150216966867e+00
1.268618600000000015e+03 -1.429083051044397923e+00
1.303910599999999931e+03 -1.430158394537063726e+00
1.306594599999999900e+03 -1.425909457169237449e+00
1.352264300000000048e+03 -1.429081290187439235e+00
1.364698599999999942e+03 -1.426328828920454317e+00
1.405771199999999908e+03 -1.427086950372340235e+00
1.415787299999999959e+03 -1.423730250163304456e+00
1.436669599999999946e+03 -1.423163291649733431e+00
1.461450299999999970e+03 -1.421282551383074244e+00
1.487763400000000047e+03 -1.420757004273083712e+00
1.513817000000000007e+03 -1.420622085474267271e+00
1.542084399999999960e+03 -1.419475008275925987e+00
1.555754599999999982e+03 -1.415259027135937764e+00
1.593058999999999969e+03 -1.418629702598665610e+00
1.613710399999999936e+03 -1.415075410885531682e+00
1.651694799999999987e+03 -1.418746447360427876e+00
1.660992899999999963e+03 -1.415912251167538383e+00
1.696643399999999929e+03 -1.415997890575160456e+00
1.709545200000000023e+03 -1.411359519606626645e+00
1.747010999999999967e+03 -1.415530672472510076e+00
1.751257700000000114e+03 -1.408889978186425029e+00
1.792557399999999916e+03 -1.410551710791956959e+00
1.811370400000000018e+03 -1.409459058174596491e+00
1.839677300000000059e+03 -1.410057435744901833e+00
1.855923399999999901e+03 -1.405378534190348638e+00
1.903407799999999952e+03 -1.412522454640964709e+00
1.912330799999999954e+03 -1.404865559968902389e+00
1.948454500000000053e+03 -1.407562590635159427e+00
1.967012400000000071e+03 -1.405056136953148904e+00
1.996087399999999889e+03 -1.405270089568264158e+00
2.007703500000000076e+03 -1.400623326933148061e+00
2.048392100000000028e+03 -1.396418244315797086e+00
2.062910199999999804e+03 -1.405444055326943165e+00
2.099224200000000110e+03 -1.393294597414317160e+00
2.103550999999999931e+03 -1.402886293862175560e+00
2.141660499999999956e+03 -1.400984134845507878e+00
2.155219999999999800e+03 -1.392978951387131570e+00
2.218814400000000205e+03 -1.392310017150406587e+00
2.220236100000000079e+03 -1.399981951404115854e+00
2.241545300000000225e+03 -1.392734188746190149e+00
2.246766599999999926e+03 -1.382956378148639143e+00
2.308354600000000119e+03 -1.385580982418114671e+00
2.333357100000000173e+03 -1.395394667151212076e+00
2.359943900000000212e+03 -1.381744476981022984e+00
2.360539900000000216e+03 -1.386752004877318534e+00
2.394068400000000111e+03 -1.372733243747588538e+00
2.396458500000000186e+03 -1.382636395768492843e+00
2.445453399999999874e+03 -1.379976428290482948e+00
