1.024981899999999939e+02 -1.487383737671065909e+00
1.272486200000000025e+02 -1.487020563824387853e+00
1.523416400000000124e+02 -1.486952143978711227e+00
1.755409500000000094e+02 -1.485932224679899827e+00
2.004140500000000031e+02 -1.485535019525822120e+00
2.250730100000000107e+02 -1.484757093632047775e+00
2.522288499999999942e+02 -1.484466152888763490e+00
2.746714400000000182e+02 -1.482978165940338711e+00
2.971075500000000034e+02 -1.481544579500387426e+00
3.253779799999999796e+02 -1.481145894003285557e+00
3.496789999999999736e+02 -1.479931346377468593e+00
3.691589399999999728e+02 -1.477253223790276460e+00
3.970099999999999909e+02 -1.476612803035045607e+00
4.253552199999999743e+02 -1.476174934024962138e+00
4.479485599999999863e+02 -1.474030773420557550e+00
4.723498399999999720e+02 -1.472546806104012784e+00
5.004151699999999892e+02 -1.471512765586560967e+00
5.236505600000000413e+02 -1.469834506273079988e+00
5.457508800000000520e+02 -1.467467785359203969e+00
5.692423199999999497e+02 -1.465857144859792127e+00
5.972034800000000132e+02 -1.464909394351915584e+00
6.189419100000000071e+02 -1.462725781620949572e+00
6.486764699999999948e+02 -1.461583630559872837e+00
6.704642599999999675e+02 -1.458811312871920673e+00
6.946825300000000425e+02 -1.457254133155142073e+00
7.231025700000000143e+02 -1.456604230663270272e+00
7.457938400000000456e+02 -1.453931295726906603e+00
7.676068500000000085e+02 -1.452377079429479689e+00
7.965503300000000309e+02 -1.451587359208178496e+00
8.207932299999999941e+02 -1.450467240913697609e+00
8.503675899999999501e+02 -1.449907682697780364e+00
8.657115900000000011e+02 -1.445789738865783436e+00
8.941171000000000504e+02 -1.445306189992110912e+00
9.184043699999999717e+02 -1.444661566243904183e+00
9.427063399999999547e+02 -1.442627602091097083e+00
9.749474400000000287e+02 -1.444028973784072578e+00
9.942565399999999727e+02 -1.441511906498289086e+00
1.016815600000000018e+03 -1.439645419552958883e+00
1.038848899999999958e+03 -1.436501907949253143e+00
1.062336700000000064e+03 -1.436683935230371079e+00
1.099528299999999945e+03 -1.437824808491247275e+00
1.122999600000000100e+03 -1.436305185703738330e+00
1.145976400000000012e+03 -1.434608976602218089e+00
1.169415899999999965e+03 -1.433165500884859611e+00
1.192141900000000078e+03 -1.429879215828753880e+00
1.221377600000000029e+03 -1.432256226942929977e+00
1.246286299999999983e+03 -1.428180814147073319e+00
1.267983199999999897e+03 -1.429448453685955522e+00
1.298171100000000024e+03 -1.428784684652677939e+00
1.310741800000000012e+03 -1.426714646095622152e+00
1.349836199999999963e+03 -1.428338475207876268e+00
1.366221000000000004e+03 -1.425228963847298358e+00
1.398282699999999977e+03 -1.426181555277432844e+00
1.425391800000000103e+03 -1.425693613747959887e+00
1.460869400000000041e+03 -1.422084086917580148e+00
1.465272300000000087e+03 -1.423964436986975945e+00
1.505317399999999907e+03 -1.424276133384613230e+00
1.510877199999999903e+03 -1.419219202425556992e+00
1.547174999999999955e+03 -1.422128145539865551e+00
1.559709700000000112e+03 -1.417731071790612862e+00
1.598651599999999917e+03 -1.420578910363945235e+00
1.614348899999999958e+03 -1.417022940736498038e+00
1.653549999999999955e+03 -1.418870669819642938e+00
1.661984300000000076e+03 -1.415049628611345867e+00
1.701528800000000047e+03 -1.417335767056317586e+00
1.716160300000000007e+03 -1.414713711241224026e+00
1.743867600000000039e+03 -1.414811975450156467e+00
1.762276800000000094e+03 -1.412497438090936308e+00
1.794716699999999946e+03 -1.412647944229791674e+00
1.811274599999999964e+03 -1.409597837662408759e+00
1.856744500000000016e+03 -1.414184892003443883e+00
1.867561799999999948e+03 -1.407460414627770495e+00
1.894966400000000021e+03 -1.408824257549033510e+00
1.911756000000000085e+03 -1.406807894945848458e+00
1.957575199999999995e+03 -1.409598114121750401e+00
1.960517000000000053e+03 -1.403992456607999095e+00
1.986344000000000051e+03 -1.404362869267821390e+00
2.006653000000000020e+03 -1.401235122418041268e+00
2.039747499999999945e+03 -1.402140801140172810e+00
2.055597200000000157e+03 -1.399640716818422614e+00
2.109434999999999945e+03 -1.403235076136387649e+00
2.122755400000000009e+03 -1.400196474624354259e+00
2.132049899999999980e+03 -1.395830205891280151e+00
2.172958399999999983e+03 -1.396678867792148449e+00
2.199746999999999844e+03 -1.396504925913745865e+00
2.207750599999999849e+03 -1.391780610606044188e+00
2.250247800000000097e+03 -1.384740166273802586e+00
2.257928399999999783e+03 -1.395718121475957973e+00
2.302636599999999817e+03 -1.382991224768356897e+00
2.327000199999999950e+03 -1.392870506448101509e+00
2.336132799999999861e+03 -1.385978768442513331e+00
2.360535499999999956e+03 -1.380738553121450884e+00
2.414140199999999822e+03 -1.376856256170793769e+00
2.431507399999999961e+03 -1.388254887372115221e+00
2.454243199999999888e+03 -1.375165670718506039e+00
