9.914094599999999957e+01 -1.493745876178517396e+00
9.988582499999999698e+01 -1.493894935207627395e+00
1.270775900000000007e+02 -1.493590536015562575e+00
1.493758899999999983e+02 -1.493345982014731455e+00
1.518193200000000047e+02 -1.493488750334501569e+00
1.770615699999999890e+02 -1.493213285559767067e+00
1.998385100000000136e+02 -1.492428160551994010e+00
2.008589399999999898e+02 -1.492694913376287014e+00
2.242481699999999876e+02 -1.491717222648773600e+00
2.495232699999999966e+02 -1.491240551494653621e+00
2.504186200000000042e+02 -1.491444386519683363e+00
2.731551000000000045e+02 -1.490027338332113649e+00
2.983369000000000142e+02 -1.489093970433520875e+00
3.012623399999999947e+02 -1.489469479422517173e+00
3.237359900000000152e+02 -1.488068699794303784e+00
3.455795899999999961e+02 -1.485965959705566553e+00
3.498259800000000155e+02 -1.486787580963227384e+00
3.741443899999999871e+02 -1.484981304695758286e+00
3.969689700000000130e+02 -1.483489383017931651e+00
3.986008100000000240e+02 -1.482697832753195666e+00
4.202572200000000180e+02 -1.479575043493871256e+00
4.446948600000000056e+02 -1.477885943089245258e+00
4.492459999999999809e+02 -1.479465363147712376e+00
4.713314199999999801e+02 -1.475214676303882255e+00
5.002149600000000191e+02 -1.474471438823823366e+00
5.025065299999999979e+02 -1.475959082240601683e+00
5.210341200000000299e+02 -1.471725731147037308e+00
5.513685100000000148e+02 -1.471945293717007885e+00
5.556903700000000299e+02 -1.470825149266216991e+00
5.736474500000000489e+02 -1.468242600229725081e+00
5.982566100000000233e+02 -1.466992711910959368e+00
6.098198700000000372e+02 -1.467938028957656238e+00
6.218078900000000431e+02 -1.464732876068874479e+00
6.500433500000000322e+02 -1.462911960633302533e+00
6.528432199999999739e+02 -1.464443792133829136e+00
6.737607699999999795e+02 -1.460985681842938977e+00
7.034891199999999571e+02 -1.460224685397652156e+00
7.091607500000000073e+02 -1.459981622993986150e+00
7.101655500000000529e+02 -1.454586793934922406e+00
7.478676400000000513e+02 -1.455321067886346187e+00
7.485751099999999951e+02 -1.454340264615053613e+00
7.652617900000000191e+02 -1.452275261762007608e+00
7.986674799999999550e+02 -1.452192846652650582e+00
8.055531600000000481e+02 -1.452536996745890097e+00
8.160704299999999876e+02 -1.449071664373855262e+00
8.498287800000000516e+02 -1.448525310000837063e+00
8.502915199999999913e+02 -1.447925519632573099e+00
8.668348499999999603e+02 -1.446739751457594370e+00
8.907679600000000164e+02 -1.444859615484656690e+00
8.998123799999999619e+02 -1.447161089742241113e+00
9.195626200000000381e+02 -1.444251908794979888e+00
9.483680200000000013e+02 -1.441489539162759126e+00
9.509392400000000407e+02 -1.443999202890896560e+00
9.634342199999999821e+02 -1.440653686499227870e+00
9.986207399999999552e+02 -1.441197028969128047e+00
1.005849000000000046e+03 -1.442441924779005014e+00
1.015107200000000034e+03 -1.439312099169936854e+00
1.054585700000000088e+03 -1.440565909679095036e+00
1.060023599999999988e+03 -1.440796414868350306e+00
1.069552500000000009e+03 -1.438082336932863692e+00
1.086867999999999938e+03 -1.434921805789430849e+00
1.107585000000000036e+03 -1.438944975730139575e+00
1.121805499999999938e+03 -1.435566454513741430e+00
1.146189599999999928e+03 -1.434908800964585840e+00
1.147297700000000077e+03 -1.434754293946784998e+00
1.166954799999999977e+03 -1.433343271377650385e+00
1.192478000000000065e+03 -1.429179568648613508e+00
1.197845399999999927e+03 -1.431818471428737860e+00
1.210967100000000073e+03 -1.429913063378585925e+00
1.246014899999999898e+03 -1.430668661206685233e+00
1.257265499999999975e+03 -1.430038085303022344e+00
1.272294900000000098e+03 -1.431371733965378201e+00
1.306901499999999942e+03 -1.430575709202869250e+00
1.307914899999999989e+03 -1.426474982104214861e+00
1.312474500000000035e+03 -1.430263387531362618e+00
1.354985400000000027e+03 -1.429793144803819915e+00
1.359149200000000064e+03 -1.430165824835027744e+00
1.361812100000000100e+03 -1.425310476051487418e+00
1.398226300000000037e+03 -1.426478393439686521e+00
1.398376800000000003e+03 -1.428044320836611814e+00
1.411045800000000099e+03 -1.422907032462165322e+00
1.441174299999999903e+03 -1.420805558475949359e+00
1.450169900000000098e+03 -1.424762486287810992e+00
1.461121900000000096e+03 -1.422185593603721099e+00
1.489425999999999931e+03 -1.421499408523247965e+00
1.513210000000000036e+03 -1.422388581353375647e+00
1.515314300000000003e+03 -1.420282523735396873e+00
1.563437699999999950e+03 -1.421826678098480734e+00
1.563825199999999995e+03 -1.419732624968266022e+00
1.570439399999999978e+03 -1.422312464252470265e+00
1.589468800000000101e+03 -1.416681362915165776e+00
1.603991500000000087e+03 -1.419509706492613210e+00
1.614720100000000002e+03 -1.418555550996167369e+00
1.644590400000000045e+03 -1.416994746261651672e+00
1.656623399999999947e+03 -1.416376939082602426e+00
1.664363599999999906e+03 -1.414718714446665082e+00
1.695661900000000060e+03 -1.413982907609736550e+00
1.714145600000000059e+03 -1.414619494425015223e+00
1.717844499999999925e+03 -1.416034567422908230e+00
1.735650699999999915e+03 -1.411067857193204045e+00
1.750611699999999928e+03 -1.416940102352892694e+00
1.772217599999999948e+03 -1.414360890709915441e+00
1.805426600000000008e+03 -1.407455695709642907e+00
1.813058199999999943e+03 -1.411262475396363403e+00
1.814370499999999993e+03 -1.416399308927615452e+00
1.843036399999999958e+03 -1.406078028220765663e+00
1.854604299999999967e+03 -1.405646313576554896e+00
1.856703199999999924e+03 -1.412134728056095190e+00
1.886036100000000033e+03 -1.407846454115929014e+00
1.898529299999999921e+03 -1.412691552258598549e+00
1.910732199999999921e+03 -1.407641736409157129e+00
1.957768100000000004e+03 -1.410071145649037572e+00
1.964564300000000003e+03 -1.416669488843876890e+00
1.978001899999999978e+03 -1.407697874242951563e+00
1.987392399999999952e+03 -1.406857034046014476e+00
2.002115199999999959e+03 -1.401173602470482837e+00
2.013367700000000013e+03 -1.404489477453405577e+00
2.033705099999999902e+03 -1.400734124472155395e+00
2.040867899999999963e+03 -1.401197493457248422e+00
2.064956799999999930e+03 -1.400899256563095552e+00
2.092684900000000198e+03 -1.395373547283916604e+00
2.112855399999999918e+03 -1.396042684211596718e+00
2.113757700000000114e+03 -1.398873952017569700e+00
2.134477499999999964e+03 -1.396123166392081671e+00
2.145646600000000035e+03 -1.404807415681273763e+00
2.157638800000000174e+03 -1.395290245502190274e+00
2.191912899999999809e+03 -1.394320638200694074e+00
2.213791999999999916e+03 -1.396548823991278665e+00
2.219161099999999806e+03 -1.395849930961130525e+00
2.240733799999999974e+03 -1.388492596461245565e+00
2.255110900000000129e+03 -1.388166822845458670e+00
2.257961800000000039e+03 -1.389599288098724461e+00
2.278597800000000007e+03 -1.378253868832564510e+00
2.282245800000000145e+03 -1.379726259454490123e+00
2.311294100000000071e+03 -1.392130897619787699e+00
2.345121099999999842e+03 -1.389111500897020068e+00
2.352022800000000188e+03 -1.383262713301510294e+00
2.353362200000000030e+03 -1.379916271834854546e+00
2.394614999999999782e+03 -1.375225354719263660e+00
2.398264099999999871e+03 -1.380761992668513738e+00
2.410726500000000215e+03 -1.385249087689661263e+00
2.453517699999999877e+03 -1.379583650856706534e+00
